,UTC time,carbon_intensity,coal,nat_gas,hydro,solar,wind,biomass,unknown
0,2019-01-01 00:00:00,450.57,489.0,49.0,3.0,1.0,244.0,81.0,7.0
1,2019-01-01 01:00:00,448.5,476.0,49.0,3.0,1.0,237.0,83.0,7.0
2,2019-01-01 02:00:00,449.15,459.0,49.0,3.0,1.0,227.0,80.0,7.0
3,2019-01-01 03:00:00,460.8,465.0,49.0,3.0,1.0,206.0,84.0,7.0
4,2019-01-01 04:00:00,465.41,473.0,49.0,3.0,1.0,202.0,85.0,7.0
5,2019-01-01 05:00:00,470.66,483.0,49.0,3.0,1.0,199.0,85.0,7.0
6,2019-01-01 06:00:00,508.88,619.0,49.0,3.0,1.0,204.0,85.0,7.0
7,2019-01-01 07:00:00,493.14,573.0,49.0,3.0,1.0,210.0,85.0,7.0
8,2019-01-01 08:00:00,469.77,474.0,49.0,3.0,1.0,194.0,86.0,7.0
9,2019-01-01 09:00:00,477.94,462.0,49.0,3.0,1.0,174.0,85.0,7.0
10,2019-01-01 10:00:00,482.15,453.0,49.0,3.0,1.0,163.0,84.0,7.0
11,2019-01-01 11:00:00,500.64,457.0,49.0,3.0,1.0,136.0,85.0,7.0
12,2019-01-01 12:00:00,511.95,470.0,49.0,3.0,1.0,126.0,85.0,7.0
13,2019-01-01 13:00:00,499.61,456.0,49.0,3.0,1.0,135.0,87.0,7.0
14,2019-01-01 14:00:00,504.47,472.0,49.0,3.0,1.0,136.0,87.0,7.0
15,2019-01-01 15:00:00,494.99,473.0,49.0,3.0,1.0,151.0,87.0,7.0
16,2019-01-01 16:00:00,519.05,502.0,48.0,3.0,1.0,127.0,89.0,7.0
17,2019-01-01 17:00:00,528.07,580.0,48.0,3.0,1.0,148.0,89.0,7.0
18,2019-01-01 18:00:00,535.01,584.0,49.0,3.0,1.0,138.0,89.0,7.0
19,2019-01-01 19:00:00,550.23,586.0,48.0,3.0,1.0,116.0,88.0,7.0
20,2019-01-01 20:00:00,549.62,594.0,48.0,3.0,1.0,120.0,88.0,7.0
21,2019-01-01 21:00:00,525.37,527.0,44.0,3.0,1.0,131.0,88.0,7.0
22,2019-01-01 22:00:00,490.27,470.0,44.0,3.0,1.0,158.0,87.0,7.0
23,2019-01-01 23:00:00,492.31,463.0,44.0,3.0,1.0,151.0,87.0,7.0
24,2019-01-02 00:00:00,497.58,464.0,46.0,3.0,1.0,144.0,86.0,7.0
25,2019-01-02 01:00:00,494.22,461.0,48.0,3.0,1.0,147.0,86.0,7.0
26,2019-01-02 02:00:00,501.58,465.0,48.0,3.0,1.0,140.0,84.0,7.0
27,2019-01-02 03:00:00,494.46,471.0,48.0,3.0,1.0,152.0,86.0,7.0
28,2019-01-02 04:00:00,543.32,655.0,49.0,3.0,1.0,157.0,85.0,7.0
29,2019-01-02 05:00:00,560.23,708.0,49.0,3.0,1.0,147.0,85.0,7.0
30,2019-01-02 06:00:00,568.04,730.0,51.0,3.0,1.0,140.0,85.0,7.0
31,2019-01-02 07:00:00,561.99,750.0,51.0,3.0,1.0,159.0,84.0,7.0
32,2019-01-02 08:00:00,534.23,670.0,51.0,3.0,1.0,179.0,85.0,7.0
33,2019-01-02 09:00:00,526.13,649.0,51.0,3.0,1.0,185.0,85.0,7.0
34,2019-01-02 10:00:00,530.52,677.0,51.0,3.0,1.0,190.0,84.0,7.0
35,2019-01-02 11:00:00,521.44,680.0,51.0,3.0,1.0,208.0,85.0,7.0
36,2019-01-02 12:00:00,519.98,678.0,51.0,3.0,1.0,209.0,86.0,7.0
37,2019-01-02 13:00:00,512.84,657.0,52.0,3.0,1.0,212.0,87.0,7.0
38,2019-01-02 14:00:00,532.65,742.0,50.0,3.0,1.0,211.0,87.0,7.0
39,2019-01-02 15:00:00,529.46,735.0,42.0,3.0,1.0,217.0,87.0,7.0
40,2019-01-02 16:00:00,530.1,742.0,41.0,3.0,1.0,218.0,88.0,7.0
41,2019-01-02 17:00:00,529.7,741.0,39.0,3.0,1.0,218.0,89.0,7.0
42,2019-01-02 18:00:00,527.16,741.0,40.0,3.0,1.0,224.0,88.0,7.0
43,2019-01-02 19:00:00,529.02,743.0,40.0,3.0,1.0,222.0,87.0,7.0
44,2019-01-02 20:00:00,529.56,741.0,40.0,3.0,1.0,220.0,87.0,7.0
45,2019-01-02 21:00:00,528.0,745.0,40.0,3.0,1.0,224.0,88.0,7.0
46,2019-01-02 22:00:00,510.65,672.0,40.0,3.0,1.0,227.0,87.0,7.0
47,2019-01-02 23:00:00,520.6,689.0,40.0,3.0,1.0,216.0,86.0,7.0
48,2019-01-03 00:00:00,519.3,692.0,40.0,3.0,1.0,220.0,86.0,7.0
49,2019-01-03 01:00:00,520.1,702.0,40.0,3.0,1.0,225.0,84.0,7.0
50,2019-01-03 02:00:00,526.32,719.0,40.0,3.0,1.0,222.0,82.0,7.0
51,2019-01-03 03:00:00,528.16,723.0,40.0,3.0,1.0,218.0,84.0,7.0
52,2019-01-03 04:00:00,535.33,743.0,40.0,3.0,1.0,212.0,84.0,7.0
53,2019-01-03 05:00:00,539.19,745.0,40.0,3.0,1.0,206.0,83.0,7.0
54,2019-01-03 06:00:00,540.28,747.0,42.0,3.0,1.0,203.0,84.0,7.0
55,2019-01-03 07:00:00,544.44,741.0,43.0,3.0,1.0,192.0,84.0,7.0
56,2019-01-03 08:00:00,547.08,744.0,43.0,3.0,1.0,187.0,85.0,7.0
57,2019-01-03 09:00:00,543.08,736.0,42.0,3.0,1.0,193.0,84.0,7.0
58,2019-01-03 10:00:00,547.67,741.0,42.0,3.0,1.0,187.0,83.0,7.0
59,2019-01-03 11:00:00,549.74,741.0,42.0,3.0,1.0,182.0,84.0,7.0
60,2019-01-03 12:00:00,560.16,743.0,42.0,3.0,1.0,163.0,84.0,7.0
61,2019-01-03 13:00:00,571.3,741.0,42.0,3.0,1.0,142.0,84.0,7.0
62,2019-01-03 14:00:00,577.14,740.0,43.0,3.0,1.0,129.0,86.0,7.0
63,2019-01-03 15:00:00,591.43,740.0,42.0,3.0,1.0,106.0,85.0,7.0
64,2019-01-03 16:00:00,601.04,739.0,42.0,3.0,1.0,88.0,87.0,7.0
65,2019-01-03 17:00:00,611.02,739.0,40.0,3.0,1.0,73.0,87.0,7.0
66,2019-01-03 18:00:00,630.49,765.0,40.0,3.0,1.0,48.0,88.0,7.0
67,2019-01-03 19:00:00,643.46,785.0,41.0,3.0,1.0,34.0,86.0,7.0
68,2019-01-03 20:00:00,654.53,802.0,40.0,3.0,1.0,21.0,86.0,7.0
69,2019-01-03 21:00:00,662.03,808.0,40.0,3.0,1.0,11.0,86.0,7.0
70,2019-01-03 22:00:00,659.62,785.0,40.0,3.0,1.0,14.0,83.0,7.0
71,2019-01-03 23:00:00,654.05,810.0,40.0,3.0,1.0,26.0,83.0,7.0
72,2019-01-04 00:00:00,646.73,793.0,40.0,3.0,1.0,35.0,82.0,7.0
73,2019-01-04 01:00:00,631.17,770.0,40.0,3.0,1.0,54.0,82.0,7.0
74,2019-01-04 02:00:00,617.32,768.0,40.0,3.0,1.0,78.0,79.0,7.0
75,2019-01-04 03:00:00,601.14,767.0,40.0,3.0,1.0,102.0,81.0,7.0
76,2019-01-04 04:00:00,580.53,762.0,40.0,3.0,1.0,136.0,81.0,7.0
77,2019-01-04 05:00:00,584.53,830.0,41.0,3.0,1.0,148.0,82.0,7.0
78,2019-01-04 06:00:00,601.73,912.0,43.0,3.0,1.0,138.0,81.0,7.0
79,2019-01-04 07:00:00,614.02,915.0,43.0,3.0,1.0,114.0,82.0,7.0
80,2019-01-04 08:00:00,623.88,915.0,42.0,3.0,1.0,95.0,83.0,7.0
81,2019-01-04 09:00:00,633.38,916.0,42.0,3.0,1.0,80.0,81.0,7.0
82,2019-01-04 10:00:00,630.25,879.0,42.0,3.0,1.0,77.0,82.0,7.0
83,2019-01-04 11:00:00,633.84,913.0,41.0,3.0,1.0,78.0,82.0,7.0
84,2019-01-04 12:00:00,637.46,915.0,41.0,3.0,1.0,73.0,81.0,7.0
85,2019-01-04 13:00:00,634.18,916.0,41.0,3.0,1.0,77.0,83.0,7.0
86,2019-01-04 14:00:00,637.22,915.0,42.0,3.0,1.0,69.0,85.0,7.0
87,2019-01-04 15:00:00,636.44,913.0,42.0,3.0,1.0,69.0,86.0,7.0
88,2019-01-04 16:00:00,634.06,912.0,42.0,3.0,1.0,74.0,85.0,7.0
89,2019-01-04 17:00:00,638.19,909.0,40.0,3.0,1.0,67.0,85.0,7.0
90,2019-01-04 18:00:00,640.88,918.0,40.0,3.0,1.0,64.0,85.0,7.0
91,2019-01-04 19:00:00,635.9,827.0,40.0,3.0,1.0,55.0,85.0,7.0
92,2019-01-04 20:00:00,617.06,736.0,40.0,3.0,1.0,66.0,84.0,7.0
93,2019-01-04 21:00:00,612.1,717.0,40.0,3.0,1.0,67.0,86.0,7.0
94,2019-01-04 22:00:00,603.61,694.0,40.0,3.0,1.0,76.0,84.0,7.0
95,2019-01-04 23:00:00,587.92,673.0,40.0,3.0,1.0,93.0,85.0,7.0
96,2019-01-05 00:00:00,582.17,670.0,40.0,3.0,1.0,101.0,85.0,7.0
97,2019-01-05 01:00:00,574.38,668.0,39.0,3.0,1.0,114.0,84.0,7.0
98,2019-01-05 02:00:00,573.65,649.0,39.0,3.0,1.0,112.0,81.0,7.0
99,2019-01-05 03:00:00,564.91,638.0,39.0,3.0,1.0,120.0,83.0,7.0
100,2019-01-05 04:00:00,557.74,634.0,39.0,3.0,1.0,129.0,84.0,7.0
101,2019-01-05 05:00:00,561.42,628.0,39.0,3.0,1.0,121.0,84.0,7.0
102,2019-01-05 06:00:00,554.61,623.0,39.0,3.0,1.0,131.0,83.0,7.0
103,2019-01-05 07:00:00,562.57,674.0,40.0,3.0,1.0,137.0,82.0,7.0
104,2019-01-05 08:00:00,582.62,738.0,40.0,3.0,1.0,123.0,83.0,7.0
105,2019-01-05 09:00:00,591.36,744.0,40.0,3.0,1.0,109.0,84.0,7.0
106,2019-01-05 10:00:00,607.75,749.0,39.0,3.0,1.0,83.0,85.0,7.0
107,2019-01-05 11:00:00,611.37,752.0,39.0,3.0,1.0,78.0,85.0,7.0
108,2019-01-05 12:00:00,610.03,749.0,40.0,3.0,1.0,78.0,86.0,7.0
109,2019-01-05 13:00:00,613.21,749.0,40.0,3.0,1.0,73.0,86.0,7.0
110,2019-01-05 14:00:00,613.21,749.0,40.0,3.0,1.0,72.0,87.0,7.0
111,2019-01-05 15:00:00,614.44,736.0,40.0,3.0,1.0,66.0,88.0,7.0
112,2019-01-05 16:00:00,621.93,751.0,40.0,3.0,1.0,56.0,90.0,7.0
113,2019-01-05 17:00:00,628.69,750.0,39.0,3.0,1.0,46.0,90.0,7.0
114,2019-01-05 18:00:00,631.65,749.0,40.0,3.0,1.0,41.0,90.0,7.0
115,2019-01-05 19:00:00,631.08,740.0,40.0,3.0,1.0,40.0,90.0,7.0
116,2019-01-05 20:00:00,635.63,743.0,40.0,3.0,1.0,35.0,89.0,7.0
117,2019-01-05 21:00:00,642.2,742.0,41.0,3.0,1.0,24.0,90.0,7.0
118,2019-01-05 22:00:00,645.34,742.0,40.0,3.0,1.0,22.0,88.0,7.0
119,2019-01-05 23:00:00,634.83,656.0,40.0,3.0,1.0,20.0,88.0,7.0
120,2019-01-06 00:00:00,637.5,679.0,40.0,3.0,1.0,22.0,87.0,7.0
121,2019-01-06 01:00:00,639.19,659.0,40.0,3.0,1.0,16.0,87.0,7.0
122,2019-01-06 02:00:00,643.3,649.0,40.0,3.0,1.0,12.0,84.0,7.0
123,2019-01-06 03:00:00,643.66,657.0,40.0,3.0,1.0,12.0,85.0,7.0
124,2019-01-06 04:00:00,643.88,653.0,40.0,3.0,1.0,11.0,85.0,7.0
125,2019-01-06 05:00:00,645.69,660.0,40.0,3.0,1.0,10.0,85.0,7.0
126,2019-01-06 06:00:00,644.6,658.0,40.0,3.0,1.0,11.0,85.0,7.0
127,2019-01-06 07:00:00,649.78,684.0,40.0,3.0,1.0,9.0,85.0,7.0
128,2019-01-06 08:00:00,659.26,762.0,40.0,3.0,1.0,9.0,85.0,7.0
129,2019-01-06 09:00:00,663.09,791.0,40.0,3.0,1.0,9.0,84.0,7.0
130,2019-01-06 10:00:00,662.38,791.0,40.0,3.0,1.0,10.0,84.0,7.0
131,2019-01-06 11:00:00,659.86,807.0,40.0,3.0,1.0,15.0,85.0,7.0
132,2019-01-06 12:00:00,662.75,890.0,40.0,3.0,1.0,22.0,86.0,7.0
133,2019-01-06 13:00:00,658.0,867.0,40.0,3.0,1.0,26.0,86.0,7.0
134,2019-01-06 14:00:00,657.6,940.0,40.0,3.0,1.0,37.0,87.0,7.0
135,2019-01-06 15:00:00,660.81,1036.0,40.0,3.0,1.0,45.0,88.0,7.0
136,2019-01-06 16:00:00,650.01,999.0,40.0,3.0,1.0,58.0,89.0,7.0
137,2019-01-06 17:00:00,642.21,996.0,40.0,3.0,1.0,71.0,90.0,7.0
138,2019-01-06 18:00:00,632.57,994.0,40.0,3.0,1.0,88.0,91.0,7.0
139,2019-01-06 19:00:00,618.15,1009.0,40.0,3.0,1.0,122.0,89.0,7.0
140,2019-01-06 20:00:00,616.65,1000.0,40.0,3.0,1.0,124.0,88.0,7.0
141,2019-01-06 21:00:00,599.99,891.0,40.0,3.0,1.0,128.0,90.0,7.0
142,2019-01-06 22:00:00,587.04,777.0,40.0,3.0,1.0,122.0,88.0,7.0
143,2019-01-06 23:00:00,603.88,947.0,40.0,3.0,1.0,136.0,89.0,7.0
144,2019-01-07 00:00:00,607.86,987.0,40.0,3.0,1.0,139.0,88.0,7.0
145,2019-01-07 01:00:00,594.47,978.0,40.0,3.0,1.0,166.0,87.0,7.0
146,2019-01-07 02:00:00,594.21,989.0,39.0,3.0,1.0,173.0,84.0,7.0
147,2019-01-07 03:00:00,595.34,1016.0,39.0,3.0,1.0,176.0,86.0,7.0
148,2019-01-07 04:00:00,604.58,1077.0,40.0,3.0,1.0,171.0,86.0,7.0
149,2019-01-07 05:00:00,608.37,1090.0,39.0,3.0,1.0,166.0,86.0,7.0
150,2019-01-07 06:00:00,611.58,1083.0,39.0,3.0,1.0,158.0,85.0,7.0
151,2019-01-07 07:00:00,619.15,1091.0,39.0,3.0,1.0,143.0,85.0,7.0
152,2019-01-07 08:00:00,626.91,1086.0,39.0,3.0,1.0,125.0,85.0,7.0
153,2019-01-07 09:00:00,635.78,1090.0,39.0,3.0,1.0,108.0,84.0,7.0
154,2019-01-07 10:00:00,639.52,1073.0,39.0,3.0,1.0,96.0,85.0,7.0
155,2019-01-07 11:00:00,645.28,1071.0,39.0,3.0,1.0,84.0,85.0,7.0
156,2019-01-07 12:00:00,651.09,1092.0,39.0,3.0,1.0,75.0,86.0,7.0
157,2019-01-07 13:00:00,629.71,825.0,39.0,3.0,1.0,65.0,85.0,7.0
158,2019-01-07 14:00:00,634.32,802.0,39.0,3.0,1.0,51.0,87.0,7.0
159,2019-01-07 15:00:00,642.94,798.0,39.0,3.0,1.0,35.0,89.0,7.0
160,2019-01-07 16:00:00,655.85,887.0,39.0,3.0,1.0,30.0,89.0,7.0
161,2019-01-07 17:00:00,669.76,1035.0,39.0,3.0,1.0,28.0,89.0,7.0
162,2019-01-07 18:00:00,675.53,1093.0,39.0,3.0,1.0,27.0,87.0,7.0
163,2019-01-07 19:00:00,674.72,1089.0,39.0,3.0,1.0,30.0,85.0,7.0
164,2019-01-07 20:00:00,670.5,1094.0,38.0,3.0,1.0,41.0,83.0,7.0
165,2019-01-07 21:00:00,655.28,1035.0,38.0,3.0,1.0,58.0,86.0,7.0
166,2019-01-07 22:00:00,648.16,1009.0,38.0,3.0,1.0,69.0,84.0,7.0
167,2019-01-07 23:00:00,624.21,823.0,38.0,3.0,1.0,76.0,83.0,7.0
168,2019-01-08 00:00:00,619.02,814.0,37.0,3.0,1.0,83.0,83.0,7.0
169,2019-01-08 01:00:00,614.37,836.0,37.0,3.0,1.0,96.0,83.0,7.0
170,2019-01-08 02:00:00,610.21,835.0,37.0,3.0,1.0,105.0,81.0,7.0
171,2019-01-08 03:00:00,606.23,831.0,37.0,3.0,1.0,108.0,84.0,7.0
172,2019-01-08 04:00:00,611.74,827.0,38.0,3.0,1.0,97.0,84.0,7.0
173,2019-01-08 05:00:00,620.54,916.0,38.0,3.0,1.0,101.0,85.0,7.0
174,2019-01-08 06:00:00,635.81,1072.0,40.0,3.0,1.0,104.0,84.0,7.0
175,2019-01-08 07:00:00,643.17,1083.0,40.0,3.0,1.0,91.0,84.0,7.0
176,2019-01-08 08:00:00,645.33,1057.0,40.0,3.0,1.0,81.0,85.0,7.0
177,2019-01-08 09:00:00,647.6,1077.0,40.0,3.0,1.0,80.0,85.0,7.0
178,2019-01-08 10:00:00,647.29,1085.0,40.0,3.0,1.0,82.0,85.0,7.0
179,2019-01-08 11:00:00,651.66,1080.0,41.0,3.0,1.0,73.0,84.0,7.0
180,2019-01-08 12:00:00,655.9,1082.0,41.0,3.0,1.0,66.0,83.0,7.0
181,2019-01-08 13:00:00,656.31,1078.0,40.0,3.0,1.0,63.0,85.0,7.0
182,2019-01-08 14:00:00,655.88,1079.0,40.0,3.0,1.0,61.0,88.0,7.0
183,2019-01-08 15:00:00,656.9,1079.0,40.0,3.0,1.0,59.0,88.0,7.0
184,2019-01-08 16:00:00,658.69,1082.0,40.0,3.0,1.0,56.0,88.0,7.0
185,2019-01-08 17:00:00,660.56,1081.0,36.0,3.0,1.0,53.0,89.0,7.0
186,2019-01-08 18:00:00,665.42,1083.0,36.0,3.0,1.0,44.0,89.0,7.0
187,2019-01-08 19:00:00,662.58,985.0,36.0,3.0,1.0,39.0,85.0,7.0
188,2019-01-08 20:00:00,652.93,832.0,36.0,3.0,1.0,32.0,84.0,7.0
189,2019-01-08 21:00:00,653.42,827.0,37.0,3.0,1.0,28.0,86.0,7.0
190,2019-01-08 22:00:00,656.75,837.0,36.0,3.0,1.0,27.0,84.0,7.0
191,2019-01-08 23:00:00,661.67,883.0,37.0,3.0,1.0,26.0,84.0,7.0
192,2019-01-09 00:00:00,661.22,885.0,37.0,3.0,1.0,27.0,84.0,7.0
193,2019-01-09 01:00:00,664.12,865.0,36.0,3.0,1.0,20.0,84.0,7.0
194,2019-01-09 02:00:00,665.91,860.0,35.0,3.0,1.0,18.0,83.0,7.0
195,2019-01-09 03:00:00,667.46,880.0,36.0,3.0,1.0,16.0,85.0,7.0
196,2019-01-09 04:00:00,678.82,995.0,35.0,3.0,1.0,13.0,85.0,7.0
197,2019-01-09 05:00:00,688.48,1134.0,36.0,3.0,1.0,12.0,84.0,7.0
198,2019-01-09 06:00:00,689.07,1135.0,36.0,3.0,1.0,12.0,83.0,7.0
199,2019-01-09 07:00:00,690.5,1156.0,37.0,3.0,1.0,10.0,84.0,7.0
200,2019-01-09 08:00:00,690.62,1129.0,35.0,3.0,1.0,10.0,82.0,7.0
201,2019-01-09 09:00:00,692.73,1153.0,36.0,3.0,1.0,9.0,81.0,7.0
202,2019-01-09 10:00:00,691.19,1124.0,36.0,3.0,1.0,9.0,81.0,7.0
203,2019-01-09 11:00:00,689.53,1114.0,36.0,3.0,1.0,10.0,82.0,7.0
204,2019-01-09 12:00:00,687.88,1119.0,35.0,3.0,1.0,14.0,82.0,7.0
205,2019-01-09 13:00:00,685.53,1111.0,36.0,3.0,1.0,17.0,82.0,7.0
206,2019-01-09 14:00:00,680.13,1112.0,34.0,3.0,1.0,24.0,86.0,7.0
207,2019-01-09 15:00:00,675.62,1112.0,35.0,3.0,1.0,31.0,87.0,7.0
208,2019-01-09 16:00:00,673.48,1147.0,34.0,3.0,1.0,39.0,88.0,7.0
209,2019-01-09 17:00:00,673.56,1156.0,34.0,3.0,1.0,40.0,88.0,7.0
210,2019-01-09 18:00:00,674.73,1154.0,35.0,3.0,1.0,36.0,89.0,7.0
211,2019-01-09 19:00:00,676.91,1148.0,35.0,3.0,1.0,33.0,87.0,7.0
212,2019-01-09 20:00:00,678.11,1150.0,37.0,3.0,1.0,30.0,87.0,7.0
213,2019-01-09 21:00:00,675.68,1169.0,35.0,3.0,1.0,36.0,89.0,7.0
214,2019-01-09 22:00:00,674.39,1183.0,38.0,3.0,1.0,39.0,89.0,7.0
215,2019-01-09 23:00:00,675.04,1197.0,39.0,3.0,1.0,40.0,88.0,7.0
216,2019-01-10 00:00:00,676.64,1191.0,39.0,3.0,1.0,37.0,87.0,7.0
217,2019-01-10 01:00:00,688.97,1307.0,38.0,3.0,1.0,26.0,86.0,7.0
218,2019-01-10 02:00:00,692.36,1365.0,39.0,3.0,1.0,26.0,84.0,7.0
219,2019-01-10 03:00:00,694.98,1400.0,38.0,3.0,1.0,23.0,85.0,7.0
220,2019-01-10 04:00:00,697.76,1430.0,39.0,3.0,1.0,19.0,85.0,7.0
221,2019-01-10 05:00:00,697.81,1420.0,39.0,3.0,1.0,17.0,86.0,7.0
222,2019-01-10 06:00:00,700.11,1422.0,39.0,3.0,1.0,12.0,86.0,7.0
223,2019-01-10 07:00:00,701.15,1421.0,36.0,3.0,1.0,11.0,86.0,7.0
224,2019-01-10 08:00:00,701.22,1422.0,38.0,3.0,1.0,9.0,87.0,7.0
225,2019-01-10 09:00:00,701.74,1419.0,35.0,3.0,1.0,9.0,87.0,7.0
226,2019-01-10 10:00:00,702.65,1420.0,33.0,3.0,1.0,8.0,87.0,7.0
227,2019-01-10 11:00:00,703.39,1422.0,32.0,3.0,1.0,8.0,86.0,7.0
228,2019-01-10 12:00:00,702.0,1414.0,35.0,3.0,1.0,9.0,86.0,7.0
229,2019-01-10 13:00:00,700.51,1404.0,36.0,3.0,1.0,11.0,86.0,7.0
230,2019-01-10 14:00:00,699.36,1416.0,33.0,3.0,1.0,14.0,88.0,7.0
231,2019-01-10 15:00:00,691.76,1313.0,33.0,3.0,1.0,20.0,89.0,7.0
232,2019-01-10 16:00:00,690.13,1358.0,33.0,3.0,1.0,28.0,89.0,7.0
233,2019-01-10 17:00:00,686.62,1417.0,31.0,3.0,1.0,42.0,90.0,7.0
234,2019-01-10 18:00:00,680.99,1425.0,29.0,3.0,1.0,58.0,89.0,7.0
235,2019-01-10 19:00:00,668.68,1416.0,30.0,3.0,1.0,87.0,88.0,7.0
236,2019-01-10 20:00:00,659.1,1415.0,29.0,3.0,1.0,112.0,87.0,7.0
237,2019-01-10 21:00:00,641.67,1382.0,31.0,3.0,1.0,149.0,88.0,7.0
238,2019-01-10 22:00:00,633.79,1385.0,34.0,3.0,1.0,171.0,86.0,7.0
239,2019-01-10 23:00:00,599.7,1116.0,34.0,3.0,1.0,195.0,86.0,7.0
240,2019-01-11 00:00:00,588.75,1050.0,33.0,3.0,1.0,204.0,85.0,7.0
241,2019-01-11 01:00:00,586.04,1042.0,33.0,3.0,1.0,208.0,85.0,7.0
242,2019-01-11 02:00:00,587.45,1052.0,32.0,3.0,1.0,210.0,83.0,7.0
243,2019-01-11 03:00:00,591.34,1105.0,32.0,3.0,1.0,213.0,86.0,7.0
244,2019-01-11 04:00:00,602.19,1142.0,31.0,3.0,1.0,197.0,86.0,7.0
245,2019-01-11 05:00:00,619.87,1220.0,33.0,3.0,1.0,172.0,86.0,7.0
246,2019-01-11 06:00:00,627.79,1223.0,34.0,3.0,1.0,154.0,85.0,7.0
247,2019-01-11 07:00:00,628.49,1224.0,28.0,3.0,1.0,155.0,85.0,7.0
248,2019-01-11 08:00:00,622.81,1179.0,30.0,3.0,1.0,157.0,86.0,7.0
249,2019-01-11 09:00:00,621.18,1178.0,29.0,3.0,1.0,161.0,86.0,7.0
250,2019-01-11 10:00:00,637.45,1226.0,31.0,3.0,1.0,132.0,86.0,7.0
251,2019-01-11 11:00:00,639.26,1224.0,32.0,3.0,1.0,128.0,85.0,7.0
252,2019-01-11 12:00:00,636.14,1221.0,36.0,3.0,1.0,133.0,85.0,7.0
253,2019-01-11 13:00:00,629.76,1213.0,37.0,3.0,1.0,145.0,86.0,7.0
254,2019-01-11 14:00:00,622.68,1206.0,38.0,3.0,1.0,158.0,88.0,7.0
255,2019-01-11 15:00:00,618.0,1207.0,37.0,3.0,1.0,169.0,89.0,7.0
256,2019-01-11 16:00:00,623.98,1223.0,37.0,3.0,1.0,158.0,89.0,7.0
257,2019-01-11 17:00:00,626.28,1220.0,34.0,3.0,1.0,152.0,90.0,7.0
258,2019-01-11 18:00:00,621.44,1223.0,35.0,3.0,1.0,164.0,90.0,7.0
259,2019-01-11 19:00:00,614.04,1219.0,36.0,3.0,1.0,182.0,89.0,7.0
260,2019-01-11 20:00:00,616.38,1214.0,36.0,3.0,1.0,177.0,87.0,7.0
261,2019-01-11 21:00:00,617.7,1222.0,35.0,3.0,1.0,176.0,87.0,7.0
262,2019-01-11 22:00:00,618.71,1162.0,37.0,3.0,1.0,161.0,85.0,7.0
263,2019-01-11 23:00:00,608.92,1054.0,36.0,3.0,1.0,158.0,85.0,7.0
264,2019-01-12 00:00:00,596.52,963.0,36.0,3.0,1.0,162.0,84.0,7.0
265,2019-01-12 01:00:00,572.11,812.0,36.0,3.0,1.0,165.0,85.0,7.0
266,2019-01-12 02:00:00,567.44,791.0,36.0,3.0,1.0,169.0,83.0,7.0
267,2019-01-12 03:00:00,573.03,791.0,37.0,3.0,1.0,156.0,85.0,7.0
268,2019-01-12 04:00:00,586.88,849.0,36.0,3.0,1.0,147.0,86.0,7.0
269,2019-01-12 05:00:00,598.54,849.0,36.0,3.0,1.0,125.0,86.0,7.0
270,2019-01-12 06:00:00,634.1,1058.0,37.0,3.0,1.0,105.0,85.0,7.0
271,2019-01-12 07:00:00,633.43,1032.0,35.0,3.0,1.0,101.0,86.0,7.0
272,2019-01-12 08:00:00,641.27,1053.0,36.0,3.0,1.0,88.0,87.0,7.0
273,2019-01-12 09:00:00,646.22,1063.0,36.0,3.0,1.0,80.0,87.0,7.0
274,2019-01-12 10:00:00,655.29,1052.0,35.0,3.0,1.0,62.0,86.0,7.0
275,2019-01-12 11:00:00,655.52,1052.0,34.0,3.0,1.0,62.0,86.0,7.0
276,2019-01-12 12:00:00,656.1,1049.0,35.0,3.0,1.0,62.0,84.0,7.0
277,2019-01-12 13:00:00,650.99,1054.0,34.0,3.0,1.0,71.0,86.0,7.0
278,2019-01-12 14:00:00,648.66,1051.0,34.0,3.0,1.0,74.0,87.0,7.0
279,2019-01-12 15:00:00,637.53,1017.0,35.0,3.0,1.0,89.0,87.0,7.0
280,2019-01-12 16:00:00,640.64,1031.0,34.0,3.0,1.0,85.0,88.0,7.0
281,2019-01-12 17:00:00,655.94,1048.0,33.0,3.0,1.0,59.0,88.0,7.0
282,2019-01-12 18:00:00,657.12,1021.0,32.0,3.0,1.0,52.0,89.0,7.0
283,2019-01-12 19:00:00,657.95,995.0,33.0,3.0,1.0,48.0,87.0,7.0
284,2019-01-12 20:00:00,660.0,1000.0,31.0,3.0,1.0,47.0,86.0,7.0
285,2019-01-12 21:00:00,667.47,1022.0,33.0,3.0,1.0,34.0,88.0,7.0
286,2019-01-12 22:00:00,673.39,1034.0,31.0,3.0,1.0,26.0,88.0,7.0
287,2019-01-12 23:00:00,659.66,888.0,30.0,3.0,1.0,30.0,87.0,7.0
288,2019-01-13 00:00:00,656.01,873.0,31.0,3.0,1.0,33.0,87.0,7.0
289,2019-01-13 01:00:00,655.64,872.0,32.0,3.0,1.0,33.0,87.0,7.0
290,2019-01-13 02:00:00,658.22,876.0,31.0,3.0,1.0,34.0,83.0,7.0
291,2019-01-13 03:00:00,656.33,886.0,30.0,3.0,1.0,37.0,85.0,7.0
292,2019-01-13 04:00:00,655.0,895.0,29.0,3.0,1.0,41.0,85.0,7.0
293,2019-01-13 05:00:00,652.97,881.0,29.0,3.0,1.0,42.0,85.0,7.0
294,2019-01-13 06:00:00,651.52,885.0,29.0,3.0,1.0,47.0,83.0,7.0
295,2019-01-13 07:00:00,644.95,872.0,30.0,3.0,1.0,53.0,85.0,7.0
296,2019-01-13 08:00:00,636.07,854.0,28.0,3.0,1.0,64.0,86.0,7.0
297,2019-01-13 09:00:00,640.14,884.0,28.0,3.0,1.0,63.0,86.0,7.0
298,2019-01-13 10:00:00,646.56,882.0,28.0,3.0,1.0,52.0,86.0,7.0
299,2019-01-13 11:00:00,646.22,878.0,30.0,3.0,1.0,52.0,85.0,7.0
300,2019-01-13 12:00:00,643.55,864.0,32.0,3.0,1.0,53.0,85.0,7.0
301,2019-01-13 13:00:00,638.13,828.0,32.0,3.0,1.0,54.0,86.0,7.0
302,2019-01-13 14:00:00,642.97,853.0,13.0,3.0,1.0,57.0,88.0,7.0
303,2019-01-13 15:00:00,643.98,892.0,14.0,3.0,1.0,61.0,89.0,7.0
304,2019-01-13 16:00:00,642.94,899.0,14.0,3.0,1.0,64.0,89.0,7.0
305,2019-01-13 17:00:00,640.98,849.0,14.0,3.0,1.0,56.0,91.0,7.0
306,2019-01-13 18:00:00,644.5,849.0,15.0,3.0,1.0,50.0,91.0,7.0
307,2019-01-13 19:00:00,642.45,838.0,25.0,3.0,1.0,49.0,89.0,7.0
308,2019-01-13 20:00:00,619.31,684.0,32.0,3.0,1.0,49.0,89.0,7.0
309,2019-01-13 21:00:00,616.03,666.0,38.0,3.0,1.0,46.0,90.0,7.0
310,2019-01-13 22:00:00,619.02,663.0,41.0,3.0,1.0,41.0,89.0,7.0
311,2019-01-13 23:00:00,612.81,609.0,40.0,3.0,1.0,37.0,89.0,7.0
312,2019-01-14 00:00:00,616.23,602.0,40.0,3.0,1.0,33.0,87.0,7.0
313,2019-01-14 01:00:00,615.2,588.0,40.0,3.0,1.0,31.0,87.0,7.0
314,2019-01-14 02:00:00,614.17,581.0,39.0,3.0,1.0,33.0,85.0,7.0
315,2019-01-14 03:00:00,644.5,792.0,38.0,3.0,1.0,35.0,86.0,7.0
316,2019-01-14 04:00:00,662.95,978.0,39.0,3.0,1.0,36.0,85.0,7.0
317,2019-01-14 05:00:00,669.56,1052.0,36.0,3.0,1.0,37.0,84.0,7.0
318,2019-01-14 06:00:00,668.65,1061.0,38.0,3.0,1.0,41.0,82.0,7.0
319,2019-01-14 07:00:00,654.58,1042.0,39.0,3.0,1.0,65.0,81.0,7.0
320,2019-01-14 08:00:00,606.01,1019.0,40.0,3.0,1.0,157.0,82.0,7.0
321,2019-01-14 09:00:00,605.63,1004.0,40.0,3.0,1.0,154.0,82.0,7.0
322,2019-01-14 10:00:00,608.1,997.0,40.0,3.0,1.0,146.0,83.0,7.0
323,2019-01-14 11:00:00,606.8,998.0,40.0,3.0,1.0,148.0,84.0,7.0
324,2019-01-14 12:00:00,620.03,1035.0,40.0,3.0,1.0,129.0,84.0,7.0
325,2019-01-14 13:00:00,622.9,1033.0,39.0,3.0,1.0,122.0,85.0,7.0
326,2019-01-14 14:00:00,630.18,1052.0,39.0,3.0,1.0,110.0,86.0,7.0
327,2019-01-14 15:00:00,632.92,1075.0,39.0,3.0,1.0,108.0,87.0,7.0
328,2019-01-14 16:00:00,632.19,1100.0,38.0,3.0,1.0,114.0,88.0,7.0
329,2019-01-14 17:00:00,633.24,1065.0,35.0,3.0,1.0,105.0,89.0,7.0
330,2019-01-14 18:00:00,632.93,1129.0,41.0,3.0,1.0,116.0,89.0,7.0
331,2019-01-14 19:00:00,641.4,1122.0,49.0,3.0,1.0,95.0,87.0,7.0
332,2019-01-14 20:00:00,616.57,897.0,33.0,3.0,1.0,105.0,86.0,7.0
333,2019-01-14 21:00:00,619.35,878.0,32.0,3.0,1.0,94.0,88.0,7.0
334,2019-01-14 22:00:00,616.73,832.0,37.0,3.0,1.0,87.0,87.0,7.0
335,2019-01-14 23:00:00,619.71,813.0,46.0,3.0,1.0,74.0,87.0,7.0
336,2019-01-15 00:00:00,632.99,792.0,44.0,3.0,1.0,50.0,86.0,7.0
337,2019-01-15 01:00:00,639.6,827.0,45.0,3.0,1.0,47.0,85.0,7.0
338,2019-01-15 02:00:00,643.98,828.0,48.0,3.0,1.0,40.0,84.0,7.0
339,2019-01-15 03:00:00,649.01,878.0,52.0,3.0,1.0,38.0,85.0,7.0
340,2019-01-15 04:00:00,669.23,1079.0,50.0,3.0,1.0,35.0,84.0,7.0
341,2019-01-15 05:00:00,677.76,1217.0,52.0,3.0,1.0,36.0,83.0,7.0
342,2019-01-15 06:00:00,673.41,1216.0,54.0,3.0,1.0,44.0,83.0,7.0
343,2019-01-15 07:00:00,669.56,1223.0,34.0,3.0,1.0,62.0,83.0,7.0
344,2019-01-15 08:00:00,671.51,1228.0,33.0,3.0,1.0,57.0,85.0,7.0
345,2019-01-15 09:00:00,671.6,1226.0,32.0,3.0,1.0,56.0,86.0,7.0
346,2019-01-15 10:00:00,678.01,1225.0,31.0,3.0,1.0,44.0,85.0,7.0
347,2019-01-15 11:00:00,674.12,1216.0,33.0,3.0,1.0,50.0,85.0,7.0
348,2019-01-15 12:00:00,672.11,1219.0,32.0,3.0,1.0,55.0,85.0,7.0
349,2019-01-15 13:00:00,664.99,1218.0,34.0,3.0,1.0,70.0,84.0,7.0
350,2019-01-15 14:00:00,657.76,1218.0,49.0,3.0,1.0,77.0,86.0,7.0
351,2019-01-15 15:00:00,659.26,1224.0,55.0,3.0,1.0,72.0,86.0,7.0
352,2019-01-15 16:00:00,657.19,1224.0,54.0,3.0,1.0,76.0,87.0,7.0
353,2019-01-15 17:00:00,664.92,1227.0,53.0,3.0,1.0,61.0,86.0,7.0
354,2019-01-15 18:00:00,663.27,1223.0,53.0,3.0,1.0,64.0,86.0,7.0
355,2019-01-15 19:00:00,663.06,1220.0,53.0,3.0,1.0,66.0,84.0,7.0
356,2019-01-15 20:00:00,665.91,1228.0,53.0,3.0,1.0,62.0,83.0,7.0
357,2019-01-15 21:00:00,664.65,1223.0,53.0,3.0,1.0,61.0,86.0,7.0
358,2019-01-15 22:00:00,650.74,1225.0,53.0,3.0,1.0,92.0,86.0,7.0
359,2019-01-15 23:00:00,650.07,1222.0,53.0,3.0,1.0,93.0,86.0,7.0
360,2019-01-16 00:00:00,651.86,1186.0,53.0,3.0,1.0,84.0,85.0,7.0
361,2019-01-16 01:00:00,648.44,1169.0,52.0,3.0,1.0,90.0,84.0,7.0
362,2019-01-16 02:00:00,645.93,1172.0,52.0,3.0,1.0,98.0,82.0,7.0
363,2019-01-16 03:00:00,639.96,1171.0,52.0,3.0,1.0,108.0,85.0,7.0
364,2019-01-16 04:00:00,637.66,1188.0,53.0,3.0,1.0,117.0,84.0,7.0
365,2019-01-16 05:00:00,645.77,1221.0,52.0,3.0,1.0,105.0,84.0,7.0
366,2019-01-16 06:00:00,656.11,1225.0,53.0,3.0,1.0,83.0,83.0,7.0
367,2019-01-16 07:00:00,660.42,1218.0,54.0,3.0,1.0,71.0,84.0,7.0
368,2019-01-16 08:00:00,667.72,1224.0,52.0,3.0,1.0,55.0,86.0,7.0
369,2019-01-16 09:00:00,668.84,1222.0,55.0,3.0,1.0,52.0,85.0,7.0
370,2019-01-16 10:00:00,675.03,1253.0,48.0,3.0,1.0,47.0,84.0,7.0
371,2019-01-16 11:00:00,684.02,1273.0,42.0,3.0,1.0,32.0,85.0,7.0
372,2019-01-16 12:00:00,681.63,1275.0,47.0,3.0,1.0,36.0,84.0,7.0
373,2019-01-16 13:00:00,677.06,1278.0,54.0,3.0,1.0,43.0,84.0,7.0
374,2019-01-16 14:00:00,675.02,1278.0,55.0,3.0,1.0,45.0,86.0,7.0
375,2019-01-16 15:00:00,672.52,1282.0,55.0,3.0,1.0,51.0,86.0,7.0
376,2019-01-16 16:00:00,673.38,1282.0,53.0,3.0,1.0,50.0,86.0,7.0
377,2019-01-16 17:00:00,667.79,1279.0,53.0,3.0,1.0,63.0,85.0,7.0
378,2019-01-16 18:00:00,659.94,1258.0,52.0,3.0,1.0,78.0,85.0,7.0
379,2019-01-16 19:00:00,654.56,1263.0,52.0,3.0,1.0,96.0,80.0,7.0
380,2019-01-16 20:00:00,631.59,1194.0,51.0,3.0,1.0,139.0,78.0,7.0
381,2019-01-16 21:00:00,618.68,1168.0,53.0,3.0,1.0,161.0,80.0,7.0
382,2019-01-16 22:00:00,615.28,1136.0,52.0,3.0,1.0,162.0,80.0,7.0
383,2019-01-16 23:00:00,595.49,1019.0,51.0,3.0,1.0,178.0,80.0,6.0
384,2019-01-17 00:00:00,590.56,964.0,52.0,3.0,1.0,174.0,79.0,6.0
385,2019-01-17 01:00:00,574.49,943.0,52.0,3.0,1.0,207.0,75.0,6.0
386,2019-01-17 02:00:00,572.86,941.0,52.0,3.0,1.0,212.0,73.0,6.0
387,2019-01-17 03:00:00,588.3,1002.0,52.0,3.0,1.0,203.0,66.0,6.0
388,2019-01-17 04:00:00,632.52,1263.0,53.0,3.0,1.0,163.0,65.0,6.0
389,2019-01-17 05:00:00,647.1,1349.0,53.0,3.0,1.0,143.0,65.0,6.0
390,2019-01-17 06:00:00,650.84,1413.0,54.0,3.0,1.0,143.0,66.0,6.0
391,2019-01-17 07:00:00,647.74,1392.0,55.0,3.0,1.0,146.0,67.0,6.0
392,2019-01-17 08:00:00,648.66,1380.0,54.0,3.0,1.0,139.0,70.0,6.0
393,2019-01-17 09:00:00,657.82,1416.0,53.0,3.0,1.0,122.0,70.0,6.0
394,2019-01-17 10:00:00,641.09,1415.0,54.0,3.0,1.0,165.0,70.0,6.0
395,2019-01-17 11:00:00,647.24,1415.0,51.0,3.0,1.0,150.0,70.0,6.0
396,2019-01-17 12:00:00,653.07,1415.0,53.0,3.0,1.0,134.0,70.0,6.0
397,2019-01-17 13:00:00,647.79,1411.0,53.0,3.0,1.0,147.0,70.0,6.0
398,2019-01-17 14:00:00,650.09,1410.0,55.0,3.0,1.0,138.0,72.0,6.0
399,2019-01-17 15:00:00,654.22,1414.0,55.0,3.0,1.0,128.0,72.0,6.0
400,2019-01-17 16:00:00,652.62,1418.0,36.0,3.0,1.0,141.0,72.0,6.0
401,2019-01-17 17:00:00,653.0,1416.0,33.0,3.0,1.0,141.0,72.0,6.0
402,2019-01-17 18:00:00,650.25,1407.0,32.0,3.0,1.0,147.0,72.0,6.0
403,2019-01-17 19:00:00,660.15,1413.0,34.0,3.0,1.0,124.0,70.0,6.0
404,2019-01-17 20:00:00,663.52,1407.0,47.0,3.0,1.0,109.0,70.0,6.0
405,2019-01-17 21:00:00,662.69,1405.0,51.0,3.0,1.0,108.0,71.0,6.0
406,2019-01-17 22:00:00,662.67,1329.0,53.0,3.0,1.0,96.0,71.0,6.0
407,2019-01-17 23:00:00,670.45,1399.0,51.0,3.0,1.0,88.0,71.0,7.0
408,2019-01-18 00:00:00,676.44,1401.0,53.0,3.0,1.0,74.0,70.0,7.0
409,2019-01-18 01:00:00,682.15,1405.0,53.0,3.0,1.0,60.0,71.0,7.0
410,2019-01-18 02:00:00,681.62,1403.0,53.0,3.0,1.0,57.0,75.0,7.0
411,2019-01-18 03:00:00,675.06,1403.0,52.0,3.0,1.0,66.0,82.0,7.0
412,2019-01-18 04:00:00,665.58,1407.0,51.0,3.0,1.0,92.0,80.0,7.0
413,2019-01-18 05:00:00,662.1,1402.0,53.0,3.0,1.0,98.0,81.0,7.0
414,2019-01-18 06:00:00,654.79,1390.0,54.0,3.0,1.0,111.0,84.0,7.0
415,2019-01-18 07:00:00,662.39,1376.0,54.0,3.0,1.0,90.0,84.0,7.0
416,2019-01-18 08:00:00,663.34,1385.0,54.0,3.0,1.0,89.0,84.0,7.0
417,2019-01-18 09:00:00,664.7,1388.0,52.0,3.0,1.0,87.0,84.0,7.0
418,2019-01-18 10:00:00,666.63,1381.0,55.0,3.0,1.0,80.0,84.0,7.0
419,2019-01-18 11:00:00,656.66,1359.0,55.0,3.0,1.0,99.0,86.0,7.0
420,2019-01-18 12:00:00,651.04,1229.0,53.0,3.0,1.0,92.0,86.0,7.0
421,2019-01-18 13:00:00,647.23,1217.0,52.0,3.0,1.0,99.0,86.0,7.0
422,2019-01-18 14:00:00,646.33,1216.0,54.0,3.0,1.0,99.0,87.0,7.0
423,2019-01-18 15:00:00,639.19,1214.0,54.0,3.0,1.0,114.0,88.0,7.0
424,2019-01-18 16:00:00,648.45,1209.0,54.0,3.0,1.0,94.0,86.0,7.0
425,2019-01-18 17:00:00,663.58,1204.0,52.0,3.0,1.0,65.0,82.0,7.0
426,2019-01-18 18:00:00,667.42,1205.0,52.0,3.0,1.0,57.0,82.0,7.0
427,2019-01-18 19:00:00,670.99,1201.0,52.0,3.0,1.0,48.0,83.0,7.0
428,2019-01-18 20:00:00,672.69,1204.0,52.0,3.0,1.0,43.0,85.0,6.0
429,2019-01-18 21:00:00,677.49,1203.0,52.0,3.0,1.0,33.0,85.0,6.0
430,2019-01-18 22:00:00,676.76,1199.0,52.0,3.0,1.0,32.0,87.0,6.0
431,2019-01-18 23:00:00,661.74,1015.0,52.0,3.0,1.0,37.0,86.0,6.0
432,2019-01-19 00:00:00,662.15,1020.0,52.0,3.0,1.0,38.0,85.0,6.0
433,2019-01-19 01:00:00,659.68,1013.0,53.0,3.0,1.0,41.0,85.0,6.0
434,2019-01-19 02:00:00,659.04,980.0,51.0,3.0,1.0,40.0,83.0,6.0
435,2019-01-19 03:00:00,655.76,1000.0,51.0,3.0,1.0,47.0,85.0,6.0
436,2019-01-19 04:00:00,660.08,1012.0,51.0,3.0,1.0,42.0,84.0,6.0
437,2019-01-19 05:00:00,641.78,959.0,52.0,3.0,1.0,66.0,84.0,6.0
438,2019-01-19 06:00:00,645.42,976.0,53.0,3.0,1.0,62.0,84.0,6.0
439,2019-01-19 07:00:00,643.84,994.0,51.0,3.0,1.0,69.0,84.0,6.0
440,2019-01-19 08:00:00,634.47,1007.0,52.0,3.0,1.0,89.0,84.0,6.0
441,2019-01-19 09:00:00,633.14,999.0,52.0,3.0,1.0,89.0,85.0,6.0
442,2019-01-19 10:00:00,638.96,1032.0,52.0,3.0,1.0,85.0,84.0,6.0
443,2019-01-19 11:00:00,642.37,1014.0,52.0,3.0,1.0,74.0,85.0,6.0
444,2019-01-19 12:00:00,633.02,948.0,52.0,3.0,1.0,79.0,85.0,6.0
445,2019-01-19 13:00:00,625.14,935.0,52.0,3.0,1.0,92.0,84.0,6.0
446,2019-01-19 14:00:00,611.45,1008.0,52.0,3.0,1.0,134.0,86.0,6.0
447,2019-01-19 15:00:00,592.37,999.0,52.0,3.0,1.0,172.0,87.0,6.0
448,2019-01-19 16:00:00,595.51,1064.0,52.0,3.0,1.0,183.0,87.0,6.0
449,2019-01-19 17:00:00,607.54,1073.0,51.0,3.0,1.0,158.0,87.0,6.0
450,2019-01-19 18:00:00,589.08,1055.0,51.0,3.0,1.0,196.0,87.0,6.0
451,2019-01-19 19:00:00,591.52,1059.0,52.0,3.0,1.0,193.0,85.0,6.0
452,2019-01-19 20:00:00,589.0,1004.0,52.0,3.0,1.0,182.0,86.0,6.0
453,2019-01-19 21:00:00,579.41,962.0,52.0,3.0,1.0,192.0,85.0,6.0
454,2019-01-19 22:00:00,575.3,905.0,52.0,3.0,1.0,181.0,87.0,6.0
455,2019-01-19 23:00:00,570.37,912.0,52.0,3.0,1.0,194.0,87.0,6.0
456,2019-01-20 00:00:00,570.94,946.0,52.0,3.0,1.0,206.0,85.0,6.0
457,2019-01-20 01:00:00,573.08,923.0,51.0,3.0,1.0,193.0,86.0,6.0
458,2019-01-20 02:00:00,572.91,926.0,52.0,3.0,1.0,197.0,83.0,6.0
459,2019-01-20 03:00:00,576.36,931.0,52.0,3.0,1.0,193.0,81.0,6.0
460,2019-01-20 04:00:00,579.34,923.0,52.0,3.0,1.0,183.0,82.0,6.0
461,2019-01-20 05:00:00,584.93,993.0,52.0,3.0,1.0,190.0,84.0,6.0
462,2019-01-20 06:00:00,597.14,1034.0,52.0,3.0,1.0,175.0,83.0,6.0
463,2019-01-20 07:00:00,601.87,1054.0,51.0,3.0,1.0,167.0,86.0,6.0
464,2019-01-20 08:00:00,612.76,1082.0,47.0,3.0,1.0,151.0,86.0,6.0
465,2019-01-20 09:00:00,622.83,1114.0,49.0,3.0,1.0,134.0,87.0,6.0
466,2019-01-20 10:00:00,641.29,1117.0,50.0,3.0,1.0,94.0,87.0,6.0
467,2019-01-20 11:00:00,649.96,1121.0,49.0,3.0,1.0,78.0,86.0,6.0
468,2019-01-20 12:00:00,655.52,1111.0,49.0,3.0,1.0,66.0,85.0,6.0
469,2019-01-20 13:00:00,654.94,1110.0,49.0,3.0,1.0,66.0,86.0,6.0
470,2019-01-20 14:00:00,659.97,1112.0,45.0,3.0,1.0,56.0,88.0,6.0
471,2019-01-20 15:00:00,654.44,1108.0,46.0,3.0,1.0,66.0,88.0,6.0
472,2019-01-20 16:00:00,650.42,1108.0,44.0,3.0,1.0,75.0,88.0,6.0
473,2019-01-20 17:00:00,654.32,1102.0,42.0,3.0,1.0,67.0,88.0,6.0
474,2019-01-20 18:00:00,654.45,1093.0,45.0,3.0,1.0,64.0,88.0,6.0
475,2019-01-20 19:00:00,647.54,1102.0,46.0,3.0,1.0,81.0,86.0,6.0
476,2019-01-20 20:00:00,644.44,1072.0,46.0,3.0,1.0,83.0,85.0,6.0
477,2019-01-20 21:00:00,652.05,1097.0,46.0,3.0,1.0,73.0,84.0,6.0
478,2019-01-20 22:00:00,649.72,1065.0,42.0,3.0,1.0,74.0,84.0,6.0
479,2019-01-20 23:00:00,662.13,1271.0,41.0,3.0,1.0,79.0,86.0,6.0
480,2019-01-21 00:00:00,672.31,1367.0,41.0,3.0,1.0,70.0,85.0,6.0
481,2019-01-21 01:00:00,676.02,1389.0,39.0,3.0,1.0,63.0,87.0,6.0
482,2019-01-21 02:00:00,680.62,1421.0,39.0,3.0,1.0,58.0,85.0,6.0
483,2019-01-21 03:00:00,682.27,1460.0,38.0,3.0,1.0,56.0,88.0,6.0
484,2019-01-21 04:00:00,694.78,1659.0,25.0,3.0,1.0,48.0,91.0,6.0
485,2019-01-21 05:00:00,707.33,1859.0,9.0,3.0,1.0,38.0,91.0,6.0
486,2019-01-21 06:00:00,710.56,1860.0,11.0,3.0,1.0,29.0,90.0,6.0
487,2019-01-21 07:00:00,711.4,1873.0,10.0,3.0,1.0,25.0,93.0,6.0
488,2019-01-21 08:00:00,711.85,1877.0,10.0,3.0,1.0,23.0,94.0,6.0
489,2019-01-21 09:00:00,712.31,1882.0,8.0,3.0,1.0,24.0,93.0,6.0
490,2019-01-21 10:00:00,712.15,1873.0,16.0,3.0,1.0,20.0,93.0,6.0
491,2019-01-21 11:00:00,712.84,1879.0,19.0,3.0,1.0,17.0,93.0,6.0
492,2019-01-21 12:00:00,712.07,1875.0,23.0,3.0,1.0,17.0,93.0,6.0
493,2019-01-21 13:00:00,712.96,1875.0,24.0,3.0,1.0,15.0,92.0,6.0
494,2019-01-21 14:00:00,714.62,1879.0,19.0,3.0,1.0,12.0,93.0,6.0
495,2019-01-21 15:00:00,712.11,1883.0,26.0,3.0,1.0,16.0,93.0,6.0
496,2019-01-21 16:00:00,710.82,1888.0,26.0,3.0,1.0,21.0,92.0,6.0
497,2019-01-21 17:00:00,710.77,1887.0,22.0,3.0,1.0,23.0,92.0,6.0
498,2019-01-21 18:00:00,710.93,1872.0,21.0,3.0,1.0,22.0,92.0,6.0
499,2019-01-21 19:00:00,709.6,1866.0,28.0,3.0,1.0,23.0,91.0,6.0
500,2019-01-21 20:00:00,712.09,1867.0,28.0,3.0,1.0,17.0,90.0,6.0
501,2019-01-21 21:00:00,709.06,1705.0,30.0,3.0,1.0,12.0,91.0,6.0
502,2019-01-21 22:00:00,709.53,1688.0,27.0,3.0,1.0,11.0,91.0,6.0
503,2019-01-21 23:00:00,705.37,1574.0,29.0,3.0,1.0,11.0,92.0,6.0
504,2019-01-22 00:00:00,703.35,1578.0,38.0,3.0,1.0,13.0,91.0,6.0
505,2019-01-22 01:00:00,702.41,1569.0,35.0,3.0,1.0,18.0,89.0,6.0
506,2019-01-22 02:00:00,700.46,1571.0,37.0,3.0,1.0,23.0,88.0,6.0
507,2019-01-22 03:00:00,697.65,1570.0,41.0,3.0,1.0,26.0,90.0,6.0
508,2019-01-22 04:00:00,697.43,1569.0,42.0,3.0,1.0,26.0,90.0,6.0
509,2019-01-22 05:00:00,694.88,1580.0,45.0,3.0,1.0,33.0,89.0,6.0
510,2019-01-22 06:00:00,694.8,1610.0,45.0,3.0,1.0,37.0,88.0,6.0
511,2019-01-22 07:00:00,692.16,1632.0,45.0,3.0,1.0,45.0,89.0,6.0
512,2019-01-22 08:00:00,689.87,1652.0,43.0,3.0,1.0,52.0,91.0,6.0
513,2019-01-22 09:00:00,693.48,1742.0,43.0,3.0,1.0,51.0,91.0,6.0
514,2019-01-22 10:00:00,695.22,1756.0,44.0,3.0,1.0,46.0,92.0,6.0
515,2019-01-22 11:00:00,695.74,1757.0,45.0,3.0,1.0,42.0,94.0,7.0
516,2019-01-22 12:00:00,696.99,1752.0,43.0,3.0,1.0,41.0,92.0,7.0
517,2019-01-22 13:00:00,700.2,1751.0,43.0,3.0,1.0,34.0,90.0,7.0
518,2019-01-22 14:00:00,703.12,1751.0,43.0,3.0,1.0,25.0,91.0,7.0
519,2019-01-22 15:00:00,698.75,1757.0,42.0,3.0,1.0,37.0,92.0,7.0
520,2019-01-22 16:00:00,696.27,1758.0,42.0,3.0,1.0,44.0,92.0,7.0
521,2019-01-22 17:00:00,697.69,1758.0,40.0,3.0,1.0,40.0,93.0,7.0
522,2019-01-22 18:00:00,697.22,1760.0,41.0,3.0,1.0,41.0,93.0,7.0
523,2019-01-22 19:00:00,694.7,1738.0,41.0,3.0,1.0,47.0,92.0,7.0
524,2019-01-22 20:00:00,691.48,1712.0,44.0,3.0,1.0,52.0,92.0,7.0
525,2019-01-22 21:00:00,687.78,1713.0,47.0,3.0,1.0,60.0,93.0,7.0
526,2019-01-22 22:00:00,686.17,1703.0,48.0,3.0,1.0,62.0,94.0,7.0
527,2019-01-22 23:00:00,672.63,1606.0,48.0,3.0,1.0,89.0,93.0,7.0
528,2019-01-23 00:00:00,669.55,1599.0,47.0,3.0,1.0,98.0,92.0,7.0
529,2019-01-23 01:00:00,675.57,1567.0,46.0,3.0,1.0,78.0,92.0,7.0
530,2019-01-23 02:00:00,681.19,1548.0,46.0,3.0,1.0,67.0,86.0,7.0
531,2019-01-23 03:00:00,685.55,1656.0,45.0,3.0,1.0,63.0,91.0,7.0
532,2019-01-23 04:00:00,685.05,1661.0,47.0,3.0,1.0,64.0,91.0,7.0
533,2019-01-23 05:00:00,684.88,1734.0,48.0,3.0,1.0,71.0,92.0,7.0
534,2019-01-23 06:00:00,683.76,1755.0,47.0,3.0,1.0,79.0,90.0,7.0
535,2019-01-23 07:00:00,680.45,1762.0,48.0,3.0,1.0,88.0,91.0,7.0
536,2019-01-23 08:00:00,680.24,1762.0,45.0,3.0,1.0,88.0,93.0,7.0
537,2019-01-23 09:00:00,683.51,1763.0,44.0,3.0,1.0,79.0,93.0,7.0
538,2019-01-23 10:00:00,683.62,1757.0,44.0,3.0,1.0,78.0,93.0,7.0
539,2019-01-23 11:00:00,684.89,1754.0,44.0,3.0,1.0,74.0,93.0,7.0
540,2019-01-23 12:00:00,686.35,1766.0,42.0,3.0,1.0,72.0,93.0,7.0
541,2019-01-23 13:00:00,686.24,1763.0,42.0,3.0,1.0,74.0,91.0,7.0
542,2019-01-23 14:00:00,686.32,1760.0,43.0,3.0,1.0,70.0,94.0,7.0
543,2019-01-23 15:00:00,691.19,1764.0,44.0,3.0,1.0,57.0,93.0,7.0
544,2019-01-23 16:00:00,694.74,1764.0,46.0,3.0,1.0,45.0,94.0,7.0
545,2019-01-23 17:00:00,694.93,1769.0,48.0,3.0,1.0,42.0,96.0,7.0
546,2019-01-23 18:00:00,695.26,1747.0,48.0,3.0,1.0,40.0,95.0,7.0
547,2019-01-23 19:00:00,695.33,1711.0,49.0,3.0,1.0,37.0,94.0,7.0
548,2019-01-23 20:00:00,695.82,1709.0,50.0,3.0,1.0,35.0,94.0,7.0
549,2019-01-23 21:00:00,697.26,1714.0,49.0,3.0,1.0,30.0,96.0,7.0
550,2019-01-23 22:00:00,699.29,1709.0,47.0,3.0,1.0,24.0,97.0,7.0
551,2019-01-23 23:00:00,702.7,1749.0,43.0,3.0,1.0,21.0,96.0,7.0
552,2019-01-24 00:00:00,703.59,1723.0,44.0,3.0,1.0,18.0,94.0,7.0
553,2019-01-24 01:00:00,703.37,1702.0,48.0,3.0,1.0,15.0,94.0,7.0
554,2019-01-24 02:00:00,699.87,1704.0,47.0,3.0,1.0,26.0,93.0,7.0
555,2019-01-24 03:00:00,697.14,1711.0,47.0,3.0,1.0,32.0,95.0,7.0
556,2019-01-24 04:00:00,700.5,1735.0,49.0,3.0,1.0,25.0,94.0,7.0
557,2019-01-24 05:00:00,701.07,1753.0,51.0,3.0,1.0,26.0,92.0,7.0
558,2019-01-24 06:00:00,706.75,1748.0,47.0,3.0,1.0,27.0,77.0,7.0
559,2019-01-24 07:00:00,708.87,1785.0,49.0,3.0,1.0,23.0,77.0,7.0
560,2019-01-24 08:00:00,707.94,1791.0,49.0,3.0,1.0,25.0,78.0,7.0
561,2019-01-24 09:00:00,709.8,1786.0,48.0,3.0,1.0,20.0,78.0,7.0
562,2019-01-24 10:00:00,711.53,1767.0,48.0,3.0,1.0,13.0,79.0,7.0
563,2019-01-24 11:00:00,712.62,1774.0,47.0,3.0,1.0,11.0,79.0,7.0
564,2019-01-24 12:00:00,712.0,1764.0,47.0,3.0,1.0,12.0,79.0,7.0
565,2019-01-24 13:00:00,712.19,1764.0,48.0,3.0,1.0,12.0,78.0,7.0
566,2019-01-24 14:00:00,711.0,1754.0,47.0,3.0,1.0,14.0,79.0,7.0
567,2019-01-24 15:00:00,708.49,1715.0,51.0,3.0,1.0,17.0,78.0,7.0
568,2019-01-24 16:00:00,708.03,1658.0,49.0,3.0,1.0,20.0,73.0,7.0
569,2019-01-24 17:00:00,707.37,1650.0,45.0,3.0,1.0,22.0,74.0,7.0
570,2019-01-24 18:00:00,699.79,1458.0,45.0,3.0,1.0,25.0,74.0,7.0
571,2019-01-24 19:00:00,697.38,1413.0,44.0,3.0,1.0,28.0,73.0,7.0
572,2019-01-24 20:00:00,694.72,1418.0,45.0,3.0,1.0,34.0,73.0,7.0
573,2019-01-24 21:00:00,691.79,1411.0,45.0,3.0,1.0,38.0,75.0,7.0
574,2019-01-24 22:00:00,687.63,1410.0,46.0,3.0,1.0,47.0,75.0,7.0
575,2019-01-24 23:00:00,679.16,1316.0,43.0,3.0,1.0,57.0,75.0,7.0
576,2019-01-25 00:00:00,679.09,1311.0,42.0,3.0,1.0,58.0,74.0,7.0
577,2019-01-25 01:00:00,674.39,1299.0,44.0,3.0,1.0,66.0,74.0,7.0
578,2019-01-25 02:00:00,672.6,1306.0,46.0,3.0,1.0,72.0,72.0,7.0
579,2019-01-25 03:00:00,671.06,1295.0,46.0,3.0,1.0,75.0,71.0,7.0
580,2019-01-25 04:00:00,682.91,1323.0,42.0,3.0,1.0,63.0,62.0,7.0
581,2019-01-25 05:00:00,690.74,1407.0,45.0,3.0,1.0,58.0,57.0,7.0
582,2019-01-25 06:00:00,693.89,1424.0,46.0,3.0,1.0,52.0,57.0,7.0
583,2019-01-25 07:00:00,695.88,1419.0,46.0,3.0,1.0,45.0,59.0,7.0
584,2019-01-25 08:00:00,690.64,1420.0,44.0,3.0,1.0,49.0,68.0,7.0
585,2019-01-25 09:00:00,692.99,1404.0,42.0,3.0,1.0,42.0,69.0,7.0
586,2019-01-25 10:00:00,692.35,1409.0,44.0,3.0,1.0,42.0,70.0,7.0
587,2019-01-25 11:00:00,693.74,1442.0,44.0,3.0,1.0,38.0,74.0,7.0
588,2019-01-25 12:00:00,696.39,1417.0,41.0,3.0,1.0,33.0,72.0,7.0
589,2019-01-25 13:00:00,699.46,1446.0,38.0,3.0,1.0,30.0,72.0,7.0
590,2019-01-25 14:00:00,696.93,1452.0,43.0,3.0,1.0,32.0,74.0,7.0
591,2019-01-25 15:00:00,692.15,1460.0,45.0,3.0,1.0,43.0,74.0,7.0
592,2019-01-25 16:00:00,690.22,1459.0,46.0,3.0,1.0,46.0,75.0,7.0
593,2019-01-25 17:00:00,692.54,1449.0,45.0,3.0,1.0,41.0,74.0,7.0
594,2019-01-25 18:00:00,691.08,1384.0,47.0,3.0,1.0,39.0,72.0,7.0
595,2019-01-25 19:00:00,692.92,1370.0,46.0,3.0,1.0,38.0,68.0,7.0
596,2019-01-25 20:00:00,694.62,1368.0,44.0,3.0,1.0,35.0,68.0,7.0
597,2019-01-25 21:00:00,693.45,1351.0,46.0,3.0,1.0,33.0,70.0,7.0
598,2019-01-25 22:00:00,693.87,1350.0,46.0,3.0,1.0,31.0,71.0,7.0
599,2019-01-25 23:00:00,678.84,1041.0,47.0,3.0,1.0,29.0,69.0,7.0
600,2019-01-26 00:00:00,675.92,1003.0,48.0,3.0,1.0,30.0,68.0,7.0
601,2019-01-26 01:00:00,674.33,985.0,49.0,3.0,1.0,30.0,68.0,7.0
602,2019-01-26 02:00:00,677.07,982.0,49.0,3.0,1.0,28.0,65.0,7.0
603,2019-01-26 03:00:00,675.26,978.0,48.0,3.0,1.0,29.0,67.0,7.0
604,2019-01-26 04:00:00,676.62,1012.0,50.0,3.0,1.0,29.0,68.0,7.0
605,2019-01-26 05:00:00,682.33,1098.0,50.0,3.0,1.0,28.0,69.0,7.0
606,2019-01-26 06:00:00,681.94,1118.0,50.0,3.0,1.0,31.0,69.0,7.0
607,2019-01-26 07:00:00,684.56,1108.0,50.0,3.0,1.0,25.0,69.0,7.0
608,2019-01-26 08:00:00,687.83,1108.0,50.0,3.0,1.0,18.0,70.0,7.0
609,2019-01-26 09:00:00,691.43,1108.0,51.0,3.0,1.0,11.0,70.0,7.0
610,2019-01-26 10:00:00,690.97,1075.0,50.0,3.0,1.0,9.0,70.0,7.0
611,2019-01-26 11:00:00,693.67,1114.0,50.0,3.0,1.0,8.0,70.0,7.0
612,2019-01-26 12:00:00,693.45,1089.0,50.0,3.0,1.0,7.0,69.0,7.0
613,2019-01-26 13:00:00,692.52,1077.0,51.0,3.0,1.0,8.0,68.0,7.0
614,2019-01-26 14:00:00,691.51,1084.0,52.0,3.0,1.0,8.0,70.0,7.0
615,2019-01-26 15:00:00,692.24,1108.0,50.0,3.0,1.0,9.0,71.0,7.0
616,2019-01-26 16:00:00,693.88,1109.0,46.0,3.0,1.0,8.0,71.0,7.0
617,2019-01-26 17:00:00,692.7,1107.0,48.0,3.0,1.0,9.0,71.0,7.0
618,2019-01-26 18:00:00,691.3,1097.0,47.0,3.0,1.0,11.0,71.0,7.0
619,2019-01-26 19:00:00,691.98,1089.0,47.0,3.0,1.0,11.0,69.0,7.0
620,2019-01-26 20:00:00,691.3,1087.0,47.0,3.0,1.0,12.0,69.0,7.0
621,2019-01-26 21:00:00,688.75,1081.0,49.0,3.0,1.0,14.0,70.0,7.0
622,2019-01-26 22:00:00,677.03,937.0,48.0,3.0,1.0,18.0,70.0,7.0
623,2019-01-26 23:00:00,672.59,893.0,49.0,3.0,1.0,19.0,70.0,7.0
624,2019-01-27 00:00:00,668.21,828.0,51.0,3.0,1.0,17.0,69.0,7.0
625,2019-01-27 01:00:00,657.53,707.0,51.0,3.0,1.0,14.0,69.0,7.0
626,2019-01-27 02:00:00,656.7,691.0,50.0,3.0,1.0,16.0,66.0,7.0
627,2019-01-27 03:00:00,661.61,720.0,48.0,3.0,1.0,13.0,68.0,7.0
628,2019-01-27 04:00:00,674.98,843.0,49.0,3.0,1.0,11.0,68.0,7.0
629,2019-01-27 05:00:00,679.6,967.0,49.0,3.0,1.0,19.0,68.0,7.0
630,2019-01-27 06:00:00,678.25,1015.0,49.0,3.0,1.0,26.0,69.0,7.0
631,2019-01-27 07:00:00,675.99,1012.0,48.0,3.0,1.0,30.0,69.0,7.0
632,2019-01-27 08:00:00,675.81,1022.0,47.0,3.0,1.0,31.0,70.0,7.0
633,2019-01-27 09:00:00,677.56,1071.0,49.0,3.0,1.0,33.0,70.0,7.0
634,2019-01-27 10:00:00,681.22,1085.0,49.0,3.0,1.0,28.0,70.0,7.0
635,2019-01-27 11:00:00,684.87,1118.0,49.0,3.0,1.0,25.0,70.0,7.0
636,2019-01-27 12:00:00,687.89,1109.0,50.0,3.0,1.0,20.0,68.0,7.0
637,2019-01-27 13:00:00,685.71,1109.0,50.0,3.0,1.0,24.0,68.0,7.0
638,2019-01-27 14:00:00,683.79,1109.0,49.0,3.0,1.0,26.0,70.0,7.0
639,2019-01-27 15:00:00,686.58,1180.0,50.0,3.0,1.0,28.0,70.0,7.0
640,2019-01-27 16:00:00,684.31,1190.0,49.0,3.0,1.0,34.0,70.0,7.0
641,2019-01-27 17:00:00,679.38,1183.0,49.0,3.0,1.0,43.0,70.0,7.0
642,2019-01-27 18:00:00,677.83,1183.0,47.0,3.0,1.0,47.0,70.0,7.0
643,2019-01-27 19:00:00,673.02,1162.0,47.0,3.0,1.0,55.0,69.0,7.0
644,2019-01-27 20:00:00,666.47,1136.0,46.0,3.0,1.0,65.0,69.0,7.0
645,2019-01-27 21:00:00,659.17,1138.0,46.0,3.0,1.0,79.0,70.0,7.0
646,2019-01-27 22:00:00,651.99,1115.0,46.0,3.0,1.0,90.0,70.0,7.0
647,2019-01-27 23:00:00,639.97,1035.0,46.0,3.0,1.0,100.0,70.0,7.0
648,2019-01-28 00:00:00,628.88,1007.0,47.0,3.0,1.0,119.0,67.0,7.0
649,2019-01-28 01:00:00,611.41,907.0,38.0,3.0,1.0,135.0,66.0,7.0
650,2019-01-28 02:00:00,600.41,921.0,43.0,3.0,1.0,158.0,66.0,7.0
651,2019-01-28 03:00:00,624.09,1118.0,44.0,3.0,1.0,153.0,68.0,7.0
652,2019-01-28 04:00:00,642.55,1348.0,44.0,3.0,1.0,156.0,67.0,7.0
653,2019-01-28 05:00:00,649.56,1373.0,41.0,3.0,1.0,144.0,67.0,7.0
654,2019-01-28 06:00:00,654.71,1462.0,42.0,3.0,1.0,145.0,67.0,7.0
655,2019-01-28 07:00:00,653.32,1464.0,42.0,3.0,1.0,148.0,68.0,7.0
656,2019-01-28 08:00:00,651.47,1461.0,43.0,3.0,1.0,151.0,69.0,7.0
657,2019-01-28 09:00:00,654.49,1463.0,46.0,3.0,1.0,142.0,69.0,7.0
658,2019-01-28 10:00:00,658.07,1450.0,45.0,3.0,1.0,131.0,69.0,7.0
659,2019-01-28 11:00:00,661.03,1466.0,49.0,3.0,1.0,124.0,69.0,7.0
660,2019-01-28 12:00:00,663.07,1458.0,48.0,3.0,1.0,120.0,67.0,7.0
661,2019-01-28 13:00:00,660.02,1456.0,47.0,3.0,1.0,128.0,67.0,7.0
662,2019-01-28 14:00:00,654.99,1458.0,48.0,3.0,1.0,139.0,69.0,7.0
663,2019-01-28 15:00:00,659.26,1459.0,48.0,3.0,1.0,127.0,70.0,7.0
664,2019-01-28 16:00:00,662.79,1463.0,49.0,3.0,1.0,118.0,70.0,7.0
665,2019-01-28 17:00:00,658.23,1451.0,49.0,3.0,1.0,128.0,70.0,7.0
666,2019-01-28 18:00:00,657.93,1456.0,48.0,3.0,1.0,130.0,70.0,7.0
667,2019-01-28 19:00:00,657.75,1463.0,47.0,3.0,1.0,134.0,68.0,7.0
668,2019-01-28 20:00:00,658.25,1442.0,48.0,3.0,1.0,128.0,69.0,7.0
669,2019-01-28 21:00:00,664.23,1444.0,48.0,3.0,1.0,112.0,70.0,7.0
670,2019-01-28 22:00:00,670.25,1445.0,48.0,3.0,1.0,96.0,71.0,7.0
671,2019-01-28 23:00:00,663.73,1318.0,48.0,4.0,1.0,94.0,70.0,7.0
672,2019-01-29 00:00:00,662.75,1254.0,50.0,4.0,1.0,86.0,70.0,7.0
673,2019-01-29 01:00:00,667.2,1256.0,51.0,4.0,1.0,77.0,69.0,7.0
674,2019-01-29 02:00:00,669.37,1259.0,48.0,4.0,1.0,76.0,67.0,7.0
675,2019-01-29 03:00:00,674.58,1277.0,48.0,4.0,1.0,66.0,68.0,7.0
676,2019-01-29 04:00:00,688.12,1448.0,50.0,4.0,1.0,54.0,68.0,7.0
677,2019-01-29 05:00:00,689.66,1459.0,51.0,4.0,1.0,51.0,68.0,7.0
678,2019-01-29 06:00:00,691.46,1461.0,53.0,3.0,1.0,47.0,68.0,7.0
679,2019-01-29 07:00:00,689.07,1464.0,53.0,3.0,1.0,52.0,69.0,7.0
680,2019-01-29 08:00:00,687.75,1472.0,53.0,3.0,1.0,56.0,69.0,7.0
681,2019-01-29 09:00:00,685.74,1469.0,52.0,3.0,1.0,60.0,70.0,7.0
682,2019-01-29 10:00:00,691.32,1473.0,52.0,3.0,1.0,48.0,69.0,7.0
683,2019-01-29 11:00:00,692.7,1476.0,52.0,3.0,1.0,45.0,69.0,7.0
684,2019-01-29 12:00:00,695.6,1470.0,51.0,3.0,1.0,40.0,67.0,7.0
685,2019-01-29 13:00:00,697.49,1473.0,40.0,3.0,1.0,41.0,67.0,7.0
686,2019-01-29 14:00:00,695.54,1474.0,35.0,3.0,1.0,46.0,69.0,7.0
687,2019-01-29 15:00:00,692.53,1474.0,46.0,3.0,1.0,47.0,70.0,7.0
688,2019-01-29 16:00:00,690.83,1456.0,53.0,3.0,1.0,46.0,70.0,7.0
689,2019-01-29 17:00:00,692.09,1462.0,50.0,3.0,1.0,44.0,71.0,7.0
690,2019-01-29 18:00:00,692.41,1454.0,51.0,3.0,1.0,42.0,71.0,7.0
691,2019-01-29 19:00:00,691.3,1468.0,51.0,3.0,1.0,48.0,69.0,7.0
692,2019-01-29 20:00:00,690.76,1465.0,51.0,3.0,1.0,49.0,69.0,7.0
693,2019-01-29 21:00:00,689.16,1457.0,51.0,3.0,1.0,50.0,71.0,7.0
694,2019-01-29 22:00:00,687.02,1456.0,51.0,3.0,1.0,55.0,71.0,7.0
695,2019-01-29 23:00:00,683.04,1451.0,51.0,3.0,1.0,64.0,71.0,7.0
696,2019-01-30 00:00:00,681.45,1461.0,51.0,3.0,1.0,70.0,70.0,7.0
697,2019-01-30 01:00:00,676.74,1460.0,52.0,3.0,1.0,81.0,70.0,7.0
698,2019-01-30 02:00:00,670.41,1458.0,51.0,3.0,1.0,86.0,81.0,7.0
699,2019-01-30 03:00:00,664.44,1457.0,51.0,3.0,1.0,98.0,84.0,7.0
700,2019-01-30 04:00:00,672.21,1462.0,51.0,3.0,1.0,94.0,69.0,7.0
701,2019-01-30 05:00:00,674.61,1462.0,51.0,3.0,1.0,89.0,68.0,7.0
702,2019-01-30 06:00:00,673.05,1462.0,53.0,3.0,1.0,92.0,68.0,7.0
703,2019-01-30 07:00:00,675.58,1469.0,52.0,3.0,1.0,86.0,69.0,7.0
704,2019-01-30 08:00:00,678.26,1470.0,53.0,3.0,1.0,78.0,70.0,7.0
705,2019-01-30 09:00:00,674.27,1466.0,54.0,3.0,1.0,87.0,70.0,7.0
706,2019-01-30 10:00:00,669.8,1464.0,54.0,3.0,1.0,98.0,70.0,7.0
707,2019-01-30 11:00:00,672.62,1465.0,54.0,3.0,1.0,91.0,70.0,7.0
708,2019-01-30 12:00:00,676.46,1450.0,53.0,3.0,1.0,82.0,68.0,7.0
709,2019-01-30 13:00:00,683.08,1464.0,54.0,3.0,1.0,67.0,68.0,7.0
710,2019-01-30 14:00:00,681.49,1461.0,53.0,3.0,1.0,69.0,70.0,7.0
711,2019-01-30 15:00:00,681.99,1463.0,53.0,3.0,1.0,67.0,71.0,7.0
712,2019-01-30 16:00:00,683.33,1488.0,52.0,3.0,1.0,67.0,71.0,7.0
713,2019-01-30 17:00:00,693.03,1469.0,51.0,3.0,1.0,43.0,70.0,7.0
714,2019-01-30 18:00:00,694.52,1469.0,52.0,3.0,1.0,39.0,70.0,7.0
715,2019-01-30 19:00:00,691.59,1460.0,50.0,3.0,1.0,47.0,69.0,7.0
716,2019-01-30 20:00:00,692.85,1464.0,53.0,3.0,1.0,43.0,69.0,7.0
717,2019-01-30 21:00:00,693.21,1468.0,52.0,3.0,1.0,42.0,70.0,7.0
718,2019-01-30 22:00:00,696.84,1469.0,51.0,3.0,1.0,33.0,71.0,7.0
719,2019-01-30 23:00:00,685.67,1209.0,52.0,3.0,1.0,31.0,71.0,7.0
720,2019-01-31 00:00:00,683.5,1179.0,52.0,3.0,1.0,34.0,69.0,7.0
721,2019-01-31 01:00:00,686.27,1211.0,52.0,3.0,1.0,32.0,69.0,7.0
722,2019-01-31 02:00:00,690.04,1216.0,52.0,3.0,1.0,27.0,67.0,7.0
723,2019-01-31 03:00:00,693.15,1228.0,52.0,3.0,1.0,20.0,69.0,7.0
724,2019-01-31 04:00:00,697.58,1270.0,52.0,3.0,1.0,16.0,68.0,7.0
725,2019-01-31 05:00:00,705.6,1440.0,52.0,3.0,1.0,13.0,68.0,7.0
726,2019-01-31 06:00:00,707.1,1471.0,54.0,3.0,1.0,11.0,68.0,7.0
727,2019-01-31 07:00:00,707.63,1474.0,54.0,3.0,1.0,9.0,69.0,7.0
728,2019-01-31 08:00:00,706.91,1459.0,53.0,3.0,1.0,8.0,71.0,7.0
729,2019-01-31 09:00:00,705.89,1461.0,54.0,3.0,1.0,9.0,72.0,7.0
730,2019-01-31 10:00:00,706.0,1462.0,54.0,3.0,1.0,8.0,73.0,6.0
731,2019-01-31 11:00:00,704.32,1464.0,54.0,4.0,1.0,8.0,76.0,6.0
732,2019-01-31 12:00:00,705.04,1463.0,50.0,4.0,1.0,9.0,75.0,7.0
733,2019-01-31 13:00:00,705.05,1456.0,53.0,4.0,1.0,11.0,71.0,7.0
734,2019-01-31 14:00:00,703.17,1446.0,54.0,4.0,1.0,13.0,72.0,7.0
735,2019-01-31 15:00:00,704.46,1445.0,54.0,4.0,1.0,14.0,68.0,7.0
736,2019-01-31 16:00:00,702.73,1446.0,54.0,4.0,1.0,18.0,68.0,7.0
737,2019-01-31 17:00:00,700.56,1459.0,52.0,3.0,1.0,22.0,72.0,7.0
738,2019-01-31 18:00:00,697.15,1449.0,52.0,3.0,1.0,30.0,71.0,7.0
739,2019-01-31 19:00:00,694.41,1424.0,52.0,3.0,1.0,36.0,69.0,7.0
740,2019-01-31 20:00:00,691.28,1407.0,51.0,3.0,1.0,42.0,69.0,7.0
741,2019-01-31 21:00:00,690.1,1420.0,51.0,3.0,1.0,44.0,71.0,7.0
742,2019-01-31 22:00:00,689.11,1417.0,51.0,3.0,1.0,47.0,70.0,7.0
743,2019-01-31 23:00:00,685.67,1380.0,51.0,3.0,1.0,51.0,70.0,7.0
744,2019-02-01 00:00:00,683.38,1382.0,52.0,3.0,1.0,57.0,69.0,7.0
745,2019-02-01 01:00:00,680.79,1387.0,51.0,3.0,1.0,64.0,69.0,7.0
746,2019-02-01 02:00:00,678.67,1379.0,51.0,3.0,1.0,70.0,67.0,7.0
747,2019-02-01 03:00:00,672.38,1404.0,51.0,3.0,1.0,88.0,67.0,7.0
748,2019-02-01 04:00:00,669.63,1451.0,51.0,3.0,1.0,102.0,66.0,7.0
749,2019-02-01 05:00:00,666.12,1452.0,51.0,3.0,1.0,110.0,67.0,7.0
750,2019-02-01 06:00:00,663.64,1442.0,53.0,3.0,1.0,114.0,67.0,7.0
751,2019-02-01 07:00:00,662.97,1444.0,53.0,3.0,1.0,129.0,54.0,7.0
752,2019-02-01 08:00:00,666.58,1446.0,51.0,3.0,1.0,122.0,53.0,7.0
753,2019-02-01 09:00:00,661.01,1444.0,53.0,3.0,1.0,132.0,56.0,7.0
754,2019-02-01 10:00:00,664.31,1447.0,53.0,3.0,1.0,122.0,58.0,7.0
755,2019-02-01 11:00:00,663.19,1448.0,53.0,3.0,1.0,124.0,59.0,7.0
756,2019-02-01 12:00:00,660.79,1444.0,52.0,3.0,1.0,131.0,58.0,7.0
757,2019-02-01 13:00:00,660.68,1442.0,52.0,3.0,1.0,130.0,59.0,7.0
758,2019-02-01 14:00:00,657.67,1428.0,51.0,3.0,1.0,130.0,65.0,7.0
759,2019-02-01 15:00:00,656.33,1428.0,52.0,3.0,1.0,128.0,70.0,7.0
760,2019-02-01 16:00:00,659.83,1424.0,53.0,3.0,1.0,120.0,68.0,7.0
761,2019-02-01 17:00:00,660.91,1423.0,51.0,3.0,1.0,117.0,69.0,7.0
762,2019-02-01 18:00:00,661.9,1440.0,51.0,3.0,1.0,111.0,75.0,7.0
763,2019-02-01 19:00:00,664.77,1435.0,51.0,3.0,1.0,100.0,78.0,7.0
764,2019-02-01 20:00:00,668.56,1424.0,51.0,3.0,1.0,88.0,79.0,7.0
765,2019-02-01 21:00:00,670.86,1429.0,51.0,3.0,1.0,81.0,81.0,7.0
766,2019-02-01 22:00:00,661.16,1240.0,51.0,3.0,1.0,75.0,83.0,7.0
767,2019-02-01 23:00:00,643.42,1010.0,50.0,3.0,1.0,72.0,85.0,7.0
768,2019-02-02 00:00:00,643.54,997.0,51.0,3.0,1.0,70.0,84.0,7.0
769,2019-02-02 01:00:00,649.53,1004.0,51.0,3.0,1.0,59.0,85.0,7.0
770,2019-02-02 02:00:00,653.94,1005.0,51.0,3.0,1.0,54.0,82.0,7.0
771,2019-02-02 03:00:00,647.49,968.0,50.0,3.0,1.0,58.0,84.0,7.0
772,2019-02-02 04:00:00,649.81,975.0,50.0,3.0,1.0,56.0,83.0,7.0
773,2019-02-02 05:00:00,655.91,1034.0,51.0,3.0,1.0,54.0,83.0,7.0
774,2019-02-02 06:00:00,672.27,1241.0,51.0,3.0,1.0,52.0,82.0,7.0
775,2019-02-02 07:00:00,671.17,1261.0,51.0,3.0,1.0,55.0,84.0,7.0
776,2019-02-02 08:00:00,668.72,1277.0,50.0,3.0,1.0,63.0,84.0,7.0
777,2019-02-02 09:00:00,666.39,1282.0,52.0,3.0,1.0,67.0,85.0,7.0
778,2019-02-02 10:00:00,661.77,1276.0,51.0,3.0,1.0,77.0,85.0,7.0
779,2019-02-02 11:00:00,658.39,1278.0,51.0,3.0,1.0,85.0,85.0,7.0
780,2019-02-02 12:00:00,655.56,1281.0,51.0,3.0,1.0,94.0,83.0,7.0
781,2019-02-02 13:00:00,650.5,1282.0,51.0,3.0,1.0,104.0,85.0,7.0
782,2019-02-02 14:00:00,645.72,1280.0,51.0,3.0,1.0,113.0,87.0,7.0
783,2019-02-02 15:00:00,646.06,1279.0,51.0,3.0,1.0,112.0,87.0,7.0
784,2019-02-02 16:00:00,645.96,1289.0,51.0,3.0,1.0,114.0,87.0,7.0
785,2019-02-02 17:00:00,644.05,1280.0,51.0,3.0,1.0,117.0,87.0,7.0
786,2019-02-02 18:00:00,642.66,1286.0,52.0,3.0,1.0,121.0,87.0,7.0
787,2019-02-02 19:00:00,641.53,1282.0,52.0,3.0,1.0,126.0,84.0,7.0
788,2019-02-02 20:00:00,633.31,1239.0,51.0,3.0,1.0,138.0,84.0,7.0
789,2019-02-02 21:00:00,628.09,1212.0,51.0,3.0,1.0,143.0,86.0,7.0
790,2019-02-02 22:00:00,593.19,862.0,51.0,3.0,1.0,142.0,77.0,7.0
791,2019-02-02 23:00:00,567.52,686.0,51.0,3.0,1.0,138.0,73.0,7.0
792,2019-02-03 00:00:00,563.32,634.0,51.0,3.0,1.0,128.0,72.0,7.0
793,2019-02-03 01:00:00,542.71,544.0,51.0,3.0,1.0,127.0,71.0,7.0
794,2019-02-03 02:00:00,532.12,530.0,51.0,3.0,1.0,137.0,71.0,7.0
795,2019-02-03 03:00:00,525.41,534.0,51.0,3.0,1.0,148.0,72.0,7.0
796,2019-02-03 04:00:00,533.06,538.0,51.0,3.0,1.0,136.0,74.0,7.0
797,2019-02-03 05:00:00,540.09,559.0,51.0,3.0,1.0,136.0,72.0,7.0
798,2019-02-03 06:00:00,571.42,724.0,51.0,3.0,1.0,144.0,73.0,7.0
799,2019-02-03 07:00:00,600.4,876.0,51.0,3.0,1.0,134.0,75.0,7.0
800,2019-02-03 08:00:00,595.44,874.0,51.0,3.0,1.0,142.0,76.0,7.0
801,2019-02-03 09:00:00,593.79,909.0,51.0,3.0,1.0,155.0,76.0,7.0
802,2019-02-03 10:00:00,594.64,939.0,50.0,4.0,1.0,161.0,76.0,7.0
803,2019-02-03 11:00:00,591.96,958.0,50.0,4.0,1.0,172.0,76.0,7.0
804,2019-02-03 12:00:00,597.02,1001.0,50.0,4.0,1.0,175.0,74.0,7.0
805,2019-02-03 13:00:00,595.87,1010.0,50.0,4.0,1.0,181.0,73.0,7.0
806,2019-02-03 14:00:00,605.47,1061.0,50.0,4.0,1.0,170.0,76.0,7.0
807,2019-02-03 15:00:00,622.02,1108.0,50.0,4.0,1.0,142.0,78.0,7.0
808,2019-02-03 16:00:00,629.56,1116.0,50.0,3.0,1.0,129.0,77.0,7.0
809,2019-02-03 17:00:00,632.95,1113.0,50.0,3.0,1.0,120.0,78.0,7.0
810,2019-02-03 18:00:00,639.71,1105.0,50.0,3.0,1.0,104.0,78.0,7.0
811,2019-02-03 19:00:00,640.78,1058.0,50.0,3.0,1.0,97.0,74.0,7.0
812,2019-02-03 20:00:00,644.48,1077.0,50.0,3.0,1.0,93.0,74.0,7.0
813,2019-02-03 21:00:00,648.97,1083.0,50.0,3.0,1.0,83.0,76.0,7.0
814,2019-02-03 22:00:00,656.75,1054.0,50.0,3.0,1.0,64.0,75.0,7.0
815,2019-02-03 23:00:00,675.73,1160.0,50.0,3.0,1.0,43.0,74.0,7.0
816,2019-02-04 00:00:00,678.39,1187.0,50.0,3.0,1.0,42.0,73.0,7.0
817,2019-02-04 01:00:00,673.24,1207.0,50.0,3.0,1.0,55.0,73.0,7.0
818,2019-02-04 02:00:00,672.74,1199.0,50.0,3.0,1.0,57.0,71.0,7.0
819,2019-02-04 03:00:00,676.82,1202.0,50.0,3.0,1.0,47.0,73.0,7.0
820,2019-02-04 04:00:00,678.3,1227.0,50.0,3.0,1.0,47.0,73.0,7.0
821,2019-02-04 05:00:00,682.14,1318.0,51.0,3.0,1.0,48.0,74.0,7.0
822,2019-02-04 06:00:00,682.79,1321.0,53.0,3.0,1.0,46.0,74.0,7.0
823,2019-02-04 07:00:00,679.73,1323.0,53.0,3.0,1.0,53.0,74.0,7.0
824,2019-02-04 08:00:00,680.77,1321.0,54.0,3.0,1.0,49.0,75.0,7.0
825,2019-02-04 09:00:00,672.49,1301.0,54.0,3.0,1.0,64.0,76.0,7.0
826,2019-02-04 10:00:00,661.62,1246.0,53.0,3.0,1.0,82.0,75.0,7.0
827,2019-02-04 11:00:00,653.87,1219.0,53.0,3.0,1.0,96.0,74.0,7.0
828,2019-02-04 12:00:00,654.87,1223.0,54.0,3.0,1.0,95.0,73.0,7.0
829,2019-02-04 13:00:00,653.6,1218.0,54.0,3.0,1.0,97.0,73.0,7.0
830,2019-02-04 14:00:00,647.08,1220.0,54.0,3.0,1.0,110.0,75.0,7.0
831,2019-02-04 15:00:00,645.46,1233.0,54.0,3.0,1.0,114.0,77.0,7.0
832,2019-02-04 16:00:00,654.47,1261.0,54.0,3.0,1.0,96.0,79.0,7.0
833,2019-02-04 17:00:00,659.83,1296.0,52.0,3.0,1.0,90.0,79.0,7.0
834,2019-02-04 18:00:00,668.31,1379.0,52.0,3.0,1.0,81.0,80.0,7.0
835,2019-02-04 19:00:00,670.76,1408.0,52.0,3.0,1.0,81.0,78.0,7.0
836,2019-02-04 20:00:00,667.21,1439.0,52.0,3.0,1.0,93.0,79.0,7.0
837,2019-02-04 21:00:00,662.06,1463.0,51.0,3.0,1.0,109.0,80.0,7.0
838,2019-02-04 22:00:00,654.26,1417.0,51.0,3.0,1.0,122.0,80.0,7.0
839,2019-02-04 23:00:00,627.63,1074.0,51.0,3.0,1.0,121.0,80.0,7.0
840,2019-02-05 00:00:00,613.22,947.0,51.0,3.0,1.0,124.0,78.0,7.0
841,2019-02-05 01:00:00,589.91,892.0,51.0,3.0,1.0,155.0,79.0,7.0
842,2019-02-05 02:00:00,584.65,883.0,51.0,3.0,1.0,166.0,76.0,7.0
843,2019-02-05 03:00:00,580.24,912.0,51.0,3.0,1.0,182.0,78.0,7.0
844,2019-02-05 04:00:00,609.67,1182.0,51.0,3.0,1.0,190.0,77.0,7.0
845,2019-02-05 05:00:00,612.31,1267.0,51.0,3.0,1.0,204.0,77.0,7.0
846,2019-02-05 06:00:00,613.19,1280.0,53.0,3.0,1.0,206.0,75.0,7.0
847,2019-02-05 07:00:00,613.62,1289.0,53.0,3.0,1.0,206.0,76.0,7.0
848,2019-02-05 08:00:00,608.42,1261.0,53.0,3.0,1.0,213.0,76.0,7.0
849,2019-02-05 09:00:00,606.64,1262.0,53.0,3.0,1.0,218.0,76.0,7.0
850,2019-02-05 10:00:00,607.3,1277.0,53.0,3.0,1.0,219.0,77.0,7.0
851,2019-02-05 11:00:00,606.75,1279.0,53.0,3.0,1.0,222.0,76.0,7.0
852,2019-02-05 12:00:00,607.21,1280.0,53.0,3.0,1.0,223.0,74.0,7.0
853,2019-02-05 13:00:00,609.25,1286.0,53.0,3.0,1.0,220.0,73.0,7.0
854,2019-02-05 14:00:00,611.84,1290.0,53.0,3.0,1.0,213.0,74.0,7.0
855,2019-02-05 15:00:00,611.86,1286.0,53.0,3.0,1.0,211.0,75.0,7.0
856,2019-02-05 16:00:00,613.07,1287.0,53.0,3.0,1.0,206.0,77.0,7.0
857,2019-02-05 17:00:00,615.48,1281.0,51.0,3.0,1.0,198.0,78.0,7.0
858,2019-02-05 18:00:00,613.6,1220.0,52.0,3.0,1.0,187.0,79.0,7.0
859,2019-02-05 19:00:00,618.15,1213.0,52.0,3.0,1.0,176.0,77.0,7.0
860,2019-02-05 20:00:00,618.21,1205.0,52.0,3.0,1.0,175.0,76.0,7.0
861,2019-02-05 21:00:00,619.46,1192.0,52.0,3.0,1.0,167.0,78.0,7.0
862,2019-02-05 22:00:00,622.3,1119.0,52.0,3.0,1.0,144.0,78.0,7.0
863,2019-02-05 23:00:00,602.05,859.0,52.0,3.0,1.0,123.0,78.0,7.0
864,2019-02-06 00:00:00,597.88,760.0,52.0,3.0,1.0,106.0,76.0,7.0
865,2019-02-06 01:00:00,624.92,753.0,52.0,3.0,1.0,61.0,76.0,7.0
866,2019-02-06 02:00:00,641.12,775.0,52.0,3.0,1.0,42.0,75.0,7.0
867,2019-02-06 03:00:00,636.75,829.0,52.0,3.0,1.0,53.0,81.0,7.0
868,2019-02-06 04:00:00,656.3,1187.0,52.0,3.0,1.0,77.0,83.0,7.0
869,2019-02-06 05:00:00,647.23,1263.0,52.0,3.0,1.0,111.0,82.0,7.0
870,2019-02-06 06:00:00,644.58,1272.0,54.0,3.0,1.0,117.0,83.0,7.0
871,2019-02-06 07:00:00,648.34,1274.0,55.0,3.0,1.0,107.0,84.0,7.0
872,2019-02-06 08:00:00,657.46,1279.0,54.0,3.0,1.0,88.0,83.0,7.0
873,2019-02-06 09:00:00,663.52,1278.0,54.0,3.0,1.0,74.0,83.0,7.0
874,2019-02-06 10:00:00,668.44,1271.0,54.0,3.0,1.0,62.0,83.0,7.0
875,2019-02-06 11:00:00,667.08,1278.0,54.0,3.0,1.0,66.0,83.0,7.0
876,2019-02-06 12:00:00,668.51,1272.0,54.0,3.0,1.0,63.0,82.0,7.0
877,2019-02-06 13:00:00,672.11,1280.0,52.0,3.0,1.0,58.0,81.0,7.0
878,2019-02-06 14:00:00,673.44,1283.0,53.0,3.0,1.0,53.0,83.0,7.0
879,2019-02-06 15:00:00,674.55,1239.0,53.0,3.0,1.0,45.0,83.0,7.0
880,2019-02-06 16:00:00,680.83,1297.0,52.0,3.0,1.0,38.0,84.0,7.0
881,2019-02-06 17:00:00,683.13,1288.0,52.0,3.0,1.0,31.0,85.0,7.0
882,2019-02-06 18:00:00,686.03,1290.0,52.0,3.0,1.0,23.0,87.0,7.0
883,2019-02-06 19:00:00,683.59,1257.0,51.0,3.0,1.0,26.0,86.0,7.0
884,2019-02-06 20:00:00,682.71,1289.0,52.0,3.0,1.0,32.0,85.0,7.0
885,2019-02-06 21:00:00,651.36,997.0,52.0,3.0,1.0,53.0,86.0,7.0
886,2019-02-06 22:00:00,630.46,851.0,49.0,3.0,1.0,64.0,86.0,7.0
887,2019-02-06 23:00:00,587.7,664.0,50.0,3.0,1.0,85.0,87.0,7.0
888,2019-02-07 00:00:00,551.86,605.0,50.0,3.0,1.0,122.0,86.0,7.0
889,2019-02-07 01:00:00,555.36,610.0,51.0,3.0,1.0,119.0,85.0,7.0
890,2019-02-07 02:00:00,549.67,602.0,51.0,3.0,1.0,126.0,84.0,7.0
891,2019-02-07 03:00:00,537.61,586.0,51.0,3.0,1.0,138.0,85.0,7.0
892,2019-02-07 04:00:00,545.31,657.0,53.0,3.0,1.0,154.0,84.0,7.0
893,2019-02-07 05:00:00,566.92,780.0,54.0,3.0,1.0,161.0,82.0,7.0
894,2019-02-07 06:00:00,575.37,808.0,54.0,3.0,1.0,154.0,82.0,7.0
895,2019-02-07 07:00:00,575.85,812.0,55.0,3.0,1.0,152.0,84.0,7.0
896,2019-02-07 08:00:00,577.58,816.0,52.0,3.0,1.0,150.0,85.0,7.0
897,2019-02-07 09:00:00,581.48,811.0,52.0,3.0,1.0,142.0,84.0,7.0
898,2019-02-07 10:00:00,594.45,811.0,52.0,3.0,1.0,117.0,85.0,7.0
899,2019-02-07 11:00:00,599.4,798.0,51.0,3.0,1.0,104.0,86.0,7.0
900,2019-02-07 12:00:00,608.69,815.0,49.0,3.0,1.0,95.0,84.0,7.0
901,2019-02-07 13:00:00,612.1,807.0,52.0,3.0,1.0,87.0,83.0,7.0
902,2019-02-07 14:00:00,616.01,807.0,53.0,3.0,1.0,78.0,85.0,7.0
903,2019-02-07 15:00:00,619.5,808.0,54.0,3.0,1.0,71.0,86.0,7.0
904,2019-02-07 16:00:00,620.42,813.0,53.0,3.0,1.0,71.0,86.0,7.0
905,2019-02-07 17:00:00,618.89,807.0,51.0,3.0,1.0,72.0,87.0,7.0
906,2019-02-07 18:00:00,618.7,810.0,51.0,3.0,1.0,72.0,88.0,7.0
907,2019-02-07 19:00:00,603.08,715.0,51.0,3.0,1.0,76.0,86.0,7.0
908,2019-02-07 20:00:00,596.82,684.0,52.0,3.0,1.0,77.0,86.0,7.0
909,2019-02-07 21:00:00,590.51,678.0,52.0,3.0,1.0,84.0,87.0,7.0
910,2019-02-07 22:00:00,574.49,624.0,52.0,3.0,1.0,91.0,88.0,7.0
911,2019-02-07 23:00:00,543.4,524.0,51.0,3.0,1.0,101.0,88.0,7.0
912,2019-02-08 00:00:00,525.66,490.0,51.0,3.0,1.0,113.0,87.0,7.0
913,2019-02-08 01:00:00,519.14,530.0,51.0,3.0,1.0,141.0,87.0,7.0
914,2019-02-08 02:00:00,498.02,500.0,51.0,3.0,1.0,163.0,84.0,7.0
915,2019-02-08 03:00:00,491.99,502.0,51.0,3.0,1.0,172.0,86.0,7.0
916,2019-02-08 04:00:00,483.26,511.0,51.0,3.0,1.0,193.0,85.0,7.0
917,2019-02-08 05:00:00,495.79,557.0,51.0,3.0,1.0,197.0,84.0,7.0
918,2019-02-08 06:00:00,507.55,602.0,53.0,3.0,1.0,199.0,83.0,7.0
919,2019-02-08 07:00:00,516.81,636.0,53.0,3.0,1.0,196.0,85.0,7.0
920,2019-02-08 08:00:00,520.73,639.0,53.0,3.0,1.0,190.0,85.0,7.0
921,2019-02-08 09:00:00,518.16,643.0,52.0,3.0,1.0,197.0,85.0,7.0
922,2019-02-08 10:00:00,479.84,540.0,51.0,3.0,1.0,215.0,86.0,7.0
923,2019-02-08 11:00:00,475.09,509.0,53.0,3.0,1.0,206.0,85.0,7.0
924,2019-02-08 12:00:00,479.15,516.0,52.0,3.0,1.0,205.0,83.0,7.0
925,2019-02-08 13:00:00,508.83,619.0,53.0,3.0,1.0,213.0,75.0,7.0
926,2019-02-08 14:00:00,505.35,631.0,52.0,3.0,1.0,221.0,80.0,7.0
927,2019-02-08 15:00:00,506.12,632.0,52.0,3.0,1.0,215.0,85.0,7.0
928,2019-02-08 16:00:00,504.72,633.0,53.0,3.0,1.0,217.0,86.0,7.0
929,2019-02-08 17:00:00,503.48,635.0,51.0,3.0,1.0,222.0,85.0,7.0
930,2019-02-08 18:00:00,475.21,537.0,51.0,3.0,1.0,226.0,82.0,7.0
931,2019-02-08 19:00:00,465.61,521.0,49.0,3.0,1.0,233.0,84.0,7.0
932,2019-02-08 20:00:00,474.57,520.0,51.0,3.0,1.0,225.0,74.0,7.0
933,2019-02-08 21:00:00,476.43,517.0,50.0,3.0,1.0,221.0,73.0,7.0
934,2019-02-08 22:00:00,480.54,535.0,50.0,3.0,1.0,223.0,74.0,7.0
935,2019-02-08 23:00:00,491.66,539.0,50.0,3.0,1.0,205.0,74.0,7.0
936,2019-02-09 00:00:00,500.78,555.0,51.0,3.0,1.0,199.0,72.0,7.0
937,2019-02-09 01:00:00,532.02,581.0,51.0,3.0,1.0,157.0,73.0,7.0
938,2019-02-09 02:00:00,519.71,586.0,51.0,3.0,1.0,185.0,68.0,7.0
939,2019-02-09 03:00:00,518.25,587.0,51.0,3.0,1.0,186.0,70.0,7.0
940,2019-02-09 04:00:00,513.48,582.0,51.0,3.0,1.0,188.0,74.0,7.0
941,2019-02-09 05:00:00,521.75,620.0,51.0,3.0,1.0,185.0,80.0,7.0
942,2019-02-09 06:00:00,519.85,619.0,51.0,3.0,1.0,192.0,76.0,7.0
943,2019-02-09 07:00:00,509.66,615.0,51.0,3.0,1.0,204.0,81.0,7.0
944,2019-02-09 08:00:00,501.21,601.0,51.0,3.0,1.0,212.0,82.0,7.0
945,2019-02-09 09:00:00,494.15,590.0,50.0,3.0,1.0,220.0,82.0,7.0
946,2019-02-09 10:00:00,494.07,586.0,50.0,3.0,1.0,218.0,82.0,7.0
947,2019-02-09 11:00:00,490.77,573.0,51.0,3.0,1.0,214.0,85.0,7.0
948,2019-02-09 12:00:00,486.34,565.0,51.0,3.0,1.0,219.0,84.0,7.0
949,2019-02-09 13:00:00,482.85,562.0,51.0,3.0,1.0,224.0,84.0,7.0
950,2019-02-09 14:00:00,488.27,564.0,50.0,3.0,1.0,212.0,87.0,7.0
951,2019-02-09 15:00:00,481.76,567.0,51.0,3.0,1.0,226.0,87.0,7.0
952,2019-02-09 16:00:00,481.46,585.0,51.0,3.0,1.0,237.0,87.0,7.0
953,2019-02-09 17:00:00,479.14,577.0,51.0,3.0,1.0,236.0,88.0,7.0
954,2019-02-09 18:00:00,477.86,576.0,51.0,3.0,1.0,238.0,88.0,7.0
955,2019-02-09 19:00:00,482.07,585.0,50.0,3.0,1.0,237.0,86.0,7.0
956,2019-02-09 20:00:00,477.11,568.0,50.0,3.0,1.0,237.0,86.0,7.0
957,2019-02-09 21:00:00,468.43,522.0,50.0,3.0,1.0,225.0,87.0,7.0
958,2019-02-09 22:00:00,459.26,495.0,51.0,3.0,1.0,224.0,88.0,7.0
959,2019-02-09 23:00:00,464.22,492.0,50.0,3.0,1.0,214.0,87.0,7.0
960,2019-02-10 00:00:00,479.11,524.0,51.0,3.0,1.0,208.0,85.0,7.0
961,2019-02-10 01:00:00,463.48,518.0,50.0,3.0,1.0,234.0,85.0,7.0
962,2019-02-10 02:00:00,464.42,518.0,46.0,3.0,1.0,235.0,83.0,7.0
963,2019-02-10 03:00:00,460.75,508.0,44.0,3.0,1.0,234.0,85.0,7.0
964,2019-02-10 04:00:00,458.24,511.0,43.0,3.0,1.0,241.0,85.0,7.0
965,2019-02-10 05:00:00,456.7,514.0,43.0,3.0,1.0,246.0,85.0,7.0
966,2019-02-10 06:00:00,450.78,507.0,43.0,3.0,1.0,253.0,85.0,7.0
967,2019-02-10 07:00:00,456.05,515.0,48.0,3.0,1.0,246.0,86.0,7.0
968,2019-02-10 08:00:00,453.31,503.0,50.0,3.0,1.0,242.0,87.0,7.0
969,2019-02-10 09:00:00,455.69,495.0,50.0,3.0,1.0,233.0,86.0,7.0
970,2019-02-10 10:00:00,453.95,493.0,50.0,3.0,1.0,234.0,87.0,7.0
971,2019-02-10 11:00:00,453.79,497.0,50.0,3.0,1.0,237.0,87.0,7.0
972,2019-02-10 12:00:00,455.33,491.0,50.0,3.0,1.0,230.0,87.0,7.0
973,2019-02-10 13:00:00,465.66,493.0,50.0,3.0,1.0,213.0,86.0,7.0
974,2019-02-10 14:00:00,476.16,491.0,50.0,3.0,1.0,191.0,88.0,7.0
975,2019-02-10 15:00:00,486.51,494.0,50.0,3.0,1.0,174.0,89.0,7.0
976,2019-02-10 16:00:00,496.59,514.0,50.0,3.0,1.0,169.0,88.0,7.0
977,2019-02-10 17:00:00,508.41,545.0,50.0,3.0,1.0,165.0,88.0,7.0
978,2019-02-10 18:00:00,502.9,552.0,50.0,3.0,1.0,177.0,89.0,7.0
979,2019-02-10 19:00:00,510.21,543.0,50.0,3.0,1.0,162.0,87.0,7.0
980,2019-02-10 20:00:00,524.91,545.0,50.0,3.0,1.0,139.0,87.0,7.0
981,2019-02-10 21:00:00,546.59,545.0,50.0,3.0,1.0,104.0,89.0,7.0
982,2019-02-10 22:00:00,542.38,547.0,50.0,3.0,1.0,111.0,89.0,7.0
983,2019-02-10 23:00:00,540.38,547.0,50.0,3.0,1.0,115.0,88.0,7.0
984,2019-02-11 00:00:00,539.68,542.0,50.0,3.0,1.0,114.0,88.0,7.0
985,2019-02-11 01:00:00,544.69,543.0,50.0,3.0,1.0,108.0,87.0,7.0
986,2019-02-11 02:00:00,559.22,534.0,50.0,3.0,1.0,87.0,84.0,7.0
987,2019-02-11 03:00:00,567.5,560.0,49.0,3.0,1.0,83.0,86.0,7.0
988,2019-02-11 04:00:00,577.07,636.0,49.0,3.0,1.0,95.0,85.0,7.0
989,2019-02-11 05:00:00,571.43,626.0,50.0,3.0,1.0,99.0,86.0,7.0
990,2019-02-11 06:00:00,573.77,633.0,52.0,3.0,1.0,97.0,86.0,7.0
991,2019-02-11 07:00:00,580.89,642.0,52.0,3.0,1.0,88.0,87.0,7.0
992,2019-02-11 08:00:00,589.09,645.0,51.0,3.0,1.0,77.0,87.0,7.0
993,2019-02-11 09:00:00,592.5,638.0,51.0,3.0,1.0,70.0,87.0,7.0
994,2019-02-11 10:00:00,597.43,647.0,52.0,3.0,1.0,65.0,87.0,7.0
995,2019-02-11 11:00:00,597.9,620.0,52.0,3.0,1.0,56.0,88.0,7.0
996,2019-02-11 12:00:00,606.34,622.0,52.0,3.0,1.0,47.0,86.0,7.0
997,2019-02-11 13:00:00,619.98,636.0,40.0,3.0,1.0,37.0,86.0,7.0
998,2019-02-11 14:00:00,617.42,618.0,43.0,3.0,1.0,33.0,88.0,7.0
999,2019-02-11 15:00:00,611.99,607.0,49.0,3.0,1.0,35.0,88.0,7.0
1000,2019-02-11 16:00:00,614.34,602.0,51.0,3.0,1.0,31.0,87.0,7.0
1001,2019-02-11 17:00:00,617.87,611.0,50.0,3.0,1.0,29.0,87.0,7.0
1002,2019-02-11 18:00:00,615.86,600.0,45.0,3.0,1.0,31.0,87.0,7.0
1003,2019-02-11 19:00:00,601.67,547.0,38.0,3.0,1.0,40.0,85.0,7.0
1004,2019-02-11 20:00:00,593.32,538.0,37.0,3.0,1.0,48.0,85.0,7.0
1005,2019-02-11 21:00:00,577.09,529.0,38.0,3.0,1.0,63.0,87.0,7.0
1006,2019-02-11 22:00:00,561.78,538.0,41.0,3.0,1.0,84.0,88.0,7.0
1007,2019-02-11 23:00:00,558.4,564.0,41.0,3.0,1.0,99.0,87.0,7.0
1008,2019-02-12 00:00:00,550.24,573.0,42.0,3.0,1.0,115.0,86.0,7.0
1009,2019-02-12 01:00:00,527.64,538.0,42.0,3.0,1.0,135.0,86.0,7.0
1010,2019-02-12 02:00:00,529.31,537.0,42.0,3.0,1.0,135.0,83.0,7.0
1011,2019-02-12 03:00:00,528.96,536.0,39.0,3.0,1.0,134.0,85.0,7.0
1012,2019-02-12 04:00:00,523.34,540.0,44.0,3.0,1.0,143.0,85.0,7.0
1013,2019-02-12 05:00:00,519.35,556.0,50.0,2.0,1.0,156.0,85.0,7.0
1014,2019-02-12 06:00:00,521.78,612.0,52.0,2.0,1.0,177.0,85.0,7.0
1015,2019-02-12 07:00:00,513.96,613.0,51.0,2.0,1.0,192.0,85.0,7.0
1016,2019-02-12 08:00:00,507.72,601.0,50.0,2.0,1.0,197.0,86.0,7.0
1017,2019-02-12 09:00:00,513.96,613.0,51.0,2.0,1.0,191.0,86.0,7.0
1018,2019-02-12 10:00:00,518.88,590.0,52.0,2.0,1.0,170.0,87.0,7.0
1019,2019-02-12 11:00:00,515.37,567.0,53.0,2.0,1.0,165.0,87.0,7.0
1020,2019-02-12 12:00:00,513.16,533.0,51.0,2.0,1.0,154.0,86.0,7.0
1021,2019-02-12 13:00:00,521.55,578.0,55.0,2.0,1.0,162.0,84.0,7.0
1022,2019-02-12 14:00:00,508.74,566.0,53.0,2.0,1.0,177.0,86.0,7.0
1023,2019-02-12 15:00:00,497.02,522.0,52.0,2.0,1.0,175.0,86.0,7.0
1024,2019-02-12 16:00:00,523.68,573.0,52.0,2.0,1.0,154.0,87.0,7.0
1025,2019-02-12 17:00:00,517.6,591.0,51.0,2.0,1.0,174.0,86.0,7.0
1026,2019-02-12 18:00:00,499.33,506.0,51.0,2.0,1.0,166.0,83.0,7.0
1027,2019-02-12 19:00:00,518.93,477.0,50.0,2.0,1.0,133.0,72.0,7.0
1028,2019-02-12 20:00:00,543.07,517.0,50.0,2.0,1.0,119.0,69.0,7.0
1029,2019-02-12 21:00:00,572.25,514.0,50.0,2.0,1.0,77.0,71.0,7.0
1030,2019-02-12 22:00:00,592.96,509.0,51.0,2.0,1.0,50.0,71.0,7.0
1031,2019-02-12 23:00:00,595.43,523.0,51.0,2.0,1.0,47.0,75.0,7.0
1032,2019-02-13 00:00:00,587.47,530.0,50.0,2.0,1.0,54.0,80.0,7.0
1033,2019-02-13 01:00:00,555.93,538.0,50.0,2.0,1.0,95.0,83.0,7.0
1034,2019-02-13 02:00:00,550.47,516.0,51.0,2.0,1.0,96.0,81.0,7.0
1035,2019-02-13 03:00:00,541.99,519.0,51.0,2.0,1.0,108.0,82.0,7.0
1036,2019-02-13 04:00:00,538.09,520.0,51.0,2.0,1.0,114.0,82.0,7.0
1037,2019-02-13 05:00:00,539.95,583.0,51.0,2.0,1.0,138.0,81.0,7.0
1038,2019-02-13 06:00:00,537.78,618.0,54.0,2.0,1.0,155.0,81.0,7.0
1039,2019-02-13 07:00:00,540.32,582.0,51.0,2.0,1.0,137.0,81.0,7.0
1040,2019-02-13 08:00:00,554.03,590.0,53.0,2.0,1.0,118.0,81.0,7.0
1041,2019-02-13 09:00:00,574.31,579.0,54.0,2.0,1.0,84.0,81.0,7.0
1042,2019-02-13 10:00:00,585.07,497.0,53.0,2.0,1.0,44.0,82.0,7.0
1043,2019-02-13 11:00:00,603.54,578.0,53.0,2.0,1.0,45.0,81.0,7.0
1044,2019-02-13 12:00:00,603.05,591.0,53.0,2.0,1.0,49.0,81.0,7.0
1045,2019-02-13 13:00:00,592.42,581.0,51.0,2.0,1.0,65.0,77.0,7.0
1046,2019-02-13 14:00:00,582.17,501.0,52.0,2.0,1.0,51.0,80.0,7.0
1047,2019-02-13 15:00:00,609.33,618.0,52.0,2.0,1.0,47.0,82.0,7.0
1048,2019-02-13 16:00:00,617.89,645.0,52.0,2.0,1.0,42.0,82.0,7.0
1049,2019-02-13 17:00:00,604.08,642.0,50.0,2.0,1.0,60.0,83.0,7.0
1050,2019-02-13 18:00:00,586.01,561.0,50.0,2.0,1.0,62.0,83.0,7.0
1051,2019-02-13 19:00:00,571.4,538.0,50.0,2.0,1.0,74.0,83.0,7.0
1052,2019-02-13 20:00:00,557.31,568.0,50.0,2.0,1.0,104.0,83.0,7.0
1053,2019-02-13 21:00:00,543.82,570.0,50.0,2.0,1.0,123.0,85.0,7.0
1054,2019-02-13 22:00:00,523.67,540.0,49.0,2.0,1.0,142.0,85.0,7.0
1055,2019-02-13 23:00:00,517.35,534.0,50.0,2.0,1.0,149.0,85.0,7.0
1056,2019-02-14 00:00:00,496.12,505.0,50.0,2.0,1.0,170.0,84.0,7.0
1057,2019-02-14 01:00:00,508.4,499.0,50.0,2.0,1.0,147.25,84.0,7.0
1058,2019-02-14 02:00:00,501.64,505.0,50.0,2.0,1.0,163.0,82.0,7.0
1059,2019-02-14 03:00:00,503.22,510.0,50.0,2.0,1.0,163.0,82.0,7.0
1060,2019-02-14 04:00:00,511.6,521.0,50.0,2.0,1.0,155.0,82.0,7.0
1061,2019-02-14 05:00:00,544.07,602.0,51.0,2.0,1.0,138.0,82.0,7.0
1062,2019-02-14 06:00:00,576.63,631.0,52.0,2.0,1.0,97.0,82.0,7.0
1063,2019-02-14 07:00:00,600.64,638.0,52.0,2.0,1.0,61.0,85.0,7.0
1064,2019-02-14 08:00:00,606.04,611.0,51.0,2.0,1.0,47.0,85.0,7.0
1065,2019-02-14 09:00:00,608.4,597.0,52.0,2.0,1.0,40.0,85.0,7.0
1066,2019-02-14 10:00:00,590.61,553.0,52.0,2.0,1.0,51.0,85.0,7.0
1067,2019-02-14 11:00:00,578.12,513.0,51.0,2.0,1.0,55.0,85.0,6.0
1068,2019-02-14 12:00:00,549.73,510.0,50.0,2.0,1.0,92.0,84.0,6.0
1069,2019-02-14 13:00:00,537.46,591.0,52.0,2.0,1.0,142.0,84.0,7.0
1070,2019-02-14 14:00:00,530.08,569.0,51.0,2.0,1.0,144.0,85.0,7.0
1071,2019-02-14 15:00:00,546.84,634.0,51.0,2.0,1.0,142.0,86.0,7.0
1072,2019-02-14 16:00:00,532.48,649.0,52.0,2.0,1.0,174.0,85.0,7.0
1073,2019-02-14 17:00:00,513.0,631.0,49.0,2.0,1.0,203.0,85.0,7.0
1074,2019-02-14 18:00:00,481.93,510.0,50.0,2.0,1.0,194.0,87.0,7.0
1075,2019-02-14 19:00:00,490.35,502.0,50.0,2.0,1.0,175.0,87.0,7.0
1076,2019-02-14 20:00:00,479.96,504.0,50.0,2.0,1.0,194.0,87.0,7.0
1077,2019-02-14 21:00:00,485.52,526.0,49.0,2.0,1.0,196.0,88.0,7.0
1078,2019-02-14 22:00:00,493.42,530.0,50.0,2.0,1.0,182.0,90.0,7.0
1079,2019-02-14 23:00:00,493.47,526.0,49.0,2.0,1.0,181.0,89.0,7.0
1080,2019-02-15 00:00:00,497.21,506.0,49.0,2.0,1.0,166.0,87.0,7.0
1081,2019-02-15 01:00:00,505.89,526.0,49.0,2.0,1.0,161.0,88.0,7.0
1082,2019-02-15 02:00:00,517.67,558.0,49.0,2.0,1.0,159.0,86.0,7.0
1083,2019-02-15 03:00:00,514.98,538.0,49.0,2.0,1.0,152.0,88.0,7.0
1084,2019-02-15 04:00:00,514.12,533.0,49.0,2.0,1.0,151.0,88.0,7.0
1085,2019-02-15 05:00:00,529.37,565.0,49.0,2.0,1.0,145.0,84.0,7.0
1086,2019-02-15 06:00:00,542.96,650.0,51.0,2.0,1.0,156.0,85.0,7.0
1087,2019-02-15 07:00:00,564.32,653.0,51.0,2.0,1.0,120.0,86.0,7.0
1088,2019-02-15 08:00:00,574.51,656.0,50.0,2.0,1.0,104.0,87.0,7.0
1089,2019-02-15 09:00:00,550.39,654.0,50.0,2.0,1.0,142.0,88.0,7.0
1090,2019-02-15 10:00:00,503.77,558.0,52.0,2.0,1.0,180.0,88.0,7.0
1091,2019-02-15 11:00:00,502.47,514.0,51.0,2.0,1.0,158.0,90.0,7.0
1092,2019-02-15 12:00:00,510.18,547.0,50.0,2.0,1.0,166.0,86.0,7.0
1093,2019-02-15 13:00:00,503.06,551.0,47.0,2.0,1.0,182.0,85.0,7.0
1094,2019-02-15 14:00:00,530.5,630.0,50.0,2.0,1.0,169.0,86.0,7.0
1095,2019-02-15 15:00:00,519.91,631.0,49.0,2.0,1.0,188.0,87.0,7.0
1096,2019-02-15 16:00:00,532.66,646.0,50.0,2.0,1.0,171.0,87.0,7.0
1097,2019-02-15 17:00:00,545.43,645.0,47.0,2.0,1.0,148.0,88.0,7.0
1098,2019-02-15 18:00:00,516.59,492.0,48.0,2.0,1.0,127.0,89.0,7.0
1099,2019-02-15 19:00:00,515.85,477.0,48.0,2.0,1.0,122.0,88.0,7.0
1100,2019-02-15 20:00:00,529.98,482.0,49.0,2.0,1.0,104.0,88.0,7.0
1101,2019-02-15 21:00:00,545.26,491.0,49.0,2.0,1.0,85.0,90.0,7.0
1102,2019-02-15 22:00:00,547.15,482.0,49.0,2.0,1.0,79.0,90.0,7.0
1103,2019-02-15 23:00:00,549.47,482.0,49.0,2.0,1.0,77.0,89.0,7.0
1104,2019-02-16 00:00:00,533.35,467.0,49.0,2.0,1.0,93.0,88.0,7.0
1105,2019-02-16 01:00:00,522.46,483.0,49.0,2.0,1.0,115.0,88.0,7.0
1106,2019-02-16 02:00:00,511.85,480.0,49.0,2.0,1.0,131.0,86.0,7.0
1107,2019-02-16 03:00:00,512.85,481.0,49.0,2.0,1.0,128.0,88.0,7.0
1108,2019-02-16 04:00:00,521.35,497.0,49.0,2.0,1.0,124.0,87.0,7.0
1109,2019-02-16 05:00:00,513.08,490.0,49.0,2.0,1.0,133.0,87.0,7.0
1110,2019-02-16 06:00:00,491.08,486.0,50.0,2.0,1.0,166.0,86.0,7.0
1111,2019-02-16 07:00:00,491.48,489.0,50.0,2.0,1.0,166.0,87.0,7.0
1112,2019-02-16 08:00:00,485.62,475.0,49.0,2.0,1.0,168.0,87.0,7.0
1113,2019-02-16 09:00:00,489.56,477.0,48.0,2.0,1.0,160.0,90.0,7.0
1114,2019-02-16 10:00:00,489.82,480.0,49.0,2.0,1.0,160.0,91.0,7.0
1115,2019-02-16 11:00:00,479.4,478.0,49.0,2.0,1.0,175.0,92.0,7.0
1116,2019-02-16 12:00:00,474.8,478.0,48.0,2.0,1.0,186.0,89.0,7.0
1117,2019-02-16 13:00:00,470.26,477.0,49.0,2.0,1.0,196.0,86.0,7.0
1118,2019-02-16 14:00:00,474.33,482.0,49.0,2.0,1.0,190.0,88.0,7.0
1119,2019-02-16 15:00:00,477.59,483.0,49.0,2.0,1.0,184.0,89.0,7.0
1120,2019-02-16 16:00:00,483.95,483.0,46.0,2.0,1.0,174.0,89.0,7.0
1121,2019-02-16 17:00:00,472.52,490.0,49.0,2.0,1.0,197.0,89.0,7.0
1122,2019-02-16 18:00:00,465.05,471.0,41.0,2.0,1.0,200.0,89.0,7.0
1123,2019-02-16 19:00:00,475.4,481.0,38.0,2.0,1.0,191.0,87.0,7.0
1124,2019-02-16 20:00:00,488.5,479.0,39.0,2.0,1.0,169.0,86.0,7.0
1125,2019-02-16 21:00:00,490.38,479.0,39.0,2.0,1.0,164.0,88.0,7.0
1126,2019-02-16 22:00:00,492.85,477.0,39.0,2.0,1.0,160.0,87.0,7.0
1127,2019-02-16 23:00:00,481.83,475.0,37.0,2.0,1.0,177.0,87.0,7.0
1128,2019-02-17 00:00:00,484.39,470.0,37.0,2.0,1.0,173.0,84.0,7.0
1129,2019-02-17 01:00:00,474.47,483.0,37.0,2.0,1.0,197.0,84.0,7.0
1130,2019-02-17 02:00:00,466.68,485.0,36.0,2.0,1.0,214.0,82.0,7.0
1131,2019-02-17 03:00:00,462.57,477.0,37.0,2.0,1.0,213.0,85.0,7.0
1132,2019-02-17 04:00:00,462.21,476.0,37.0,2.0,1.0,213.0,85.0,7.0
1133,2019-02-17 05:00:00,466.12,479.0,37.0,2.0,1.0,208.0,85.0,7.0
1134,2019-02-17 06:00:00,476.15,477.0,44.0,2.0,1.0,189.0,84.0,7.0
1135,2019-02-17 07:00:00,480.75,475.0,49.0,2.0,1.0,177.0,86.0,7.0
1136,2019-02-17 08:00:00,496.93,474.0,51.0,2.0,1.0,149.0,87.0,7.0
1137,2019-02-17 09:00:00,503.65,476.0,50.0,2.0,1.0,137.0,90.0,7.0
1138,2019-02-17 10:00:00,504.47,477.0,51.0,2.0,1.0,135.0,91.0,7.0
1139,2019-02-17 11:00:00,502.99,476.0,50.0,2.0,1.0,137.0,91.0,7.0
1140,2019-02-17 12:00:00,505.48,473.0,49.0,2.0,1.0,134.0,89.0,7.0
1141,2019-02-17 13:00:00,510.88,470.0,51.0,2.0,1.0,126.0,87.0,7.0
1142,2019-02-17 14:00:00,514.86,471.0,50.0,2.0,1.0,121.0,87.0,7.0
1143,2019-02-17 15:00:00,518.42,469.0,50.0,2.0,1.0,117.0,85.0,7.0
1144,2019-02-17 16:00:00,534.9,494.0,50.0,2.0,1.0,105.0,85.0,7.0
1145,2019-02-17 17:00:00,541.06,510.0,50.0,2.0,1.0,103.0,85.0,7.0
1146,2019-02-17 18:00:00,552.09,521.0,50.0,2.0,1.0,93.0,84.0,7.0
1147,2019-02-17 19:00:00,577.36,529.0,51.0,2.0,1.0,64.0,82.0,7.0
1148,2019-02-17 20:00:00,588.25,539.0,41.0,2.0,1.0,56.0,83.0,7.0
1149,2019-02-17 21:00:00,597.52,534.0,34.0,2.0,1.0,45.0,84.0,7.0
1150,2019-02-17 22:00:00,607.03,540.0,30.0,2.0,1.0,35.0,86.0,7.0
1151,2019-02-17 23:00:00,612.25,530.0,29.0,2.0,1.0,27.0,86.0,7.0
1152,2019-02-18 00:00:00,615.5,530.0,30.0,2.0,1.0,23.0,86.0,7.0
1153,2019-02-18 01:00:00,622.49,531.0,29.0,2.0,1.0,17.0,85.0,7.0
1154,2019-02-18 02:00:00,616.92,529.0,33.0,2.0,1.0,24.0,82.0,7.0
1155,2019-02-18 03:00:00,598.14,520.0,30.0,2.0,1.0,40.0,86.0,7.0
1156,2019-02-18 04:00:00,593.09,537.0,29.0,2.0,1.0,52.0,85.0,7.0
1157,2019-02-18 05:00:00,594.89,606.0,29.0,2.0,1.0,69.0,85.0,7.0
1158,2019-02-18 06:00:00,594.95,632.0,32.0,2.0,1.0,77.0,83.0,7.0
1159,2019-02-18 07:00:00,595.14,635.0,31.0,2.0,1.0,78.0,83.0,5.0
1160,2019-02-18 08:00:00,598.11,648.0,32.0,2.0,1.0,75.0,85.0,5.0
1161,2019-02-18 09:00:00,595.26,632.0,31.0,2.0,1.0,72.0,88.0,5.0
1162,2019-02-18 10:00:00,569.4,553.0,29.0,2.0,1.0,83.0,89.0,5.0
1163,2019-02-18 11:00:00,564.8,550.0,15.0,2.0,1.0,93.0,89.0,5.0
1164,2019-02-18 12:00:00,539.36,552.0,10.0,2.0,1.0,133.0,87.0,5.0
1165,2019-02-18 13:00:00,536.53,593.0,14.0,2.0,1.0,156.0,84.0,5.0
1166,2019-02-18 14:00:00,531.24,625.0,15.0,2.0,1.0,176.0,86.0,5.0
1167,2019-02-18 15:00:00,509.31,589.0,13.0,2.0,1.0,197.0,87.0,5.0
1168,2019-02-18 16:00:00,525.19,638.0,16.0,2.0,1.0,191.0,87.0,5.0
1169,2019-02-18 17:00:00,517.38,637.0,15.0,2.0,1.0,206.0,86.0,5.0
1170,2019-02-18 18:00:00,488.2,546.0,16.0,2.0,1.0,212.0,86.0,5.0
1171,2019-02-18 19:00:00,483.79,530.0,15.0,2.0,1.0,211.0,86.0,5.0
1172,2019-02-18 20:00:00,471.9,510.0,16.0,2.0,1.0,221.0,85.0,5.0
1173,2019-02-18 21:00:00,475.54,507.0,15.0,2.0,1.0,212.0,86.0,5.0
1174,2019-02-18 22:00:00,479.69,509.0,15.0,2.0,1.0,205.0,87.0,5.0
1175,2019-02-18 23:00:00,481.26,505.0,15.0,2.0,1.0,200.0,87.0,5.0
1176,2019-02-19 00:00:00,481.85,505.0,15.0,2.0,1.0,200.0,86.0,5.0
1177,2019-02-19 01:00:00,508.84,512.0,16.0,2.0,1.0,161.0,85.0,5.0
1178,2019-02-19 02:00:00,518.16,510.0,16.0,2.0,1.0,148.0,83.0,5.0
1179,2019-02-19 03:00:00,521.77,515.0,16.0,2.0,1.0,144.0,84.0,5.0
1180,2019-02-19 04:00:00,535.59,563.0,17.0,2.0,1.0,145.0,83.0,5.0
1181,2019-02-19 05:00:00,533.1,590.0,18.0,2.0,1.0,158.0,85.0,5.0
1182,2019-02-19 06:00:00,552.55,643.0,20.0,2.0,1.0,148.0,84.0,5.0
1183,2019-02-19 07:00:00,548.26,661.0,17.0,2.0,1.0,162.0,85.0,5.0
1184,2019-02-19 08:00:00,532.59,634.0,20.0,2.0,1.0,175.0,87.0,5.0
1185,2019-02-19 09:00:00,522.31,616.0,20.0,2.0,1.0,185.0,87.0,5.0
1186,2019-02-19 10:00:00,489.69,529.0,20.0,2.0,1.0,198.0,87.0,5.0
1187,2019-02-19 11:00:00,486.91,528.0,21.0,2.0,1.0,201.0,88.0,5.0
1188,2019-02-19 12:00:00,510.05,567.0,20.0,2.0,1.0,184.0,86.0,5.0
1189,2019-02-19 13:00:00,518.43,570.0,18.0,2.0,1.0,173.0,85.0,5.0
1190,2019-02-19 14:00:00,521.25,572.0,19.0,2.0,1.0,167.0,87.0,5.0
1191,2019-02-19 15:00:00,536.18,569.0,19.0,2.0,1.0,140.0,89.0,5.0
1192,2019-02-19 16:00:00,561.74,614.0,20.0,2.0,1.0,118.0,89.0,5.0
1193,2019-02-19 17:00:00,559.37,643.0,20.0,2.0,1.0,133.0,88.0,5.0
1194,2019-02-19 18:00:00,535.55,577.0,20.0,2.0,1.0,145.0,88.0,5.0
1195,2019-02-19 19:00:00,509.88,516.0,21.0,2.0,1.0,159.0,86.0,5.0
1196,2019-02-19 20:00:00,519.01,513.0,20.0,2.0,1.0,145.0,85.0,5.0
1197,2019-02-19 21:00:00,519.13,514.0,21.0,2.0,1.0,143.0,87.0,5.0
1198,2019-02-19 22:00:00,517.78,499.0,21.0,2.0,1.0,138.0,87.0,5.0
1199,2019-02-19 23:00:00,524.45,513.0,20.0,2.0,1.0,135.0,87.0,5.0
1200,2019-02-20 00:00:00,524.63,512.0,21.0,2.0,1.0,135.0,86.0,5.0
1201,2019-02-20 01:00:00,520.67,514.0,20.0,2.0,1.0,143.0,85.0,5.0
1202,2019-02-20 02:00:00,519.55,524.0,21.0,2.0,1.0,151.0,83.0,5.0
1203,2019-02-20 03:00:00,516.2,528.0,21.0,2.0,1.0,156.0,85.0,5.0
1204,2019-02-20 04:00:00,529.79,542.0,23.0,2.0,1.0,140.0,86.0,5.0
1205,2019-02-20 05:00:00,527.64,543.0,22.0,2.0,1.0,144.0,86.0,5.0
1206,2019-02-20 06:00:00,522.01,556.0,24.0,2.0,1.0,158.0,86.0,5.0
1207,2019-02-20 07:00:00,520.66,601.0,20.0,2.0,1.0,180.0,88.0,5.0
1208,2019-02-20 08:00:00,502.78,566.0,20.0,2.0,1.0,194.0,88.0,5.0
1209,2019-02-20 09:00:00,515.23,588.0,21.0,2.0,1.0,184.0,87.0,5.0
1210,2019-02-20 10:00:00,521.95,619.0,20.0,2.0,1.0,186.0,88.0,5.0
1211,2019-02-20 11:00:00,488.77,555.0,20.0,2.0,1.0,212.0,89.0,5.0
1212,2019-02-20 12:00:00,489.74,589.0,16.0,2.0,1.0,232.0,87.0,5.0
1213,2019-02-20 13:00:00,480.32,558.0,17.0,2.0,1.0,234.0,85.0,5.0
1214,2019-02-20 14:00:00,476.32,552.0,17.0,2.0,1.0,236.0,87.0,5.0
1215,2019-02-20 15:00:00,484.6,598.0,16.0,2.0,1.0,246.0,88.0,5.0
1216,2019-02-20 16:00:00,497.66,638.0,16.0,2.0,1.0,242.0,88.0,5.0
1217,2019-02-20 17:00:00,497.54,638.0,13.0,2.0,1.0,246.0,85.0,5.0
1218,2019-02-20 18:00:00,500.09,640.0,13.0,2.0,1.0,243.0,84.0,5.0
1219,2019-02-20 19:00:00,495.58,618.0,14.0,2.0,1.0,240.0,84.0,5.0
1220,2019-02-20 20:00:00,474.12,544.0,14.0,2.0,1.0,238.0,85.0,5.0
1221,2019-02-20 21:00:00,471.11,536.0,13.0,2.0,1.0,241.0,83.0,5.0
1222,2019-02-20 22:00:00,468.65,508.0,14.0,2.0,1.0,228.0,83.0,5.0
1223,2019-02-20 23:00:00,480.05,523.0,13.0,2.0,1.0,217.0,83.0,5.0
1224,2019-02-21 00:00:00,490.71,540.0,13.0,2.0,1.0,209.0,82.0,5.0
1225,2019-02-21 01:00:00,502.28,532.0,14.0,2.0,1.0,185.0,82.0,5.0
1226,2019-02-21 02:00:00,511.9,537.0,14.0,2.0,1.0,172.0,82.0,5.0
1227,2019-02-21 03:00:00,518.29,545.0,13.0,2.0,1.0,165.0,83.0,5.0
1228,2019-02-21 04:00:00,544.93,634.0,14.0,2.0,1.0,160.0,83.0,5.0
1229,2019-02-21 05:00:00,555.01,652.0,12.0,2.0,1.0,151.0,83.0,5.0
1230,2019-02-21 06:00:00,563.12,657.0,14.0,2.0,1.0,140.0,82.0,5.0
1231,2019-02-21 07:00:00,567.31,653.0,14.0,2.0,1.0,131.0,83.0,5.0
1232,2019-02-21 08:00:00,575.46,658.0,14.0,2.0,1.0,116.0,87.0,5.0
1233,2019-02-21 09:00:00,582.42,627.0,14.0,2.0,1.0,96.0,87.0,5.0
1234,2019-02-21 10:00:00,580.88,593.0,16.0,2.0,1.0,87.0,87.0,5.0
1235,2019-02-21 11:00:00,573.74,560.0,22.0,2.0,1.0,84.0,87.0,5.0
1236,2019-02-21 12:00:00,578.71,580.0,24.0,2.0,1.0,84.0,86.0,6.0
1237,2019-02-21 13:00:00,589.44,634.0,25.0,2.0,1.0,86.0,85.0,6.0
1238,2019-02-21 14:00:00,589.91,648.0,26.0,2.0,1.0,90.0,84.0,6.0
1239,2019-02-21 15:00:00,588.0,647.0,30.0,2.0,1.0,90.0,85.0,6.0
1240,2019-02-21 16:00:00,581.7,656.0,33.0,2.0,1.0,100.0,86.0,6.0
1241,2019-02-21 17:00:00,577.33,659.0,32.0,2.0,1.0,108.0,86.0,6.0
1242,2019-02-21 18:00:00,568.43,659.0,32.0,2.0,1.0,123.0,85.0,6.0
1243,2019-02-21 19:00:00,562.9,644.0,31.0,2.0,1.0,128.0,84.0,6.0
1244,2019-02-21 20:00:00,541.27,533.0,34.0,2.0,1.0,119.0,83.0,6.0
1245,2019-02-21 21:00:00,532.89,481.0,31.0,2.0,1.0,109.0,84.0,6.0
1246,2019-02-21 22:00:00,541.8,506.0,32.0,2.0,1.0,106.0,85.0,6.0
1247,2019-02-21 23:00:00,539.86,484.0,31.0,2.0,1.0,101.0,84.0,6.0
1248,2019-02-22 00:00:00,540.43,480.0,33.0,2.0,1.0,98.0,84.0,6.0
1249,2019-02-22 01:00:00,537.81,487.0,34.0,2.0,1.0,105.0,83.0,6.0
1250,2019-02-22 02:00:00,535.31,479.0,34.0,2.0,1.0,107.0,81.0,6.0
1251,2019-02-22 03:00:00,538.7,485.0,34.0,2.0,1.0,103.0,83.0,6.0
1252,2019-02-22 04:00:00,564.14,572.0,34.0,2.0,1.0,101.0,83.0,6.0
1253,2019-02-22 05:00:00,584.29,647.0,34.0,2.0,1.0,96.0,83.0,6.0
1254,2019-02-22 06:00:00,589.63,653.0,39.0,2.0,1.0,89.0,82.0,6.0
1255,2019-02-22 07:00:00,616.75,651.0,37.0,2.0,1.0,64.0,69.0,6.0
1256,2019-02-22 08:00:00,636.06,655.0,36.0,2.0,1.0,45.0,64.0,6.0
1257,2019-02-22 09:00:00,643.55,666.0,35.0,2.0,1.0,37.0,65.0,6.0
1258,2019-02-22 10:00:00,647.99,661.0,41.0,2.0,1.0,28.0,65.0,6.0
1259,2019-02-22 11:00:00,656.45,657.0,41.0,2.0,1.0,17.0,65.0,6.0
1260,2019-02-22 12:00:00,643.03,561.0,41.0,2.0,1.0,15.0,66.0,6.0
1261,2019-02-22 13:00:00,642.83,610.0,39.0,2.0,1.0,17.0,74.0,6.0
1262,2019-02-22 14:00:00,633.9,598.0,37.0,2.0,1.0,20.0,80.0,6.0
1263,2019-02-22 15:00:00,630.11,590.0,39.0,2.0,1.0,20.0,82.0,6.0
1264,2019-02-22 16:00:00,636.21,650.0,38.0,2.0,1.0,25.0,82.0,6.0
1265,2019-02-22 17:00:00,627.99,654.0,34.0,2.0,1.0,35.0,85.0,6.0
1266,2019-02-22 18:00:00,603.84,591.0,35.0,2.0,1.0,50.0,86.0,6.0
1267,2019-02-22 19:00:00,574.41,545.0,34.0,2.0,1.0,75.0,86.0,6.0
1268,2019-02-22 20:00:00,556.31,534.0,32.0,2.0,1.0,97.0,85.0,6.0
1269,2019-02-22 21:00:00,527.87,514.0,32.0,2.0,1.0,128.0,86.0,6.0
1270,2019-02-22 22:00:00,517.9,523.0,32.0,2.0,1.0,147.0,86.0,6.0
1271,2019-02-22 23:00:00,500.42,518.0,33.0,2.0,1.0,172.0,86.0,6.0
1272,2019-02-23 00:00:00,496.76,526.0,34.0,2.0,1.0,183.0,85.0,6.0
1273,2019-02-23 01:00:00,499.56,546.0,33.0,2.0,1.0,188.0,86.0,6.0
1274,2019-02-23 02:00:00,506.61,540.0,33.0,2.0,1.0,178.0,81.0,6.0
1275,2019-02-23 03:00:00,513.81,564.0,32.0,2.0,1.0,188.0,71.0,6.0
1276,2019-02-23 04:00:00,519.86,583.0,31.0,2.0,1.0,189.0,69.0,6.0
1277,2019-02-23 05:00:00,517.02,583.0,34.0,2.0,1.0,193.0,69.0,6.0
1278,2019-02-23 06:00:00,528.19,634.0,36.0,2.0,1.0,196.0,69.0,6.0
1279,2019-02-23 07:00:00,531.79,634.0,38.0,2.0,1.0,187.0,71.0,6.0
1280,2019-02-23 08:00:00,538.59,649.0,39.0,2.0,1.0,177.0,75.0,6.0
1281,2019-02-23 09:00:00,536.7,653.0,39.0,2.0,1.0,173.0,84.0,6.0
1282,2019-02-23 10:00:00,531.29,628.0,39.0,2.0,1.0,168.0,88.0,6.0
1283,2019-02-23 11:00:00,531.68,638.0,41.0,2.0,1.0,171.0,88.0,6.0
1284,2019-02-23 12:00:00,537.33,637.0,43.0,2.0,1.0,163.0,85.0,6.0
1285,2019-02-23 13:00:00,545.97,600.0,42.0,2.0,1.0,134.0,85.0,6.0
1286,2019-02-23 14:00:00,549.16,634.0,42.0,2.0,1.0,140.0,87.0,6.0
1287,2019-02-23 15:00:00,551.12,654.0,43.0,2.0,1.0,143.0,88.0,6.0
1288,2019-02-23 16:00:00,552.2,658.0,42.0,2.0,1.0,143.0,88.0,6.0
1289,2019-02-23 17:00:00,550.32,633.0,38.0,2.0,1.0,137.0,89.0,6.0
1290,2019-02-23 18:00:00,552.01,620.0,39.0,2.0,1.0,128.0,90.0,6.0
1291,2019-02-23 19:00:00,561.84,612.0,41.0,2.0,1.0,111.0,88.0,6.0
1292,2019-02-23 20:00:00,562.0,572.0,40.0,2.0,1.0,98.0,87.0,6.0
1293,2019-02-23 21:00:00,566.5,584.0,42.0,2.0,1.0,94.0,88.0,6.0
1294,2019-02-23 22:00:00,556.81,535.0,43.0,2.0,1.0,90.0,88.0,6.0
1295,2019-02-23 23:00:00,565.95,498.0,40.0,2.0,1.0,66.0,88.0,6.0
1296,2019-02-24 00:00:00,570.28,517.0,40.0,2.0,1.0,67.0,88.0,6.0
1297,2019-02-24 01:00:00,555.3,515.0,42.0,2.0,1.0,86.0,87.0,5.0
1298,2019-02-24 02:00:00,574.17,514.0,46.0,2.0,1.0,62.0,85.0,5.0
1299,2019-02-24 03:00:00,570.92,496.0,52.0,2.0,1.0,56.0,87.0,5.0
1300,2019-02-24 04:00:00,568.5,521.0,56.0,2.0,1.0,67.0,86.0,5.0
1301,2019-02-24 05:00:00,560.57,502.0,58.0,2.0,1.0,71.0,85.0,5.0
1302,2019-02-24 06:00:00,567.43,521.0,60.0,2.0,1.0,68.0,85.0,5.0
1303,2019-02-24 07:00:00,556.82,506.0,62.0,2.0,1.0,75.0,86.0,5.0
1304,2019-02-24 08:00:00,546.74,507.0,65.0,2.0,1.0,87.0,87.0,5.0
1305,2019-02-24 09:00:00,553.78,522.0,65.0,2.0,1.0,83.0,87.0,5.0
1306,2019-02-24 10:00:00,546.66,534.0,67.0,2.0,1.0,97.0,87.0,5.0
1307,2019-02-24 11:00:00,536.17,532.0,66.0,2.0,1.0,112.0,87.0,5.0
1308,2019-02-24 12:00:00,522.08,521.0,65.0,2.0,1.0,131.0,85.0,5.0
1309,2019-02-24 13:00:00,490.44,511.0,64.0,2.0,1.0,178.0,85.0,5.0
1310,2019-02-24 14:00:00,469.17,483.0,64.0,2.0,1.0,196.0,88.0,5.0
1311,2019-02-24 15:00:00,487.86,490.0,63.0,2.0,1.0,167.0,89.0,5.0
1312,2019-02-24 16:00:00,498.41,512.0,64.0,2.0,1.0,162.0,88.0,5.0
1313,2019-02-24 17:00:00,491.46,511.0,65.0,2.0,1.0,173.0,88.0,5.0
1314,2019-02-24 18:00:00,483.44,490.0,65.0,2.0,1.0,174.0,89.0,5.0
1315,2019-02-24 19:00:00,484.12,485.0,65.0,2.0,1.0,172.0,87.0,5.0
1316,2019-02-24 20:00:00,480.35,495.0,66.0,2.0,1.0,186.0,85.0,5.0
1317,2019-02-24 21:00:00,484.47,512.0,64.0,2.0,1.0,188.0,86.0,5.0
1318,2019-02-24 22:00:00,488.77,513.0,64.0,2.0,1.0,181.0,86.0,5.0
1319,2019-02-24 23:00:00,484.78,531.0,65.0,2.0,1.0,199.0,85.0,5.0
1320,2019-02-25 00:00:00,486.22,529.0,66.0,2.0,1.0,195.0,85.0,5.0
1321,2019-02-25 01:00:00,489.97,544.0,64.0,2.0,1.0,199.0,83.0,5.0
1322,2019-02-25 02:00:00,479.11,543.0,63.0,2.0,1.0,222.0,80.0,5.0
1323,2019-02-25 03:00:00,480.33,547.0,63.0,2.0,1.0,218.0,84.0,5.0
1324,2019-02-25 04:00:00,487.13,544.0,65.0,2.0,1.0,203.0,84.0,5.0
1325,2019-02-25 05:00:00,517.18,585.0,64.0,2.0,1.0,171.0,83.0,5.0
1326,2019-02-25 06:00:00,520.22,657.0,67.0,2.0,1.0,197.0,84.0,5.0
1327,2019-02-25 07:00:00,517.35,659.0,69.0,2.0,1.0,203.0,84.0,5.0
1328,2019-02-25 08:00:00,502.48,636.0,67.0,2.0,1.0,219.0,87.0,5.0
1329,2019-02-25 09:00:00,491.48,625.0,66.0,2.0,1.0,234.0,89.0,5.0
1330,2019-02-25 10:00:00,474.13,560.0,67.0,2.0,1.0,232.0,89.0,5.0
1331,2019-02-25 11:00:00,467.15,542.0,67.0,2.0,1.0,236.0,88.0,5.0
1332,2019-02-25 12:00:00,470.66,531.0,68.0,2.0,1.0,221.0,89.0,5.0
1333,2019-02-25 13:00:00,498.06,587.0,68.0,2.0,1.0,202.0,87.0,5.0
1334,2019-02-25 14:00:00,505.66,601.0,67.0,2.0,1.0,196.0,86.0,5.0
1335,2019-02-25 15:00:00,511.8,610.0,67.0,2.0,1.0,187.0,88.0,6.0
1336,2019-02-25 16:00:00,520.72,643.0,66.0,2.0,1.0,187.0,87.0,6.0
1337,2019-02-25 17:00:00,521.93,654.0,65.0,2.0,1.0,189.0,88.0,6.0
1338,2019-02-25 18:00:00,481.2,530.0,66.0,2.0,1.0,203.0,87.0,6.0
1339,2019-02-25 19:00:00,485.66,518.0,66.0,2.0,1.0,190.0,85.0,6.0
1340,2019-02-25 20:00:00,491.39,542.0,66.0,2.0,1.0,194.0,84.0,6.0
1341,2019-02-25 21:00:00,489.18,537.0,63.0,2.0,1.0,195.0,85.0,6.0
1342,2019-02-25 22:00:00,506.86,519.0,63.0,2.0,1.0,154.0,86.0,6.0
1343,2019-02-25 23:00:00,505.15,501.0,62.0,2.0,1.0,147.0,87.0,6.0
1344,2019-02-26 00:00:00,534.1,523.0,64.0,2.0,1.0,114.0,85.0,6.0
1345,2019-02-26 01:00:00,524.36,540.0,62.0,2.0,1.0,138.0,84.0,6.0
1346,2019-02-26 02:00:00,493.86,535.0,57.0,2.0,1.0,190.0,82.0,6.0
1347,2019-02-26 03:00:00,484.27,523.0,42.0,2.0,1.0,202.0,84.0,6.0
1348,2019-02-26 04:00:00,483.51,494.0,41.0,2.0,1.0,187.0,84.0,6.0
1349,2019-02-26 05:00:00,512.38,529.0,41.0,2.0,1.0,158.0,84.0,6.0
1350,2019-02-26 06:00:00,559.92,657.0,44.0,2.0,1.0,134.0,83.0,6.0
1351,2019-02-26 07:00:00,574.76,659.0,46.0,2.0,1.0,108.0,85.0,6.0
1352,2019-02-26 08:00:00,591.21,662.0,45.0,2.0,1.0,85.0,84.0,6.0
1353,2019-02-26 09:00:00,590.52,661.0,47.0,2.0,1.0,82.0,87.0,6.0
1354,2019-02-26 10:00:00,558.62,568.0,62.0,2.0,1.0,94.0,87.0,6.0
1355,2019-02-26 11:00:00,554.51,557.0,65.0,2.0,1.0,97.0,85.0,6.0
1356,2019-02-26 12:00:00,566.77,548.0,66.0,2.0,1.0,77.0,84.0,6.0
1357,2019-02-26 13:00:00,592.66,629.0,65.0,2.0,1.0,65.0,85.0,6.0
1358,2019-02-26 14:00:00,588.75,628.0,66.0,2.0,1.0,70.0,85.0,6.0
1359,2019-02-26 15:00:00,583.76,629.0,65.0,2.0,1.0,76.0,87.0,6.0
1360,2019-02-26 16:00:00,582.92,624.0,67.0,2.0,1.0,74.0,88.0,6.0
1361,2019-02-26 17:00:00,582.21,608.0,62.0,2.0,1.0,72.0,88.0,6.0
1362,2019-02-26 18:00:00,597.5,653.0,64.0,2.0,1.0,62.0,88.0,6.0
1363,2019-02-26 19:00:00,598.06,560.0,64.0,2.0,1.0,39.0,85.0,6.0
1364,2019-02-26 20:00:00,605.34,533.0,64.0,2.0,1.0,24.0,84.0,6.0
1365,2019-02-26 21:00:00,611.59,526.0,64.0,2.0,1.0,13.0,86.0,6.0
1366,2019-02-26 22:00:00,613.1,519.0,63.0,2.0,1.0,9.0,87.0,6.0
1367,2019-02-26 23:00:00,612.93,524.0,64.0,2.0,1.0,11.0,86.0,6.0
1368,2019-02-27 00:00:00,606.92,519.0,63.0,2.0,1.0,18.0,85.0,6.0
1369,2019-02-27 01:00:00,593.92,517.0,62.0,2.0,1.0,34.0,84.0,6.0
1370,2019-02-27 02:00:00,578.06,534.0,64.0,2.0,1.0,60.0,82.0,6.0
1371,2019-02-27 03:00:00,557.65,520.0,65.0,2.0,1.0,80.0,84.0,6.0
1372,2019-02-27 04:00:00,556.66,530.0,65.0,2.0,1.0,85.0,84.0,6.0
1373,2019-02-27 05:00:00,547.9,548.0,66.0,2.0,1.0,103.0,85.0,6.0
1374,2019-02-27 06:00:00,536.47,544.0,68.0,2.0,1.0,117.0,86.0,6.0
1375,2019-02-27 07:00:00,533.7,545.0,67.0,2.0,1.0,121.0,87.0,6.0
1376,2019-02-27 08:00:00,530.16,523.0,67.0,2.0,1.0,116.0,88.0,6.0
1377,2019-02-27 09:00:00,544.69,536.0,63.0,2.0,1.0,100.0,89.0,6.0
1378,2019-02-27 10:00:00,543.32,515.0,65.0,2.0,1.0,93.0,89.0,6.0
1379,2019-02-27 11:00:00,552.5,518.0,69.0,2.0,1.0,80.0,89.0,6.0
1380,2019-02-27 12:00:00,563.48,512.0,69.0,2.0,1.0,64.0,88.0,6.0
1381,2019-02-27 13:00:00,560.12,535.0,68.0,2.0,1.0,78.0,87.0,6.0
1382,2019-02-27 14:00:00,546.98,541.0,68.0,2.0,1.0,98.0,88.0,6.0
1383,2019-02-27 15:00:00,529.4,541.0,67.0,2.0,1.0,124.0,89.0,6.0
1384,2019-02-27 16:00:00,523.22,543.0,66.0,2.0,1.0,136.0,88.0,6.0
1385,2019-02-27 17:00:00,517.71,544.0,64.0,2.0,1.0,147.0,87.0,6.0
1386,2019-02-27 18:00:00,508.35,532.0,63.0,2.0,1.0,157.0,87.0,6.0
1387,2019-02-27 19:00:00,488.8,529.0,64.0,2.0,1.0,189.0,87.0,6.0
1388,2019-02-27 20:00:00,498.46,529.0,64.0,2.0,1.0,173.0,86.0,6.0
1389,2019-02-27 21:00:00,497.72,510.0,65.0,2.0,1.0,163.0,87.0,6.0
1390,2019-02-27 22:00:00,510.54,516.0,65.0,2.0,1.0,143.0,89.0,6.0
1391,2019-02-27 23:00:00,507.81,489.0,65.0,2.0,1.0,134.0,89.0,6.0
1392,2019-02-28 00:00:00,511.75,482.0,67.0,2.0,1.0,126.0,87.0,6.0
1393,2019-02-28 01:00:00,510.12,484.0,65.0,2.0,1.0,131.0,86.0,6.0
1394,2019-02-28 02:00:00,498.4,485.0,64.0,2.0,1.0,152.0,84.0,6.0
1395,2019-02-28 03:00:00,493.48,487.0,64.0,2.0,1.0,159.0,86.0,6.0
1396,2019-02-28 04:00:00,495.58,507.0,65.0,2.0,1.0,165.0,87.0,6.0
1397,2019-02-28 05:00:00,496.14,513.0,66.0,2.0,1.0,167.0,87.0,6.0
1398,2019-02-28 06:00:00,498.01,510.0,67.0,2.0,1.0,162.0,87.0,6.0
1399,2019-02-28 07:00:00,500.23,508.0,68.0,2.0,1.0,155.0,89.0,6.0
1400,2019-02-28 08:00:00,505.8,545.0,66.0,2.0,1.0,163.0,91.0,6.0
1401,2019-02-28 09:00:00,488.26,498.0,67.0,2.0,1.0,168.0,91.0,6.0
1402,2019-02-28 10:00:00,493.83,493.0,66.0,2.0,1.0,157.0,90.0,5.0
1403,2019-02-28 11:00:00,491.0,496.0,64.0,2.0,1.0,165.0,89.0,6.0
1404,2019-02-28 12:00:00,480.78,490.0,64.0,2.0,1.0,179.0,89.0,6.0
1405,2019-02-28 13:00:00,480.31,489.0,65.0,2.0,1.0,180.0,88.0,6.0
1406,2019-02-28 14:00:00,471.1,500.0,65.0,2.0,1.0,203.0,88.0,6.0
1407,2019-02-28 15:00:00,457.09,495.0,66.0,2.0,1.0,225.0,89.0,6.0
1408,2019-02-28 16:00:00,455.66,513.0,65.0,2.0,1.0,240.0,89.0,6.0
1409,2019-02-28 17:00:00,453.66,505.0,63.0,2.0,1.0,240.0,88.0,6.0
1410,2019-02-28 18:00:00,458.68,500.0,62.0,2.0,1.0,228.0,87.0,6.0
1411,2019-02-28 19:00:00,465.42,495.0,62.0,2.0,1.0,212.0,87.0,6.0
1412,2019-02-28 20:00:00,474.78,496.0,60.0,2.0,1.0,196.0,87.0,6.0
1413,2019-02-28 21:00:00,483.57,495.0,60.0,2.0,1.0,179.0,88.0,6.0
1414,2019-02-28 22:00:00,488.01,483.0,59.0,2.0,1.0,166.0,87.0,6.0
1415,2019-02-28 23:00:00,504.23,496.0,58.0,2.0,1.0,147.0,87.0,6.0
1416,2019-03-01 00:00:00,500.3,497.0,61.0,2.0,1.0,153.0,87.0,6.0
1417,2019-03-01 01:00:00,509.56,515.0,58.0,2.0,1.0,148.0,87.0,6.0
1418,2019-03-01 02:00:00,508.17,516.0,57.0,2.0,1.0,155.0,83.0,6.0
1419,2019-03-01 03:00:00,514.63,525.0,57.0,2.0,1.0,147.0,85.0,6.0
1420,2019-03-01 04:00:00,532.53,575.0,56.0,2.0,1.0,142.0,84.0,6.0
1421,2019-03-01 05:00:00,557.07,634.0,57.0,2.0,1.0,124.0,85.0,6.0
1422,2019-03-01 06:00:00,563.91,640.0,63.0,2.0,1.0,113.0,85.0,6.0
1423,2019-03-01 07:00:00,560.76,634.0,60.0,2.0,1.0,115.0,87.0,6.0
1424,2019-03-01 08:00:00,565.85,615.0,61.0,2.0,1.0,98.0,89.0,6.0
1425,2019-03-01 09:00:00,580.93,628.0,62.0,2.0,1.0,80.0,88.0,6.0
1426,2019-03-01 10:00:00,592.73,636.0,62.0,2.0,1.0,65.0,88.0,6.0
1427,2019-03-01 11:00:00,603.74,644.0,63.0,2.0,1.0,51.0,88.0,6.0
1428,2019-03-01 12:00:00,609.62,615.0,62.0,2.0,1.0,40.0,84.0,6.0
1429,2019-03-01 13:00:00,606.64,623.0,62.0,2.0,1.0,44.0,86.0,6.0
1430,2019-03-01 14:00:00,606.27,614.0,60.0,2.0,1.0,43.0,86.0,6.0
1431,2019-03-01 15:00:00,614.18,616.0,55.0,2.0,1.0,35.0,86.0,6.0
1432,2019-03-01 16:00:00,616.04,640.0,58.0,2.0,1.0,38.0,85.0,6.0
1433,2019-03-01 17:00:00,615.71,639.0,56.0,2.0,1.0,40.0,84.0,6.0
1434,2019-03-01 18:00:00,616.98,617.0,59.0,2.0,1.0,33.0,83.0,6.0
1435,2019-03-01 19:00:00,594.48,518.0,61.0,2.0,1.0,33.0,85.0,6.0
1436,2019-03-01 20:00:00,594.64,516.0,59.0,2.0,1.0,33.0,85.0,6.0
1437,2019-03-01 21:00:00,594.64,516.0,59.0,2.0,1.0,32.0,86.0,6.0
1438,2019-03-01 22:00:00,586.32,525.0,58.0,2.0,1.0,44.0,87.0,6.0
1439,2019-03-01 23:00:00,570.01,521.0,59.0,2.0,1.0,63.0,87.0,6.0
1440,2019-03-02 00:00:00,563.08,536.0,60.0,2.0,1.0,77.0,87.0,6.0
1441,2019-03-02 01:00:00,534.2,519.0,58.0,2.0,1.0,112.0,87.0,6.0
1442,2019-03-02 02:00:00,533.55,520.0,56.0,2.0,1.0,118.0,83.0,6.0
1443,2019-03-02 03:00:00,515.26,522.0,59.0,2.0,1.0,144.0,85.0,6.0
1444,2019-03-02 04:00:00,515.83,523.0,61.0,2.0,1.0,142.0,86.0,6.0
1445,2019-03-02 05:00:00,522.78,525.0,61.0,2.0,1.0,132.0,86.0,6.0
1446,2019-03-02 06:00:00,530.13,521.0,61.0,2.0,1.0,119.0,86.0,6.0
1447,2019-03-02 07:00:00,524.27,513.0,62.0,2.0,1.0,123.0,87.0,6.0
1448,2019-03-02 08:00:00,514.56,534.0,62.0,3.0,1.0,145.0,89.0,6.0
1449,2019-03-02 09:00:00,501.94,509.0,63.0,2.0,1.0,155.0,88.0,6.0
1450,2019-03-02 10:00:00,487.41,516.0,65.0,2.0,1.0,183.0,88.0,6.0
1451,2019-03-02 11:00:00,471.76,500.0,64.0,2.0,1.0,202.0,88.0,6.0
1452,2019-03-02 12:00:00,469.91,524.0,65.0,2.0,1.0,220.0,88.0,6.0
1453,2019-03-02 13:00:00,455.67,496.0,63.0,2.0,1.0,230.0,88.0,6.0
1454,2019-03-02 14:00:00,455.94,525.0,62.0,2.0,1.0,249.0,88.0,6.0
1455,2019-03-02 15:00:00,456.43,522.0,62.0,2.0,1.0,247.0,87.0,6.0
1456,2019-03-02 16:00:00,451.11,499.0,63.0,2.0,1.0,242.0,87.0,6.0
1457,2019-03-02 17:00:00,450.4,503.0,64.0,3.0,1.0,243.0,89.0,6.0
1458,2019-03-02 18:00:00,448.73,495.0,63.0,3.0,1.0,241.0,89.0,6.0
1459,2019-03-02 19:00:00,459.09,489.0,62.0,2.0,1.0,217.0,90.0,6.0
1460,2019-03-02 20:00:00,474.16,489.0,64.0,2.0,1.0,190.0,89.0,6.0
1461,2019-03-02 21:00:00,486.05,490.0,64.0,2.0,1.0,169.0,90.0,6.0
1462,2019-03-02 22:00:00,505.77,510.0,64.0,2.0,1.0,146.0,91.0,6.0
1463,2019-03-02 23:00:00,514.18,478.0,65.0,2.0,1.0,118.0,90.0,6.0
1464,2019-03-03 00:00:00,534.58,478.0,65.0,2.0,1.0,89.0,90.0,6.0
1465,2019-03-03 01:00:00,549.47,481.0,63.0,2.0,1.0,73.0,88.0,6.0
1466,2019-03-03 02:00:00,557.92,498.0,64.0,2.0,1.0,69.0,87.0,6.0
1467,2019-03-03 03:00:00,556.8,494.0,64.0,2.0,1.0,68.0,88.0,6.0
1468,2019-03-03 04:00:00,569.42,480.0,62.0,2.0,1.0,48.0,88.0,6.0
1469,2019-03-03 05:00:00,578.37,482.0,62.0,2.0,1.0,38.0,88.0,6.0
1470,2019-03-03 06:00:00,588.74,475.0,62.0,2.0,1.0,26.0,86.0,6.0
1471,2019-03-03 07:00:00,590.15,477.0,62.0,2.0,1.0,24.0,87.0,6.0
1472,2019-03-03 08:00:00,595.67,476.0,61.0,2.0,1.0,18.0,87.0,6.0
1473,2019-03-03 09:00:00,601.12,487.0,61.0,2.0,1.0,13.0,89.0,6.0
1474,2019-03-03 10:00:00,600.99,494.0,61.0,2.0,1.0,13.0,91.0,6.0
1475,2019-03-03 11:00:00,601.98,502.0,61.0,2.0,1.0,14.0,91.0,6.0
1476,2019-03-03 12:00:00,599.06,500.0,63.0,2.0,1.0,18.0,89.0,6.0
1477,2019-03-03 13:00:00,591.57,501.0,60.0,2.0,1.0,29.0,88.0,6.0
1478,2019-03-03 14:00:00,582.71,498.0,56.0,2.0,1.0,41.0,87.0,6.0
1479,2019-03-03 15:00:00,571.96,495.0,56.0,2.0,1.0,53.0,87.0,6.0
1480,2019-03-03 16:00:00,559.77,484.0,51.0,2.0,1.0,65.0,88.0,6.0
1481,2019-03-03 17:00:00,550.33,477.0,58.0,2.0,1.0,72.0,88.0,6.0
1482,2019-03-03 18:00:00,548.64,480.0,59.0,2.0,1.0,74.0,89.0,6.0
1483,2019-03-03 19:00:00,555.35,497.0,58.0,2.0,1.0,72.0,89.0,6.0
1484,2019-03-03 20:00:00,553.46,485.0,58.0,2.0,1.0,71.0,88.0,6.0
1485,2019-03-03 21:00:00,557.03,492.0,58.0,2.0,1.0,69.0,88.0,6.0
1486,2019-03-03 22:00:00,565.25,495.0,54.0,2.0,1.0,60.0,89.0,6.0
1487,2019-03-03 23:00:00,580.07,528.0,60.0,2.0,1.0,50.0,89.0,6.0
1488,2019-03-04 00:00:00,590.42,542.0,63.0,2.0,1.0,41.0,88.0,6.0
1489,2019-03-04 01:00:00,605.42,546.0,62.0,2.0,1.0,26.0,86.0,6.0
1490,2019-03-04 02:00:00,609.61,542.0,62.0,2.0,1.0,21.0,85.0,6.0
1491,2019-03-04 03:00:00,608.62,538.0,65.0,2.0,1.0,18.0,87.0,6.0
1492,2019-03-04 04:00:00,616.46,554.0,64.0,2.0,1.0,14.0,86.0,6.0
1493,2019-03-04 05:00:00,629.67,612.0,61.0,2.0,1.0,12.0,86.0,6.0
1494,2019-03-04 06:00:00,633.53,635.0,63.0,2.0,1.0,11.0,86.0,6.0
1495,2019-03-04 07:00:00,635.27,636.0,63.0,2.0,1.0,9.0,86.0,6.0
1496,2019-03-04 08:00:00,634.18,632.0,62.0,2.0,1.0,9.0,87.0,6.0
1497,2019-03-04 09:00:00,634.61,636.0,65.0,2.0,1.0,10.0,85.0,6.0
1498,2019-03-04 10:00:00,634.28,636.0,66.0,2.0,1.0,9.0,86.0,6.0
1499,2019-03-04 11:00:00,634.44,640.0,65.0,2.0,1.0,9.0,87.0,6.0
1500,2019-03-04 12:00:00,632.24,626.0,65.0,2.0,1.0,10.0,86.0,6.0
1501,2019-03-04 13:00:00,632.71,636.0,66.0,2.0,1.0,11.0,86.0,6.0
1502,2019-03-04 14:00:00,628.49,632.0,65.0,2.0,1.0,15.0,87.0,6.0
1503,2019-03-04 15:00:00,623.55,632.0,66.0,2.0,1.0,21.0,87.0,6.0
1504,2019-03-04 16:00:00,619.74,632.0,66.0,2.0,1.0,26.0,87.0,6.0
1505,2019-03-04 17:00:00,617.39,628.0,64.0,2.0,1.0,29.0,87.0,6.0
1506,2019-03-04 18:00:00,611.4,609.0,65.0,2.0,1.0,31.0,88.0,6.0
1507,2019-03-04 19:00:00,595.54,571.0,62.0,2.0,1.0,44.0,87.0,6.0
1508,2019-03-04 20:00:00,580.45,546.0,63.0,2.0,1.0,56.0,87.0,6.0
1509,2019-03-04 21:00:00,577.16,549.0,61.0,2.0,1.0,61.0,88.0,6.0
1510,2019-03-04 22:00:00,561.48,544.0,63.0,2.0,1.0,80.0,88.0,6.0
1511,2019-03-04 23:00:00,539.96,523.0,62.0,2.0,1.0,103.0,88.0,6.0
1512,2019-03-05 00:00:00,537.07,508.0,62.0,2.0,1.0,103.0,86.0,6.0
1513,2019-03-05 01:00:00,545.11,508.0,61.0,2.0,1.0,92.0,86.0,6.0
1514,2019-03-05 02:00:00,548.71,507.0,63.0,2.0,1.0,88.0,84.0,6.0
1515,2019-03-05 03:00:00,536.58,503.0,64.0,2.0,1.0,100.0,87.0,6.0
1516,2019-03-05 04:00:00,554.0,546.0,64.0,2.0,1.0,93.0,86.0,6.0
1517,2019-03-05 05:00:00,552.41,547.0,63.0,2.0,1.0,96.0,86.0,6.0
1518,2019-03-05 06:00:00,549.95,569.0,66.0,2.0,1.0,106.0,87.0,6.0
1519,2019-03-05 07:00:00,541.13,602.0,66.0,2.0,1.0,133.0,87.0,6.0
1520,2019-03-05 08:00:00,523.45,608.0,66.0,2.0,1.0,165.0,88.0,6.0
1521,2019-03-05 09:00:00,522.04,620.0,66.0,2.0,1.0,173.0,88.0,6.0
1522,2019-03-05 10:00:00,515.67,618.0,62.0,2.0,1.0,186.0,87.0,6.0
1523,2019-03-05 11:00:00,507.49,619.0,62.0,2.0,1.0,201.0,88.0,6.0
1524,2019-03-05 12:00:00,509.3,620.0,62.0,2.0,1.0,201.0,85.0,6.0
1525,2019-03-05 13:00:00,522.05,641.0,61.0,2.0,1.0,187.0,85.0,6.0
1526,2019-03-05 14:00:00,520.77,627.0,61.0,2.0,1.0,182.0,86.0,6.0
1527,2019-03-05 15:00:00,530.42,650.0,59.0,2.0,1.0,175.0,86.0,6.0
1528,2019-03-05 16:00:00,543.49,684.0,59.0,2.0,1.0,165.0,86.0,6.0
1529,2019-03-05 17:00:00,561.67,775.0,58.0,2.0,1.0,165.0,86.0,6.0
1530,2019-03-05 18:00:00,568.0,811.0,58.0,2.0,1.0,165.0,86.0,6.0
1531,2019-03-05 19:00:00,552.53,694.0,57.0,2.0,1.0,153.0,86.0,6.0
1532,2019-03-05 20:00:00,546.51,601.0,56.0,2.0,1.0,129.0,85.0,6.0
1533,2019-03-05 21:00:00,553.3,571.0,56.0,2.0,1.0,106.0,86.0,6.0
1534,2019-03-05 22:00:00,558.68,546.0,59.0,2.0,1.0,89.0,85.0,6.0
1535,2019-03-05 23:00:00,570.28,536.0,58.0,2.0,1.0,71.0,84.0,6.0
1536,2019-03-06 00:00:00,578.57,544.0,57.0,2.0,1.0,64.0,83.0,6.0
1537,2019-03-06 01:00:00,582.94,554.0,58.0,2.0,1.0,62.0,82.0,6.0
1538,2019-03-06 02:00:00,593.79,549.0,57.0,2.0,1.0,46.0,83.0,6.0
1539,2019-03-06 03:00:00,603.1,534.0,56.0,2.0,1.0,29.0,85.0,6.0
1540,2019-03-06 04:00:00,622.24,569.0,58.0,2.0,1.0,16.0,83.0,6.0
1541,2019-03-06 05:00:00,639.97,638.0,57.0,2.0,1.0,9.0,83.0,6.0
1542,2019-03-06 06:00:00,646.87,702.0,61.0,2.0,1.0,9.0,84.0,6.0
1543,2019-03-06 07:00:00,645.37,718.0,63.0,2.0,1.0,11.0,86.0,6.0
1544,2019-03-06 08:00:00,637.08,700.0,61.0,2.0,1.0,19.0,87.0,5.0
1545,2019-03-06 09:00:00,632.15,700.0,63.0,2.0,1.0,25.0,87.0,5.0
1546,2019-03-06 10:00:00,627.57,705.0,64.0,2.0,1.0,30.0,89.0,6.0
1547,2019-03-06 11:00:00,620.95,723.0,63.0,2.0,1.0,44.0,89.0,6.0
1548,2019-03-06 12:00:00,605.47,681.0,63.0,2.0,1.0,58.0,88.0,6.0
1549,2019-03-06 13:00:00,591.71,658.0,64.0,2.0,1.0,71.0,89.0,6.0
1550,2019-03-06 14:00:00,599.54,665.0,62.0,2.0,1.0,64.0,87.0,6.0
1551,2019-03-06 15:00:00,599.59,684.0,62.0,2.0,1.0,71.0,85.0,6.0
1552,2019-03-06 16:00:00,600.6,717.0,60.0,2.0,1.0,80.0,84.0,6.0
1553,2019-03-06 17:00:00,604.48,726.0,58.0,2.0,1.0,75.0,86.0,6.0
1554,2019-03-06 18:00:00,597.85,687.0,58.0,2.0,1.0,76.0,85.0,6.0
1555,2019-03-06 19:00:00,593.65,684.0,57.0,2.0,1.0,82.0,85.0,6.0
1556,2019-03-06 20:00:00,589.77,683.0,59.0,2.0,1.0,87.0,85.0,6.0
1557,2019-03-06 21:00:00,582.5,678.0,59.0,2.0,1.0,97.0,85.0,6.0
1558,2019-03-06 22:00:00,552.72,534.0,59.0,2.0,1.0,93.0,85.0,6.0
1559,2019-03-06 23:00:00,581.18,654.0,61.0,2.0,1.0,91.0,85.0,6.0
1560,2019-03-07 00:00:00,585.19,678.0,61.0,2.0,1.0,94.0,83.0,6.0
1561,2019-03-07 01:00:00,574.25,639.0,61.0,2.0,1.0,99.0,83.0,6.0
1562,2019-03-07 02:00:00,568.98,671.0,61.0,2.0,1.0,120.0,81.0,6.0
1563,2019-03-07 03:00:00,555.12,675.0,61.0,2.0,1.0,143.0,83.0,6.0
1564,2019-03-07 04:00:00,547.6,669.0,61.0,2.0,1.0,153.0,84.0,6.0
1565,2019-03-07 05:00:00,555.81,691.0,63.0,2.0,1.0,145.0,85.0,6.0
1566,2019-03-07 06:00:00,564.96,730.0,67.0,2.0,1.0,140.0,86.0,6.0
1567,2019-03-07 07:00:00,570.84,753.0,67.0,2.0,1.0,138.0,85.0,6.0
1568,2019-03-07 08:00:00,567.63,762.0,67.0,2.0,1.0,145.0,87.0,6.0
1569,2019-03-07 09:00:00,556.43,715.0,68.0,2.0,1.0,149.0,87.0,6.0
1570,2019-03-07 10:00:00,552.85,699.0,67.0,2.0,1.0,150.0,87.0,6.0
1571,2019-03-07 11:00:00,552.62,729.0,66.0,2.0,1.0,161.0,88.0,6.0
1572,2019-03-07 12:00:00,537.89,710.0,66.0,2.0,1.0,184.0,86.0,6.0
1573,2019-03-07 13:00:00,545.42,725.0,67.0,2.0,1.0,176.0,85.0,6.0
1574,2019-03-07 14:00:00,549.26,740.0,65.0,2.0,1.0,173.0,87.0,6.0
1575,2019-03-07 15:00:00,543.47,713.0,64.0,2.0,1.0,175.0,86.0,6.0
1576,2019-03-07 16:00:00,552.83,747.0,64.0,2.0,1.0,171.0,85.0,6.0
1577,2019-03-07 17:00:00,555.02,763.0,60.0,2.0,1.0,173.0,86.0,6.0
1578,2019-03-07 18:00:00,549.3,729.0,61.0,2.0,1.0,172.0,85.0,6.0
1579,2019-03-07 19:00:00,547.13,720.0,60.0,2.0,1.0,173.0,85.0,6.0
1580,2019-03-07 20:00:00,533.75,647.0,61.0,2.0,1.0,168.0,85.0,6.0
1581,2019-03-07 21:00:00,538.34,654.0,63.0,2.0,1.0,162.0,85.0,6.0
1582,2019-03-07 22:00:00,530.27,636.0,63.0,2.0,1.0,170.0,84.0,6.0
1583,2019-03-07 23:00:00,493.94,526.0,61.0,2.0,1.0,182.0,84.0,6.0
1584,2019-03-08 00:00:00,475.59,470.0,60.0,2.0,1.0,183.0,83.0,6.0
1585,2019-03-08 01:00:00,469.35,467.0,64.0,2.0,1.0,191.0,83.0,6.0
1586,2019-03-08 02:00:00,465.95,469.0,65.0,2.0,1.0,199.0,82.0,6.0
1587,2019-03-08 03:00:00,474.25,483.0,65.0,2.0,1.0,191.0,84.0,6.0
1588,2019-03-08 04:00:00,515.01,634.0,65.0,2.0,1.0,196.0,85.0,6.0
1589,2019-03-08 05:00:00,528.41,644.0,66.0,2.0,1.0,176.0,84.0,6.0
1590,2019-03-08 06:00:00,529.87,647.0,68.0,2.0,1.0,173.0,85.0,6.0
1591,2019-03-08 07:00:00,517.1,613.0,69.0,2.0,1.0,178.0,88.0,6.0
1592,2019-03-08 08:00:00,512.47,588.0,71.0,2.0,1.0,172.0,90.0,6.0
1593,2019-03-08 09:00:00,506.88,582.0,72.0,2.0,1.0,178.0,91.0,6.0
1594,2019-03-08 10:00:00,496.3,578.0,71.0,2.0,1.0,196.0,91.0,6.0
1595,2019-03-08 11:00:00,499.28,573.0,70.0,2.0,1.0,188.0,91.0,6.0
1596,2019-03-08 12:00:00,511.99,598.0,70.0,2.0,1.0,179.0,89.0,6.0
1597,2019-03-08 13:00:00,529.82,636.0,69.0,2.0,1.0,166.0,87.0,6.0
1598,2019-03-08 14:00:00,534.18,661.0,68.0,2.0,1.0,168.0,88.0,6.0
1599,2019-03-08 15:00:00,522.92,622.0,67.0,2.0,1.0,173.0,87.0,6.0
1600,2019-03-08 16:00:00,517.73,650.0,66.0,2.0,1.0,196.0,87.0,6.0
1601,2019-03-08 17:00:00,514.08,647.0,65.0,2.0,1.0,202.0,87.0,6.0
1602,2019-03-08 18:00:00,515.24,647.0,64.0,2.0,1.0,200.0,87.0,6.0
1603,2019-03-08 19:00:00,518.92,635.0,65.0,2.0,1.0,188.0,86.0,6.0
1604,2019-03-08 20:00:00,512.86,632.0,62.0,2.0,1.0,199.0,86.0,6.0
1605,2019-03-08 21:00:00,502.4,628.0,64.0,2.0,1.0,216.0,87.0,6.0
1606,2019-03-08 22:00:00,460.93,519.0,62.0,2.0,1.0,237.0,86.0,6.0
1607,2019-03-08 23:00:00,481.15,599.0,62.0,2.0,1.0,245.0,86.0,6.0
1608,2019-03-09 00:00:00,483.57,613.0,62.0,2.0,1.0,249.0,85.0,6.0
1609,2019-03-09 01:00:00,465.11,537.0,63.0,2.0,1.0,241.0,85.0,6.0
1610,2019-03-09 02:00:00,484.6,601.0,62.0,2.0,1.0,243.0,82.0,6.0
1611,2019-03-09 03:00:00,499.43,640.0,61.0,2.0,1.0,233.0,83.0,6.0
1612,2019-03-09 04:00:00,499.98,646.0,61.0,2.0,1.0,235.0,83.0,6.0
1613,2019-03-09 05:00:00,504.4,654.0,61.0,2.0,1.0,229.0,84.0,6.0
1614,2019-03-09 06:00:00,509.31,654.0,61.0,2.0,1.0,220.0,83.0,6.0
1615,2019-03-09 07:00:00,506.44,638.0,64.0,2.0,1.0,216.0,84.0,6.0
1616,2019-03-09 08:00:00,509.67,649.0,64.0,2.0,1.0,213.0,86.0,6.0
1617,2019-03-09 09:00:00,513.17,651.0,64.0,2.0,1.0,205.0,88.0,6.0
1618,2019-03-09 10:00:00,511.78,638.0,62.0,2.0,1.0,200.0,90.0,6.0
1619,2019-03-09 11:00:00,510.62,595.0,63.0,2.0,1.0,181.0,90.0,6.0
1620,2019-03-09 12:00:00,519.95,616.0,66.0,2.0,1.0,174.0,89.0,6.0
1621,2019-03-09 13:00:00,540.33,639.0,64.0,2.0,1.0,153.0,84.0,6.0
1622,2019-03-09 14:00:00,568.48,643.0,65.0,2.0,1.0,106.0,85.0,6.0
1623,2019-03-09 15:00:00,567.23,643.0,65.0,2.0,1.0,108.0,85.0,6.0
1624,2019-03-09 16:00:00,562.96,648.0,64.0,2.0,1.0,115.0,87.0,6.0
1625,2019-03-09 17:00:00,565.74,633.0,62.0,2.0,1.0,106.0,87.0,6.0
1626,2019-03-09 18:00:00,563.32,643.0,63.0,2.0,1.0,112.0,88.0,6.0
1627,2019-03-09 19:00:00,564.15,644.0,63.0,2.0,1.0,112.0,87.0,6.0
1628,2019-03-09 20:00:00,563.91,641.0,64.0,2.0,1.0,111.0,87.0,6.0
1629,2019-03-09 21:00:00,568.45,624.0,64.0,2.0,1.0,99.0,86.0,6.0
1630,2019-03-09 22:00:00,548.0,526.0,64.0,2.0,1.0,94.0,86.0,6.0
1631,2019-03-09 23:00:00,542.49,493.0,63.0,2.0,1.0,89.0,86.0,6.0
1632,2019-03-10 00:00:00,547.27,483.0,65.0,2.0,1.0,78.0,86.0,6.0
1633,2019-03-10 01:00:00,544.65,481.0,64.0,2.0,1.0,82.0,85.0,6.0
1634,2019-03-10 02:00:00,548.22,488.0,64.0,2.0,1.0,83.0,82.0,6.0
1635,2019-03-10 03:00:00,547.56,509.0,61.0,2.0,1.0,91.0,84.0,6.0
1636,2019-03-10 04:00:00,580.85,632.0,63.0,2.0,1.0,85.0,84.0,6.0
1637,2019-03-10 05:00:00,594.71,636.0,65.0,2.0,1.0,65.0,84.0,6.0
1638,2019-03-10 06:00:00,586.63,623.0,65.0,2.0,1.0,72.0,85.0,6.0
1639,2019-03-10 07:00:00,571.05,626.0,63.0,2.0,1.0,96.0,86.0,6.0
1640,2019-03-10 08:00:00,570.37,631.0,65.0,2.0,1.0,100.0,84.0,6.0
1641,2019-03-10 09:00:00,574.5,657.0,65.0,2.0,1.0,98.0,88.0,6.0
1642,2019-03-10 10:00:00,586.15,659.0,66.0,2.0,1.0,81.0,87.0,6.0
1643,2019-03-10 11:00:00,593.22,659.0,64.0,2.0,1.0,70.0,88.0,6.0
1644,2019-03-10 12:00:00,607.34,646.0,59.0,2.0,1.0,51.0,85.0,6.0
1645,2019-03-10 13:00:00,608.57,640.0,61.0,2.0,1.0,48.0,84.0,6.0
1646,2019-03-10 14:00:00,605.7,640.0,61.0,2.0,1.0,52.0,84.0,6.0
1647,2019-03-10 15:00:00,603.4,646.0,63.0,2.0,1.0,56.0,84.0,6.0
1648,2019-03-10 16:00:00,581.22,648.0,64.0,2.0,1.0,87.0,86.0,6.0
1649,2019-03-10 17:00:00,577.09,608.0,66.0,2.0,1.0,80.0,86.0,6.0
1650,2019-03-10 18:00:00,600.11,641.0,64.0,2.0,1.0,57.0,86.0,6.0
1651,2019-03-10 19:00:00,603.88,654.0,64.0,2.0,1.0,54.0,87.0,6.0
1652,2019-03-10 20:00:00,605.7,647.0,63.0,2.0,1.0,50.0,87.0,6.0
1653,2019-03-10 21:00:00,614.27,640.0,64.0,2.0,1.0,37.0,86.0,6.0
1654,2019-03-10 22:00:00,606.2,634.0,63.0,2.0,1.0,48.0,85.0,6.0
1655,2019-03-10 23:00:00,610.49,641.0,60.0,2.0,1.0,45.0,85.0,6.0
1656,2019-03-11 00:00:00,612.16,643.0,63.0,2.0,1.0,43.0,84.0,6.0
1657,2019-03-11 01:00:00,618.84,639.0,63.0,2.0,1.0,34.0,83.0,6.0
1658,2019-03-11 02:00:00,611.99,642.0,63.0,2.0,1.0,46.0,81.0,6.0
1659,2019-03-11 03:00:00,596.03,641.0,61.0,2.0,1.0,66.0,84.0,6.0
1660,2019-03-11 04:00:00,592.97,631.0,60.0,2.0,1.0,69.0,83.0,6.0
1661,2019-03-11 05:00:00,588.22,628.0,60.0,2.0,1.0,75.0,83.0,6.0
1662,2019-03-11 06:00:00,579.49,619.0,63.0,2.0,1.0,85.0,82.0,6.0
1663,2019-03-11 07:00:00,578.77,622.0,63.0,2.0,1.0,87.0,82.0,6.0
1664,2019-03-11 08:00:00,577.59,642.0,66.0,2.0,1.0,92.0,84.0,6.0
1665,2019-03-11 09:00:00,575.43,644.0,66.0,2.0,1.0,95.0,85.0,6.0
1666,2019-03-11 10:00:00,572.24,647.0,66.0,2.0,1.0,101.0,85.0,6.0
1667,2019-03-11 11:00:00,563.91,640.0,63.0,2.0,1.0,111.0,87.0,6.0
1668,2019-03-11 12:00:00,573.14,642.0,63.0,2.0,1.0,98.0,86.0,6.0
1669,2019-03-11 13:00:00,579.84,640.0,63.0,2.0,1.0,92.0,81.0,6.0
1670,2019-03-11 14:00:00,563.09,642.0,66.0,2.0,1.0,115.0,84.0,6.0
1671,2019-03-11 15:00:00,559.58,625.0,65.0,2.0,1.0,116.0,83.0,6.0
1672,2019-03-11 16:00:00,552.03,611.0,65.0,2.0,1.0,122.0,84.0,6.0
1673,2019-03-11 17:00:00,554.68,618.0,60.0,2.0,1.0,122.0,84.0,6.0
1674,2019-03-11 18:00:00,559.01,615.0,60.0,2.0,1.0,114.0,84.0,6.0
1675,2019-03-11 19:00:00,560.14,634.0,60.0,2.0,1.0,119.0,84.0,6.0
1676,2019-03-11 20:00:00,573.63,640.0,59.0,2.0,1.0,99.0,85.0,6.0
1677,2019-03-11 21:00:00,572.81,633.0,59.0,2.0,1.0,100.0,83.0,6.0
1678,2019-03-11 22:00:00,587.66,641.0,59.0,2.0,1.0,80.0,83.0,6.0
1679,2019-03-11 23:00:00,605.17,638.0,59.0,2.0,1.0,53.0,84.0,6.0
1680,2019-03-12 00:00:00,605.43,637.0,60.0,2.0,1.0,55.0,81.0,6.0
1681,2019-03-12 01:00:00,601.23,636.0,59.0,2.0,1.0,61.0,81.0,6.0
1682,2019-03-12 02:00:00,609.7,635.0,59.0,2.0,1.0,50.0,80.0,6.0
1683,2019-03-12 03:00:00,600.77,633.0,56.0,2.0,1.0,61.0,82.0,6.0
1684,2019-03-12 04:00:00,612.22,718.0,58.0,2.0,1.0,67.0,80.0,6.0
1685,2019-03-12 05:00:00,617.74,722.0,57.0,2.0,1.0,60.0,80.0,6.0
1686,2019-03-12 06:00:00,617.05,721.0,59.0,2.0,1.0,61.0,79.0,6.0
1687,2019-03-12 07:00:00,611.05,695.0,61.0,2.0,1.0,59.0,83.0,6.0
1688,2019-03-12 08:00:00,607.98,700.0,58.0,2.0,1.0,64.0,85.0,6.0
1689,2019-03-12 09:00:00,606.8,689.0,58.0,2.0,1.0,64.0,84.0,6.0
1690,2019-03-12 10:00:00,602.04,677.0,58.0,2.0,1.0,69.0,83.0,6.0
1691,2019-03-12 11:00:00,594.89,672.0,59.0,2.0,1.0,78.0,83.0,6.0
1692,2019-03-12 12:00:00,599.96,678.0,59.0,2.0,1.0,75.0,80.0,6.0
1693,2019-03-12 13:00:00,605.93,683.0,60.0,2.0,1.0,67.0,80.0,6.0
1694,2019-03-12 14:00:00,602.4,682.0,60.0,2.0,1.0,71.0,81.0,6.0
1695,2019-03-12 15:00:00,597.18,681.0,59.0,2.0,1.0,79.0,81.0,6.0
1696,2019-03-12 16:00:00,610.66,696.0,58.0,2.0,1.0,61.0,83.0,6.0
1697,2019-03-12 17:00:00,618.67,715.0,57.0,2.0,1.0,54.0,83.0,6.0
1698,2019-03-12 18:00:00,625.06,665.0,59.0,2.0,1.0,33.0,83.0,6.0
1699,2019-03-12 19:00:00,633.6,663.0,57.0,2.0,1.0,22.0,83.0,6.0
1700,2019-03-12 20:00:00,636.31,662.0,60.0,2.0,1.0,18.0,82.0,6.0
1701,2019-03-12 21:00:00,641.61,659.0,59.0,2.0,1.0,13.0,80.0,6.0
1702,2019-03-12 22:00:00,641.61,659.0,59.0,2.0,1.0,12.0,81.0,6.0
1703,2019-03-12 23:00:00,632.02,649.0,60.0,2.0,1.0,21.0,82.0,6.0
1704,2019-03-13 00:00:00,616.32,543.0,58.0,2.0,1.0,20.0,80.0,6.0
1705,2019-03-13 01:00:00,604.6,470.0,58.0,2.0,1.0,15.0,80.0,6.0
1706,2019-03-13 02:00:00,606.78,475.0,58.0,2.0,1.0,15.0,79.0,6.0
1707,2019-03-13 03:00:00,629.8,604.0,59.0,2.0,1.0,16.0,81.0,6.0
1708,2019-03-13 04:00:00,632.5,655.0,59.0,2.0,1.0,25.0,79.0,6.0
1709,2019-03-13 05:00:00,613.45,632.0,62.0,2.0,1.0,43.0,80.0,6.0
1710,2019-03-13 06:00:00,601.38,619.0,65.0,2.0,1.0,55.0,80.0,6.0
1711,2019-03-13 07:00:00,584.36,608.0,59.0,2.0,1.0,75.0,83.0,6.0
1712,2019-03-13 08:00:00,574.97,622.0,65.0,2.0,1.0,88.0,86.0,6.0
1713,2019-03-13 09:00:00,560.25,614.0,65.0,2.0,1.0,107.0,87.0,6.0
1714,2019-03-13 10:00:00,562.38,614.0,64.0,2.0,1.0,101.0,90.0,6.0
1715,2019-03-13 11:00:00,571.02,628.0,65.0,2.0,1.0,94.0,88.0,6.0
1716,2019-03-13 12:00:00,576.0,643.0,57.0,2.0,1.0,94.0,88.0,6.0
1717,2019-03-13 13:00:00,574.88,634.0,65.0,2.0,1.0,94.0,84.0,6.0
1718,2019-03-13 14:00:00,569.32,634.0,64.0,2.0,1.0,103.0,84.0,6.0
1719,2019-03-13 15:00:00,561.41,637.0,63.0,2.0,1.0,117.0,84.0,6.0
1720,2019-03-13 16:00:00,550.89,636.0,63.0,2.0,1.0,132.0,86.0,6.0
1721,2019-03-13 17:00:00,537.91,629.0,58.0,2.0,1.0,153.0,86.0,6.0
1722,2019-03-13 18:00:00,535.31,611.0,58.0,2.0,1.0,150.0,86.0,6.0
1723,2019-03-13 19:00:00,534.76,619.0,59.0,2.0,1.0,153.0,87.0,6.0
1724,2019-03-13 20:00:00,540.8,606.0,57.0,2.0,1.0,138.0,87.0,6.0
1725,2019-03-13 21:00:00,551.44,605.0,61.0,2.0,1.0,121.0,85.0,6.0
1726,2019-03-13 22:00:00,558.76,600.0,60.0,2.0,1.0,108.0,85.0,6.0
1727,2019-03-13 23:00:00,557.39,574.0,59.0,2.0,1.0,101.0,85.0,6.0
1728,2019-03-14 00:00:00,535.63,488.0,61.0,2.0,1.0,100.0,83.0,6.0
1729,2019-03-14 01:00:00,533.2,477.0,60.0,2.0,1.0,99.0,83.0,6.0
1730,2019-03-14 02:00:00,534.64,503.0,60.0,2.0,1.0,110.0,81.0,6.0
1731,2019-03-14 03:00:00,554.57,622.0,59.0,2.0,1.0,125.0,83.0,6.0
1732,2019-03-14 04:00:00,561.39,651.0,60.0,2.0,1.0,125.0,82.0,6.0
1733,2019-03-14 05:00:00,565.18,644.0,64.0,2.0,1.0,115.0,82.0,6.0
1734,2019-03-14 06:00:00,563.86,658.0,64.0,2.0,1.0,122.0,82.0,6.0
1735,2019-03-14 07:00:00,563.25,657.0,63.0,2.0,1.0,121.0,84.0,6.0
1736,2019-03-14 08:00:00,564.65,655.0,63.0,2.0,1.0,117.0,85.0,6.0
1737,2019-03-14 09:00:00,567.49,641.0,59.0,2.0,1.0,108.0,86.0,6.0
1738,2019-03-14 10:00:00,566.26,649.0,61.0,2.0,1.0,110.0,88.0,6.0
1739,2019-03-14 11:00:00,559.86,642.0,58.0,2.0,1.0,117.0,90.0,6.0
1740,2019-03-14 12:00:00,557.35,638.0,60.0,2.0,1.0,124.0,85.0,6.0
1741,2019-03-14 13:00:00,567.44,644.0,65.0,2.0,1.0,109.0,84.0,6.0
1742,2019-03-14 14:00:00,569.73,647.0,66.0,2.0,1.0,105.0,85.0,6.0
1743,2019-03-14 15:00:00,568.14,663.0,63.0,2.0,1.0,115.0,84.0,6.0
1744,2019-03-14 16:00:00,566.52,659.0,61.0,2.0,1.0,114.0,87.0,6.0
1745,2019-03-14 17:00:00,566.15,656.0,54.0,2.0,1.0,116.0,87.0,6.0
1746,2019-03-14 18:00:00,563.36,657.0,45.0,2.0,1.0,125.0,86.0,6.0
1747,2019-03-14 19:00:00,562.06,649.0,43.0,2.0,1.0,125.0,86.0,6.0
1748,2019-03-14 20:00:00,564.05,640.0,42.0,2.0,1.0,118.0,87.0,6.0
1749,2019-03-14 21:00:00,565.53,640.0,41.0,2.0,1.0,118.0,85.0,6.0
1750,2019-03-14 22:00:00,570.43,636.0,41.0,2.0,1.0,109.0,85.0,6.0
1751,2019-03-14 23:00:00,566.4,644.0,41.0,2.0,1.0,118.0,85.0,6.0
1752,2019-03-15 00:00:00,571.71,645.0,41.0,2.0,1.0,111.0,84.0,6.0
1753,2019-03-15 01:00:00,574.06,645.0,42.0,2.0,1.0,107.0,84.0,6.0
1754,2019-03-15 02:00:00,581.69,645.0,43.0,2.0,1.0,97.0,82.0,6.0
1755,2019-03-15 03:00:00,572.36,642.0,41.0,2.0,1.0,109.0,84.0,6.0
1756,2019-03-15 04:00:00,585.39,641.0,41.0,2.0,1.0,90.0,83.0,6.0
1757,2019-03-15 05:00:00,587.8,645.0,40.0,2.0,1.0,88.0,83.0,6.0
1758,2019-03-15 06:00:00,591.27,654.0,44.0,2.0,1.0,84.0,83.0,6.0
1759,2019-03-15 07:00:00,591.53,658.0,46.0,2.0,1.0,80.0,87.0,6.0
1760,2019-03-15 08:00:00,587.54,652.0,52.0,2.0,1.0,78.0,91.0,6.0
1761,2019-03-15 09:00:00,591.37,658.0,52.0,2.0,1.0,74.0,91.0,6.0
1762,2019-03-15 10:00:00,580.73,650.0,54.0,2.0,1.0,88.0,90.0,6.0
1763,2019-03-15 11:00:00,571.51,666.0,53.0,2.0,1.0,108.0,90.0,6.0
1764,2019-03-15 12:00:00,571.35,644.0,53.0,2.0,1.0,105.0,86.0,6.0
1765,2019-03-15 13:00:00,559.97,647.0,48.0,2.0,1.0,126.0,86.0,6.0
1766,2019-03-15 14:00:00,563.88,649.0,49.0,2.0,1.0,118.0,88.0,6.0
1767,2019-03-15 15:00:00,562.76,639.0,47.0,2.0,1.0,117.0,88.0,6.0
1768,2019-03-15 16:00:00,567.42,658.0,50.0,2.0,1.0,114.0,89.0,6.0
1769,2019-03-15 17:00:00,574.7,664.0,48.0,2.0,1.0,107.0,87.0,6.0
1770,2019-03-15 18:00:00,564.92,647.0,45.0,2.0,1.0,117.0,88.0,6.0
1771,2019-03-15 19:00:00,559.31,643.0,44.0,2.0,1.0,125.0,88.0,6.0
1772,2019-03-15 20:00:00,559.02,638.0,43.0,2.0,1.0,123.0,89.0,6.0
1773,2019-03-15 21:00:00,563.43,642.0,44.0,2.0,1.0,118.0,88.0,6.0
1774,2019-03-15 22:00:00,564.47,643.0,46.0,2.0,1.0,117.0,87.0,6.0
1775,2019-03-15 23:00:00,569.32,644.0,45.0,2.0,1.0,109.0,88.0,6.0
1776,2019-03-16 00:00:00,580.69,646.0,48.0,2.0,1.0,94.0,85.0,6.0
1777,2019-03-16 01:00:00,581.71,638.0,48.0,2.0,1.0,88.0,87.0,6.0
1778,2019-03-16 02:00:00,592.57,644.0,50.0,2.0,1.0,76.0,84.0,6.0
1779,2019-03-16 03:00:00,595.4,643.0,49.0,2.0,1.0,70.0,86.0,6.0
1780,2019-03-16 04:00:00,601.04,644.0,47.0,2.0,1.0,63.0,86.0,6.0
1781,2019-03-16 05:00:00,603.72,647.0,47.0,2.0,1.0,58.0,88.0,6.0
1782,2019-03-16 06:00:00,608.74,647.0,47.0,2.0,1.0,52.0,87.0,6.0
1783,2019-03-16 07:00:00,612.85,643.0,48.0,2.0,1.0,44.0,88.0,6.0
1784,2019-03-16 08:00:00,608.99,637.0,50.0,2.0,1.0,46.0,89.0,6.0
1785,2019-03-16 09:00:00,609.28,637.0,49.0,2.0,1.0,46.0,89.0,6.0
1786,2019-03-16 10:00:00,613.23,641.0,48.0,2.0,1.0,43.0,88.0,6.0
1787,2019-03-16 11:00:00,612.59,649.0,50.0,2.0,1.0,44.0,89.0,6.0
1788,2019-03-16 12:00:00,618.33,649.0,48.0,2.0,1.0,39.0,87.0,6.0
1789,2019-03-16 13:00:00,623.78,664.0,48.0,2.0,1.0,36.0,86.0,6.0
1790,2019-03-16 14:00:00,619.98,657.0,47.0,2.0,1.0,39.0,87.0,6.0
1791,2019-03-16 15:00:00,618.23,651.0,47.0,2.0,1.0,39.0,88.0,6.0
1792,2019-03-16 16:00:00,613.45,654.0,45.0,2.0,1.0,45.0,90.0,6.0
1793,2019-03-16 17:00:00,611.98,653.0,47.0,2.0,1.0,47.0,89.0,6.0
1794,2019-03-16 18:00:00,611.91,646.0,48.0,2.0,1.0,45.0,89.0,6.0
1795,2019-03-16 19:00:00,610.76,642.0,47.0,2.0,1.0,46.0,89.0,6.0
1796,2019-03-16 20:00:00,611.4,644.0,46.0,2.0,1.0,46.0,89.0,6.0
1797,2019-03-16 21:00:00,613.47,639.0,46.0,2.0,1.0,43.0,88.0,6.0
1798,2019-03-16 22:00:00,615.41,639.0,47.0,2.0,1.0,40.0,88.0,6.0
1799,2019-03-16 23:00:00,615.8,637.0,47.0,2.0,1.0,39.0,88.0,6.0
1800,2019-03-17 00:00:00,615.51,620.0,48.0,2.0,1.0,37.0,86.0,6.0
1801,2019-03-17 01:00:00,615.51,620.0,48.0,2.0,1.0,36.0,87.0,6.0
1802,2019-03-17 02:00:00,618.43,619.0,48.0,2.0,1.0,35.0,84.0,6.0
1803,2019-03-17 03:00:00,619.52,619.0,47.0,2.0,1.0,32.0,86.0,6.0
1804,2019-03-17 04:00:00,617.9,623.0,47.0,2.0,1.0,35.0,86.0,6.0
1805,2019-03-17 05:00:00,584.68,516.0,48.0,2.0,1.0,48.0,86.0,6.0
1806,2019-03-17 06:00:00,586.81,598.0,47.0,2.0,1.0,70.0,86.0,6.0
1807,2019-03-17 07:00:00,566.3,598.0,48.0,2.0,1.0,97.0,88.0,6.0
1808,2019-03-17 08:00:00,544.75,578.0,49.0,3.0,1.0,122.0,87.0,6.0
1809,2019-03-17 09:00:00,526.57,564.0,49.0,2.0,1.0,146.0,87.0,6.0
1810,2019-03-17 10:00:00,522.04,569.0,48.0,2.0,1.0,156.0,87.0,6.0
1811,2019-03-17 11:00:00,519.55,560.0,48.0,2.0,1.0,155.0,88.0,6.0
1812,2019-03-17 12:00:00,511.4,555.0,49.0,2.0,1.0,168.0,86.0,6.0
1813,2019-03-17 13:00:00,502.49,566.0,49.0,2.0,1.0,188.0,87.0,6.0
1814,2019-03-17 14:00:00,493.54,571.0,49.0,2.0,1.0,206.0,88.0,6.0
1815,2019-03-17 15:00:00,501.72,626.0,50.0,2.0,1.0,219.0,88.0,6.0
1816,2019-03-17 16:00:00,498.61,638.0,48.0,2.0,1.0,230.0,90.0,6.0
1817,2019-03-17 17:00:00,492.16,631.0,46.0,2.0,1.0,241.0,89.0,6.0
1818,2019-03-17 18:00:00,490.95,626.0,45.0,2.0,1.0,240.0,90.0,6.0
1819,2019-03-17 19:00:00,498.28,611.0,46.0,2.0,1.0,218.0,89.0,6.0
1820,2019-03-17 20:00:00,506.61,609.0,46.0,2.0,1.0,201.0,89.0,6.0
1821,2019-03-17 21:00:00,516.1,608.0,46.0,2.0,1.0,184.0,88.0,6.0
1822,2019-03-17 22:00:00,479.05,483.0,46.0,2.0,1.0,184.0,87.0,6.0
1823,2019-03-17 23:00:00,477.43,478.0,45.0,2.0,1.0,184.0,87.0,6.0
1824,2019-03-18 00:00:00,475.29,479.0,46.0,2.0,1.0,190.0,85.0,6.0
1825,2019-03-18 01:00:00,477.74,477.0,49.0,2.0,1.0,184.0,85.0,6.0
1826,2019-03-18 02:00:00,486.0,483.0,52.0,2.0,1.0,175.0,83.0,6.0
1827,2019-03-18 03:00:00,532.06,621.0,51.0,2.0,1.0,162.0,86.0,6.0
1828,2019-03-18 04:00:00,540.09,623.0,51.0,2.0,1.0,150.0,85.0,6.0
1829,2019-03-18 05:00:00,543.39,632.0,51.0,2.0,1.0,148.0,85.0,6.0
1830,2019-03-18 06:00:00,544.9,663.0,50.0,2.0,1.0,159.0,84.0,6.0
1831,2019-03-18 07:00:00,555.15,686.0,49.0,2.0,1.0,151.0,83.0,6.0
1832,2019-03-18 08:00:00,553.05,709.0,50.0,2.0,1.0,163.0,83.0,6.0
1833,2019-03-18 09:00:00,555.13,713.0,49.0,2.0,1.0,162.0,82.0,6.0
1834,2019-03-18 10:00:00,555.05,709.0,48.0,2.0,1.0,159.0,84.0,6.0
1835,2019-03-18 11:00:00,550.8,706.0,50.0,2.0,1.0,164.0,85.0,6.0
1836,2019-03-18 12:00:00,556.93,722.0,49.0,2.0,1.0,160.0,84.0,6.0
1837,2019-03-18 13:00:00,562.98,742.0,49.0,2.0,1.0,157.0,83.0,6.0
1838,2019-03-18 14:00:00,564.3,747.0,47.0,2.0,1.0,155.0,85.0,6.0
1839,2019-03-18 15:00:00,569.56,751.0,49.0,2.0,1.0,145.0,86.0,6.0
1840,2019-03-18 16:00:00,564.22,761.0,47.0,2.0,1.0,157.0,88.0,6.0
1841,2019-03-18 17:00:00,549.29,744.0,45.0,2.0,1.0,180.0,88.0,6.0
1842,2019-03-18 18:00:00,532.53,661.0,42.0,2.0,1.0,179.0,88.0,6.0
1843,2019-03-18 19:00:00,525.38,643.0,43.0,2.0,1.0,184.0,88.0,6.0
1844,2019-03-18 20:00:00,537.72,666.0,44.0,2.0,1.0,171.0,88.0,6.0
1845,2019-03-18 21:00:00,540.45,656.0,44.0,2.0,1.0,163.0,87.0,6.0
1846,2019-03-18 22:00:00,547.58,671.0,45.0,2.0,1.0,157.0,86.0,6.0
1847,2019-03-18 23:00:00,557.73,669.0,44.0,2.0,1.0,138.0,87.0,6.0
1848,2019-03-19 00:00:00,569.33,676.0,47.0,2.0,1.0,121.0,86.0,6.0
1849,2019-03-19 01:00:00,576.5,677.0,46.0,2.0,1.0,111.0,85.0,6.0
1850,2019-03-19 02:00:00,579.66,674.0,46.0,2.0,1.0,107.0,83.0,6.0
1851,2019-03-19 03:00:00,589.44,677.0,45.0,2.0,1.0,91.0,85.0,6.0
1852,2019-03-19 04:00:00,594.05,670.0,45.0,2.0,1.0,83.0,84.0,6.0
1853,2019-03-19 05:00:00,612.73,753.0,47.0,2.0,1.0,76.0,83.0,6.0
1854,2019-03-19 06:00:00,618.0,762.0,49.0,2.0,1.0,69.0,83.0,6.0
1855,2019-03-19 07:00:00,614.86,735.0,48.0,2.0,1.0,67.0,84.0,6.0
1856,2019-03-19 08:00:00,615.59,727.0,48.0,2.0,1.0,64.0,84.0,6.0
1857,2019-03-19 09:00:00,616.23,714.0,48.0,2.0,1.0,59.0,85.0,6.0
1858,2019-03-19 10:00:00,606.47,685.0,49.0,2.0,1.0,64.0,87.0,6.0
1859,2019-03-19 11:00:00,608.07,688.0,50.0,2.0,1.0,58.0,91.0,6.0
1860,2019-03-19 12:00:00,598.9,657.0,51.0,2.0,1.0,66.0,88.0,6.0
1861,2019-03-19 13:00:00,591.62,658.0,51.0,2.0,1.0,81.0,84.0,6.0
1862,2019-03-19 14:00:00,587.47,664.0,51.0,2.0,1.0,89.0,84.0,6.0
1863,2019-03-19 15:00:00,589.53,661.0,51.0,2.0,1.0,84.0,85.0,6.0
1864,2019-03-19 16:00:00,599.48,711.0,50.0,2.0,1.0,80.0,88.0,6.0
1865,2019-03-19 17:00:00,605.62,735.0,49.0,2.0,1.0,77.0,88.0,6.0
1866,2019-03-19 18:00:00,605.93,726.0,47.0,2.0,1.0,74.0,89.0,6.0
1867,2019-03-19 19:00:00,611.56,724.0,44.0,2.0,1.0,67.0,88.0,6.0
1868,2019-03-19 20:00:00,616.45,718.0,47.0,2.0,1.0,57.0,88.0,6.0
1869,2019-03-19 21:00:00,612.41,682.0,48.0,2.0,1.0,55.0,87.0,6.0
1870,2019-03-19 22:00:00,615.18,681.0,50.0,2.0,1.0,51.0,86.0,6.0
1871,2019-03-19 23:00:00,618.64,678.0,51.0,2.0,1.0,44.0,87.0,6.0
1872,2019-03-20 00:00:00,613.64,676.0,50.0,2.0,1.0,53.0,85.0,6.0
1873,2019-03-20 01:00:00,601.59,675.0,48.0,2.0,1.0,70.0,86.0,6.0
1874,2019-03-20 02:00:00,598.68,659.0,48.0,2.0,1.0,73.0,83.0,6.0
1875,2019-03-20 03:00:00,597.51,672.0,46.0,2.0,1.0,77.0,85.0,6.0
1876,2019-03-20 04:00:00,608.12,682.0,46.0,2.0,1.0,64.0,85.0,6.0
1877,2019-03-20 05:00:00,609.52,670.0,46.0,2.0,1.0,60.0,84.0,6.0
1878,2019-03-20 06:00:00,609.2,694.0,47.0,2.0,1.0,66.0,84.0,6.0
1879,2019-03-20 07:00:00,606.82,729.0,30.0,2.0,1.0,84.0,85.0,6.0
1880,2019-03-20 08:00:00,596.65,722.0,17.0,2.0,1.0,103.0,85.0,6.0
1881,2019-03-20 09:00:00,568.27,709.0,18.0,2.0,1.0,142.0,88.0,6.0
1882,2019-03-20 10:00:00,544.66,673.0,20.0,2.0,1.0,167.0,90.0,6.0
1883,2019-03-20 11:00:00,519.37,632.0,19.0,2.0,1.0,195.0,90.0,6.0
1884,2019-03-20 12:00:00,520.34,643.0,20.0,2.0,1.0,198.0,90.0,6.0
1885,2019-03-20 13:00:00,513.14,618.0,18.0,2.0,1.0,205.0,85.0,6.0
1886,2019-03-20 14:00:00,520.56,642.0,17.0,2.0,1.0,202.0,86.0,6.0
1887,2019-03-20 15:00:00,544.7,642.0,19.0,2.0,1.0,160.0,85.0,6.0
1888,2019-03-20 16:00:00,554.45,698.0,18.0,2.0,1.0,162.0,88.0,6.0
1889,2019-03-20 17:00:00,567.17,721.0,15.0,2.0,1.0,148.0,89.0,6.0
1890,2019-03-20 18:00:00,581.84,703.0,17.0,2.0,1.0,118.0,88.0,6.0
1891,2019-03-20 19:00:00,579.82,670.0,17.0,2.0,1.0,115.0,84.0,6.0
1892,2019-03-20 20:00:00,578.8,633.0,17.0,2.0,1.0,103.0,86.0,6.0
1893,2019-03-20 21:00:00,574.47,638.0,17.0,2.0,1.0,113.0,84.0,6.0
1894,2019-03-20 22:00:00,578.5,638.0,17.0,2.0,1.0,107.0,84.0,6.0
1895,2019-03-20 23:00:00,578.76,634.0,18.0,2.0,1.0,106.0,83.0,6.0
1896,2019-03-21 00:00:00,576.97,636.0,16.0,2.0,1.0,112.0,81.0,6.0
1897,2019-03-21 01:00:00,560.15,524.0,18.0,2.0,1.0,96.0,82.0,6.0
1898,2019-03-21 02:00:00,548.7,481.0,20.0,2.0,1.0,96.0,80.0,6.0
1899,2019-03-21 03:00:00,581.42,575.0,18.0,2.0,1.0,83.0,84.0,6.0
1900,2019-03-21 04:00:00,610.93,633.0,18.0,2.0,1.0,61.0,83.0,6.0
1901,2019-03-21 05:00:00,619.94,636.0,18.0,2.0,1.0,49.0,84.0,6.0
1902,2019-03-21 06:00:00,616.81,641.0,21.0,2.0,1.0,53.0,84.0,6.0
1903,2019-03-21 07:00:00,610.58,640.0,21.0,2.0,1.0,56.0,89.0,6.0
1904,2019-03-21 08:00:00,603.86,632.0,21.0,2.0,1.0,62.0,90.0,6.0
1905,2019-03-21 09:00:00,593.88,634.0,11.0,2.0,1.0,80.0,90.0,6.0
1906,2019-03-21 10:00:00,565.9,628.0,13.0,2.0,1.0,119.0,89.0,6.0
1907,2019-03-21 11:00:00,558.72,617.0,25.0,2.0,1.0,121.0,90.0,6.0
1908,2019-03-21 12:00:00,560.94,605.0,26.0,2.0,1.0,115.0,88.0,6.0
1909,2019-03-21 13:00:00,566.1,608.0,27.0,2.0,1.0,112.0,84.0,6.0
1910,2019-03-21 14:00:00,575.17,619.0,25.0,2.0,1.0,102.0,85.0,6.0
1911,2019-03-21 15:00:00,571.75,615.0,27.0,2.0,1.0,105.0,85.0,6.0
1912,2019-03-21 16:00:00,574.88,627.0,25.0,2.0,1.0,103.0,87.0,6.0
1913,2019-03-21 17:00:00,571.55,635.0,21.0,2.0,1.0,111.0,88.0,6.0
1914,2019-03-21 18:00:00,578.99,633.0,19.0,2.0,1.0,100.0,88.0,6.0
1915,2019-03-21 19:00:00,568.3,630.0,16.0,2.0,1.0,116.0,88.0,6.0
1916,2019-03-21 20:00:00,582.52,629.0,18.0,2.0,1.0,94.0,88.0,6.0
1917,2019-03-21 21:00:00,552.45,630.0,21.0,2.0,1.0,141.0,86.0,6.0
1918,2019-03-21 22:00:00,534.02,634.0,22.0,2.0,1.0,173.0,86.0,6.0
1919,2019-03-21 23:00:00,513.33,632.0,23.0,2.0,1.0,208.0,87.0,6.0
1920,2019-03-22 00:00:00,508.43,633.0,22.0,2.0,1.0,220.0,85.0,6.0
1921,2019-03-22 01:00:00,504.76,632.0,24.0,2.0,1.0,226.0,85.0,6.0
1922,2019-03-22 02:00:00,507.63,631.0,24.0,2.0,1.0,222.0,83.0,6.0
1923,2019-03-22 03:00:00,503.59,627.0,23.0,2.0,1.0,225.0,86.0,6.0
1924,2019-03-22 04:00:00,502.45,630.0,22.0,2.0,1.0,231.0,84.0,6.0
1925,2019-03-22 05:00:00,506.32,634.0,24.0,2.0,1.0,225.0,84.0,6.0
1926,2019-03-22 06:00:00,515.76,634.0,28.0,2.0,1.0,206.0,84.0,6.0
1927,2019-03-22 07:00:00,521.35,634.0,27.0,2.0,1.0,190.0,90.0,6.0
1928,2019-03-22 08:00:00,510.66,586.0,25.0,2.0,1.0,187.0,90.0,6.0
1929,2019-03-22 09:00:00,502.32,594.0,25.0,2.0,1.0,204.0,92.0,6.0
1930,2019-03-22 10:00:00,485.66,568.0,25.0,2.0,1.0,221.0,92.0,6.0
1931,2019-03-22 11:00:00,482.21,541.0,25.0,2.0,1.0,213.0,91.0,6.0
1932,2019-03-22 12:00:00,498.93,593.0,24.0,2.0,1.0,212.0,90.0,6.0
1933,2019-03-22 13:00:00,507.62,620.0,26.0,2.0,1.0,209.0,90.0,6.0
1934,2019-03-22 14:00:00,520.11,626.0,29.0,2.0,1.0,189.0,89.0,6.0
1935,2019-03-22 15:00:00,540.31,629.0,29.0,2.0,1.0,157.0,87.0,6.0
1936,2019-03-22 16:00:00,557.71,632.0,28.0,2.0,1.0,129.0,88.0,6.0
1937,2019-03-22 17:00:00,568.43,631.0,25.0,2.0,1.0,111.0,90.0,6.0
1938,2019-03-22 18:00:00,584.59,635.0,23.0,2.0,1.0,88.0,91.0,6.0
1939,2019-03-22 19:00:00,606.13,618.0,22.0,2.0,1.0,56.0,89.0,6.0
1940,2019-03-22 20:00:00,623.14,632.0,23.0,2.0,1.0,37.0,89.0,6.0
1941,2019-03-22 21:00:00,622.39,625.0,24.0,2.0,1.0,38.0,87.0,6.0
1942,2019-03-22 22:00:00,587.59,484.0,24.0,2.0,1.0,43.0,87.0,6.0
1943,2019-03-22 23:00:00,572.33,473.0,23.0,2.0,1.0,57.0,87.0,6.0
1944,2019-03-23 00:00:00,562.41,470.0,30.0,2.0,1.0,67.0,85.0,6.0
1945,2019-03-23 01:00:00,553.56,464.0,34.0,2.0,1.0,74.0,85.0,6.0
1946,2019-03-23 02:00:00,515.59,463.0,36.0,2.0,1.0,124.0,83.0,6.0
1947,2019-03-23 03:00:00,479.86,466.0,36.0,2.0,1.0,177.0,85.0,6.0
1948,2019-03-23 04:00:00,466.49,468.0,38.0,2.0,1.0,200.0,85.0,6.0
1949,2019-03-23 05:00:00,460.93,471.0,41.0,2.0,1.0,211.0,85.0,6.0
1950,2019-03-23 06:00:00,491.09,569.0,43.0,2.0,1.0,212.0,87.0,6.0
1951,2019-03-23 07:00:00,494.98,583.0,44.0,2.0,1.0,208.0,91.0,6.0
1952,2019-03-23 08:00:00,491.87,596.0,44.0,2.0,1.0,220.0,92.0,6.0
1953,2019-03-23 09:00:00,483.9,580.0,47.0,2.0,1.0,225.0,93.0,6.0
1954,2019-03-23 10:00:00,459.77,507.0,49.0,2.0,1.0,228.0,92.0,6.0
1955,2019-03-23 11:00:00,451.16,477.0,51.0,2.0,1.0,227.0,89.0,6.0
1956,2019-03-23 12:00:00,450.62,475.0,49.0,2.0,1.0,229.0,87.0,6.0
1957,2019-03-23 13:00:00,453.73,475.0,50.0,2.0,1.0,223.0,87.0,6.0
1958,2019-03-23 14:00:00,480.95,497.0,50.0,2.0,1.0,187.0,88.0,6.0
1959,2019-03-23 15:00:00,504.95,543.0,49.0,2.0,1.0,172.0,87.0,6.0
1960,2019-03-23 16:00:00,533.09,637.0,51.0,2.0,1.0,164.0,89.0,6.0
1961,2019-03-23 17:00:00,546.61,646.0,48.0,2.0,1.0,145.0,89.0,6.0
1962,2019-03-23 18:00:00,550.67,644.0,49.0,2.0,1.0,137.0,89.0,6.0
1963,2019-03-23 19:00:00,553.97,632.0,49.0,2.0,1.0,127.0,89.0,6.0
1964,2019-03-23 20:00:00,525.85,527.0,48.0,2.0,1.0,129.0,89.0,6.0
1965,2019-03-23 21:00:00,491.32,514.0,49.0,2.0,1.0,179.0,88.0,6.0
1966,2019-03-23 22:00:00,482.9,505.0,51.0,2.0,1.0,189.0,87.0,6.0
1967,2019-03-23 23:00:00,471.86,475.0,48.0,2.0,1.0,190.0,88.0,6.0
1968,2019-03-24 00:00:00,467.32,472.0,48.0,2.0,1.0,199.0,85.0,6.0
1969,2019-03-24 01:00:00,460.52,472.0,48.0,2.0,1.0,210.0,86.0,6.0
1970,2019-03-24 02:00:00,464.55,471.0,49.0,2.0,1.0,205.0,83.0,6.0
1971,2019-03-24 03:00:00,467.05,470.0,49.0,2.0,1.0,198.0,85.0,6.0
1972,2019-03-24 04:00:00,469.25,470.0,50.0,2.0,1.0,194.0,85.0,6.0
1973,2019-03-24 05:00:00,478.58,473.0,50.0,2.0,1.0,179.0,86.0,6.0
1974,2019-03-24 06:00:00,480.7,476.0,51.0,2.0,1.0,175.0,88.0,6.0
1975,2019-03-24 07:00:00,476.97,481.0,52.0,2.0,1.0,181.0,91.0,6.0
1976,2019-03-24 08:00:00,468.01,474.0,53.0,2.0,1.0,191.0,92.0,6.0
1977,2019-03-24 09:00:00,460.72,475.0,51.0,2.0,1.0,205.0,92.0,6.0
1978,2019-03-24 10:00:00,456.7,473.0,51.0,2.0,1.0,210.0,93.0,6.0
1979,2019-03-24 11:00:00,458.61,478.0,50.0,2.0,1.0,212.0,91.0,6.0
1980,2019-03-24 12:00:00,455.07,476.0,51.0,2.0,1.0,219.0,89.0,6.0
1981,2019-03-24 13:00:00,459.92,474.0,50.0,2.0,1.0,208.0,90.0,6.0
1982,2019-03-24 14:00:00,475.02,476.0,49.0,2.0,1.0,184.0,89.0,6.0
1983,2019-03-24 15:00:00,483.4,476.0,49.0,2.0,1.0,173.0,86.0,6.0
1984,2019-03-24 16:00:00,492.75,477.0,47.0,2.0,1.0,157.0,88.0,6.0
1985,2019-03-24 17:00:00,508.05,494.0,47.0,2.0,1.0,142.0,88.0,6.0
1986,2019-03-24 18:00:00,515.25,498.0,47.0,2.0,1.0,134.0,87.0,6.0
1987,2019-03-24 19:00:00,513.56,487.0,48.0,2.0,1.0,131.0,87.0,6.0
1988,2019-03-24 20:00:00,496.88,476.0,47.0,2.0,1.0,152.0,86.0,6.0
1989,2019-03-24 21:00:00,506.26,466.0,46.0,2.0,1.0,135.0,84.0,6.0
1990,2019-03-24 22:00:00,519.13,468.0,48.0,2.0,1.0,117.0,84.0,6.0
1991,2019-03-24 23:00:00,533.54,493.0,48.0,2.0,1.0,107.0,85.0,6.0
1992,2019-03-25 00:00:00,539.63,476.0,47.0,2.0,1.0,93.0,84.0,6.0
1993,2019-03-25 01:00:00,542.38,470.0,47.0,2.0,1.0,87.0,84.0,6.0
1994,2019-03-25 02:00:00,548.42,470.0,48.0,2.0,1.0,81.0,82.0,6.0
1995,2019-03-25 03:00:00,558.49,474.0,48.0,2.0,1.0,68.0,84.0,6.0
1996,2019-03-25 04:00:00,588.15,552.0,49.0,2.0,1.0,57.0,83.0,5.0
1997,2019-03-25 05:00:00,601.48,615.0,49.0,2.0,1.0,56.0,84.0,5.0
1998,2019-03-25 06:00:00,610.76,613.0,52.0,2.0,1.0,42.0,84.0,5.0
1999,2019-03-25 07:00:00,618.59,624.0,53.0,2.0,1.0,31.0,87.0,5.0
2000,2019-03-25 08:00:00,612.85,621.0,55.0,2.0,1.0,37.0,87.0,5.0
2001,2019-03-25 09:00:00,602.86,605.0,53.0,2.0,1.0,46.0,88.0,5.0
2002,2019-03-25 10:00:00,606.83,598.0,53.0,2.0,1.0,38.0,89.0,5.0
2003,2019-03-25 11:00:00,595.49,609.0,53.0,2.0,1.0,56.0,89.0,5.0
2004,2019-03-25 12:00:00,587.22,607.0,50.0,2.0,1.0,74.0,83.0,5.0
2005,2019-03-25 13:00:00,579.26,604.0,51.0,2.0,1.0,85.0,82.0,5.0
2006,2019-03-25 14:00:00,569.9,636.0,49.0,2.0,1.0,108.0,84.0,5.0
2007,2019-03-25 15:00:00,548.99,622.0,50.0,2.0,1.0,137.0,83.0,5.0
2008,2019-03-25 16:00:00,525.48,590.0,50.0,2.0,1.0,161.0,85.0,5.0
2009,2019-03-25 17:00:00,531.28,595.0,48.0,2.0,1.0,153.0,86.0,5.0
2010,2019-03-25 18:00:00,539.67,611.0,47.0,2.0,1.0,146.0,86.0,5.0
2011,2019-03-25 19:00:00,553.52,606.0,46.0,2.0,1.0,123.0,85.0,5.0
2012,2019-03-25 20:00:00,556.33,638.0,44.0,2.0,1.0,129.0,87.0,5.0
2013,2019-03-25 21:00:00,569.73,622.0,45.0,2.0,1.0,102.0,87.0,5.0
2014,2019-03-25 22:00:00,569.52,629.0,44.0,2.0,1.0,106.0,86.0,5.0
2015,2019-03-25 23:00:00,550.18,469.0,43.0,2.0,1.0,76.0,86.0,5.0
2016,2019-03-26 00:00:00,564.77,465.0,43.0,2.0,1.0,60.0,83.0,5.0
2017,2019-03-26 01:00:00,564.14,460.0,43.0,2.0,1.0,58.0,84.0,5.0
2018,2019-03-26 02:00:00,573.36,476.0,45.0,2.0,1.0,54.0,82.0,5.0
2019,2019-03-26 03:00:00,575.45,490.0,48.0,2.0,1.0,54.0,83.0,5.0
2020,2019-03-26 04:00:00,595.45,568.0,47.0,2.0,1.0,53.0,83.0,5.0
2021,2019-03-26 05:00:00,612.11,613.0,45.0,2.0,1.0,45.0,82.0,5.0
2022,2019-03-26 06:00:00,616.39,610.0,47.0,2.0,1.0,36.0,84.0,5.0
2023,2019-03-26 07:00:00,603.5,594.0,46.0,2.0,1.0,46.0,87.0,5.0
2024,2019-03-26 08:00:00,582.64,558.0,46.0,2.0,1.0,61.0,89.0,5.0
2025,2019-03-26 09:00:00,578.95,566.0,47.0,2.0,1.0,69.0,88.0,5.0
2026,2019-03-26 10:00:00,573.85,592.0,48.0,2.0,1.0,83.0,89.0,5.0
2027,2019-03-26 11:00:00,561.65,585.0,49.0,2.0,1.0,97.0,90.0,5.0
2028,2019-03-26 12:00:00,541.61,552.0,47.0,2.0,1.0,117.0,88.0,5.0
2029,2019-03-26 13:00:00,535.53,519.0,45.0,2.0,1.0,112.0,89.0,5.0
2030,2019-03-26 14:00:00,538.21,547.0,44.0,2.0,1.0,120.0,89.0,5.0
2031,2019-03-26 15:00:00,541.89,535.0,43.0,2.0,1.0,115.0,84.0,5.0
2032,2019-03-26 16:00:00,573.37,566.0,43.0,2.0,1.0,80.0,86.0,5.0
2033,2019-03-26 17:00:00,596.21,631.0,40.0,2.0,1.0,68.0,87.0,5.0
2034,2019-03-26 18:00:00,594.85,630.0,39.0,2.0,1.0,69.0,88.0,5.0
2035,2019-03-26 19:00:00,604.27,630.0,39.0,2.0,1.0,56.0,88.0,5.0
2036,2019-03-26 20:00:00,606.83,627.0,41.0,2.0,1.0,51.0,88.0,5.0
2037,2019-03-26 21:00:00,602.15,609.0,40.0,2.0,1.0,54.0,87.0,5.0
2038,2019-03-26 22:00:00,615.09,631.0,41.0,2.0,1.0,42.0,87.0,5.0
2039,2019-03-26 23:00:00,620.53,627.0,41.0,2.0,1.0,34.0,87.0,5.0
2040,2019-03-27 00:00:00,622.38,625.0,39.0,2.0,1.0,35.0,84.0,5.0
2041,2019-03-27 01:00:00,619.84,600.0,38.0,2.0,1.0,33.0,84.0,5.0
2042,2019-03-27 02:00:00,624.66,593.0,37.0,2.0,1.0,27.0,83.0,5.0
2043,2019-03-27 03:00:00,629.39,596.0,37.0,2.0,1.0,21.0,84.0,5.0
2044,2019-03-27 04:00:00,635.69,630.0,40.0,2.0,1.0,18.0,85.0,5.0
2045,2019-03-27 05:00:00,640.36,636.0,41.0,2.0,1.0,15.0,83.0,5.0
2046,2019-03-27 06:00:00,642.02,647.0,41.0,2.0,1.0,11.0,87.0,5.0
2047,2019-03-27 07:00:00,638.39,636.0,42.0,2.0,1.0,10.0,90.0,5.0
2048,2019-03-27 08:00:00,638.59,629.0,43.0,2.0,1.0,9.0,89.0,5.0
2049,2019-03-27 09:00:00,649.44,629.0,43.0,2.0,1.0,9.0,76.0,5.0
2050,2019-03-27 10:00:00,644.69,611.0,44.0,2.0,1.0,12.0,75.0,5.0
2051,2019-03-27 11:00:00,648.67,637.0,46.0,2.0,1.0,12.0,74.0,5.0
2052,2019-03-27 12:00:00,641.89,625.0,46.0,2.0,1.0,20.0,72.0,5.0
2053,2019-03-27 13:00:00,627.3,632.0,47.0,2.0,1.0,24.0,87.0,5.0
2054,2019-03-27 14:00:00,625.33,610.0,44.0,2.0,1.0,22.0,88.0,5.0
2055,2019-03-27 15:00:00,630.61,620.0,43.0,2.0,1.0,21.0,85.0,5.0
2056,2019-03-27 16:00:00,630.7,636.0,41.0,2.0,1.0,23.0,87.0,5.0
2057,2019-03-27 17:00:00,629.15,641.0,41.0,2.0,1.0,24.0,89.0,5.0
2058,2019-03-27 18:00:00,624.84,632.0,40.0,2.0,1.0,28.0,89.0,5.0
2059,2019-03-27 19:00:00,624.01,629.0,41.0,2.0,1.0,28.0,89.0,5.0
2060,2019-03-27 20:00:00,617.13,627.0,42.0,2.0,1.0,35.0,90.0,5.0
2061,2019-03-27 21:00:00,616.6,643.0,43.0,2.0,1.0,41.0,88.0,5.0
2062,2019-03-27 22:00:00,615.19,629.0,42.0,2.0,1.0,41.0,87.0,5.0
2063,2019-03-27 23:00:00,599.24,555.0,41.0,2.0,1.0,43.0,87.0,5.0
2064,2019-03-28 00:00:00,580.36,494.0,41.0,2.0,1.0,50.0,85.0,5.0
2065,2019-03-28 01:00:00,600.42,574.0,40.0,2.0,1.0,50.0,84.0,5.0
2066,2019-03-28 02:00:00,588.15,526.0,42.0,2.0,1.0,51.0,84.0,5.0
2067,2019-03-28 03:00:00,569.41,477.0,42.0,2.0,1.0,56.0,86.0,5.0
2068,2019-03-28 04:00:00,599.97,571.0,42.0,2.0,1.0,47.0,86.0,5.0
2069,2019-03-28 05:00:00,620.01,609.0,45.0,2.0,1.0,30.0,86.0,5.0
2070,2019-03-28 06:00:00,632.54,640.0,47.0,2.0,1.0,18.0,88.0,5.0
2071,2019-03-28 07:00:00,631.32,652.0,47.0,2.0,1.0,19.0,91.0,5.0
2072,2019-03-28 08:00:00,630.56,657.0,47.0,2.0,1.0,22.0,90.0,5.0
2073,2019-03-28 09:00:00,623.45,657.0,48.0,2.0,1.0,30.0,91.0,5.0
2074,2019-03-28 10:00:00,607.39,640.0,50.0,2.0,1.0,47.0,91.0,5.0
2075,2019-03-28 11:00:00,577.44,619.0,52.0,2.0,1.0,83.0,91.0,5.0
2076,2019-03-28 12:00:00,561.51,593.0,52.0,2.0,1.0,100.0,89.0,5.0
2077,2019-03-28 13:00:00,553.65,594.0,50.0,2.0,1.0,114.0,88.0,5.0
2078,2019-03-28 14:00:00,548.54,601.0,52.0,2.0,1.0,125.0,87.0,5.0
2079,2019-03-28 15:00:00,539.25,587.0,53.0,2.0,1.0,134.0,87.0,5.0
2080,2019-03-28 16:00:00,538.56,577.0,53.0,2.0,1.0,130.0,88.0,5.0
2081,2019-03-28 17:00:00,543.21,613.0,50.0,2.0,1.0,138.0,88.0,5.0
2082,2019-03-28 18:00:00,526.92,610.0,48.0,2.0,1.0,164.0,89.0,5.0
2083,2019-03-28 19:00:00,490.68,480.0,46.0,2.0,1.0,161.0,89.0,5.0
2084,2019-03-28 20:00:00,494.69,469.0,45.0,2.0,1.0,148.0,90.0,5.0
2085,2019-03-28 21:00:00,512.36,473.0,44.0,2.0,1.0,126.0,88.0,5.0
2086,2019-03-28 22:00:00,521.06,489.0,44.0,2.0,1.0,122.0,87.0,5.0
2087,2019-03-28 23:00:00,527.41,492.0,45.0,2.0,1.0,114.0,87.0,5.0
2088,2019-03-29 00:00:00,527.8,466.0,45.0,2.0,1.0,105.0,84.0,5.0
2089,2019-03-29 01:00:00,530.5,466.0,43.0,2.0,1.0,102.0,84.0,5.0
2090,2019-03-29 02:00:00,529.95,515.0,43.0,2.0,1.0,125.0,83.0,5.0
2091,2019-03-29 03:00:00,511.55,485.0,44.0,2.0,1.0,136.0,85.0,5.0
2092,2019-03-29 04:00:00,499.57,489.0,45.0,2.0,1.0,156.0,85.0,5.0
2093,2019-03-29 05:00:00,509.87,484.0,44.0,2.0,1.0,138.0,85.0,5.0
2094,2019-03-29 06:00:00,546.7,597.0,47.0,2.0,1.0,129.0,86.0,5.0
2095,2019-03-29 07:00:00,519.38,592.0,48.0,2.0,1.0,170.0,88.0,5.0
2096,2019-03-29 08:00:00,476.38,511.0,46.0,2.0,1.0,202.0,90.0,5.0
2097,2019-03-29 09:00:00,479.54,515.0,49.0,2.0,1.0,198.0,90.0,5.0
2098,2019-03-29 10:00:00,465.18,481.0,49.0,2.0,1.0,202.0,91.0,5.0
2099,2019-03-29 11:00:00,463.35,489.0,51.0,2.0,1.0,211.0,90.0,5.0
2100,2019-03-29 12:00:00,469.15,483.0,50.0,2.0,1.0,198.0,89.0,5.0
2101,2019-03-29 13:00:00,477.43,487.0,50.0,2.0,1.0,185.0,90.0,5.0
2102,2019-03-29 14:00:00,480.42,482.0,50.0,2.0,1.0,179.0,88.0,5.0
2103,2019-03-29 15:00:00,501.3,503.0,47.0,2.0,1.0,158.0,87.0,5.0
2104,2019-03-29 16:00:00,500.47,486.0,49.0,2.0,1.0,148.0,89.0,5.0
2105,2019-03-29 17:00:00,510.71,502.0,46.0,2.0,1.0,142.0,88.0,5.0
2106,2019-03-29 18:00:00,519.08,497.0,46.0,2.0,1.0,128.0,87.0,5.0
2107,2019-03-29 19:00:00,519.75,484.0,46.0,2.0,1.0,122.0,86.0,5.0
2108,2019-03-29 20:00:00,533.56,480.0,46.0,2.0,1.0,110.0,77.0,5.0
2109,2019-03-29 21:00:00,525.89,482.0,44.0,2.0,1.0,126.0,73.0,5.0
2110,2019-03-29 22:00:00,519.21,490.0,41.0,2.0,1.0,141.0,72.0,5.0
2111,2019-03-29 23:00:00,513.98,494.0,43.0,2.0,1.0,150.0,72.0,5.0
2112,2019-03-30 00:00:00,518.86,492.0,46.0,2.0,1.0,143.0,70.0,5.0
2113,2019-03-30 01:00:00,504.48,471.0,46.0,2.0,1.0,153.0,71.0,5.0
2114,2019-03-30 02:00:00,512.77,468.0,44.0,2.0,1.0,141.0,70.0,5.0
2115,2019-03-30 03:00:00,523.79,485.0,45.0,2.0,1.0,131.0,72.0,5.0
2116,2019-03-30 04:00:00,534.35,492.0,46.0,2.0,1.0,121.0,70.0,5.0
2117,2019-03-30 05:00:00,549.63,529.0,45.0,2.0,1.0,115.0,70.0,5.0
2118,2019-03-30 06:00:00,554.04,523.0,44.0,2.0,1.0,103.0,74.0,5.0
2119,2019-03-30 07:00:00,562.63,495.0,46.0,2.0,1.0,78.0,77.0,5.0
2120,2019-03-30 08:00:00,569.09,479.0,45.0,2.0,1.0,65.0,77.0,5.0
2121,2019-03-30 09:00:00,592.52,499.0,45.0,2.0,1.0,44.0,77.0,5.0
2122,2019-03-30 10:00:00,587.82,490.0,47.0,2.0,1.0,45.0,78.0,5.0
2123,2019-03-30 11:00:00,578.05,485.0,49.0,2.0,1.0,55.0,77.0,5.0
2124,2019-03-30 12:00:00,559.38,465.0,47.0,2.0,1.0,72.0,76.0,5.0
2125,2019-03-30 13:00:00,550.9,459.0,47.0,2.0,1.0,79.0,77.0,5.0
2126,2019-03-30 14:00:00,560.08,458.0,46.0,2.0,1.0,69.0,76.0,5.0
2127,2019-03-30 15:00:00,569.62,458.0,46.0,2.0,1.0,60.0,74.0,5.0
2128,2019-03-30 16:00:00,567.69,485.0,47.0,2.0,1.0,69.0,76.0,5.0
2129,2019-03-30 17:00:00,561.12,499.0,44.0,2.0,1.0,83.0,76.0,5.0
2130,2019-03-30 18:00:00,544.55,500.0,44.0,2.0,1.0,105.0,76.0,5.0
2131,2019-03-30 19:00:00,504.0,478.0,47.0,2.0,1.0,152.0,76.0,5.0
2132,2019-03-30 20:00:00,486.35,468.0,47.0,2.0,1.0,174.0,76.0,5.0
2133,2019-03-30 21:00:00,502.68,456.0,46.0,2.0,1.0,145.0,74.0,5.0
2134,2019-03-30 22:00:00,501.85,460.0,47.0,2.0,1.0,149.0,73.0,5.0
2135,2019-03-30 23:00:00,493.23,475.0,47.0,2.0,1.0,171.0,72.0,5.0
2136,2019-03-31 00:00:00,496.89,465.0,47.0,2.0,1.0,160.0,72.0,5.0
2137,2019-03-31 01:00:00,485.31,466.0,45.0,2.0,1.0,181.0,70.0,5.0
2138,2019-03-31 02:00:00,501.97,464.3333333333333,44.66666666666666,2.0,1.0,155.66666666666666,69.0,5.0
2139,2019-03-31 03:00:00,531.76,516.7777777777777,44.888888888888886,2.0,1.0,136.55555555555554,69.0,5.0
2140,2019-03-31 04:00:00,543.72,537.6944444444445,45.47222222222222,2.0,1.0,127.13888888888889,69.5,5.0
2141,2019-03-31 05:00:00,506.01,469.0,45.0,2.0,1.0,148.0,73.0,5.0
2142,2019-03-31 06:00:00,536.95,483.0,45.0,2.0,1.0,111.0,73.0,5.0
2143,2019-03-31 07:00:00,565.97,544.0,45.0,2.0,1.0,93.0,75.0,5.0
2144,2019-03-31 08:00:00,552.41,565.0,44.0,2.0,1.0,118.0,77.0,5.0
2145,2019-03-31 09:00:00,510.69,471.0,42.0,3.0,1.0,139.0,76.0,5.0
2146,2019-03-31 10:00:00,501.94,467.0,45.0,2.0,1.0,149.0,77.0,5.0
2147,2019-03-31 11:00:00,502.78,468.0,46.0,2.0,1.0,149.0,76.0,5.0
2148,2019-03-31 12:00:00,493.72,469.0,47.0,2.0,1.0,164.0,75.0,5.0
2149,2019-03-31 13:00:00,502.96,468.0,45.0,2.0,1.0,156.0,69.0,5.0
2150,2019-03-31 14:00:00,491.2,466.0,44.0,2.0,1.0,173.0,69.0,5.0
2151,2019-03-31 15:00:00,484.34,466.0,43.0,2.0,1.0,185.0,68.0,5.0
2152,2019-03-31 16:00:00,492.13,476.0,40.0,2.0,1.0,177.0,70.0,5.0
2153,2019-03-31 17:00:00,504.81,494.0,39.0,2.0,1.0,167.0,70.0,5.0
2154,2019-03-31 18:00:00,525.52,532.0,40.0,2.0,1.0,153.0,70.0,5.0
2155,2019-03-31 19:00:00,516.06,522.0,40.0,2.0,1.0,163.0,70.0,5.0
2156,2019-03-31 20:00:00,506.6,524.0,40.0,2.0,1.0,179.0,70.0,5.0
2157,2019-03-31 21:00:00,512.14,496.0,42.0,2.0,1.0,158.0,68.0,5.0
2158,2019-03-31 22:00:00,500.2,460.0,41.0,2.0,1.0,159.0,67.0,5.0
2159,2019-03-31 23:00:00,494.43,458.0,43.0,2.0,1.0,168.0,65.0,5.0
2160,2019-04-01 00:00:00,496.94,458.0,44.0,2.0,1.0,164.0,65.0,5.0
2161,2019-04-01 01:00:00,500.06,452.0,45.0,2.0,1.0,157.0,64.0,5.0
2162,2019-04-01 02:00:00,508.79,459.0,45.0,2.0,1.0,145.0,67.0,5.0
2163,2019-04-01 03:00:00,564.99,601.0,45.0,2.0,1.0,123.0,66.0,5.0
2164,2019-04-01 04:00:00,593.05,673.0,46.0,2.0,1.0,103.0,66.0,5.0
2165,2019-04-01 05:00:00,612.87,737.0,47.0,2.0,1.0,87.0,68.0,5.0
2166,2019-04-01 06:00:00,626.88,735.0,48.0,2.0,1.0,62.0,71.0,5.0
2167,2019-04-01 07:00:00,628.92,733.0,47.0,2.0,1.0,58.0,72.0,5.0
2168,2019-04-01 08:00:00,632.09,743.0,48.0,2.0,1.0,58.0,69.0,5.0
2169,2019-04-01 09:00:00,636.44,746.0,51.0,2.0,1.0,61.0,59.0,5.0
2170,2019-04-01 10:00:00,626.75,738.0,50.0,2.0,1.0,79.0,54.0,5.0
2171,2019-04-01 11:00:00,615.78,716.0,46.0,2.0,1.0,94.0,52.0,5.0
2172,2019-04-01 12:00:00,598.47,609.0,45.0,2.0,1.0,95.0,49.0,5.0
2173,2019-04-01 13:00:00,600.45,619.0,45.0,2.0,1.0,96.0,48.0,5.0
2174,2019-04-01 14:00:00,624.58,720.0,41.0,2.0,1.0,87.0,49.0,5.0
2175,2019-04-01 15:00:00,629.05,738.0,44.0,2.0,1.0,84.0,48.0,6.0
2176,2019-04-01 16:00:00,634.71,740.0,42.0,2.0,1.0,76.0,49.0,6.0
2177,2019-04-01 17:00:00,640.06,718.0,38.0,2.0,1.0,66.0,49.0,5.0
2178,2019-04-01 18:00:00,643.56,731.0,37.0,2.0,1.0,62.0,51.0,5.0
2179,2019-04-01 19:00:00,622.13,656.0,37.0,2.0,1.0,69.0,58.0,5.0
2180,2019-04-01 20:00:00,617.68,624.0,36.0,2.0,1.0,66.0,60.0,5.0
2181,2019-04-01 21:00:00,594.22,526.0,36.0,2.0,1.0,69.0,61.0,5.0
2182,2019-04-01 22:00:00,593.25,505.0,34.0,2.0,1.0,66.0,60.0,5.0
2183,2019-04-01 23:00:00,589.74,505.0,34.0,2.0,1.0,71.0,59.0,5.0
2184,2019-04-02 00:00:00,590.3,512.0,35.0,2.0,1.0,72.0,59.0,5.0
2185,2019-04-02 01:00:00,586.84,514.0,34.0,2.0,1.0,78.0,58.0,5.0
2186,2019-04-02 02:00:00,579.06,511.0,35.0,2.0,1.0,84.0,60.0,5.0
2187,2019-04-02 03:00:00,582.28,529.0,34.0,2.0,1.0,86.0,60.0,5.0
2188,2019-04-02 04:00:00,617.78,668.0,36.0,2.0,1.0,76.0,60.0,5.0
2189,2019-04-02 05:00:00,627.66,671.0,44.0,2.0,1.0,59.0,61.0,5.0
2190,2019-04-02 06:00:00,634.91,703.0,60.0,2.0,1.0,46.0,64.0,5.0
2191,2019-04-02 07:00:00,638.76,706.0,63.0,2.0,1.0,38.0,66.0,5.0
2192,2019-04-02 08:00:00,622.38,641.0,65.0,2.0,1.0,47.0,65.0,5.0
2193,2019-04-02 09:00:00,607.0,597.0,67.0,2.0,1.0,56.0,65.0,6.0
2194,2019-04-02 10:00:00,602.13,571.0,66.0,2.0,1.0,55.0,66.0,6.0
2195,2019-04-02 11:00:00,614.81,566.0,66.0,2.0,1.0,40.0,64.0,6.0
2196,2019-04-02 12:00:00,603.77,508.0,65.0,2.0,1.0,39.0,64.0,6.0
2197,2019-04-02 13:00:00,602.56,511.0,68.0,2.0,1.0,40.0,64.0,6.0
2198,2019-04-02 14:00:00,623.86,622.0,67.0,2.0,1.0,41.0,64.0,6.0
2199,2019-04-02 15:00:00,626.13,615.0,66.0,2.0,1.0,38.0,63.0,6.0
2200,2019-04-02 16:00:00,636.4,651.0,62.0,2.0,1.0,34.0,63.0,5.0
2201,2019-04-02 17:00:00,623.53,625.0,60.0,2.0,1.0,47.0,62.0,5.0
2202,2019-04-02 18:00:00,604.16,636.0,64.0,2.0,1.0,74.0,62.0,5.0
2203,2019-04-02 19:00:00,576.24,583.0,64.0,2.0,1.0,98.0,62.0,5.0
2204,2019-04-02 20:00:00,537.55,484.0,63.0,2.0,1.0,118.0,60.0,5.0
2205,2019-04-02 21:00:00,530.01,480.0,62.0,2.0,1.0,127.0,60.0,5.0
2206,2019-04-02 22:00:00,525.99,477.0,63.0,2.0,1.0,130.0,61.0,5.0
2207,2019-04-02 23:00:00,510.77,479.0,63.0,2.0,1.0,153.0,61.0,5.0
2208,2019-04-03 00:00:00,503.67,480.0,64.0,2.0,1.0,160.0,65.0,5.0
2209,2019-04-03 01:00:00,494.89,486.0,64.0,2.0,1.0,164.0,78.0,5.0
2210,2019-04-03 02:00:00,491.71,482.0,64.0,2.0,1.0,163.0,82.0,5.0
2211,2019-04-03 03:00:00,507.65,527.0,65.0,2.0,1.0,161.0,81.0,5.0
2212,2019-04-03 04:00:00,533.83,619.0,64.0,2.0,1.0,158.0,82.0,5.0
2213,2019-04-03 05:00:00,548.52,624.0,64.0,2.0,1.0,135.0,82.0,5.0
2214,2019-04-03 06:00:00,574.38,642.0,66.0,2.0,1.0,96.0,85.0,5.0
2215,2019-04-03 07:00:00,577.78,625.0,67.0,2.0,1.0,84.0,86.0,5.0
2216,2019-04-03 08:00:00,567.09,619.0,68.0,2.0,1.0,97.0,87.0,5.0
2217,2019-04-03 09:00:00,538.78,617.0,66.0,2.0,1.0,142.0,88.0,5.0
2218,2019-04-03 10:00:00,528.01,587.0,68.0,2.0,1.0,148.0,87.0,5.0
2219,2019-04-03 11:00:00,540.67,606.0,67.0,2.0,1.0,137.0,85.0,5.0
2220,2019-04-03 12:00:00,547.88,609.0,68.0,2.0,1.0,127.0,84.0,6.0
2221,2019-04-03 13:00:00,546.89,604.0,67.0,2.0,1.0,125.0,86.0,6.0
2222,2019-04-03 14:00:00,553.62,608.0,66.0,2.0,1.0,117.0,85.0,6.0
2223,2019-04-03 15:00:00,563.0,614.0,67.0,2.0,1.0,105.0,84.0,6.0
2224,2019-04-03 16:00:00,569.49,613.0,66.0,2.0,1.0,94.0,85.0,6.0
2225,2019-04-03 17:00:00,562.27,624.0,66.0,2.0,1.0,109.0,85.0,6.0
2226,2019-04-03 18:00:00,544.01,619.0,66.0,2.0,1.0,139.0,83.0,6.0
2227,2019-04-03 19:00:00,537.87,630.0,66.0,2.0,1.0,154.0,83.0,6.0
2228,2019-04-03 20:00:00,513.72,571.0,66.0,2.0,1.0,172.0,81.0,6.0
2229,2019-04-03 21:00:00,475.41,473.0,65.0,2.0,1.0,186.0,81.0,6.0
2230,2019-04-03 22:00:00,472.15,472.0,65.0,2.0,1.0,192.0,80.0,6.0
2231,2019-04-03 23:00:00,478.13,472.0,64.0,2.0,1.0,183.0,79.0,6.0
2232,2019-04-04 00:00:00,485.62,475.0,65.0,2.0,1.0,169.0,82.0,6.0
2233,2019-04-04 01:00:00,493.13,473.0,64.0,2.0,1.0,155.0,83.0,6.0
2234,2019-04-04 02:00:00,499.66,473.0,63.0,2.0,1.0,143.0,85.0,6.0
2235,2019-04-04 03:00:00,535.0,573.0,63.0,2.0,1.0,135.0,84.0,6.0
2236,2019-04-04 04:00:00,541.75,603.0,64.0,2.0,1.0,135.0,85.0,6.0
2237,2019-04-04 05:00:00,564.71,612.0,66.0,2.0,1.0,101.0,85.0,6.0
2238,2019-04-04 06:00:00,593.79,654.0,66.0,2.0,1.0,67.0,88.0,6.0
2239,2019-04-04 07:00:00,540.53,423.0,67.0,2.0,1.0,58.0,90.0,6.0
2240,2019-04-04 08:00:00,542.87,440.0,67.0,2.0,1.0,62.0,90.0,6.0
2241,2019-04-04 09:00:00,539.51,509.0,65.0,2.0,1.0,96.0,89.0,6.0
2242,2019-04-04 10:00:00,509.89,457.0,69.0,2.0,1.0,115.0,88.0,6.0
2243,2019-04-04 11:00:00,513.39,441.0,70.0,2.0,1.0,103.0,87.0,6.0
2244,2019-04-04 12:00:00,543.88,490.0,69.0,2.0,1.0,83.0,87.0,6.0
2245,2019-04-04 13:00:00,559.92,496.0,69.0,2.0,1.0,63.0,88.0,6.0
2246,2019-04-04 14:00:00,570.12,503.0,70.0,2.0,1.0,52.0,88.0,6.0
2247,2019-04-04 15:00:00,573.64,492.0,70.0,2.0,1.0,44.0,88.0,6.0
2248,2019-04-04 16:00:00,582.51,494.0,67.0,2.0,1.0,35.0,88.0,6.0
2249,2019-04-04 17:00:00,582.69,512.0,65.0,2.0,1.0,40.0,89.0,6.0
2250,2019-04-04 18:00:00,568.85,493.0,65.0,2.0,1.0,51.0,89.0,6.0
2251,2019-04-04 19:00:00,564.59,494.0,67.0,2.0,1.0,57.0,88.0,6.0
2252,2019-04-04 20:00:00,542.9,491.0,65.0,2.0,1.0,86.0,87.0,6.0
2253,2019-04-04 21:00:00,506.8,417.0,63.0,2.0,1.0,103.0,86.0,5.0
2254,2019-04-04 22:00:00,497.63,418.0,63.0,2.0,1.0,116.0,86.0,5.0
2255,2019-04-04 23:00:00,494.39,417.0,63.0,2.0,1.0,122.0,84.0,5.0
2256,2019-04-05 00:00:00,505.16,415.0,60.0,2.0,1.0,107.0,84.0,5.0
2257,2019-04-05 01:00:00,522.63,415.0,65.0,2.0,1.0,84.0,83.0,5.0
2258,2019-04-05 02:00:00,532.27,417.0,65.0,2.0,1.0,70.0,86.0,5.0
2259,2019-04-05 03:00:00,534.75,417.0,65.0,2.0,1.0,68.0,85.0,5.0
2260,2019-04-05 04:00:00,541.53,423.0,63.0,2.0,1.0,63.0,85.0,5.0
2261,2019-04-05 05:00:00,557.7,444.0,66.0,2.0,1.0,51.0,85.0,5.0
2262,2019-04-05 06:00:00,575.33,439.0,67.0,2.0,1.0,26.0,88.0,5.0
2263,2019-04-05 07:00:00,594.22,481.0,69.0,2.0,1.0,15.0,90.0,5.0
2264,2019-04-05 08:00:00,594.49,493.0,69.0,2.0,1.0,19.0,89.0,6.0
2265,2019-04-05 09:00:00,578.66,472.0,69.0,2.0,1.0,30.0,90.0,6.0
2266,2019-04-05 10:00:00,566.7,453.0,68.0,2.0,1.0,38.0,90.0,6.0
2267,2019-04-05 11:00:00,556.95,415.0,70.0,2.0,1.0,36.0,89.0,6.0
2268,2019-04-05 12:00:00,576.35,473.0,69.0,2.0,1.0,33.0,90.0,6.0
2269,2019-04-05 13:00:00,580.75,481.0,70.0,2.0,1.0,29.0,91.0,6.0
2270,2019-04-05 14:00:00,586.27,479.0,70.0,2.0,1.0,24.0,89.0,6.0
2271,2019-04-05 15:00:00,582.5,468.0,70.0,2.0,1.0,25.0,89.0,6.0
2272,2019-04-05 16:00:00,575.16,484.0,66.0,2.0,1.0,39.0,90.0,6.0
2273,2019-04-05 17:00:00,567.45,479.0,65.0,2.0,1.0,47.0,90.0,6.0
2274,2019-04-05 18:00:00,562.76,474.0,65.0,2.0,1.0,51.0,90.0,6.0
2275,2019-04-05 19:00:00,543.47,473.0,65.0,2.0,1.0,76.0,89.0,5.0
2276,2019-04-05 20:00:00,516.7,477.0,64.0,2.0,1.0,115.0,89.0,5.0
2277,2019-04-05 21:00:00,510.11,472.0,65.0,2.0,1.0,123.0,88.0,5.0
2278,2019-04-05 22:00:00,502.96,470.0,64.0,2.0,1.0,135.0,86.0,5.0
2279,2019-04-05 23:00:00,514.36,474.0,64.0,2.0,1.0,121.0,85.0,5.0
2280,2019-04-06 00:00:00,531.05,514.0,66.0,2.0,1.0,115.0,84.0,5.0
2281,2019-04-06 01:00:00,528.1,476.0,65.0,2.0,1.0,104.0,83.0,5.0
2282,2019-04-06 02:00:00,547.96,526.0,64.0,2.0,1.0,95.0,85.0,5.0
2283,2019-04-06 03:00:00,542.27,494.0,65.0,2.0,1.0,88.0,87.0,5.0
2284,2019-04-06 04:00:00,551.76,496.0,65.0,2.0,1.0,76.0,87.0,5.0
2285,2019-04-06 05:00:00,562.28,498.0,65.0,2.0,1.0,62.0,88.0,5.0
2286,2019-04-06 06:00:00,585.2,490.0,66.0,2.0,1.0,29.0,90.0,5.0
2287,2019-04-06 07:00:00,594.36,504.0,67.0,2.0,1.0,20.0,92.0,5.0
2288,2019-04-06 08:00:00,584.32,531.0,67.0,2.0,1.0,40.0,92.0,5.0
2289,2019-04-06 09:00:00,565.56,486.0,67.0,2.0,1.0,49.0,92.0,5.0
2290,2019-04-06 10:00:00,567.41,478.0,67.0,2.0,1.0,44.0,92.0,5.0
2291,2019-04-06 11:00:00,559.98,472.0,67.0,2.0,1.0,53.0,90.0,5.0
2292,2019-04-06 12:00:00,565.23,479.0,67.0,2.0,1.0,48.0,91.0,5.0
2293,2019-04-06 13:00:00,571.85,473.0,67.0,2.0,1.0,39.0,90.0,5.0
2294,2019-04-06 14:00:00,581.87,487.0,66.0,2.0,1.0,32.0,90.0,5.0
2295,2019-04-06 15:00:00,588.78,518.0,66.0,2.0,1.0,34.0,89.0,5.0
2296,2019-04-06 16:00:00,592.32,553.0,65.0,2.0,1.0,40.0,89.0,5.0
2297,2019-04-06 17:00:00,596.43,561.0,65.0,2.0,1.0,36.0,90.0,5.0
2298,2019-04-06 18:00:00,600.3,593.0,64.0,2.0,1.0,41.0,89.0,5.0
2299,2019-04-06 19:00:00,592.56,593.0,65.0,2.0,1.0,51.0,89.0,5.0
2300,2019-04-06 20:00:00,579.41,562.0,64.0,2.0,1.0,61.0,88.0,5.0
2301,2019-04-06 21:00:00,573.79,602.0,63.0,2.0,1.0,84.0,86.0,5.0
2302,2019-04-06 22:00:00,563.35,626.0,63.0,2.0,1.0,108.0,86.0,5.0
2303,2019-04-06 23:00:00,557.04,612.0,63.0,2.0,1.0,114.0,85.0,5.0
2304,2019-04-07 00:00:00,557.16,586.0,64.0,2.0,1.0,104.0,85.0,5.0
2305,2019-04-07 01:00:00,561.83,604.0,62.0,2.0,1.0,105.0,84.0,5.0
2306,2019-04-07 02:00:00,557.62,598.0,63.0,2.0,1.0,106.0,87.0,5.0
2307,2019-04-07 03:00:00,554.25,583.0,62.0,2.0,1.0,107.0,86.0,5.0
2308,2019-04-07 04:00:00,559.23,591.0,63.0,2.0,1.0,101.0,87.0,5.0
2309,2019-04-07 05:00:00,573.28,567.0,64.0,2.0,1.0,71.0,88.0,5.0
2310,2019-04-07 06:00:00,599.23,584.0,64.0,2.0,1.0,39.0,90.0,5.0
2311,2019-04-07 07:00:00,595.7,583.0,65.0,2.0,1.0,41.0,92.0,5.0
2312,2019-04-07 08:00:00,585.7,594.0,67.0,2.0,1.0,56.0,93.0,5.0
2313,2019-04-07 09:00:00,569.46,580.0,66.0,2.0,1.0,76.0,92.0,5.0
2314,2019-04-07 10:00:00,561.15,540.0,66.0,2.0,1.0,73.0,93.0,5.0
2315,2019-04-07 11:00:00,562.74,533.0,67.0,2.0,1.0,69.0,92.0,5.0
2316,2019-04-07 12:00:00,559.93,525.0,67.0,2.0,1.0,70.0,92.0,5.0
2317,2019-04-07 13:00:00,568.16,534.0,67.0,2.0,1.0,63.0,91.0,5.0
2318,2019-04-07 14:00:00,579.24,540.0,65.0,2.0,1.0,53.0,89.0,5.0
2319,2019-04-07 15:00:00,580.96,557.0,65.0,2.0,1.0,53.0,92.0,5.0
2320,2019-04-07 16:00:00,571.37,552.0,66.0,2.0,1.0,64.0,92.0,5.0
2321,2019-04-07 17:00:00,560.89,539.0,66.0,2.0,1.0,74.0,92.0,5.0
2322,2019-04-07 18:00:00,557.81,540.0,65.0,2.0,1.0,79.0,92.0,5.0
2323,2019-04-07 19:00:00,563.67,571.0,64.0,2.0,1.0,82.0,92.0,5.0
2324,2019-04-07 20:00:00,571.83,568.0,65.0,2.0,1.0,71.0,90.0,5.0
2325,2019-04-07 21:00:00,570.85,577.0,66.0,2.0,1.0,75.0,90.0,5.0
2326,2019-04-07 22:00:00,544.26,484.0,66.0,2.0,1.0,80.0,88.0,5.0
2327,2019-04-07 23:00:00,542.02,479.0,66.0,2.0,1.0,84.0,85.0,5.0
2328,2019-04-08 00:00:00,546.98,465.0,66.0,2.0,1.0,71.0,86.0,5.0
2329,2019-04-08 01:00:00,581.06,486.0,65.0,2.0,1.0,37.0,86.0,5.0
2330,2019-04-08 02:00:00,571.07,467.0,64.0,2.0,1.0,42.0,87.0,5.0
2331,2019-04-08 03:00:00,591.71,552.0,61.0,2.0,1.0,45.0,86.0,5.0
2332,2019-04-08 04:00:00,604.12,625.0,62.0,2.0,1.0,48.0,86.0,5.0
2333,2019-04-08 05:00:00,604.79,637.0,65.0,2.0,1.0,50.0,85.0,5.0
2334,2019-04-08 06:00:00,607.85,658.0,65.0,2.0,1.0,58.0,78.0,5.0
2335,2019-04-08 07:00:00,612.08,677.0,64.0,2.0,1.0,62.0,73.0,5.0
2336,2019-04-08 08:00:00,608.69,674.0,67.0,2.0,1.0,65.0,73.0,5.0
2337,2019-04-08 09:00:00,622.09,735.0,68.0,2.0,1.0,59.0,73.0,5.0
2338,2019-04-08 10:00:00,616.1,676.0,69.0,2.0,1.0,56.0,71.0,5.0
2339,2019-04-08 11:00:00,602.94,620.0,68.0,2.0,1.0,62.0,70.0,5.0
2340,2019-04-08 12:00:00,584.58,600.0,68.0,2.0,1.0,81.0,71.0,5.0
2341,2019-04-08 13:00:00,589.87,598.0,68.0,2.0,1.0,73.0,71.0,5.0
2342,2019-04-08 14:00:00,595.67,616.0,68.0,2.0,1.0,70.0,71.0,5.0
2343,2019-04-08 15:00:00,588.2,614.0,68.0,2.0,1.0,79.0,72.0,5.0
2344,2019-04-08 16:00:00,591.04,619.0,61.0,2.0,1.0,79.0,72.0,5.0
2345,2019-04-08 17:00:00,585.46,601.0,60.0,2.0,1.0,82.0,72.0,5.0
2346,2019-04-08 18:00:00,590.21,614.0,63.0,2.0,1.0,78.0,72.0,5.0
2347,2019-04-08 19:00:00,593.72,608.0,64.0,2.0,1.0,71.0,72.0,5.0
2348,2019-04-08 20:00:00,591.16,613.0,64.0,2.0,1.0,76.0,72.0,5.0
2349,2019-04-08 21:00:00,593.71,578.0,63.0,2.0,1.0,63.0,72.0,5.0
2350,2019-04-08 22:00:00,590.39,557.0,64.0,2.0,1.0,62.0,71.0,5.0
2351,2019-04-08 23:00:00,588.1,558.0,62.0,2.0,1.0,68.0,69.0,5.0
2352,2019-04-09 00:00:00,588.68,555.0,63.0,2.0,1.0,65.0,70.0,5.0
2353,2019-04-09 01:00:00,595.21,568.0,61.0,2.0,1.0,63.0,68.0,5.0
2354,2019-04-09 02:00:00,587.41,546.0,63.0,2.0,1.0,65.0,69.0,5.0
2355,2019-04-09 03:00:00,595.7,568.0,62.0,2.0,1.0,61.0,69.0,5.0
2356,2019-04-09 04:00:00,592.92,561.0,61.0,2.0,1.0,62.0,70.0,5.0
2357,2019-04-09 05:00:00,605.31,604.0,62.0,2.0,1.0,57.0,70.0,5.0
2358,2019-04-09 06:00:00,621.7,671.0,59.0,2.0,1.0,51.0,71.0,5.0
2359,2019-04-09 07:00:00,632.49,709.0,59.0,2.0,1.0,44.0,71.0,5.0
2360,2019-04-09 08:00:00,629.31,676.0,63.0,2.0,1.0,40.0,71.0,5.0
2361,2019-04-09 09:00:00,630.6,672.0,64.0,2.0,1.0,37.0,71.0,5.0
2362,2019-04-09 10:00:00,629.07,636.0,63.0,2.0,1.0,32.0,71.0,5.0
2363,2019-04-09 11:00:00,621.35,599.0,65.0,2.0,1.0,35.0,69.0,5.0
2364,2019-04-09 12:00:00,613.91,578.0,66.0,2.0,1.0,39.0,69.0,5.0
2365,2019-04-09 13:00:00,613.04,576.0,65.0,2.0,1.0,38.0,71.0,5.0
2366,2019-04-09 14:00:00,627.36,635.0,63.0,2.0,1.0,35.0,70.0,5.0
2367,2019-04-09 15:00:00,629.74,649.0,65.0,2.0,1.0,32.0,72.0,5.0
2368,2019-04-09 16:00:00,639.87,699.0,61.0,2.0,1.0,30.0,72.0,5.0
2369,2019-04-09 17:00:00,638.5,669.0,59.0,2.0,1.0,27.0,72.0,5.0
2370,2019-04-09 18:00:00,640.73,664.0,57.0,2.0,1.0,24.0,72.0,5.0
2371,2019-04-09 19:00:00,636.2,657.0,58.0,2.0,1.0,28.0,72.0,6.0
2372,2019-04-09 20:00:00,620.58,611.0,59.0,2.0,1.0,38.0,72.0,6.0
2373,2019-04-09 21:00:00,603.79,588.0,59.0,2.0,1.0,54.0,72.0,6.0
2374,2019-04-09 22:00:00,599.97,576.0,61.0,2.0,1.0,56.0,71.0,6.0
2375,2019-04-09 23:00:00,603.7,576.0,59.0,2.0,1.0,54.0,69.0,6.0
2376,2019-04-10 00:00:00,598.01,574.0,61.0,2.0,1.0,60.0,69.0,6.0
2377,2019-04-10 01:00:00,602.1,604.0,60.0,2.0,1.0,64.0,68.0,6.0
2378,2019-04-10 02:00:00,608.66,680.0,58.0,2.0,1.0,73.0,70.0,6.0
2379,2019-04-10 03:00:00,627.48,759.0,58.0,2.0,1.0,64.0,69.0,6.0
2380,2019-04-10 04:00:00,633.0,755.0,60.0,2.0,1.0,54.0,69.0,6.0
2381,2019-04-10 05:00:00,632.97,766.0,63.0,2.0,1.0,55.0,69.0,6.0
2382,2019-04-10 06:00:00,632.58,763.0,63.0,2.0,1.0,54.0,70.0,6.0
2383,2019-04-10 07:00:00,640.67,763.0,58.0,2.0,1.0,43.0,71.0,6.0
2384,2019-04-10 08:00:00,636.67,763.0,65.0,2.0,1.0,46.0,71.0,6.0
2385,2019-04-10 09:00:00,637.12,754.0,64.0,2.0,1.0,45.0,70.0,6.0
2386,2019-04-10 10:00:00,636.56,763.0,63.0,2.0,1.0,47.0,71.0,6.0
2387,2019-04-10 11:00:00,640.0,762.0,67.0,2.0,1.0,43.0,68.0,6.0
2388,2019-04-10 12:00:00,636.78,735.0,66.0,2.0,1.0,42.0,69.0,6.0
2389,2019-04-10 13:00:00,640.84,748.0,65.0,2.0,1.0,37.0,71.0,6.0
2390,2019-04-10 14:00:00,649.28,756.0,54.0,2.0,1.0,32.0,70.0,6.0
2391,2019-04-10 15:00:00,646.55,746.0,52.0,2.0,1.0,30.0,75.0,6.0
2392,2019-04-10 16:00:00,639.25,719.0,48.0,2.0,1.0,30.0,82.0,6.0
2393,2019-04-10 17:00:00,633.4,733.0,48.0,2.0,1.0,39.0,84.0,6.0
2394,2019-04-10 18:00:00,638.28,736.0,47.0,2.0,1.0,33.0,84.0,6.0
2395,2019-04-10 19:00:00,615.75,623.0,49.0,2.0,1.0,38.0,85.0,6.0
2396,2019-04-10 20:00:00,608.27,617.0,50.0,2.0,1.0,45.0,86.0,6.0
2397,2019-04-10 21:00:00,613.7,626.0,50.0,2.0,1.0,45.0,81.0,6.0
2398,2019-04-10 22:00:00,616.21,641.0,48.0,2.0,1.0,42.0,85.0,6.0
2399,2019-04-10 23:00:00,615.63,636.0,47.0,2.0,1.0,44.0,83.0,6.0
2400,2019-04-11 00:00:00,622.83,679.0,47.0,2.0,1.0,43.0,84.0,6.0
2401,2019-04-11 01:00:00,629.19,696.0,49.0,2.0,1.0,39.0,82.0,6.0
2402,2019-04-11 02:00:00,621.71,682.0,50.0,2.0,1.0,44.0,84.0,6.0
2403,2019-04-11 03:00:00,626.5,685.0,50.0,2.0,1.0,39.0,83.0,6.0
2404,2019-04-11 04:00:00,627.22,700.0,48.0,2.0,1.0,42.0,83.0,6.0
2405,2019-04-11 05:00:00,634.42,756.0,53.0,2.0,1.0,41.0,83.0,6.0
2406,2019-04-11 06:00:00,629.21,759.0,54.0,2.0,1.0,48.0,84.0,6.0
2407,2019-04-11 07:00:00,631.58,752.0,54.0,2.0,1.0,42.0,85.0,6.0
2408,2019-04-11 08:00:00,629.92,740.0,54.0,2.0,1.0,40.0,87.0,6.0
2409,2019-04-11 09:00:00,627.2,737.0,55.0,2.0,1.0,43.0,87.0,6.0
2410,2019-04-11 10:00:00,618.46,704.0,54.0,2.0,1.0,49.0,87.0,6.0
2411,2019-04-11 11:00:00,617.31,695.0,53.0,2.0,1.0,51.0,85.0,6.0
2412,2019-04-11 12:00:00,622.48,724.0,53.0,2.0,1.0,50.0,85.0,6.0
2413,2019-04-11 13:00:00,621.85,719.0,55.0,2.0,1.0,48.0,86.0,6.0
2414,2019-04-11 14:00:00,621.97,717.0,51.0,2.0,1.0,51.0,84.0,6.0
2415,2019-04-11 15:00:00,625.76,712.0,52.0,2.0,1.0,42.0,86.0,6.0
2416,2019-04-11 16:00:00,630.4,703.0,46.0,2.0,1.0,35.0,87.0,6.0
2417,2019-04-11 17:00:00,638.85,753.0,48.0,2.0,1.0,32.0,87.0,6.0
2418,2019-04-11 18:00:00,634.61,741.0,50.0,2.0,1.0,35.0,87.0,6.0
2419,2019-04-11 19:00:00,620.72,674.0,49.0,2.0,1.0,41.0,87.0,6.0
2420,2019-04-11 20:00:00,616.76,664.0,47.0,2.0,1.0,45.0,87.0,6.0
2421,2019-04-11 21:00:00,627.74,655.0,28.0,2.0,1.0,37.0,86.0,6.0
2422,2019-04-11 22:00:00,633.15,671.0,31.0,2.0,1.0,33.0,85.0,6.0
2423,2019-04-11 23:00:00,636.6,683.0,33.0,2.0,1.0,33.0,82.0,6.0
2424,2019-04-12 00:00:00,635.41,675.0,33.0,2.0,1.0,32.0,83.0,6.0
2425,2019-04-12 01:00:00,639.28,673.0,32.0,2.0,1.0,30.0,80.0,6.0
2426,2019-04-12 02:00:00,638.59,681.0,33.0,2.0,1.0,30.0,82.0,6.0
2427,2019-04-12 03:00:00,637.12,671.0,33.0,2.0,1.0,30.0,82.0,6.0
2428,2019-04-12 04:00:00,649.73,741.0,35.0,2.0,1.0,24.0,83.0,6.0
2429,2019-04-12 05:00:00,651.46,745.0,38.0,2.0,1.0,22.0,82.0,6.0
2430,2019-04-12 06:00:00,655.63,745.0,41.0,2.0,1.0,14.0,83.0,6.0
2431,2019-04-12 07:00:00,654.6,746.0,40.0,2.0,1.0,15.0,84.0,6.0
2432,2019-04-12 08:00:00,647.8,743.0,42.0,2.0,1.0,20.0,87.0,6.0
2433,2019-04-12 09:00:00,642.11,719.0,41.0,2.0,1.0,22.0,89.0,6.0
2434,2019-04-12 10:00:00,635.49,716.0,40.0,2.0,1.0,30.0,90.0,6.0
2435,2019-04-12 11:00:00,627.54,698.0,41.0,2.0,1.0,39.0,88.0,6.0
2436,2019-04-12 12:00:00,606.98,617.0,39.0,2.0,1.0,48.0,89.0,6.0
2437,2019-04-12 13:00:00,606.16,616.0,36.0,2.0,1.0,50.0,89.0,6.0
2438,2019-04-12 14:00:00,616.67,660.0,35.0,2.0,1.0,46.0,90.0,6.0
2439,2019-04-12 15:00:00,624.42,663.0,38.0,2.0,1.0,37.0,88.0,6.0
2440,2019-04-12 16:00:00,633.81,695.0,38.0,2.0,1.0,31.0,88.0,6.0
2441,2019-04-12 17:00:00,637.25,720.0,36.0,2.0,1.0,32.0,88.0,6.0
2442,2019-04-12 18:00:00,619.07,641.0,41.0,2.0,1.0,38.0,88.0,6.0
2443,2019-04-12 19:00:00,612.67,636.0,57.0,2.0,1.0,39.0,88.0,6.0
2444,2019-04-12 20:00:00,608.25,615.0,59.0,2.0,1.0,39.0,88.0,6.0
2445,2019-04-12 21:00:00,602.01,615.0,60.0,2.0,1.0,46.0,89.0,6.0
2446,2019-04-12 22:00:00,603.07,635.0,62.0,2.0,1.0,50.0,88.0,6.0
2447,2019-04-12 23:00:00,606.93,642.0,63.0,2.0,1.0,48.0,86.0,6.0
2448,2019-04-13 00:00:00,608.83,643.0,62.0,2.0,1.0,46.0,86.0,6.0
2449,2019-04-13 01:00:00,613.56,641.0,62.0,2.0,1.0,41.0,84.0,6.0
2450,2019-04-13 02:00:00,610.89,644.0,63.0,2.0,1.0,43.0,86.0,6.0
2451,2019-04-13 03:00:00,611.74,639.0,62.0,2.0,1.0,41.0,86.0,6.0
2452,2019-04-13 04:00:00,615.92,641.0,64.0,2.0,1.0,42.0,79.0,6.0
2453,2019-04-13 05:00:00,619.76,640.0,63.0,2.0,1.0,29.0,87.0,6.0
2454,2019-04-13 06:00:00,622.27,638.0,66.0,2.0,1.0,21.0,90.0,6.0
2455,2019-04-13 07:00:00,613.9,616.0,66.0,3.0,1.0,25.0,91.0,6.0
2456,2019-04-13 08:00:00,603.74,589.0,65.0,2.0,1.0,32.0,92.0,6.0
2457,2019-04-13 09:00:00,602.15,594.0,66.0,2.0,1.0,35.0,92.0,6.0
2458,2019-04-13 10:00:00,603.63,617.0,66.0,2.0,1.0,40.0,91.0,6.0
2459,2019-04-13 11:00:00,598.04,613.0,65.0,2.0,1.0,48.0,90.0,6.0
2460,2019-04-13 12:00:00,592.52,619.0,66.0,2.0,1.0,56.0,91.0,6.0
2461,2019-04-13 13:00:00,593.66,627.0,65.0,2.0,1.0,60.0,88.0,6.0
2462,2019-04-13 14:00:00,601.54,626.0,64.0,2.0,1.0,50.0,87.0,6.0
2463,2019-04-13 15:00:00,600.55,626.0,65.0,2.0,1.0,50.0,88.0,6.0
2464,2019-04-13 16:00:00,608.01,640.0,63.0,2.0,1.0,43.0,89.0,6.0
2465,2019-04-13 17:00:00,610.66,637.0,62.0,2.0,1.0,39.0,89.0,6.0
2466,2019-04-13 18:00:00,606.06,642.0,61.0,2.0,1.0,47.0,89.0,6.0
2467,2019-04-13 19:00:00,602.36,645.0,61.0,2.0,1.0,54.0,88.0,6.0
2468,2019-04-13 20:00:00,606.34,649.0,62.0,2.0,1.0,48.0,89.0,6.0
2469,2019-04-13 21:00:00,602.63,635.0,61.0,2.0,1.0,50.0,89.0,6.0
2470,2019-04-13 22:00:00,587.32,524.0,62.0,2.0,1.0,40.0,88.0,6.0
2471,2019-04-13 23:00:00,588.22,506.0,61.0,2.0,1.0,37.0,85.0,6.0
2472,2019-04-14 00:00:00,578.16,474.0,64.0,2.0,1.0,37.0,86.0,6.0
2473,2019-04-14 01:00:00,582.25,476.0,61.0,2.0,1.0,37.0,83.0,6.0
2474,2019-04-14 02:00:00,572.81,475.0,60.0,2.0,1.0,45.0,86.0,6.0
2475,2019-04-14 03:00:00,568.03,474.0,61.0,2.0,1.0,51.0,85.0,6.0
2476,2019-04-14 04:00:00,579.18,483.0,63.0,2.0,1.0,39.0,86.0,6.0
2477,2019-04-14 05:00:00,608.85,548.0,63.0,2.0,1.0,20.0,88.0,6.0
2478,2019-04-14 06:00:00,614.54,612.0,64.0,2.0,1.0,24.0,92.0,6.0
2479,2019-04-14 07:00:00,595.72,629.0,64.0,2.0,1.0,53.0,93.0,6.0
2480,2019-04-14 08:00:00,589.89,629.0,65.0,2.0,1.0,62.0,92.0,6.0
2481,2019-04-14 09:00:00,583.19,625.0,64.0,2.0,1.0,71.0,92.0,6.0
2482,2019-04-14 10:00:00,588.03,615.0,64.0,2.0,1.0,61.0,92.0,6.0
2483,2019-04-14 11:00:00,581.93,585.0,63.0,2.0,1.0,62.0,91.0,6.0
2484,2019-04-14 12:00:00,582.25,607.0,61.0,2.0,1.0,67.0,93.0,6.0
2485,2019-04-14 13:00:00,579.25,608.0,60.0,2.0,1.0,73.0,92.0,6.0
2486,2019-04-14 14:00:00,561.28,595.0,64.0,2.0,1.0,94.0,92.0,6.0
2487,2019-04-14 15:00:00,563.22,592.0,64.0,2.0,1.0,91.0,91.0,6.0
2488,2019-04-14 16:00:00,573.57,601.0,63.0,2.0,1.0,81.0,89.0,6.0
2489,2019-04-14 17:00:00,589.98,642.0,64.0,2.0,1.0,68.0,90.0,6.0
2490,2019-04-14 18:00:00,581.29,630.0,65.0,2.0,1.0,77.0,90.0,6.0
2491,2019-04-14 19:00:00,587.05,634.0,64.0,2.0,1.0,72.0,88.0,6.0
2492,2019-04-14 20:00:00,587.81,631.0,64.0,2.0,1.0,69.0,89.0,6.0
2493,2019-04-14 21:00:00,585.14,630.0,63.0,2.0,1.0,74.0,88.0,6.0
2494,2019-04-14 22:00:00,589.23,630.0,63.0,2.0,1.0,69.0,87.0,6.0
2495,2019-04-14 23:00:00,596.18,630.0,63.0,2.0,1.0,62.0,84.0,6.0
2496,2019-04-15 00:00:00,593.21,630.0,61.0,2.0,1.0,66.0,85.0,6.0
2497,2019-04-15 01:00:00,594.92,628.0,61.0,2.0,1.0,66.0,82.0,6.0
2498,2019-04-15 02:00:00,596.58,622.0,61.0,2.0,1.0,60.0,84.0,6.0
2499,2019-04-15 03:00:00,599.99,615.0,62.0,2.0,1.0,53.0,84.0,6.0
2500,2019-04-15 04:00:00,602.77,611.0,65.0,2.0,1.0,47.0,84.0,6.0
2501,2019-04-15 05:00:00,620.77,622.0,67.0,2.0,1.0,23.0,86.0,6.0
2502,2019-04-15 06:00:00,625.7,633.0,67.0,2.0,1.0,15.0,90.0,6.0
2503,2019-04-15 07:00:00,618.87,655.0,67.0,2.0,1.0,28.0,91.0,6.0
2504,2019-04-15 08:00:00,613.04,653.0,66.0,2.0,1.0,36.0,91.0,6.0
2505,2019-04-15 09:00:00,610.01,652.0,66.0,2.0,1.0,39.0,92.0,6.0
2506,2019-04-15 10:00:00,602.93,644.0,66.0,2.0,1.0,47.0,92.0,6.0
2507,2019-04-15 11:00:00,601.72,648.0,68.0,2.0,1.0,52.0,89.0,6.0
2508,2019-04-15 12:00:00,595.99,625.0,68.0,2.0,1.0,53.0,90.0,6.0
2509,2019-04-15 13:00:00,592.38,609.0,67.0,2.0,1.0,53.0,91.0,6.0
2510,2019-04-15 14:00:00,597.71,615.0,65.0,2.0,1.0,48.0,91.0,6.0
2511,2019-04-15 15:00:00,601.12,613.0,67.0,2.0,1.0,44.0,89.0,6.0
2512,2019-04-15 16:00:00,607.83,627.0,63.0,2.0,1.0,41.0,88.0,6.0
2513,2019-04-15 17:00:00,607.46,629.0,63.0,2.0,1.0,43.0,87.0,6.0
2514,2019-04-15 18:00:00,595.95,602.0,62.0,2.0,1.0,50.0,89.0,6.0
2515,2019-04-15 19:00:00,596.48,601.0,62.0,2.0,1.0,49.0,89.0,6.0
2516,2019-04-15 20:00:00,594.93,615.0,62.0,2.0,1.0,56.0,88.0,6.0
2517,2019-04-15 21:00:00,591.16,621.0,62.0,2.0,1.0,63.0,88.0,6.0
2518,2019-04-15 22:00:00,589.03,623.0,61.0,2.0,1.0,68.0,87.0,6.0
2519,2019-04-15 23:00:00,587.14,623.0,63.0,2.0,1.0,71.0,86.0,6.0
2520,2019-04-16 00:00:00,592.62,627.0,61.0,2.0,1.0,66.0,85.0,6.0
2521,2019-04-16 01:00:00,598.87,613.0,62.0,2.0,1.0,55.0,83.0,6.0
2522,2019-04-16 02:00:00,599.89,622.0,62.0,2.0,1.0,54.0,85.0,6.0
2523,2019-04-16 03:00:00,600.61,622.0,62.0,2.0,1.0,54.0,84.0,6.0
2524,2019-04-16 04:00:00,615.01,640.0,64.0,2.0,1.0,37.0,85.0,6.0
2525,2019-04-16 05:00:00,623.64,639.0,67.0,2.0,1.0,21.0,88.0,6.0
2526,2019-04-16 06:00:00,631.29,657.0,59.0,2.0,1.0,15.0,91.0,6.0
2527,2019-04-16 07:00:00,635.66,655.0,42.0,2.0,1.0,16.0,91.0,6.0
2528,2019-04-16 08:00:00,626.99,646.0,55.0,2.0,1.0,20.0,91.0,6.0
2529,2019-04-16 09:00:00,617.32,638.0,70.0,2.0,1.0,25.0,91.0,6.0
2530,2019-04-16 10:00:00,610.68,637.0,67.0,2.0,1.0,34.0,92.0,6.0
2531,2019-04-16 11:00:00,598.38,619.0,68.0,2.0,1.0,47.0,91.0,6.0
2532,2019-04-16 12:00:00,592.2,613.0,68.0,2.0,1.0,53.0,92.0,6.0
2533,2019-04-16 13:00:00,598.33,627.0,66.0,2.0,1.0,50.0,91.0,6.0
2534,2019-04-16 14:00:00,598.22,609.0,72.0,2.0,1.0,44.0,90.0,6.0
2535,2019-04-16 15:00:00,600.47,614.0,70.0,2.0,1.0,44.0,89.0,6.0
2536,2019-04-16 16:00:00,602.25,628.0,68.0,2.0,1.0,46.0,89.0,6.0
2537,2019-04-16 17:00:00,597.83,623.0,65.0,2.0,1.0,54.0,87.0,6.0
2538,2019-04-16 18:00:00,581.79,628.0,64.0,2.0,1.0,78.0,88.0,6.0
2539,2019-04-16 19:00:00,571.0,624.0,67.0,2.0,1.0,92.0,88.0,6.0
2540,2019-04-16 20:00:00,568.16,608.0,67.0,2.0,1.0,91.0,88.0,6.0
2541,2019-04-16 21:00:00,567.89,591.0,66.0,2.0,1.0,86.0,88.0,6.0
2542,2019-04-16 22:00:00,567.0,593.0,66.0,2.0,1.0,89.0,87.0,6.0
2543,2019-04-16 23:00:00,574.71,596.0,65.0,2.0,1.0,81.0,85.0,6.0
2544,2019-04-17 00:00:00,576.53,576.0,65.0,2.0,1.0,71.0,86.0,6.0
2545,2019-04-17 01:00:00,594.83,597.0,65.0,2.0,1.0,56.0,82.0,6.0
2546,2019-04-17 02:00:00,602.22,612.0,65.0,2.0,1.0,47.0,85.0,6.0
2547,2019-04-17 03:00:00,607.51,622.0,66.0,2.0,1.0,42.0,85.0,6.0
2548,2019-04-17 04:00:00,618.86,640.0,66.0,2.0,1.0,32.0,84.0,6.0
2549,2019-04-17 05:00:00,626.29,633.0,70.0,2.0,1.0,15.0,88.0,6.0
2550,2019-04-17 06:00:00,627.57,640.0,72.0,2.0,1.0,12.0,90.0,6.0
2551,2019-04-17 07:00:00,625.14,641.0,73.0,2.0,1.0,14.0,91.0,6.0
2552,2019-04-17 08:00:00,621.61,636.0,72.0,2.0,1.0,18.0,91.0,6.0
2553,2019-04-17 09:00:00,616.72,619.0,71.0,2.0,1.0,21.0,91.0,6.0
2554,2019-04-17 10:00:00,613.61,616.0,72.0,2.0,1.0,24.0,91.0,6.0
2555,2019-04-17 11:00:00,618.21,638.0,72.0,2.0,1.0,25.0,89.0,6.0
2556,2019-04-17 12:00:00,609.67,606.0,74.0,2.0,1.0,27.0,90.0,6.0
2557,2019-04-17 13:00:00,610.27,619.0,75.0,2.0,1.0,30.0,89.0,6.0
2558,2019-04-17 14:00:00,612.8,634.0,73.0,2.0,1.0,31.0,89.0,6.0
2559,2019-04-17 15:00:00,617.37,627.0,71.0,2.0,1.0,26.0,87.0,6.0
2560,2019-04-17 16:00:00,627.65,645.0,67.0,2.0,1.0,21.0,84.0,6.0
2561,2019-04-17 17:00:00,627.62,661.0,68.0,2.0,1.0,23.0,85.0,6.0
2562,2019-04-17 18:00:00,612.14,632.0,69.0,2.0,1.0,36.0,86.0,6.0
2563,2019-04-17 19:00:00,616.04,634.0,67.0,2.0,1.0,32.0,86.0,6.0
2564,2019-04-17 20:00:00,611.9,629.0,68.0,2.0,1.0,34.0,88.0,6.0
2565,2019-04-17 21:00:00,609.36,611.0,68.0,2.0,1.0,33.0,88.0,6.0
2566,2019-04-17 22:00:00,610.3,612.0,68.0,2.0,1.0,34.0,86.0,6.0
2567,2019-04-17 23:00:00,611.5,593.0,70.0,2.0,1.0,29.0,84.0,6.0
2568,2019-04-18 00:00:00,614.65,599.0,71.0,2.0,1.0,25.0,85.0,6.0
2569,2019-04-18 01:00:00,620.4,619.0,69.0,2.0,1.0,25.0,83.0,6.0
2570,2019-04-18 02:00:00,621.23,622.0,68.0,2.0,1.0,23.0,85.0,6.0
2571,2019-04-18 03:00:00,629.81,622.0,68.0,2.0,1.0,13.0,84.0,6.0
2572,2019-04-18 04:00:00,630.41,622.0,71.0,2.0,1.0,11.0,84.0,6.0
2573,2019-04-18 05:00:00,627.46,629.0,74.0,2.0,1.0,12.0,87.0,6.0
2574,2019-04-18 06:00:00,623.95,631.0,74.0,2.0,1.0,14.0,90.0,6.0
2575,2019-04-18 07:00:00,622.72,640.0,73.0,2.0,1.0,18.0,90.0,6.0
2576,2019-04-18 08:00:00,622.86,639.0,72.0,2.0,1.0,18.0,90.0,6.0
2577,2019-04-18 09:00:00,620.14,638.0,73.0,2.0,1.0,22.0,89.0,6.0
2578,2019-04-18 10:00:00,618.53,639.0,69.0,2.0,1.0,26.0,89.0,6.0
2579,2019-04-18 11:00:00,609.44,588.0,66.0,2.0,1.0,29.0,87.0,6.0
2580,2019-04-18 12:00:00,600.57,558.0,70.0,2.0,1.0,31.0,87.0,6.0
2581,2019-04-18 13:00:00,596.62,554.0,75.0,2.0,1.0,31.0,89.0,6.0
2582,2019-04-18 14:00:00,603.2,576.0,71.0,2.0,1.0,31.0,88.0,6.0
2583,2019-04-18 15:00:00,607.5,589.0,73.0,2.0,1.0,27.0,89.0,6.0
2584,2019-04-18 16:00:00,607.05,575.0,68.0,2.0,1.0,27.0,88.0,6.0
2585,2019-04-18 17:00:00,599.44,582.0,67.0,2.0,1.0,38.0,89.0,6.0
2586,2019-04-18 18:00:00,596.14,588.0,67.0,2.0,1.0,44.0,89.0,6.0
2587,2019-04-18 19:00:00,597.51,586.0,66.0,2.0,1.0,43.0,88.0,6.0
2588,2019-04-18 20:00:00,604.66,582.0,65.0,2.0,1.0,33.0,88.0,6.0
2589,2019-04-18 21:00:00,611.12,587.0,65.0,2.0,1.0,28.0,86.0,6.0
2590,2019-04-18 22:00:00,608.64,522.0,65.0,2.0,1.0,15.0,86.0,6.0
2591,2019-04-18 23:00:00,613.34,516.0,58.0,2.0,1.0,11.0,86.0,6.0
2592,2019-04-19 00:00:00,611.92,516.0,62.0,2.0,1.0,10.0,87.0,6.0
2593,2019-04-19 01:00:00,612.15,517.0,67.0,2.0,1.0,11.0,84.0,6.0
2594,2019-04-19 02:00:00,602.52,517.0,67.0,2.0,1.0,20.0,86.0,6.0
2595,2019-04-19 03:00:00,592.79,518.0,69.0,2.0,1.0,30.0,87.0,6.0
2596,2019-04-19 04:00:00,594.84,557.0,70.0,2.0,1.0,39.0,86.0,6.0
2597,2019-04-19 05:00:00,596.42,563.0,69.0,2.0,1.0,35.0,90.0,6.0
2598,2019-04-19 06:00:00,603.21,566.0,72.0,2.0,1.0,24.0,92.0,6.0
2599,2019-04-19 07:00:00,612.12,578.0,74.0,2.0,1.0,15.0,92.0,6.0
2600,2019-04-19 08:00:00,613.95,596.0,74.0,2.0,1.0,18.0,91.0,6.0
2601,2019-04-19 09:00:00,610.35,595.0,75.0,2.0,1.0,26.0,87.0,6.0
2602,2019-04-19 10:00:00,605.65,592.0,76.0,2.0,1.0,33.0,85.0,6.0
2603,2019-04-19 11:00:00,605.06,589.0,76.0,2.0,1.0,35.0,83.0,6.0
2604,2019-04-19 12:00:00,601.56,589.0,75.0,2.0,1.0,38.0,85.0,6.0
2605,2019-04-19 13:00:00,587.0,564.0,76.0,2.0,1.0,46.0,89.0,6.0
2606,2019-04-19 14:00:00,585.76,574.0,75.0,2.0,1.0,50.0,90.0,6.0
2607,2019-04-19 15:00:00,583.62,573.0,74.0,2.0,1.0,54.0,89.0,6.0
2608,2019-04-19 16:00:00,573.53,579.0,74.0,2.0,1.0,70.0,89.0,6.0
2609,2019-04-19 17:00:00,564.07,571.0,74.0,2.0,1.0,80.0,90.0,6.0
2610,2019-04-19 18:00:00,559.98,570.0,73.0,2.0,1.0,86.0,90.0,6.0
2611,2019-04-19 19:00:00,552.83,545.0,74.0,2.0,1.0,88.0,89.0,6.0
2612,2019-04-19 20:00:00,559.31,544.0,72.0,2.0,1.0,79.0,89.0,6.0
2613,2019-04-19 21:00:00,565.11,556.0,72.0,2.0,1.0,76.0,88.0,6.0
2614,2019-04-19 22:00:00,567.55,574.0,71.0,2.0,1.0,79.0,88.0,6.0
2615,2019-04-19 23:00:00,570.57,569.0,71.0,2.0,1.0,76.0,85.0,6.0
2616,2019-04-20 00:00:00,552.98,518.0,70.0,2.0,1.0,81.0,87.0,6.0
2617,2019-04-20 01:00:00,559.61,534.0,69.0,2.0,1.0,81.0,84.0,6.0
2618,2019-04-20 02:00:00,567.77,555.0,66.0,2.0,1.0,75.0,87.0,6.0
2619,2019-04-20 03:00:00,568.14,517.0,65.0,2.0,1.0,62.0,87.0,6.0
2620,2019-04-20 04:00:00,590.46,523.0,67.0,2.0,1.0,36.0,86.0,6.0
2621,2019-04-20 05:00:00,606.22,552.0,66.0,2.0,1.0,22.0,89.0,6.0
2622,2019-04-20 06:00:00,611.12,564.0,66.0,2.0,1.0,16.0,92.0,6.0
2623,2019-04-20 07:00:00,605.58,574.0,67.0,2.0,1.0,24.0,93.0,6.0
2624,2019-04-20 08:00:00,599.91,582.0,68.0,2.0,1.0,34.0,92.0,6.0
2625,2019-04-20 09:00:00,583.65,568.0,67.0,2.0,1.0,51.0,93.0,6.0
2626,2019-04-20 10:00:00,577.78,553.0,65.0,2.0,1.0,57.0,91.0,6.0
2627,2019-04-20 11:00:00,577.71,557.0,66.0,2.0,1.0,58.0,91.0,6.0
2628,2019-04-20 12:00:00,583.48,554.0,67.0,2.0,1.0,49.0,91.0,6.0
2629,2019-04-20 13:00:00,583.69,526.0,65.0,2.0,1.0,41.0,91.0,6.0
2630,2019-04-20 14:00:00,590.54,556.0,68.0,2.0,1.0,40.0,91.0,6.0
2631,2019-04-20 15:00:00,609.31,593.0,67.0,2.0,1.0,27.0,90.0,6.0
2632,2019-04-20 16:00:00,614.5,594.0,66.0,2.0,1.0,21.0,90.0,6.0
2633,2019-04-20 17:00:00,621.82,593.0,65.0,2.0,1.0,12.0,90.0,6.0
2634,2019-04-20 18:00:00,622.27,591.0,65.0,2.0,1.0,11.0,90.0,6.0
2635,2019-04-20 19:00:00,617.82,587.0,64.0,2.0,1.0,16.0,90.0,6.0
2636,2019-04-20 20:00:00,610.58,576.0,65.0,2.0,1.0,22.0,90.0,6.0
2637,2019-04-20 21:00:00,605.97,565.0,65.0,2.0,1.0,25.0,90.0,6.0
2638,2019-04-20 22:00:00,591.71,520.0,66.0,2.0,1.0,32.0,88.0,6.0
2639,2019-04-20 23:00:00,596.27,524.0,65.0,2.0,1.0,29.0,87.0,6.0
2640,2019-04-21 00:00:00,585.32,524.0,66.0,2.0,1.0,42.0,87.0,6.0
2641,2019-04-21 01:00:00,574.05,522.0,65.0,2.0,1.0,58.0,85.0,6.0
2642,2019-04-21 02:00:00,565.58,517.0,66.0,2.0,1.0,65.0,87.0,6.0
2643,2019-04-21 03:00:00,571.96,519.0,67.0,2.0,1.0,59.0,85.0,6.0
2644,2019-04-21 04:00:00,581.6,521.0,68.0,2.0,1.0,45.0,87.0,6.0
2645,2019-04-21 05:00:00,594.21,525.0,67.0,2.0,1.0,28.0,90.0,6.0
2646,2019-04-21 06:00:00,593.66,528.0,71.0,2.0,1.0,26.0,92.0,6.0
2647,2019-04-21 07:00:00,604.45,590.0,71.0,2.0,1.0,28.0,93.0,6.0
2648,2019-04-21 08:00:00,606.97,583.0,71.0,2.0,1.0,23.0,93.0,5.0
2649,2019-04-21 09:00:00,604.4,574.0,71.0,2.0,1.0,24.0,93.0,5.0
2650,2019-04-21 10:00:00,601.11,570.0,74.0,2.0,1.0,26.0,93.0,5.0
2651,2019-04-21 11:00:00,592.11,530.0,75.0,2.0,1.0,28.0,91.0,5.0
2652,2019-04-21 12:00:00,591.1,530.0,73.0,2.0,1.0,29.0,92.0,5.0
2653,2019-04-21 13:00:00,596.89,529.0,72.0,2.0,1.0,23.0,91.0,5.0
2654,2019-04-21 14:00:00,600.54,529.0,71.0,2.0,1.0,19.0,91.0,5.0
2655,2019-04-21 15:00:00,607.64,529.0,70.0,2.0,1.0,12.0,90.0,5.0
2656,2019-04-21 16:00:00,622.46,590.0,69.0,2.0,1.0,10.0,89.0,5.0
2657,2019-04-21 17:00:00,618.83,558.0,67.0,2.0,1.0,8.0,89.0,5.0
2658,2019-04-21 18:00:00,614.97,553.0,68.0,2.0,1.0,11.0,89.0,5.0
2659,2019-04-21 19:00:00,619.71,575.0,69.0,2.0,1.0,10.0,89.0,5.0
2660,2019-04-21 20:00:00,616.43,575.0,69.0,2.0,1.0,13.0,90.0,5.0
2661,2019-04-21 21:00:00,601.65,525.0,70.0,2.0,1.0,19.0,89.0,5.0
2662,2019-04-21 22:00:00,596.95,520.0,68.0,2.0,1.0,25.0,88.0,5.0
2663,2019-04-21 23:00:00,588.14,535.0,68.0,2.0,1.0,42.0,86.0,5.0
2664,2019-04-22 00:00:00,560.59,535.0,66.0,2.0,1.0,79.0,86.0,5.0
2665,2019-04-22 01:00:00,535.02,527.0,68.0,3.0,1.0,114.0,83.0,5.0
2666,2019-04-22 02:00:00,524.16,525.0,67.0,3.0,1.0,128.0,85.0,5.0
2667,2019-04-22 03:00:00,528.25,525.0,66.0,3.0,1.0,124.0,83.0,5.0
2668,2019-04-22 04:00:00,542.0,522.0,67.0,3.0,1.0,101.0,84.0,5.0
2669,2019-04-22 05:00:00,571.12,531.0,70.0,3.0,1.0,60.0,87.0,5.0
2670,2019-04-22 06:00:00,602.79,590.0,69.0,3.0,1.0,33.0,90.0,5.0
2671,2019-04-22 07:00:00,600.11,558.0,69.0,3.0,1.0,29.0,89.0,5.0
2672,2019-04-22 08:00:00,593.33,538.0,69.0,3.0,1.0,33.0,88.0,5.0
2673,2019-04-22 09:00:00,593.36,531.0,69.0,3.0,1.0,30.0,89.0,5.0
2674,2019-04-22 10:00:00,590.83,531.0,72.0,3.0,1.0,32.0,89.0,5.0
2675,2019-04-22 11:00:00,588.33,531.0,75.0,3.0,1.0,35.0,88.0,5.0
2676,2019-04-22 12:00:00,595.5,527.0,75.0,3.0,1.0,24.0,89.0,5.0
2677,2019-04-22 13:00:00,595.87,529.0,70.0,3.0,1.0,25.0,90.0,5.0
2678,2019-04-22 14:00:00,597.33,529.0,68.0,3.0,1.0,25.0,89.0,5.0
2679,2019-04-22 15:00:00,603.38,526.0,68.0,3.0,1.0,19.0,87.0,5.0
2680,2019-04-22 16:00:00,609.18,525.0,68.0,3.0,1.0,13.0,86.0,5.0
2681,2019-04-22 17:00:00,612.14,525.0,67.0,3.0,1.0,11.0,85.0,5.0
2682,2019-04-22 18:00:00,611.85,522.0,66.0,3.0,1.0,10.0,86.0,5.0
2683,2019-04-22 19:00:00,609.88,521.0,66.0,3.0,1.0,12.0,86.0,5.0
2684,2019-04-22 20:00:00,611.37,519.0,63.0,3.0,1.0,9.0,88.0,5.0
2685,2019-04-22 21:00:00,611.67,522.0,64.0,3.0,1.0,9.0,88.0,5.0
2686,2019-04-22 22:00:00,606.48,523.0,67.0,3.0,1.0,16.0,86.0,5.0
2687,2019-04-22 23:00:00,603.79,521.0,66.0,3.0,1.0,21.0,84.0,5.0
2688,2019-04-23 00:00:00,588.37,521.0,67.0,3.0,1.0,38.0,85.0,5.0
2689,2019-04-23 01:00:00,567.85,514.0,66.0,3.0,1.0,64.0,83.0,5.0
2690,2019-04-23 02:00:00,544.65,460.0,66.0,3.0,1.0,71.0,86.0,5.0
2691,2019-04-23 03:00:00,494.83,302.0,66.0,3.0,1.0,56.0,86.0,5.0
2692,2019-04-23 04:00:00,563.92,436.0,66.0,3.0,1.0,39.0,86.0,5.0
2693,2019-04-23 05:00:00,605.56,565.0,69.0,3.0,1.0,26.0,87.0,5.0
2694,2019-04-23 06:00:00,617.0,597.0,70.0,3.0,1.0,16.0,90.0,5.0
2695,2019-04-23 07:00:00,603.98,538.0,69.0,3.0,1.0,19.0,89.0,5.0
2696,2019-04-23 08:00:00,598.8,531.0,70.0,3.0,1.0,23.0,89.0,5.0
2697,2019-04-23 09:00:00,598.58,536.0,69.0,3.0,1.0,25.0,89.0,5.0
2698,2019-04-23 10:00:00,594.81,523.0,69.0,3.0,1.0,26.0,89.0,5.0
2699,2019-04-23 11:00:00,598.83,526.0,69.0,2.0,1.0,25.0,87.0,5.0
2700,2019-04-23 12:00:00,598.0,526.0,69.0,2.0,1.0,26.0,87.0,5.0
2701,2019-04-23 13:00:00,603.66,538.0,70.0,2.0,1.0,21.0,88.0,5.0
2702,2019-04-23 14:00:00,603.66,530.0,75.0,3.0,1.0,16.0,88.0,5.0
2703,2019-04-23 15:00:00,607.03,526.0,75.0,3.0,1.0,12.0,87.0,5.0
2704,2019-04-23 16:00:00,610.87,528.0,70.0,2.0,1.0,10.0,88.0,5.0
2705,2019-04-23 17:00:00,616.04,543.0,69.0,2.0,1.0,10.0,86.0,5.0
2706,2019-04-23 18:00:00,612.31,544.0,68.0,2.0,1.0,14.0,87.0,5.0
2707,2019-04-23 19:00:00,608.22,527.0,67.0,2.0,1.0,15.0,87.0,5.0
2708,2019-04-23 20:00:00,602.85,523.0,65.0,2.0,1.0,20.0,88.0,5.0
2709,2019-04-23 21:00:00,584.9,521.0,65.0,2.0,1.0,42.0,87.0,5.0
2710,2019-04-23 22:00:00,565.87,523.0,65.0,2.0,1.0,68.0,86.0,5.0
2711,2019-04-23 23:00:00,563.07,520.0,67.0,3.0,1.0,71.0,84.0,5.0
2712,2019-04-24 00:00:00,560.34,520.0,66.0,3.0,1.0,74.0,85.0,5.0
2713,2019-04-24 01:00:00,565.33,519.0,66.0,3.0,1.0,70.0,82.0,5.0
2714,2019-04-24 02:00:00,575.83,520.0,68.0,3.0,1.0,54.0,84.0,5.0
2715,2019-04-24 03:00:00,577.65,521.0,68.0,3.0,1.0,52.0,84.0,5.0
2716,2019-04-24 04:00:00,584.03,531.0,68.0,3.0,1.0,46.0,85.0,5.0
2717,2019-04-24 05:00:00,595.21,583.0,72.0,3.0,1.0,42.0,88.0,5.0
2718,2019-04-24 06:00:00,612.04,593.0,76.0,3.0,1.0,21.0,88.0,5.0
2719,2019-04-24 07:00:00,611.08,597.0,74.0,3.0,1.0,23.0,89.0,5.0
2720,2019-04-24 08:00:00,606.15,585.0,75.0,3.0,1.0,25.0,90.0,5.0
2721,2019-04-24 09:00:00,594.87,540.0,76.0,3.0,1.0,27.0,90.0,5.0
2722,2019-04-24 10:00:00,588.96,529.0,74.0,3.0,1.0,32.0,90.0,5.0
2723,2019-04-24 11:00:00,590.06,539.0,70.0,3.0,1.0,37.0,88.0,5.0
2724,2019-04-24 12:00:00,583.96,541.0,71.0,3.0,1.0,44.0,89.0,5.0
2725,2019-04-24 13:00:00,579.27,529.0,72.0,3.0,1.0,47.0,88.0,5.0
2726,2019-04-24 14:00:00,578.04,526.0,71.0,3.0,1.0,48.0,88.0,5.0
2727,2019-04-24 15:00:00,585.79,559.0,71.0,3.0,1.0,48.0,88.0,5.0
2728,2019-04-24 16:00:00,594.54,591.0,67.0,3.0,1.0,49.0,86.0,5.0
2729,2019-04-24 17:00:00,603.92,599.0,66.0,3.0,1.0,40.0,85.0,5.0
2730,2019-04-24 18:00:00,591.91,563.0,66.0,3.0,1.0,44.0,87.0,5.0
2731,2019-04-24 19:00:00,581.25,555.0,65.0,3.0,1.0,57.0,86.0,5.0
2732,2019-04-24 20:00:00,561.74,514.0,66.0,3.0,1.0,69.0,86.0,5.0
2733,2019-04-24 21:00:00,545.2,510.0,66.0,3.0,1.0,90.0,86.0,5.0
2734,2019-04-24 22:00:00,545.34,530.0,65.0,3.0,1.0,98.0,86.0,5.0
2735,2019-04-24 23:00:00,542.58,525.0,65.0,3.0,1.0,102.0,84.0,5.0
2736,2019-04-25 00:00:00,540.3,525.0,66.0,3.0,1.0,105.0,84.0,5.0
2737,2019-04-25 01:00:00,547.3,527.0,65.0,3.0,1.0,98.0,82.0,5.0
2738,2019-04-25 02:00:00,553.82,524.0,49.0,3.0,1.0,91.0,84.0,5.0
2739,2019-04-25 03:00:00,557.32,526.0,40.0,3.0,1.0,89.0,85.0,5.0
2740,2019-04-25 04:00:00,572.39,549.0,48.0,3.0,1.0,74.0,85.0,5.0
2741,2019-04-25 05:00:00,603.32,589.0,51.0,3.0,1.0,43.0,86.0,5.0
2742,2019-04-25 06:00:00,605.95,592.0,52.0,3.0,1.0,37.0,89.0,5.0
2743,2019-04-25 07:00:00,609.13,593.0,55.0,3.0,1.0,30.0,91.0,5.0
2744,2019-04-25 08:00:00,612.04,595.0,57.0,3.0,1.0,26.0,91.0,5.0
2745,2019-04-25 09:00:00,606.86,594.0,58.0,3.0,1.0,33.0,90.0,5.0
2746,2019-04-25 10:00:00,599.06,595.0,54.0,3.0,1.0,45.0,90.0,5.0
2747,2019-04-25 11:00:00,598.02,572.0,57.0,3.0,1.0,41.0,88.0,5.0
2748,2019-04-25 12:00:00,596.34,565.0,55.0,3.0,1.0,41.0,89.0,5.0
2749,2019-04-25 13:00:00,593.65,567.0,55.0,3.0,1.0,46.0,88.0,5.0
2750,2019-04-25 14:00:00,594.29,569.0,49.0,3.0,1.0,52.0,84.0,5.0
2751,2019-04-25 15:00:00,587.44,574.0,50.0,3.0,1.0,60.0,86.0,5.0
2752,2019-04-25 16:00:00,594.84,594.0,47.0,3.0,1.0,57.0,86.0,5.0
2753,2019-04-25 17:00:00,597.27,598.0,44.0,3.0,1.0,57.0,85.0,5.0
2754,2019-04-25 18:00:00,592.55,596.0,46.0,3.0,1.0,61.0,86.0,5.0
2755,2019-04-25 19:00:00,595.12,594.0,46.0,3.0,1.0,58.0,85.0,5.0
2756,2019-04-25 20:00:00,582.83,595.0,46.0,3.0,1.0,74.0,86.0,5.0
2757,2019-04-25 21:00:00,576.97,549.0,45.0,3.0,1.0,68.0,86.0,5.0
2758,2019-04-25 22:00:00,559.1,529.0,45.0,3.0,1.0,86.0,85.0,5.0
2759,2019-04-25 23:00:00,572.56,524.0,44.0,3.0,1.0,68.0,84.0,5.0
2760,2019-04-26 00:00:00,563.34,532.0,49.0,3.0,1.0,80.0,85.0,5.0
2761,2019-04-26 01:00:00,581.79,522.0,60.0,3.0,1.0,51.0,83.0,5.0
2762,2019-04-26 02:00:00,586.6,540.0,61.0,3.0,1.0,48.0,85.0,5.0
2763,2019-04-26 03:00:00,583.58,530.0,66.0,3.0,1.0,48.0,84.0,5.0
2764,2019-04-26 04:00:00,605.01,592.0,68.0,3.0,1.0,37.0,84.0,5.0
2765,2019-04-26 05:00:00,614.76,596.0,59.0,3.0,1.0,25.0,88.0,5.0
2766,2019-04-26 06:00:00,631.77,591.0,35.0,3.0,1.0,12.0,89.0,5.0
2767,2019-04-26 07:00:00,631.0,593.0,43.0,3.0,1.0,9.0,90.0,5.0
2768,2019-04-26 08:00:00,626.34,589.0,52.0,3.0,1.0,11.0,89.0,5.0
2769,2019-04-26 09:00:00,621.01,588.0,55.0,3.0,1.0,17.0,88.0,5.0
2770,2019-04-26 10:00:00,613.21,577.0,55.0,3.0,1.0,24.0,88.0,5.0
2771,2019-04-26 11:00:00,612.87,587.0,52.0,3.0,1.0,29.0,87.0,5.0
2772,2019-04-26 12:00:00,612.12,588.0,55.0,3.0,1.0,29.0,87.0,5.0
2773,2019-04-26 13:00:00,598.8,596.0,53.0,3.0,1.0,48.0,88.0,5.0
2774,2019-04-26 14:00:00,592.98,579.0,53.0,3.0,1.0,53.0,86.0,5.0
2775,2019-04-26 15:00:00,603.52,607.0,65.0,3.0,1.0,43.0,85.0,5.0
2776,2019-04-26 16:00:00,612.77,627.0,69.0,3.0,1.0,34.0,85.0,5.0
2777,2019-04-26 17:00:00,622.22,688.0,69.0,3.0,1.0,36.0,84.0,5.0
2778,2019-04-26 18:00:00,621.38,680.0,70.0,3.0,1.0,35.0,84.0,5.0
2779,2019-04-26 19:00:00,606.16,631.0,69.0,3.0,1.0,43.0,86.0,5.0
2780,2019-04-26 20:00:00,598.52,621.0,69.0,3.0,1.0,51.0,86.0,5.0
2781,2019-04-26 21:00:00,598.71,582.0,67.0,3.0,1.0,41.0,86.0,5.0
2782,2019-04-26 22:00:00,558.04,423.0,66.0,3.0,1.0,41.0,86.0,5.0
2783,2019-04-26 23:00:00,549.45,394.0,68.0,3.0,1.0,42.0,83.0,5.0
2784,2019-04-27 00:00:00,561.26,404.0,68.0,3.0,1.0,33.0,83.0,5.0
2785,2019-04-27 01:00:00,565.62,397.0,68.0,3.0,1.0,27.0,82.0,5.0
2786,2019-04-27 02:00:00,567.68,413.0,66.0,3.0,1.0,29.0,84.0,5.0
2787,2019-04-27 03:00:00,551.38,418.0,68.0,3.0,1.0,48.0,84.0,5.0
2788,2019-04-27 04:00:00,556.08,417.0,69.0,3.0,1.0,43.0,83.0,5.0
2789,2019-04-27 05:00:00,571.7,416.0,71.0,3.0,1.0,22.0,86.0,5.0
2790,2019-04-27 06:00:00,582.53,446.0,68.0,3.0,1.0,18.0,89.0,5.0
2791,2019-04-27 07:00:00,583.32,474.0,67.0,3.0,1.0,26.0,89.0,5.0
2792,2019-04-27 08:00:00,587.73,474.0,67.0,3.0,1.0,25.0,85.0,5.0
2793,2019-04-27 09:00:00,567.23,446.0,68.0,3.0,1.0,35.0,89.0,5.0
2794,2019-04-27 10:00:00,563.86,433.0,69.0,3.0,1.0,35.0,88.0,5.0
2795,2019-04-27 11:00:00,549.59,417.0,70.0,3.0,1.0,47.0,86.0,5.0
2796,2019-04-27 12:00:00,543.45,415.0,71.0,3.0,1.0,52.0,87.0,5.0
2797,2019-04-27 13:00:00,543.1,414.0,71.0,3.0,1.0,52.0,87.0,5.0
2798,2019-04-27 14:00:00,545.78,416.0,70.0,3.0,1.0,50.0,87.0,5.0
2799,2019-04-27 15:00:00,536.79,417.0,70.0,3.0,1.0,61.0,87.0,5.0
2800,2019-04-27 16:00:00,539.75,429.0,68.0,3.0,1.0,63.0,87.0,5.0
2801,2019-04-27 17:00:00,544.05,421.0,70.0,3.0,1.0,55.0,86.0,5.0
2802,2019-04-27 18:00:00,553.37,466.0,67.0,3.0,1.0,60.0,88.0,5.0
2803,2019-04-27 19:00:00,544.09,480.0,68.0,3.0,1.0,77.0,88.0,5.0
2804,2019-04-27 20:00:00,514.27,474.0,68.0,3.0,1.0,117.0,87.0,5.0
2805,2019-04-27 21:00:00,490.07,444.0,67.0,3.0,1.0,137.0,88.0,5.0
2806,2019-04-27 22:00:00,477.54,441.0,66.0,3.0,1.0,157.0,86.0,5.0
2807,2019-04-27 23:00:00,469.0,420.0,65.0,3.0,1.0,159.0,85.0,5.0
2808,2019-04-28 00:00:00,465.95,412.0,64.0,3.0,1.0,158.0,86.0,5.0
2809,2019-04-28 01:00:00,475.63,416.0,62.0,3.0,1.0,149.0,83.0,5.0
2810,2019-04-28 02:00:00,474.17,414.0,62.0,3.0,1.0,148.0,85.0,5.0
2811,2019-04-28 03:00:00,472.96,417.0,65.0,3.0,1.0,151.0,85.0,5.0
2812,2019-04-28 04:00:00,467.47,412.0,67.0,3.0,1.0,155.0,86.0,5.0
2813,2019-04-28 05:00:00,474.25,414.0,66.0,3.0,1.0,144.0,88.0,5.0
2814,2019-04-28 06:00:00,475.69,413.0,67.0,3.0,1.0,139.0,90.0,5.0
2815,2019-04-28 07:00:00,488.99,432.0,67.0,3.0,1.0,130.0,90.0,5.0
2816,2019-04-28 08:00:00,488.77,435.0,67.0,3.0,1.0,132.0,90.0,5.0
2817,2019-04-28 09:00:00,480.71,432.0,65.0,3.0,1.0,143.0,90.0,5.0
2818,2019-04-28 10:00:00,472.87,425.0,65.0,3.0,1.0,151.0,90.0,5.0
2819,2019-04-28 11:00:00,475.79,422.0,68.0,3.0,1.0,146.0,88.0,5.0
2820,2019-04-28 12:00:00,470.98,414.0,66.0,3.0,1.0,149.0,88.0,5.0
2821,2019-04-28 13:00:00,480.29,433.0,66.0,3.0,1.0,144.0,90.0,5.0
2822,2019-04-28 14:00:00,484.31,428.0,66.0,3.0,1.0,134.0,91.0,5.0
2823,2019-04-28 15:00:00,495.31,433.0,64.0,3.0,1.0,122.0,90.0,5.0
2824,2019-04-28 16:00:00,494.27,426.0,63.0,3.0,1.0,120.0,90.0,5.0
2825,2019-04-28 17:00:00,507.85,433.0,65.0,3.0,1.0,104.0,90.0,5.0
2826,2019-04-28 18:00:00,510.83,422.0,67.0,3.0,1.0,94.0,90.0,5.0
2827,2019-04-28 19:00:00,517.75,436.0,65.0,3.0,1.0,92.0,90.0,5.0
2828,2019-04-28 20:00:00,514.78,424.0,66.0,3.0,1.0,90.0,90.0,5.0
2829,2019-04-28 21:00:00,518.06,417.0,64.0,3.0,1.0,84.0,89.0,5.0
2830,2019-04-28 22:00:00,521.04,415.0,65.0,3.0,1.0,79.0,89.0,5.0
2831,2019-04-28 23:00:00,526.15,419.0,63.0,3.0,1.0,77.0,87.0,5.0
2832,2019-04-29 00:00:00,530.08,418.0,62.0,3.0,1.0,72.0,87.0,5.0
2833,2019-04-29 01:00:00,539.85,419.0,61.0,3.0,1.0,64.0,84.0,5.0
2834,2019-04-29 02:00:00,545.17,417.0,61.0,3.0,1.0,55.0,86.0,5.0
2835,2019-04-29 03:00:00,554.52,423.0,63.0,3.0,1.0,47.0,85.0,6.0
2836,2019-04-29 04:00:00,578.56,452.0,63.0,3.0,1.0,31.0,84.0,6.0
2837,2019-04-29 05:00:00,589.52,465.0,68.0,3.0,1.0,16.0,89.0,6.0
2838,2019-04-29 06:00:00,592.11,475.0,68.0,3.0,1.0,15.0,90.0,6.0
2839,2019-04-29 07:00:00,591.31,478.0,70.0,3.0,1.0,17.0,89.0,6.0
2840,2019-04-29 08:00:00,581.88,458.0,69.0,3.0,1.0,22.0,89.0,6.0
2841,2019-04-29 09:00:00,575.81,444.0,70.0,3.0,1.0,24.0,89.0,6.0
2842,2019-04-29 10:00:00,568.69,453.0,70.0,3.0,1.0,35.0,89.0,6.0
2843,2019-04-29 11:00:00,552.45,430.0,69.0,3.0,1.0,48.0,87.0,6.0
2844,2019-04-29 12:00:00,542.61,430.0,68.0,3.0,1.0,59.0,88.0,6.0
2845,2019-04-29 13:00:00,539.32,430.0,68.0,3.0,1.0,62.0,89.0,6.0
2846,2019-04-29 14:00:00,541.19,429.0,69.0,3.0,1.0,60.0,88.0,6.0
2847,2019-04-29 15:00:00,546.51,430.0,69.0,3.0,1.0,54.0,88.0,6.0
2848,2019-04-29 16:00:00,566.65,442.0,66.0,3.0,1.0,37.0,87.0,6.0
2849,2019-04-29 17:00:00,569.05,452.0,65.0,3.0,1.0,38.0,87.0,6.0
2850,2019-04-29 18:00:00,552.77,455.0,66.0,3.0,1.0,58.0,87.0,6.0
2851,2019-04-29 19:00:00,549.3,450.0,64.0,3.0,1.0,61.0,87.0,6.0
2852,2019-04-29 20:00:00,533.63,416.0,65.0,3.0,1.0,65.0,88.0,6.0
2853,2019-04-29 21:00:00,539.26,417.0,64.0,3.0,1.0,60.0,87.0,6.0
2854,2019-04-29 22:00:00,548.68,429.0,63.0,3.0,1.0,55.0,86.0,6.0
2855,2019-04-29 23:00:00,556.32,434.0,63.0,3.0,1.0,49.0,85.0,6.0
2856,2019-04-30 00:00:00,557.11,431.0,63.0,3.0,1.0,47.0,85.0,6.0
2857,2019-04-30 01:00:00,557.11,431.0,63.0,3.0,1.0,51.0,81.0,6.0
2858,2019-04-30 02:00:00,564.48,429.0,63.0,3.0,1.0,39.0,84.0,6.0
2859,2019-04-30 03:00:00,582.25,437.0,64.0,3.0,1.0,22.0,84.0,6.0
2860,2019-04-30 04:00:00,590.18,451.0,66.0,3.0,1.0,17.0,84.0,6.0
2861,2019-04-30 05:00:00,603.14,489.0,67.0,3.0,1.0,10.0,87.0,6.0
2862,2019-04-30 06:00:00,598.59,488.0,69.0,3.0,1.0,10.0,91.0,6.0
2863,2019-04-30 07:00:00,599.15,488.0,70.0,3.0,1.0,11.0,89.0,6.0
2864,2019-04-30 08:00:00,596.47,488.0,70.0,3.0,1.0,13.0,90.0,6.0
2865,2019-04-30 09:00:00,595.52,490.0,69.0,3.0,1.0,16.0,89.0,6.0
2866,2019-04-30 10:00:00,593.7,492.0,68.0,3.0,1.0,19.0,89.0,6.0
2867,2019-04-30 11:00:00,591.36,494.0,66.0,3.0,1.0,23.0,89.0,6.0
2868,2019-04-30 12:00:00,585.27,494.0,69.0,3.0,1.0,29.0,89.0,6.0
2869,2019-04-30 13:00:00,583.1,493.0,67.0,3.0,1.0,31.0,90.0,6.0
2870,2019-04-30 14:00:00,587.57,493.0,69.0,3.0,1.0,25.0,90.0,6.0
2871,2019-04-30 15:00:00,589.68,492.0,67.0,3.0,1.0,25.0,88.0,6.0
2872,2019-04-30 16:00:00,594.11,478.0,67.0,3.0,1.0,17.0,87.0,6.0
2873,2019-04-30 17:00:00,598.31,490.0,66.0,3.0,1.0,17.0,86.0,6.0
2874,2019-04-30 18:00:00,597.42,490.0,66.0,3.0,1.0,16.0,88.0,6.0
2875,2019-04-30 19:00:00,590.24,486.0,66.0,3.0,1.0,23.0,88.0,6.0
2876,2019-04-30 20:00:00,583.03,452.0,66.0,3.0,1.0,21.0,88.0,6.0
2877,2019-04-30 21:00:00,581.35,433.0,66.0,3.0,1.0,17.0,88.0,6.0
2878,2019-04-30 22:00:00,573.57,432.0,66.0,3.0,1.0,26.0,87.0,6.0
2879,2019-04-30 23:00:00,562.82,419.0,64.0,3.0,1.0,35.0,86.0,6.0
2880,2019-05-01 00:00:00,560.99,419.0,64.0,3.0,1.0,38.0,85.0,6.0
2881,2019-05-01 01:00:00,565.9,419.0,63.0,3.0,1.0,36.0,82.0,6.0
2882,2019-05-01 02:00:00,567.15,419.0,62.0,3.0,1.0,33.0,84.0,6.0
2883,2019-05-01 03:00:00,576.85,428.0,61.0,3.0,1.0,25.0,85.0,6.0
2884,2019-05-01 04:00:00,581.37,423.0,63.0,3.0,1.0,16.0,87.0,6.0
2885,2019-05-01 05:00:00,586.98,436.0,66.0,3.0,1.0,10.0,90.0,6.0
2886,2019-05-01 06:00:00,582.76,434.0,71.0,3.0,1.0,11.0,91.0,6.0
2887,2019-05-01 07:00:00,579.98,433.0,70.0,3.0,1.0,14.0,91.0,6.0
2888,2019-05-01 08:00:00,569.52,433.0,71.0,3.0,1.0,24.0,92.0,6.0
2889,2019-05-01 09:00:00,561.81,434.0,71.0,3.0,1.0,34.0,91.0,6.0
2890,2019-05-01 10:00:00,557.28,438.0,70.0,3.0,1.0,41.0,91.0,6.0
2891,2019-05-01 11:00:00,547.49,433.0,69.0,3.0,1.0,53.0,89.0,6.0
2892,2019-05-01 12:00:00,535.39,428.0,68.0,3.0,1.0,66.0,89.0,6.0
2893,2019-05-01 13:00:00,532.87,427.0,67.0,3.0,1.0,68.0,90.0,6.0
2894,2019-05-01 14:00:00,536.67,427.0,68.0,3.0,1.0,62.0,91.0,6.0
2895,2019-05-01 15:00:00,542.05,430.0,67.0,3.0,1.0,57.0,91.0,6.0
2896,2019-05-01 16:00:00,533.65,434.0,67.0,3.0,1.0,70.0,90.0,6.0
2897,2019-05-01 17:00:00,528.17,422.0,66.0,3.0,1.0,74.0,88.0,6.0
2898,2019-05-01 18:00:00,534.98,431.0,64.0,3.0,1.0,69.0,89.0,6.0
2899,2019-05-01 19:00:00,518.17,429.0,66.0,3.0,1.0,89.0,89.0,6.0
2900,2019-05-01 20:00:00,505.59,429.0,66.0,3.0,1.0,105.0,90.0,6.0
2901,2019-05-01 21:00:00,535.08,424.0,67.0,3.0,1.0,64.0,90.0,6.0
2902,2019-05-01 22:00:00,552.85,425.0,68.0,3.0,1.0,43.0,90.0,6.0
2903,2019-05-01 23:00:00,554.72,429.0,66.0,3.0,1.0,47.0,86.0,6.0
2904,2019-05-02 00:00:00,568.03,421.0,67.0,3.0,1.0,28.0,87.0,6.0
2905,2019-05-02 01:00:00,579.69,425.0,64.0,3.0,1.0,21.0,84.0,6.0
2906,2019-05-02 02:00:00,583.78,427.0,65.0,3.0,1.0,15.0,86.0,6.0
2907,2019-05-02 03:00:00,587.39,426.0,65.0,3.0,1.0,12.0,85.0,6.0
2908,2019-05-02 04:00:00,591.06,425.0,65.0,3.0,1.0,8.0,85.0,6.0
2909,2019-05-02 05:00:00,591.63,427.0,65.0,3.0,1.0,6.0,87.0,6.0
2910,2019-05-02 06:00:00,593.93,433.0,66.0,3.0,1.0,6.0,86.0,6.0
2911,2019-05-02 07:00:00,592.94,433.0,66.0,3.0,1.0,6.0,87.0,6.0
2912,2019-05-02 08:00:00,587.71,442.0,66.0,3.0,1.0,14.0,87.0,6.0
2913,2019-05-02 09:00:00,580.42,436.0,63.0,3.0,1.0,21.0,87.0,6.0
2914,2019-05-02 10:00:00,579.19,435.0,63.0,3.0,1.0,22.0,87.0,6.0
2915,2019-05-02 11:00:00,569.93,467.0,65.0,3.0,1.0,44.0,85.0,6.0
2916,2019-05-02 12:00:00,552.09,459.0,64.0,3.0,1.0,62.0,86.0,6.0
2917,2019-05-02 13:00:00,538.76,465.0,65.0,3.0,1.0,80.0,87.0,6.0
2918,2019-05-02 14:00:00,545.3,484.0,65.0,3.0,1.0,79.0,87.0,6.0
2919,2019-05-02 15:00:00,526.52,483.0,63.0,3.0,1.0,103.0,89.0,6.0
2920,2019-05-02 16:00:00,511.23,474.0,63.0,3.0,1.0,121.0,89.0,6.0
2921,2019-05-02 17:00:00,484.89,464.0,48.0,3.0,1.0,161.0,88.0,6.0
2922,2019-05-02 18:00:00,479.35,448.0,46.0,3.0,1.0,161.0,88.0,6.0
2923,2019-05-02 19:00:00,462.66,430.0,44.0,3.0,1.0,177.0,88.0,6.0
2924,2019-05-02 20:00:00,469.61,435.0,44.0,3.0,1.0,168.0,89.0,6.0
2925,2019-05-02 21:00:00,493.31,431.0,44.0,3.0,1.0,130.0,89.0,6.0
2926,2019-05-02 22:00:00,528.99,455.0,44.0,3.0,1.0,94.0,88.0,6.0
2927,2019-05-02 23:00:00,538.73,453.0,43.0,3.0,1.0,83.0,86.0,6.0
2928,2019-05-03 00:00:00,539.86,481.0,43.0,3.0,1.0,92.0,87.0,6.0
2929,2019-05-03 01:00:00,521.47,461.0,43.0,3.0,1.0,109.0,86.0,6.0
2930,2019-05-03 02:00:00,515.14,458.0,44.0,3.0,1.0,117.0,85.0,6.0
2931,2019-05-03 03:00:00,504.5,450.0,44.0,3.0,1.0,128.0,85.0,6.0
2932,2019-05-03 04:00:00,500.47,448.0,43.0,3.0,1.0,132.0,86.0,6.0
2933,2019-05-03 05:00:00,488.4,461.0,43.0,3.0,1.0,156.0,87.0,6.0
2934,2019-05-03 06:00:00,489.47,464.0,43.0,3.0,1.0,155.0,88.0,6.0
2935,2019-05-03 07:00:00,482.29,443.0,44.0,3.0,1.0,153.0,89.0,6.0
2936,2019-05-03 08:00:00,497.35,448.0,45.0,3.0,1.0,132.0,90.0,6.0
2937,2019-05-03 09:00:00,487.62,474.0,45.0,3.0,1.0,159.0,92.0,6.0
2938,2019-05-03 10:00:00,466.27,432.0,22.0,3.0,1.0,174.0,91.0,6.0
2939,2019-05-03 11:00:00,470.67,436.0,25.0,3.0,1.0,171.0,89.0,6.0
2940,2019-05-03 12:00:00,481.62,444.0,25.0,3.0,1.0,157.0,91.0,6.0
2941,2019-05-03 13:00:00,485.28,436.0,25.0,3.0,1.0,147.0,91.0,6.0
2942,2019-05-03 14:00:00,490.57,439.0,25.0,3.0,1.0,141.0,91.0,6.0
2943,2019-05-03 15:00:00,501.19,437.0,25.0,3.0,1.0,125.0,91.0,6.0
2944,2019-05-03 16:00:00,509.73,434.0,25.0,3.0,1.0,112.0,91.0,6.0
2945,2019-05-03 17:00:00,534.37,460.0,25.0,2.0,1.0,94.0,90.0,6.0
2946,2019-05-03 18:00:00,527.99,430.0,25.0,3.0,1.0,88.0,90.0,6.0
2947,2019-05-03 19:00:00,534.78,428.0,25.0,3.0,1.0,81.0,88.0,6.0
2948,2019-05-03 20:00:00,541.67,443.0,25.0,3.0,1.0,78.0,89.0,6.0
2949,2019-05-03 21:00:00,556.04,453.0,25.0,3.0,1.0,65.0,89.0,6.0
2950,2019-05-03 22:00:00,564.46,446.0,25.0,3.0,1.0,54.0,88.0,6.0
2951,2019-05-03 23:00:00,575.93,441.0,25.0,3.0,1.0,42.0,86.0,6.0
2952,2019-05-04 00:00:00,589.36,454.0,25.0,3.0,1.0,31.0,87.0,6.0
2953,2019-05-04 01:00:00,587.82,452.0,25.0,3.0,1.0,35.0,84.0,6.0
2954,2019-05-04 02:00:00,585.7,448.0,25.0,3.0,1.0,34.0,86.0,6.0
2955,2019-05-04 03:00:00,573.21,423.0,25.0,3.0,1.0,38.0,87.0,6.0
2956,2019-05-04 04:00:00,580.41,427.0,25.0,3.0,1.0,32.0,87.0,6.0
2957,2019-05-04 05:00:00,569.63,433.0,25.0,3.0,1.0,39.0,93.0,6.0
2958,2019-05-04 06:00:00,544.92,435.0,25.0,3.0,1.0,67.0,93.0,6.0
2959,2019-05-04 07:00:00,549.65,457.0,25.0,3.0,1.0,70.0,93.0,6.0
2960,2019-05-04 08:00:00,555.58,476.0,25.0,3.0,1.0,70.0,93.0,6.0
2961,2019-05-04 09:00:00,551.2,483.0,25.0,3.0,1.0,79.0,92.0,6.0
2962,2019-05-04 10:00:00,541.13,476.0,25.0,3.0,1.0,90.0,91.0,6.0
2963,2019-05-04 11:00:00,544.92,473.0,25.0,3.0,1.0,85.0,90.0,6.0
2964,2019-05-04 12:00:00,556.51,449.0,25.0,3.0,1.0,61.0,91.0,6.0
2965,2019-05-04 13:00:00,540.39,422.0,25.0,3.0,1.0,70.0,90.0,6.0
2966,2019-05-04 14:00:00,542.51,433.0,25.0,3.0,1.0,75.0,87.0,6.0
2967,2019-05-04 15:00:00,545.63,460.0,25.0,3.0,1.0,79.0,90.0,6.0
2968,2019-05-04 16:00:00,558.64,428.0,25.0,3.0,1.0,56.0,86.0,6.0
2969,2019-05-04 17:00:00,555.83,436.0,25.0,3.0,1.0,61.0,87.0,6.0
2970,2019-05-04 18:00:00,551.84,448.0,25.0,3.0,1.0,66.0,91.0,6.0
2971,2019-05-04 19:00:00,545.45,434.0,25.0,3.0,1.0,70.0,89.0,6.0
2972,2019-05-04 20:00:00,556.47,427.0,25.0,3.0,1.0,55.0,89.0,6.0
2973,2019-05-04 21:00:00,552.59,421.0,25.0,3.0,1.0,56.0,90.0,6.0
2974,2019-05-04 22:00:00,556.4,435.0,25.0,3.0,1.0,58.0,89.0,6.0
2975,2019-05-04 23:00:00,559.77,423.0,25.0,3.0,1.0,51.0,88.0,6.0
2976,2019-05-05 00:00:00,568.97,419.0,25.0,3.0,1.0,39.0,89.0,6.0
2977,2019-05-05 01:00:00,577.22,420.0,25.0,3.0,1.0,33.0,87.0,6.0
2978,2019-05-05 02:00:00,585.05,419.0,25.0,3.0,1.0,23.0,89.0,6.0
2979,2019-05-05 03:00:00,588.04,422.0,25.0,3.0,1.0,23.0,87.0,6.0
2980,2019-05-05 04:00:00,599.68,422.0,25.0,3.0,1.0,13.0,86.0,6.0
2981,2019-05-05 05:00:00,606.56,443.0,25.0,3.0,1.0,11.0,87.0,6.0
2982,2019-05-05 06:00:00,603.99,449.0,25.0,3.0,1.0,14.0,88.0,6.0
2983,2019-05-05 07:00:00,590.27,419.0,25.0,3.0,1.0,19.0,88.0,6.0
2984,2019-05-05 08:00:00,591.31,433.0,25.0,3.0,1.0,21.0,89.0,6.0
2985,2019-05-05 09:00:00,588.26,433.0,25.0,3.0,1.0,25.0,88.0,6.0
2986,2019-05-05 10:00:00,588.51,451.0,25.0,3.0,1.0,30.0,88.0,6.0
2987,2019-05-05 11:00:00,583.18,446.0,25.0,3.0,1.0,36.0,86.0,6.0
2988,2019-05-05 12:00:00,580.37,443.0,25.0,3.0,1.0,37.0,87.0,6.0
2989,2019-05-05 13:00:00,577.49,443.0,25.0,3.0,1.0,38.0,89.0,6.0
2990,2019-05-05 14:00:00,582.0,442.0,25.0,3.0,1.0,33.0,89.0,6.0
2991,2019-05-05 15:00:00,587.19,443.0,25.0,3.0,1.0,26.0,91.0,6.0
2992,2019-05-05 16:00:00,590.46,444.0,25.0,3.0,1.0,21.0,93.0,6.0
2993,2019-05-05 17:00:00,601.98,472.0,25.0,3.0,1.0,17.0,93.0,6.0
2994,2019-05-05 18:00:00,612.61,529.0,25.0,3.0,1.0,20.0,93.0,6.0
2995,2019-05-05 19:00:00,614.48,563.0,25.0,3.0,1.0,28.0,91.0,6.0
2996,2019-05-05 20:00:00,625.65,604.0,25.0,3.0,1.0,23.0,92.0,6.0
2997,2019-05-05 21:00:00,602.54,501.0,25.0,3.0,1.0,24.0,93.0,6.0
2998,2019-05-05 22:00:00,604.15,500.0,25.0,3.0,1.0,24.0,91.0,6.0
2999,2019-05-05 23:00:00,603.67,498.0,25.0,3.0,1.0,26.0,89.0,6.0
3000,2019-05-06 00:00:00,597.96,501.0,25.0,3.0,1.0,33.0,89.0,6.0
3001,2019-05-06 01:00:00,592.7,498.0,25.0,3.0,1.0,40.0,87.0,6.0
3002,2019-05-06 02:00:00,586.12,500.0,25.0,3.0,1.0,47.0,88.0,6.0
3003,2019-05-06 03:00:00,583.81,531.0,25.0,3.0,1.0,60.0,87.0,6.0
3004,2019-05-06 04:00:00,602.57,570.0,25.0,3.0,1.0,49.0,86.0,6.0
3005,2019-05-06 05:00:00,596.55,561.0,25.0,3.0,1.0,50.0,90.0,6.0
3006,2019-05-06 06:00:00,585.63,572.0,25.0,3.0,1.0,65.0,92.0,6.0
3007,2019-05-06 07:00:00,574.31,578.0,25.0,3.0,1.0,81.0,93.0,6.0
3008,2019-05-06 08:00:00,575.54,577.0,25.0,3.0,1.0,80.0,92.0,6.0
3009,2019-05-06 09:00:00,574.57,576.0,25.0,3.0,1.0,82.0,91.0,6.0
3010,2019-05-06 10:00:00,573.63,569.0,25.0,3.0,1.0,80.0,92.0,6.0
3011,2019-05-06 11:00:00,582.64,569.0,25.0,3.0,1.0,70.0,90.0,6.0
3012,2019-05-06 12:00:00,589.41,544.0,25.0,3.0,1.0,53.0,91.0,6.0
3013,2019-05-06 13:00:00,596.61,543.0,25.0,3.0,1.0,42.0,93.0,6.0
3014,2019-05-06 14:00:00,594.8,546.0,25.0,4.0,1.0,45.0,92.0,6.0
3015,2019-05-06 15:00:00,603.0,549.0,25.0,4.0,1.0,37.0,91.0,6.0
3016,2019-05-06 16:00:00,610.84,566.0,25.0,4.0,1.0,33.0,90.0,6.0
3017,2019-05-06 17:00:00,611.69,566.0,25.0,4.0,1.0,31.0,91.0,6.0
3018,2019-05-06 18:00:00,606.17,544.0,25.0,4.0,1.0,34.0,89.0,6.0
3019,2019-05-06 19:00:00,612.04,576.0,25.0,3.0,1.0,35.0,90.0,6.0
3020,2019-05-06 20:00:00,612.24,577.0,25.0,3.0,1.0,35.0,90.0,6.0
3021,2019-05-06 21:00:00,612.24,577.0,25.0,2.0,1.0,34.0,92.0,6.0
3022,2019-05-06 22:00:00,614.3,579.0,25.0,2.0,1.0,34.0,90.0,6.0
3023,2019-05-06 23:00:00,623.39,555.0,25.0,2.0,1.0,21.0,87.0,6.0
3024,2019-05-07 00:00:00,629.21,562.0,25.0,2.0,1.0,15.0,88.0,6.0
3025,2019-05-07 01:00:00,630.09,557.0,25.0,2.0,1.0,15.0,86.0,6.0
3026,2019-05-07 02:00:00,637.63,584.0,25.0,2.0,1.0,12.0,86.0,6.0
3027,2019-05-07 03:00:00,646.8,642.0,25.0,2.0,1.0,12.0,86.0,6.0
3028,2019-05-07 04:00:00,648.67,655.0,25.0,2.0,1.0,12.0,86.0,6.0
3029,2019-05-07 05:00:00,653.54,734.0,25.0,2.0,1.0,18.0,87.0,6.0
3030,2019-05-07 06:00:00,653.45,749.0,24.0,2.0,1.0,20.0,88.0,6.0
3031,2019-05-07 07:00:00,625.06,559.0,25.0,2.0,1.0,19.0,88.0,6.0
3032,2019-05-07 08:00:00,595.22,472.0,25.0,2.0,1.0,28.0,90.0,6.0
3033,2019-05-07 09:00:00,590.91,505.0,25.0,2.0,1.0,39.0,93.0,6.0
3034,2019-05-07 10:00:00,613.79,610.0,25.0,2.0,1.0,40.0,92.0,6.0
3035,2019-05-07 11:00:00,614.05,603.0,25.0,2.0,1.0,40.0,90.0,6.0
3036,2019-05-07 12:00:00,601.19,609.0,25.0,2.0,1.0,58.0,90.0,6.0
3037,2019-05-07 13:00:00,580.0,590.0,25.0,3.0,1.0,82.0,88.0,6.0
3038,2019-05-07 14:00:00,581.87,582.0,25.0,3.0,1.0,77.0,88.0,6.0
3039,2019-05-07 15:00:00,570.44,583.0,25.0,3.0,1.0,90.0,91.0,6.0
3040,2019-05-07 16:00:00,579.18,596.0,25.0,3.0,1.0,80.0,93.0,6.0
3041,2019-05-07 17:00:00,577.44,601.0,25.0,3.0,1.0,86.0,91.0,6.0
3042,2019-05-07 18:00:00,591.37,598.0,25.0,3.0,1.0,67.0,90.0,6.0
3043,2019-05-07 19:00:00,588.39,598.0,25.0,3.0,1.0,71.0,90.0,6.0
3044,2019-05-07 20:00:00,580.85,597.0,25.0,3.0,1.0,82.0,89.0,6.0
3045,2019-05-07 21:00:00,574.68,592.0,25.0,3.0,1.0,89.0,89.0,6.0
3046,2019-05-07 22:00:00,571.59,597.0,25.0,3.0,1.0,96.0,88.0,6.0
3047,2019-05-07 23:00:00,571.6,594.0,25.0,3.0,1.0,97.0,86.0,6.0
3048,2019-05-08 00:00:00,562.93,564.0,25.0,3.0,1.0,98.0,87.0,6.0
3049,2019-05-08 01:00:00,578.46,596.0,25.0,3.0,1.0,90.0,84.0,6.0
3050,2019-05-08 02:00:00,574.39,600.0,25.0,3.0,1.0,94.0,87.0,6.0
3051,2019-05-08 03:00:00,588.39,598.0,25.0,3.0,1.0,76.0,85.0,6.0
3052,2019-05-08 04:00:00,603.02,599.0,25.0,3.0,1.0,56.0,86.0,6.0
3053,2019-05-08 05:00:00,598.45,603.0,25.0,3.0,1.0,58.0,91.0,6.0
3054,2019-05-08 06:00:00,598.54,602.0,24.0,3.0,1.0,57.0,92.0,6.0
3055,2019-05-08 07:00:00,593.99,602.0,24.0,3.0,1.0,62.0,93.0,6.0
3056,2019-05-08 08:00:00,584.39,602.0,24.0,3.0,1.0,76.0,92.0,6.0
3057,2019-05-08 09:00:00,577.88,605.0,24.0,3.0,1.0,86.0,92.0,6.0
3058,2019-05-08 10:00:00,583.18,601.0,25.0,3.0,1.0,76.0,93.0,6.0
3059,2019-05-08 11:00:00,583.55,604.0,37.0,3.0,1.0,75.0,90.0,6.0
3060,2019-05-08 12:00:00,591.76,606.0,51.0,3.0,1.0,58.0,91.0,6.0
3061,2019-05-08 13:00:00,587.37,575.0,51.0,3.0,1.0,55.0,91.0,6.0
3062,2019-05-08 14:00:00,596.11,584.0,51.0,3.0,1.0,46.0,91.0,6.0
3063,2019-05-08 15:00:00,614.29,604.0,50.0,3.0,1.0,31.0,88.0,6.0
3064,2019-05-08 16:00:00,627.25,604.0,52.0,3.0,1.0,16.0,86.0,6.0
3065,2019-05-08 17:00:00,633.69,608.0,52.0,3.0,1.0,9.0,86.0,6.0
3066,2019-05-08 18:00:00,635.39,604.0,50.0,3.0,1.0,8.0,85.0,6.0
3067,2019-05-08 19:00:00,634.38,600.0,51.0,3.0,1.0,8.0,85.0,6.0
3068,2019-05-08 20:00:00,620.07,538.0,52.0,3.0,1.0,10.0,86.0,6.0
3069,2019-05-08 21:00:00,615.54,546.0,52.0,3.0,1.0,14.0,89.0,6.0
3070,2019-05-08 22:00:00,614.45,539.0,51.0,3.0,1.0,15.0,88.0,6.0
3071,2019-05-08 23:00:00,614.27,544.0,52.0,3.0,1.0,18.0,86.0,6.0
3072,2019-05-09 00:00:00,600.01,537.0,52.0,3.0,1.0,32.0,87.0,6.0
3073,2019-05-09 01:00:00,578.71,542.0,52.0,3.0,1.0,61.0,86.0,6.0
3074,2019-05-09 02:00:00,550.08,547.0,52.0,3.0,1.0,100.0,88.0,6.0
3075,2019-05-09 03:00:00,543.21,541.0,51.0,3.0,1.0,110.0,86.0,6.0
3076,2019-05-09 04:00:00,574.03,593.0,51.0,3.0,1.0,83.0,87.0,6.0
3077,2019-05-09 05:00:00,588.96,593.0,54.0,3.0,1.0,57.0,91.0,6.0
3078,2019-05-09 06:00:00,587.84,598.0,54.0,3.0,1.0,59.0,92.0,6.0
3079,2019-05-09 07:00:00,573.15,574.0,54.0,3.0,1.0,72.0,92.0,6.0
3080,2019-05-09 08:00:00,557.34,560.0,53.0,3.0,1.0,90.0,92.0,6.0
3081,2019-05-09 09:00:00,553.47,536.0,52.0,3.0,1.0,87.0,92.0,6.0
3082,2019-05-09 10:00:00,557.39,562.0,52.0,3.0,1.0,92.0,91.0,6.0
3083,2019-05-09 11:00:00,538.34,559.0,53.0,3.0,1.0,122.0,88.0,6.0
3084,2019-05-09 12:00:00,525.84,555.0,53.0,3.0,1.0,139.0,89.0,6.0
3085,2019-05-09 13:00:00,516.11,553.0,53.0,3.0,1.0,154.0,89.0,6.0
3086,2019-05-09 14:00:00,518.98,574.0,53.0,3.0,1.0,158.0,90.0,6.0
3087,2019-05-09 15:00:00,523.64,587.0,53.0,3.0,1.0,157.0,89.0,6.0
3088,2019-05-09 16:00:00,534.21,592.0,51.0,3.0,1.0,142.0,89.0,6.0
3089,2019-05-09 17:00:00,540.75,574.0,51.0,3.0,1.0,124.0,89.0,6.0
3090,2019-05-09 18:00:00,544.1,572.0,51.0,3.0,1.0,118.0,89.0,6.0
3091,2019-05-09 19:00:00,546.57,592.0,51.0,3.0,1.0,122.0,89.0,6.0
3092,2019-05-09 20:00:00,544.88,592.0,50.0,3.0,1.0,125.0,89.0,6.0
3093,2019-05-09 21:00:00,526.04,529.0,50.0,3.0,1.0,128.0,89.0,6.0
3094,2019-05-09 22:00:00,538.86,527.0,50.0,3.0,1.0,108.0,89.0,6.0
3095,2019-05-09 23:00:00,543.99,533.0,50.0,3.0,1.0,105.0,87.0,6.0
3096,2019-05-10 00:00:00,544.84,526.0,50.0,3.0,1.0,101.0,87.0,6.0
3097,2019-05-10 01:00:00,570.63,527.0,51.0,3.0,1.0,68.0,85.0,6.0
3098,2019-05-10 02:00:00,578.93,531.0,50.0,3.0,1.0,57.0,87.0,6.0
3099,2019-05-10 03:00:00,586.58,533.0,50.0,3.0,1.0,49.0,86.0,6.0
3100,2019-05-10 04:00:00,615.83,597.0,51.0,3.0,1.0,29.0,86.0,6.0
3101,2019-05-10 05:00:00,621.17,599.0,53.0,3.0,1.0,19.0,89.0,6.0
3102,2019-05-10 06:00:00,625.91,601.0,52.0,3.0,1.0,15.0,88.0,6.0
3103,2019-05-10 07:00:00,628.07,604.0,52.0,3.0,1.0,12.0,89.0,6.0
3104,2019-05-10 08:00:00,629.06,603.0,51.0,3.0,1.0,11.0,89.0,6.0
3105,2019-05-10 09:00:00,625.1,601.0,52.0,3.0,1.0,14.0,90.0,6.0
3106,2019-05-10 10:00:00,625.15,592.0,52.0,3.0,1.0,13.0,89.0,6.0
3107,2019-05-10 11:00:00,625.21,597.0,52.0,3.0,1.0,17.0,86.0,6.0
3108,2019-05-10 12:00:00,623.39,596.0,52.0,3.0,1.0,18.0,87.0,6.0
3109,2019-05-10 13:00:00,622.76,597.0,52.0,3.0,1.0,18.0,88.0,6.0
3110,2019-05-10 14:00:00,622.94,598.0,52.0,3.0,1.0,18.0,88.0,6.0
3111,2019-05-10 15:00:00,627.33,595.0,52.0,3.0,1.0,10.0,90.0,6.0
3112,2019-05-10 16:00:00,626.71,597.0,50.0,3.0,1.0,11.0,91.0,6.0
3113,2019-05-10 17:00:00,621.43,595.0,50.0,3.0,1.0,17.0,91.0,6.0
3114,2019-05-10 18:00:00,607.1,591.0,50.0,3.0,1.0,34.0,91.0,6.0
3115,2019-05-10 19:00:00,602.94,592.0,49.0,3.0,1.0,42.0,89.0,6.0
3116,2019-05-10 20:00:00,604.11,580.0,50.0,3.0,1.0,36.0,90.0,6.0
3117,2019-05-10 21:00:00,609.76,595.0,49.0,3.0,1.0,33.0,90.0,6.0
3118,2019-05-10 22:00:00,619.77,586.0,50.0,3.0,1.0,18.0,90.0,6.0
3119,2019-05-10 23:00:00,619.13,550.0,49.0,3.0,1.0,13.0,88.0,6.0
3120,2019-05-11 00:00:00,620.0,550.0,49.0,3.0,1.0,13.0,87.0,6.0
3121,2019-05-11 01:00:00,620.52,550.0,50.0,3.0,1.0,12.0,87.0,6.0
3122,2019-05-11 02:00:00,625.82,550.0,50.0,3.0,1.0,7.0,86.0,6.0
3123,2019-05-11 03:00:00,626.9,551.0,50.0,3.0,1.0,5.0,87.0,6.0
3124,2019-05-11 04:00:00,624.13,544.0,49.0,3.0,1.0,6.0,88.0,6.0
3125,2019-05-11 05:00:00,621.69,547.0,50.0,3.0,1.0,7.0,90.0,6.0
3126,2019-05-11 06:00:00,627.57,583.0,50.0,3.0,1.0,9.0,89.0,6.0
3127,2019-05-11 07:00:00,626.55,582.0,50.0,3.0,1.0,10.0,89.0,6.0
3128,2019-05-11 08:00:00,628.54,598.0,50.0,3.0,1.0,11.0,89.0,6.0
3129,2019-05-11 09:00:00,621.97,598.0,50.0,3.0,1.0,19.0,89.0,6.0
3130,2019-05-11 10:00:00,611.4,597.0,50.0,3.0,1.0,32.0,89.0,6.0
3131,2019-05-11 11:00:00,605.01,561.0,50.0,3.0,1.0,34.0,86.0,6.0
3132,2019-05-11 12:00:00,588.59,554.0,49.0,3.0,1.0,52.0,87.0,6.0
3133,2019-05-11 13:00:00,567.21,553.0,49.0,3.0,1.0,78.0,89.0,6.0
3134,2019-05-11 14:00:00,565.06,527.0,49.0,3.0,1.0,72.0,89.0,6.0
3135,2019-05-11 15:00:00,548.94,528.0,50.0,3.0,1.0,93.0,90.0,6.0
3136,2019-05-11 16:00:00,545.98,525.0,50.0,3.0,1.0,95.0,91.0,6.0
3137,2019-05-11 17:00:00,545.16,517.0,50.0,3.0,1.0,93.0,91.0,6.0
3138,2019-05-11 18:00:00,542.04,521.0,50.0,3.0,1.0,99.0,91.0,6.0
3139,2019-05-11 19:00:00,555.13,517.0,51.0,3.0,1.0,80.0,90.0,6.0
3140,2019-05-11 20:00:00,548.54,511.0,50.0,3.0,1.0,89.0,88.0,6.0
3141,2019-05-11 21:00:00,541.59,512.0,50.0,3.0,1.0,105.0,82.0,6.0
3142,2019-05-11 22:00:00,528.12,436.0,50.0,3.0,1.0,83.0,90.0,6.0
3143,2019-05-11 23:00:00,535.77,423.0,50.0,3.0,1.0,70.0,88.0,6.0
3144,2019-05-12 00:00:00,536.63,431.0,51.0,3.0,1.0,73.0,87.0,6.0
3145,2019-05-12 01:00:00,544.79,422.0,50.0,3.0,1.0,62.0,85.0,6.0
3146,2019-05-12 02:00:00,547.88,426.0,50.0,3.0,1.0,58.0,87.0,6.0
3147,2019-05-12 03:00:00,547.15,429.0,50.0,3.0,1.0,60.0,87.0,6.0
3148,2019-05-12 04:00:00,538.34,428.0,50.0,3.0,1.0,69.0,88.0,6.0
3149,2019-05-12 05:00:00,531.04,429.0,51.0,3.0,1.0,78.0,88.0,6.0
3150,2019-05-12 06:00:00,532.68,426.0,50.0,3.0,1.0,75.0,88.0,6.0
3151,2019-05-12 07:00:00,524.89,423.0,51.0,3.0,1.0,83.0,88.0,6.0
3152,2019-05-12 08:00:00,538.34,428.0,50.0,3.0,1.0,70.0,87.0,6.0
3153,2019-05-12 09:00:00,547.34,445.0,50.0,3.0,1.0,65.0,88.0,6.0
3154,2019-05-12 10:00:00,545.05,438.0,50.0,3.0,1.0,63.0,90.0,6.0
3155,2019-05-12 11:00:00,543.72,434.0,50.0,3.0,1.0,62.0,91.0,6.0
3156,2019-05-12 12:00:00,541.02,426.0,50.0,3.0,1.0,60.0,93.0,6.0
3157,2019-05-12 13:00:00,546.3,429.0,50.0,3.0,1.0,55.0,93.0,6.0
3158,2019-05-12 14:00:00,564.0,429.0,50.0,3.0,1.0,35.0,93.0,6.0
3159,2019-05-12 15:00:00,587.35,458.0,50.0,3.0,1.0,19.0,93.0,6.0
3160,2019-05-12 16:00:00,596.48,464.0,50.0,3.0,1.0,13.0,91.0,6.0
3161,2019-05-12 17:00:00,601.9,487.0,51.0,3.0,1.0,13.0,91.0,6.0
3162,2019-05-12 18:00:00,606.8,492.0,51.0,3.0,1.0,9.0,91.0,6.0
3163,2019-05-12 19:00:00,608.9,493.0,51.0,3.0,1.0,7.0,91.0,6.0
3164,2019-05-12 20:00:00,613.92,507.0,51.0,3.0,1.0,6.0,90.0,6.0
3165,2019-05-12 21:00:00,615.81,520.0,51.0,3.0,1.0,6.0,91.0,6.0
3166,2019-05-12 22:00:00,594.69,432.0,50.0,3.0,1.0,7.0,90.0,6.0
3167,2019-05-12 23:00:00,599.57,435.0,50.0,3.0,1.0,7.0,86.0,6.0
3168,2019-05-13 00:00:00,595.87,434.0,51.0,3.0,1.0,9.0,87.0,6.0
3169,2019-05-13 01:00:00,595.03,431.0,51.0,3.0,1.0,10.0,86.0,6.0
3170,2019-05-13 02:00:00,591.72,437.0,51.0,3.0,1.0,14.0,87.0,6.0
3171,2019-05-13 03:00:00,616.06,534.0,51.0,3.0,1.0,14.0,86.0,6.0
3172,2019-05-13 04:00:00,621.0,590.0,51.0,3.0,1.0,20.0,87.0,6.0
3173,2019-05-13 05:00:00,620.65,597.0,51.0,3.0,1.0,21.0,88.0,6.0
3174,2019-05-13 06:00:00,619.01,595.0,40.0,3.0,1.0,25.0,90.0,6.0
3175,2019-05-13 07:00:00,623.5,596.0,32.0,3.0,1.0,23.0,90.0,6.0
3176,2019-05-13 08:00:00,621.22,589.0,30.0,3.0,1.0,25.0,90.0,6.0
3177,2019-05-13 09:00:00,619.95,589.0,29.0,3.0,1.0,26.0,91.0,5.0
3178,2019-05-13 10:00:00,616.04,599.0,29.0,3.0,1.0,32.0,92.0,6.0
3179,2019-05-13 11:00:00,614.43,583.0,27.0,3.0,1.0,36.0,87.0,6.0
3180,2019-05-13 12:00:00,513.57,306.0,27.0,3.0,1.0,50.0,86.0,6.0
3181,2019-05-13 13:00:00,499.09,302.0,34.0,3.0,1.0,59.0,87.0,6.0
3182,2019-05-13 14:00:00,497.03,308.0,27.0,2.0,1.0,66.0,88.0,6.0
3183,2019-05-13 15:00:00,491.25,331.0,45.0,2.0,1.0,78.0,90.0,6.0
3184,2019-05-13 16:00:00,462.39,310.0,50.0,2.0,1.0,97.0,91.0,6.0
3185,2019-05-13 17:00:00,463.28,307.0,50.0,2.0,1.0,94.0,91.0,6.0
3186,2019-05-13 18:00:00,447.35,303.0,49.0,2.0,1.0,111.0,91.0,6.0
3187,2019-05-13 19:00:00,457.25,303.0,48.0,2.0,1.0,99.0,91.0,6.0
3188,2019-05-13 20:00:00,451.28,297.0,49.0,2.0,1.0,102.0,91.0,6.0
3189,2019-05-13 21:00:00,444.62,300.0,45.0,2.0,1.0,113.0,91.0,6.0
3190,2019-05-13 22:00:00,445.75,302.0,45.0,2.0,1.0,114.0,90.0,6.0
3191,2019-05-13 23:00:00,463.74,331.0,49.0,2.0,1.0,112.0,88.0,6.0
3192,2019-05-14 00:00:00,471.62,352.0,49.0,2.0,1.0,116.0,87.0,6.0
3193,2019-05-14 01:00:00,494.82,359.0,49.0,2.0,1.0,92.0,86.0,6.0
3194,2019-05-14 02:00:00,525.23,430.0,50.0,2.0,1.0,88.0,87.0,6.0
3195,2019-05-14 03:00:00,545.91,461.0,50.0,2.0,1.0,77.0,85.0,6.0
3196,2019-05-14 04:00:00,559.5,470.0,49.0,2.0,1.0,62.0,87.0,6.0
3197,2019-05-14 05:00:00,565.08,474.0,51.0,2.0,1.0,55.0,88.0,6.0
3198,2019-05-14 06:00:00,563.74,477.0,50.0,2.0,1.0,57.0,89.0,6.0
3199,2019-05-14 07:00:00,560.62,486.0,50.0,2.0,1.0,64.0,89.0,6.0
3200,2019-05-14 08:00:00,556.1,496.0,51.0,2.0,1.0,75.0,87.0,6.0
3201,2019-05-14 09:00:00,560.44,506.0,51.0,2.0,1.0,70.0,90.0,6.0
3202,2019-05-14 10:00:00,566.96,512.0,53.0,2.0,1.0,62.0,91.0,6.0
3203,2019-05-14 11:00:00,571.07,539.0,55.0,2.0,1.0,67.0,89.0,6.0
3204,2019-05-14 12:00:00,555.33,496.0,51.0,2.0,1.0,73.0,90.0,6.0
3205,2019-05-14 13:00:00,538.12,466.0,53.0,2.0,1.0,83.0,90.0,6.0
3206,2019-05-14 14:00:00,528.39,445.0,52.0,2.0,1.0,88.0,89.0,6.0
3207,2019-05-14 15:00:00,537.64,450.0,53.0,2.0,1.0,78.0,89.0,6.0
3208,2019-05-14 16:00:00,565.03,498.0,52.0,2.0,1.0,62.0,89.0,6.0
3209,2019-05-14 17:00:00,575.33,498.0,50.0,2.0,1.0,50.0,89.0,6.0
3210,2019-05-14 18:00:00,577.01,517.0,50.0,2.0,1.0,53.0,90.0,6.0
3211,2019-05-14 19:00:00,569.64,555.0,50.0,3.0,1.0,74.0,90.0,6.0
3212,2019-05-14 20:00:00,532.37,485.0,52.0,3.0,1.0,98.0,90.0,6.0
3213,2019-05-14 21:00:00,531.12,494.0,54.0,3.0,1.0,101.0,92.0,6.0
3214,2019-05-14 22:00:00,507.24,430.0,52.0,3.0,1.0,107.0,90.0,6.0
3215,2019-05-14 23:00:00,523.62,447.0,49.0,3.0,1.0,97.0,87.0,6.0
3216,2019-05-15 00:00:00,542.95,445.0,51.0,3.0,1.0,71.0,87.0,6.0
3217,2019-05-15 01:00:00,554.96,446.0,51.0,3.0,1.0,59.0,85.0,6.0
3218,2019-05-15 02:00:00,567.48,450.0,51.0,3.0,1.0,44.0,87.0,6.0
3219,2019-05-15 03:00:00,582.09,459.0,50.0,3.0,1.0,31.0,87.0,6.0
3220,2019-05-15 04:00:00,588.8,459.0,52.0,3.0,1.0,21.0,89.0,6.0
3221,2019-05-15 05:00:00,592.64,462.0,54.0,3.0,1.0,14.0,92.0,6.0
3222,2019-05-15 06:00:00,592.91,463.0,54.0,3.0,1.0,15.0,91.0,6.0
3223,2019-05-15 07:00:00,590.69,463.0,55.0,3.0,1.0,18.0,90.0,6.0
3224,2019-05-15 08:00:00,580.02,449.0,56.0,3.0,1.0,25.0,90.0,6.0
3225,2019-05-15 09:00:00,552.67,405.0,55.0,3.0,1.0,40.0,90.0,6.0
3226,2019-05-15 10:00:00,541.06,403.0,55.0,3.0,1.0,52.0,90.0,5.0
3227,2019-05-15 11:00:00,532.14,407.0,55.0,3.0,1.0,66.0,88.0,6.0
3228,2019-05-15 12:00:00,522.62,403.0,57.0,3.0,1.0,74.0,89.0,6.0
3229,2019-05-15 13:00:00,527.45,398.0,57.0,3.0,1.0,64.0,91.0,6.0
3230,2019-05-15 14:00:00,523.64,351.0,58.0,3.0,1.0,48.0,90.0,6.0
3231,2019-05-15 15:00:00,536.58,369.0,55.0,3.0,1.0,43.0,90.0,6.0
3232,2019-05-15 16:00:00,534.71,359.0,51.0,3.0,1.0,44.0,88.0,6.0
3233,2019-05-15 17:00:00,540.31,360.0,50.0,3.0,1.0,39.0,88.0,6.0
3234,2019-05-15 18:00:00,526.03,352.0,51.0,3.0,1.0,49.0,89.0,6.0
3235,2019-05-15 19:00:00,528.14,370.0,50.0,3.0,1.0,56.0,88.0,6.0
3236,2019-05-15 20:00:00,530.66,374.0,50.0,3.0,1.0,55.0,88.0,6.0
3237,2019-05-15 21:00:00,549.83,404.0,48.0,3.0,1.0,47.0,88.0,6.0
3238,2019-05-15 22:00:00,540.59,383.0,47.0,3.0,1.0,50.0,87.0,6.0
3239,2019-05-15 23:00:00,537.31,384.0,50.0,3.0,1.0,54.0,86.0,6.0
3240,2019-05-16 00:00:00,523.55,387.0,49.0,3.0,1.0,71.0,86.0,6.0
3241,2019-05-16 01:00:00,543.89,448.0,48.0,3.0,1.0,76.0,83.0,6.0
3242,2019-05-16 02:00:00,547.46,460.0,49.0,3.0,1.0,72.0,87.0,6.0
3243,2019-05-16 03:00:00,564.43,464.0,49.0,3.0,1.0,54.0,86.0,6.0
3244,2019-05-16 04:00:00,583.74,462.0,53.0,3.0,1.0,27.0,89.0,6.0
3245,2019-05-16 05:00:00,589.36,461.0,60.0,3.0,1.0,17.0,90.0,6.0
3246,2019-05-16 06:00:00,589.4,465.0,63.0,3.0,1.0,17.0,90.0,6.0
3247,2019-05-16 07:00:00,587.14,463.0,60.0,3.0,1.0,20.0,90.0,6.0
3248,2019-05-16 08:00:00,577.81,450.0,58.0,3.0,1.0,27.0,90.0,6.0
3249,2019-05-16 09:00:00,571.55,433.0,59.0,3.0,1.0,29.0,89.0,6.0
3250,2019-05-16 10:00:00,559.76,431.0,60.0,3.0,1.0,40.0,90.0,6.0
3251,2019-05-16 11:00:00,546.93,429.0,57.0,3.0,1.0,57.0,88.0,6.0
3252,2019-05-16 12:00:00,542.62,428.0,56.0,3.0,1.0,61.0,89.0,6.0
3253,2019-05-16 13:00:00,550.77,432.0,56.0,3.0,1.0,52.0,90.0,6.0
3254,2019-05-16 14:00:00,559.46,430.0,57.0,3.0,1.0,41.0,90.0,6.0
3255,2019-05-16 15:00:00,567.34,437.0,56.0,3.0,1.0,35.0,90.0,6.0
3256,2019-05-16 16:00:00,571.35,432.0,53.0,3.0,1.0,33.0,87.0,6.0
3257,2019-05-16 17:00:00,571.68,427.0,53.0,3.0,1.0,34.0,84.0,6.0
3258,2019-05-16 18:00:00,566.76,429.0,50.0,3.0,1.0,40.0,85.0,6.0
3259,2019-05-16 19:00:00,557.43,432.0,63.0,3.0,1.0,47.0,85.0,6.0
3260,2019-05-16 20:00:00,553.7,433.0,65.0,3.0,1.0,50.0,86.0,6.0
3261,2019-05-16 21:00:00,534.55,421.0,65.0,3.0,1.0,66.0,88.0,6.0
3262,2019-05-16 22:00:00,541.65,433.0,66.0,3.0,1.0,63.0,87.0,6.0
3263,2019-05-16 23:00:00,536.72,424.0,67.0,3.0,1.0,67.0,85.0,6.0
3264,2019-05-17 00:00:00,535.08,424.0,67.0,3.0,1.0,67.0,87.0,6.0
3265,2019-05-17 01:00:00,549.99,446.0,69.0,3.0,1.0,61.0,83.0,6.0
3266,2019-05-17 02:00:00,557.03,450.0,69.0,3.0,1.0,52.0,85.0,6.0
3267,2019-05-17 03:00:00,563.22,430.0,71.0,3.0,1.0,37.0,85.0,6.0
3268,2019-05-17 04:00:00,574.32,438.0,72.0,3.0,1.0,24.0,88.0,6.0
3269,2019-05-17 05:00:00,589.69,479.0,73.0,3.0,1.0,18.0,89.0,6.0
3270,2019-05-17 06:00:00,603.33,488.0,76.0,3.0,1.0,20.0,73.0,7.0
3271,2019-05-17 07:00:00,590.13,473.0,75.0,3.0,1.0,33.0,71.0,7.0
3272,2019-05-17 08:00:00,571.22,447.0,76.0,3.0,1.0,46.0,71.0,6.0
3273,2019-05-17 09:00:00,559.15,446.0,75.0,3.0,1.0,62.0,69.0,6.0
3274,2019-05-17 10:00:00,541.34,430.0,76.0,3.0,1.0,77.0,69.0,6.0
3275,2019-05-17 11:00:00,531.01,431.0,74.0,3.0,1.0,91.0,69.0,7.0
3276,2019-05-17 12:00:00,543.19,434.0,71.0,3.0,1.0,77.0,70.0,7.0
3277,2019-05-17 13:00:00,559.54,476.0,73.0,3.0,1.0,72.0,70.0,7.0
3278,2019-05-17 14:00:00,546.05,453.0,74.0,3.0,1.0,79.0,71.0,7.0
3279,2019-05-17 15:00:00,544.99,442.0,74.0,3.0,1.0,77.0,70.0,7.0
3280,2019-05-17 16:00:00,569.83,471.0,72.0,3.0,1.0,60.0,68.0,7.0
3281,2019-05-17 17:00:00,570.98,446.0,73.0,3.0,1.0,50.0,68.0,7.0
3282,2019-05-17 18:00:00,565.24,442.0,62.0,3.0,1.0,59.0,68.0,7.0
3283,2019-05-17 19:00:00,551.44,456.0,54.0,3.0,1.0,83.0,68.0,7.0
3284,2019-05-17 20:00:00,537.73,446.0,54.0,3.0,1.0,95.0,69.0,7.0
3285,2019-05-17 21:00:00,483.44,317.0,54.0,3.0,1.0,107.0,59.0,7.0
3286,2019-05-17 22:00:00,468.82,270.0,63.0,3.0,1.0,97.0,55.0,7.0
3287,2019-05-17 23:00:00,472.14,268.0,69.0,3.0,1.0,92.0,54.0,7.0
3288,2019-05-18 00:00:00,463.51,263.0,69.0,3.0,1.0,98.0,54.0,7.0
3289,2019-05-18 01:00:00,470.63,258.0,71.0,3.0,1.0,89.0,52.0,7.0
3290,2019-05-18 02:00:00,461.77,253.0,71.0,3.0,1.0,95.0,52.0,7.0
3291,2019-05-18 03:00:00,481.6,251.0,71.0,3.0,1.0,73.0,53.0,7.0
3292,2019-05-18 04:00:00,501.83,253.0,73.0,3.0,1.0,51.0,57.0,7.0
3293,2019-05-18 05:00:00,541.52,290.0,74.0,3.0,1.0,31.0,59.0,7.0
3294,2019-05-18 06:00:00,556.9,317.0,74.0,3.0,1.0,26.0,61.0,7.0
3295,2019-05-18 07:00:00,547.94,317.0,74.0,3.0,1.0,34.0,61.0,7.0
3296,2019-05-18 08:00:00,520.05,297.0,72.0,3.0,1.0,52.0,61.0,7.0
3297,2019-05-18 09:00:00,532.05,326.0,73.0,3.0,1.0,54.0,60.0,7.0
3298,2019-05-18 10:00:00,507.9,302.0,73.0,4.0,1.0,67.0,59.0,7.0
3299,2019-05-18 11:00:00,499.02,296.0,73.0,4.0,1.0,76.0,56.0,7.0
3300,2019-05-18 12:00:00,517.73,288.0,72.0,3.0,1.0,69.0,42.0,7.0
3301,2019-05-18 13:00:00,523.06,296.0,71.0,3.0,1.0,67.0,43.0,7.0
3302,2019-05-18 14:00:00,540.53,329.0,73.0,3.0,1.0,64.0,43.0,7.0
3303,2019-05-18 15:00:00,542.07,312.0,72.0,3.0,1.0,57.0,42.0,7.0
3304,2019-05-18 16:00:00,545.3,305.0,73.0,3.0,1.0,52.0,41.0,7.0
3305,2019-05-18 17:00:00,418.42,131.0,74.0,3.0,1.0,57.0,40.0,7.0
3306,2019-05-18 18:00:00,458.86,195.0,71.0,3.0,1.0,73.0,39.0,7.0
3307,2019-05-18 19:00:00,498.96,293.0,71.0,3.0,1.0,93.0,39.0,7.0
3308,2019-05-18 20:00:00,466.23,273.0,71.0,3.0,1.0,116.0,39.0,7.0
3309,2019-05-18 21:00:00,450.18,273.0,72.0,3.0,1.0,134.0,39.0,7.0
3310,2019-05-18 22:00:00,449.15,271.0,71.0,3.0,1.0,135.0,38.0,7.0
3311,2019-05-18 23:00:00,453.46,271.0,71.0,3.0,1.0,132.0,36.0,7.0
3312,2019-05-19 00:00:00,448.27,269.0,69.0,3.0,1.0,136.0,37.0,7.0
3313,2019-05-19 01:00:00,444.61,270.0,69.0,3.0,1.0,144.0,34.0,7.0
3314,2019-05-19 02:00:00,462.06,273.0,69.0,3.0,1.0,124.0,36.0,7.0
3315,2019-05-19 03:00:00,463.76,270.0,70.0,3.0,1.0,119.0,37.0,7.0
3316,2019-05-19 04:00:00,495.58,272.0,72.0,3.0,1.0,84.0,40.0,7.0
3317,2019-05-19 05:00:00,540.06,278.0,72.0,3.0,1.0,45.0,42.0,7.0
3318,2019-05-19 06:00:00,560.79,273.0,71.0,3.0,1.0,26.0,43.0,7.0
3319,2019-05-19 07:00:00,582.93,329.0,68.0,3.0,1.0,27.0,44.0,7.0
3320,2019-05-19 08:00:00,572.84,332.0,72.0,3.0,1.0,36.0,43.0,7.0
3321,2019-05-19 09:00:00,561.79,329.0,71.0,3.0,1.0,45.0,43.0,7.0
3322,2019-05-19 10:00:00,554.02,329.0,71.0,3.0,1.0,52.0,43.0,7.0
3323,2019-05-19 11:00:00,561.74,327.0,72.0,3.0,1.0,46.0,41.0,7.0
3324,2019-05-19 12:00:00,568.98,308.0,70.0,3.0,1.0,32.0,43.0,7.0
3325,2019-05-19 13:00:00,571.45,305.0,70.0,3.0,1.0,29.0,43.0,7.0
3326,2019-05-19 14:00:00,565.59,297.0,70.0,3.0,1.0,31.0,43.0,7.0
3327,2019-05-19 15:00:00,579.8,323.0,70.0,3.0,1.0,29.0,42.0,7.0
3328,2019-05-19 16:00:00,574.77,307.0,70.0,3.0,1.0,28.0,42.0,7.0
3329,2019-05-19 17:00:00,575.04,319.0,69.0,3.0,1.0,32.0,42.0,7.0
3330,2019-05-19 18:00:00,558.51,319.0,69.0,3.0,1.0,47.0,41.0,7.0
3331,2019-05-19 19:00:00,497.91,299.0,68.0,3.0,1.0,97.0,40.0,7.0
3332,2019-05-19 20:00:00,489.95,292.0,66.0,3.0,1.0,102.0,40.0,7.0
3333,2019-05-19 21:00:00,485.16,291.0,68.0,3.0,1.0,107.0,39.0,7.0
3334,2019-05-19 22:00:00,465.97,283.0,69.0,3.0,1.0,124.0,38.0,7.0
3335,2019-05-19 23:00:00,446.77,276.0,67.0,3.0,1.0,143.0,37.0,7.0
3336,2019-05-20 00:00:00,441.83,264.0,69.0,3.0,1.0,140.0,37.0,7.0
3337,2019-05-20 01:00:00,462.12,270.0,69.0,3.0,1.0,123.0,35.0,7.0
3338,2019-05-20 02:00:00,477.7,270.0,70.0,3.0,1.0,105.0,36.0,6.0
3339,2019-05-20 03:00:00,485.27,272.0,72.0,3.0,1.0,98.0,36.0,6.0
3340,2019-05-20 04:00:00,540.24,322.0,71.0,3.0,1.0,66.0,39.0,6.0
3341,2019-05-20 05:00:00,568.58,328.0,73.0,3.0,1.0,39.0,42.0,6.0
3342,2019-05-20 06:00:00,587.37,342.0,74.0,3.0,1.0,27.0,42.0,6.0
3343,2019-05-20 07:00:00,602.83,383.0,74.0,3.0,1.0,23.0,44.0,6.0
3344,2019-05-20 08:00:00,611.75,397.0,73.0,3.0,1.0,20.0,43.0,6.0
3345,2019-05-20 09:00:00,601.3,400.0,71.0,3.0,1.0,30.0,44.0,6.0
3346,2019-05-20 10:00:00,601.36,404.0,71.0,3.0,1.0,31.0,44.0,6.0
3347,2019-05-20 11:00:00,596.15,395.0,72.0,3.0,1.0,28.0,49.0,7.0
3348,2019-05-20 12:00:00,586.9,398.0,71.0,3.0,1.0,35.0,52.0,7.0
3349,2019-05-20 13:00:00,577.04,360.0,70.0,3.0,1.0,33.0,52.0,7.0
3350,2019-05-20 14:00:00,574.51,359.0,70.0,3.0,1.0,33.0,54.0,7.0
3351,2019-05-20 15:00:00,593.68,397.0,69.0,3.0,1.0,29.0,52.0,7.0
3352,2019-05-20 16:00:00,591.92,385.0,67.0,3.0,1.0,29.0,51.0,7.0
3353,2019-05-20 17:00:00,581.61,396.0,67.0,3.0,1.0,38.0,55.0,7.0
3354,2019-05-20 18:00:00,557.5,345.0,67.0,3.0,1.0,43.0,56.0,7.0
3355,2019-05-20 19:00:00,548.23,367.0,68.0,3.0,1.0,60.0,56.0,7.0
3356,2019-05-20 20:00:00,541.88,373.0,68.0,3.0,1.0,67.0,58.0,7.0
3357,2019-05-20 21:00:00,523.21,337.0,69.0,3.0,1.0,70.0,59.0,7.0
3358,2019-05-20 22:00:00,517.92,333.0,68.0,3.0,1.0,74.0,59.0,7.0
3359,2019-05-20 23:00:00,508.3,341.0,69.0,3.0,1.0,90.0,57.0,7.0
3360,2019-05-21 00:00:00,506.52,337.0,69.0,3.0,1.0,89.0,58.0,7.0
3361,2019-05-21 01:00:00,517.5,329.0,70.0,3.0,1.0,74.0,57.0,7.0
3362,2019-05-21 02:00:00,537.0,325.0,69.0,3.0,1.0,52.0,58.0,7.0
3363,2019-05-21 03:00:00,565.27,332.0,68.0,3.0,1.0,29.0,58.0,7.0
3364,2019-05-21 04:00:00,588.93,369.0,70.0,3.0,1.0,17.0,60.0,7.0
3365,2019-05-21 05:00:00,598.31,395.0,72.0,3.0,1.0,13.0,62.0,7.0
3366,2019-05-21 06:00:00,599.31,391.0,72.0,3.0,1.0,10.0,63.0,7.0
3367,2019-05-21 07:00:00,600.26,398.0,72.0,3.0,1.0,13.0,61.0,7.0
3368,2019-05-21 08:00:00,599.39,400.0,73.0,3.0,1.0,14.0,61.0,6.0
3369,2019-05-21 09:00:00,599.23,398.0,72.0,3.0,1.0,13.0,62.0,6.0
3370,2019-05-21 10:00:00,595.71,398.0,70.0,3.0,1.0,17.0,62.0,7.0
3371,2019-05-21 11:00:00,592.66,402.0,70.0,3.0,1.0,22.0,61.0,7.0
3372,2019-05-21 12:00:00,587.89,376.0,70.0,3.0,1.0,18.0,62.0,6.0
3373,2019-05-21 13:00:00,577.99,348.0,71.0,3.0,1.0,18.0,62.0,7.0
3374,2019-05-21 14:00:00,586.99,344.0,71.0,3.0,1.0,12.0,59.0,7.0
3375,2019-05-21 15:00:00,587.92,342.0,70.0,3.0,1.0,11.0,59.0,7.0
3376,2019-05-21 16:00:00,584.33,344.0,69.0,3.0,1.0,12.0,62.0,7.0
3377,2019-05-21 17:00:00,587.39,372.0,68.0,3.0,1.0,17.0,63.0,7.0
3378,2019-05-21 18:00:00,575.21,363.0,69.0,3.0,1.0,25.0,63.0,7.0
3379,2019-05-21 19:00:00,564.07,351.0,67.0,3.0,1.0,34.0,61.0,7.0
3380,2019-05-21 20:00:00,560.56,339.0,70.0,3.0,1.0,32.0,61.0,7.0
3381,2019-05-21 21:00:00,559.16,341.0,70.0,3.0,1.0,34.0,61.0,7.0
3382,2019-05-21 22:00:00,562.81,342.0,70.0,3.0,1.0,32.0,60.0,7.0
3383,2019-05-21 23:00:00,569.09,343.0,69.0,3.0,1.0,29.0,58.0,7.0
3384,2019-05-22 00:00:00,565.76,342.0,68.0,3.0,1.0,31.0,59.0,7.0
3385,2019-05-22 01:00:00,567.59,343.0,70.0,3.0,1.0,32.0,56.0,7.0
3386,2019-05-22 02:00:00,567.2,343.0,71.0,3.0,1.0,30.0,58.0,7.0
3387,2019-05-22 03:00:00,571.36,339.0,68.0,3.0,1.0,26.0,58.0,7.0
3388,2019-05-22 04:00:00,589.86,381.0,69.0,3.0,1.0,17.0,63.0,7.0
3389,2019-05-22 05:00:00,601.97,404.0,72.0,3.0,1.0,10.0,64.0,7.0
3390,2019-05-22 06:00:00,602.52,403.0,70.0,3.0,1.0,10.0,64.0,7.0
3391,2019-05-22 07:00:00,606.32,410.0,63.0,3.0,1.0,12.0,63.0,7.0
3392,2019-05-22 08:00:00,599.69,409.0,68.0,3.0,1.0,17.0,62.0,7.0
3393,2019-05-22 09:00:00,593.09,407.0,70.0,3.0,1.0,20.0,64.0,7.0
3394,2019-05-22 10:00:00,594.19,409.0,66.0,3.0,1.0,24.0,61.0,7.0
3395,2019-05-22 11:00:00,594.25,405.0,63.0,3.0,1.0,25.0,60.0,6.0
3396,2019-05-22 12:00:00,566.87,347.0,70.0,3.0,1.0,29.0,61.0,6.0
3397,2019-05-22 13:00:00,558.52,345.0,70.0,3.0,1.0,36.0,61.0,6.0
3398,2019-05-22 14:00:00,569.82,345.0,69.0,3.0,1.0,30.0,57.0,6.0
3399,2019-05-22 15:00:00,575.78,345.0,71.0,3.0,1.0,25.0,56.0,6.0
3400,2019-05-22 16:00:00,585.05,346.0,69.0,3.0,1.0,17.0,57.0,6.0
3401,2019-05-22 17:00:00,590.12,347.0,69.0,3.0,1.0,12.0,58.0,6.0
3402,2019-05-22 18:00:00,585.61,343.0,68.0,3.0,1.0,13.0,60.0,6.0
3403,2019-05-22 19:00:00,580.84,344.0,69.0,3.0,1.0,16.0,61.0,6.0
3404,2019-05-22 20:00:00,578.16,343.0,69.0,3.0,1.0,17.0,62.0,6.0
3405,2019-05-22 21:00:00,583.17,344.0,69.0,3.0,1.0,14.0,61.0,6.0
3406,2019-05-22 22:00:00,580.48,343.0,69.0,3.0,1.0,17.0,60.0,6.0
3407,2019-05-22 23:00:00,585.69,342.0,67.0,3.0,1.0,15.0,58.0,6.0
3408,2019-05-23 00:00:00,581.43,343.0,64.0,3.0,1.0,19.0,59.0,6.0
3409,2019-05-23 01:00:00,580.9,343.0,68.0,3.0,1.0,20.0,57.0,6.0
3410,2019-05-23 02:00:00,575.13,341.0,69.0,3.0,1.0,22.0,59.0,6.0
3411,2019-05-23 03:00:00,564.3,345.0,69.0,3.0,1.0,33.0,59.0,6.0
3412,2019-05-23 04:00:00,557.96,373.0,69.0,3.0,1.0,46.0,62.0,6.0
3413,2019-05-23 05:00:00,539.77,392.0,71.0,3.0,1.0,73.0,61.0,6.0
3414,2019-05-23 06:00:00,508.68,371.0,70.0,3.0,1.0,98.0,63.0,6.0
3415,2019-05-23 07:00:00,518.21,393.0,70.0,3.0,1.0,97.0,63.0,6.0
3416,2019-05-23 08:00:00,507.46,375.0,68.0,3.0,1.0,102.0,63.0,6.0
3417,2019-05-23 09:00:00,510.75,377.0,68.0,3.0,1.0,99.0,63.0,6.0
3418,2019-05-23 10:00:00,505.86,378.0,66.0,3.0,1.0,106.0,63.0,6.0
3419,2019-05-23 11:00:00,504.51,368.0,72.0,3.0,1.0,102.0,62.0,6.0
3420,2019-05-23 12:00:00,500.23,368.0,73.0,3.0,1.0,105.0,64.0,6.0
3421,2019-05-23 13:00:00,476.38,300.0,71.0,3.0,1.0,98.0,62.0,6.0
3422,2019-05-23 14:00:00,474.95,296.0,72.0,3.0,1.0,97.0,62.0,6.0
3423,2019-05-23 15:00:00,507.0,352.0,72.0,3.0,1.0,89.0,64.0,6.0
3424,2019-05-23 16:00:00,521.09,357.0,70.0,3.0,1.0,77.0,63.0,6.0
3425,2019-05-23 17:00:00,533.28,396.0,68.0,3.0,1.0,81.0,63.0,6.0
3426,2019-05-23 18:00:00,522.3,369.0,67.0,3.0,1.0,84.0,61.0,6.0
3427,2019-05-23 19:00:00,528.49,359.0,66.0,3.0,1.0,73.0,61.0,6.0
3428,2019-05-23 20:00:00,531.54,358.0,67.0,3.0,1.0,69.0,61.0,6.0
3429,2019-05-23 21:00:00,546.05,347.0,66.0,3.0,1.0,50.0,61.0,6.0
3430,2019-05-23 22:00:00,559.51,354.0,65.0,3.0,1.0,41.0,60.0,6.0
3431,2019-05-23 23:00:00,557.27,350.0,67.0,3.0,1.0,43.0,58.0,6.0
3432,2019-05-24 00:00:00,560.35,345.0,65.0,3.0,1.0,39.0,58.0,6.0
3433,2019-05-24 01:00:00,564.43,351.0,66.0,3.0,1.0,40.0,55.0,6.0
3434,2019-05-24 02:00:00,565.51,350.0,65.0,3.0,1.0,37.0,57.0,6.0
3435,2019-05-24 03:00:00,576.58,349.0,67.0,3.0,1.0,25.0,58.0,6.0
3436,2019-05-24 04:00:00,595.33,388.0,69.0,3.0,1.0,18.0,59.0,6.0
3437,2019-05-24 05:00:00,599.96,402.0,73.0,3.0,1.0,17.0,58.0,6.0
3438,2019-05-24 06:00:00,604.31,406.0,73.0,3.0,1.0,11.0,61.0,6.0
3439,2019-05-24 07:00:00,602.38,402.0,62.0,3.0,1.0,14.0,63.0,6.0
3440,2019-05-24 08:00:00,607.86,413.0,64.0,3.0,1.0,13.0,61.0,6.0
3441,2019-05-24 09:00:00,606.29,411.0,69.0,3.0,1.0,14.0,59.0,6.0
3442,2019-05-24 10:00:00,605.56,414.0,70.0,3.0,1.0,13.0,61.0,7.0
3443,2019-05-24 11:00:00,607.81,412.0,71.0,3.0,1.0,12.0,59.0,7.0
3444,2019-05-24 12:00:00,578.26,349.0,74.0,3.0,1.0,19.0,60.0,7.0
3445,2019-05-24 13:00:00,567.24,301.0,73.0,3.0,1.0,13.0,60.0,7.0
3446,2019-05-24 14:00:00,568.48,297.0,72.0,3.0,1.0,11.0,60.0,7.0
3447,2019-05-24 15:00:00,566.72,292.0,74.0,3.0,1.0,9.0,61.0,7.0
3448,2019-05-24 16:00:00,590.3,355.0,72.0,3.0,1.0,9.0,62.0,7.0
3449,2019-05-24 17:00:00,598.71,381.0,69.0,3.0,1.0,9.0,63.0,7.0
3450,2019-05-24 18:00:00,571.96,293.0,69.0,3.0,1.0,11.0,57.0,7.0
3451,2019-05-24 19:00:00,571.07,303.0,69.0,3.0,1.0,16.0,56.0,7.0
3452,2019-05-24 20:00:00,564.05,301.0,66.0,3.0,1.0,22.0,56.0,7.0
3453,2019-05-24 21:00:00,530.6,303.0,68.0,3.0,1.0,51.0,56.0,7.0
3454,2019-05-24 22:00:00,503.03,297.0,67.0,3.0,1.0,77.0,54.0,7.0
3455,2019-05-24 23:00:00,480.35,273.0,71.0,3.0,1.0,87.0,53.0,7.0
3456,2019-05-25 00:00:00,459.95,274.0,69.0,3.0,1.0,110.0,53.0,7.0
3457,2019-05-25 01:00:00,465.5,273.0,70.0,3.0,1.0,105.0,51.0,7.0
3458,2019-05-25 02:00:00,462.06,273.0,69.0,3.0,1.0,106.0,54.0,7.0
3459,2019-05-25 03:00:00,460.84,274.0,69.0,3.0,1.0,108.0,54.0,7.0
3460,2019-05-25 04:00:00,476.33,274.0,70.0,3.0,1.0,90.0,55.0,7.0
3461,2019-05-25 05:00:00,496.79,277.0,70.0,3.0,1.0,67.0,59.0,7.0
3462,2019-05-25 06:00:00,493.14,275.0,72.0,3.0,1.0,68.0,60.0,7.0
3463,2019-05-25 07:00:00,483.88,275.0,69.0,3.0,1.0,82.0,56.0,7.0
3464,2019-05-25 08:00:00,464.96,273.0,68.0,3.0,1.0,102.0,55.0,7.0
3465,2019-05-25 09:00:00,459.54,273.0,68.0,3.0,1.0,108.0,55.0,7.0
3466,2019-05-25 10:00:00,449.95,275.0,70.0,3.0,1.0,117.0,58.0,7.0
3467,2019-05-25 11:00:00,452.66,277.0,71.0,3.0,1.0,116.0,57.0,7.0
3468,2019-05-25 12:00:00,384.07,188.0,68.0,3.0,1.0,122.0,59.0,7.0
3469,2019-05-25 13:00:00,441.26,282.0,67.0,3.0,1.0,132.0,59.0,7.0
3470,2019-05-25 14:00:00,440.34,276.0,72.0,3.0,1.0,131.0,56.0,7.0
3471,2019-05-25 15:00:00,444.79,283.0,69.0,3.0,1.0,131.0,56.0,7.0
3472,2019-05-25 16:00:00,437.97,275.0,67.0,3.0,1.0,133.0,57.0,7.0
3473,2019-05-25 17:00:00,440.63,277.0,68.0,3.0,1.0,131.0,57.0,7.0
3474,2019-05-25 18:00:00,447.46,276.0,68.0,3.0,1.0,123.0,56.0,7.0
3475,2019-05-25 19:00:00,443.68,275.0,67.0,3.0,1.0,127.0,56.0,7.0
3476,2019-05-25 20:00:00,449.12,274.0,66.0,3.0,1.0,120.0,56.0,7.0
3477,2019-05-25 21:00:00,485.21,273.0,67.0,3.0,1.0,80.0,56.0,7.0
3478,2019-05-25 22:00:00,490.49,273.0,66.0,3.0,1.0,75.0,56.0,7.0
3479,2019-05-25 23:00:00,492.07,274.0,66.0,3.0,1.0,76.0,54.0,7.0
3480,2019-05-26 00:00:00,507.06,279.0,67.0,3.0,1.0,64.0,54.0,7.0
3481,2019-05-26 01:00:00,528.62,273.0,67.0,3.0,1.0,46.0,50.0,7.0
3482,2019-05-26 02:00:00,528.15,278.0,69.0,3.0,1.0,45.0,53.0,7.0
3483,2019-05-26 03:00:00,537.46,277.0,68.0,3.0,1.0,35.0,55.0,7.0
3484,2019-05-26 04:00:00,521.43,277.0,67.0,3.0,1.0,46.0,58.0,7.0
3485,2019-05-26 05:00:00,494.6,280.0,69.0,3.0,1.0,69.0,61.0,7.0
3486,2019-05-26 06:00:00,481.26,279.0,69.0,3.0,1.0,83.0,60.0,7.0
3487,2019-05-26 07:00:00,470.91,278.0,71.0,3.0,1.0,94.0,59.0,7.0
3488,2019-05-26 08:00:00,443.59,276.0,72.0,3.0,1.0,124.0,59.0,7.0
3489,2019-05-26 09:00:00,429.92,277.0,72.0,3.0,1.0,142.0,59.0,7.0
3490,2019-05-26 10:00:00,414.44,278.0,70.0,3.0,1.0,163.0,60.0,7.0
3491,2019-05-26 11:00:00,413.77,277.0,71.0,3.0,1.0,162.0,61.0,7.0
3492,2019-05-26 12:00:00,413.81,278.0,69.0,3.0,1.0,163.0,61.0,7.0
3493,2019-05-26 13:00:00,422.85,303.0,70.0,3.0,1.0,164.0,67.0,6.0
3494,2019-05-26 14:00:00,402.71,279.0,68.0,3.0,1.0,168.0,73.0,7.0
3495,2019-05-26 15:00:00,378.62,260.0,67.0,3.0,1.0,184.0,76.0,7.0
3496,2019-05-26 16:00:00,339.54,197.0,69.0,3.0,1.0,174.0,77.0,7.0
3497,2019-05-26 17:00:00,417.13,280.0,69.0,3.0,1.0,143.0,78.0,7.0
3498,2019-05-26 18:00:00,418.07,279.0,68.0,3.0,1.0,140.0,79.0,7.0
3499,2019-05-26 19:00:00,417.55,283.0,68.0,3.0,1.0,145.0,78.0,7.0
3500,2019-05-26 20:00:00,401.55,275.0,70.0,3.0,1.0,161.0,78.0,7.0
3501,2019-05-26 21:00:00,399.52,281.0,70.0,3.0,1.0,169.0,78.0,6.0
3502,2019-05-26 22:00:00,389.01,272.0,67.0,3.0,1.0,178.0,77.0,6.0
3503,2019-05-26 23:00:00,408.05,270.0,68.0,3.0,1.0,151.0,74.0,6.0
3504,2019-05-27 00:00:00,427.12,277.0,67.0,3.0,1.0,131.0,74.0,6.0
3505,2019-05-27 01:00:00,433.12,285.0,69.0,3.0,1.0,130.0,73.0,6.0
3506,2019-05-27 02:00:00,442.7,277.0,69.0,3.0,1.0,111.0,74.0,6.0
3507,2019-05-27 03:00:00,456.19,283.0,69.0,3.0,1.0,98.0,75.0,6.0
3508,2019-05-27 04:00:00,496.25,329.0,70.0,3.0,1.0,78.0,76.0,6.0
3509,2019-05-27 05:00:00,490.71,332.0,70.0,3.0,1.0,83.0,79.0,6.0
3510,2019-05-27 06:00:00,497.07,318.0,71.0,3.0,1.0,69.0,78.0,6.0
3511,2019-05-27 07:00:00,516.99,330.0,70.0,3.0,1.0,53.0,79.0,7.0
3512,2019-05-27 08:00:00,518.86,329.0,72.0,3.0,1.0,50.0,79.0,7.0
3513,2019-05-27 09:00:00,519.17,326.0,73.0,3.0,1.0,47.0,80.0,7.0
3514,2019-05-27 10:00:00,531.91,328.0,73.0,3.0,1.0,35.0,80.0,7.0
3515,2019-05-27 11:00:00,534.52,327.0,73.0,3.0,1.0,34.0,78.0,7.0
3516,2019-05-27 12:00:00,529.86,295.0,72.0,3.0,1.0,24.0,79.0,7.0
3517,2019-05-27 13:00:00,540.05,305.0,72.0,3.0,1.0,21.0,77.0,7.0
3518,2019-05-27 14:00:00,541.0,298.0,73.0,3.0,1.0,18.0,76.0,7.0
3519,2019-05-27 15:00:00,540.33,313.0,72.0,3.0,1.0,24.0,77.0,7.0
3520,2019-05-27 16:00:00,548.52,334.0,71.0,3.0,1.0,25.0,77.0,7.0
3521,2019-05-27 17:00:00,525.92,335.0,70.0,3.0,1.0,47.0,78.0,7.0
3522,2019-05-27 18:00:00,499.14,301.0,71.0,3.0,1.0,59.0,77.0,7.0
3523,2019-05-27 19:00:00,508.88,311.0,71.0,3.0,1.0,54.0,77.0,7.0
3524,2019-05-27 20:00:00,493.31,273.0,71.0,3.0,1.0,50.0,77.0,7.0
3525,2019-05-27 21:00:00,447.28,249.0,70.0,3.0,1.0,83.0,77.0,7.0
3526,2019-05-27 22:00:00,432.33,244.0,71.0,3.0,1.0,98.0,75.0,7.0
3527,2019-05-27 23:00:00,434.95,244.0,71.0,3.0,1.0,97.0,73.0,7.0
3528,2019-05-28 00:00:00,432.28,236.0,71.0,3.0,1.0,94.0,73.0,7.0
3529,2019-05-28 01:00:00,432.65,202.0,70.0,3.0,1.0,69.0,72.0,7.0
3530,2019-05-28 02:00:00,431.59,198.0,70.0,3.0,1.0,66.0,73.0,7.0
3531,2019-05-28 03:00:00,457.51,222.0,71.0,3.0,1.0,57.0,74.0,7.0
3532,2019-05-28 04:00:00,486.18,264.0,71.0,3.0,1.0,54.0,75.0,7.0
3533,2019-05-28 05:00:00,498.1,279.0,73.0,3.0,1.0,48.0,77.0,7.0
3534,2019-05-28 06:00:00,488.0,273.0,72.0,3.0,1.0,54.0,78.0,7.0
3535,2019-05-28 07:00:00,489.56,274.0,72.0,3.0,1.0,54.0,77.0,7.0
3536,2019-05-28 08:00:00,501.67,293.0,72.0,3.0,1.0,53.0,76.0,7.0
3537,2019-05-28 09:00:00,542.51,378.0,72.0,3.0,1.0,48.0,77.0,6.0
3538,2019-05-28 10:00:00,548.21,392.0,73.0,3.0,1.0,45.0,79.0,6.0
3539,2019-05-28 11:00:00,540.77,384.0,73.0,3.0,1.0,56.0,73.0,6.0
3540,2019-05-28 12:00:00,517.61,314.0,73.0,3.0,1.0,49.0,74.0,7.0
3541,2019-05-28 13:00:00,537.2,314.0,73.0,3.0,1.0,29.0,75.0,7.0
3542,2019-05-28 14:00:00,547.44,315.0,73.0,3.0,1.0,19.0,76.0,7.0
3543,2019-05-28 15:00:00,555.57,312.0,72.0,3.0,1.0,11.0,76.0,7.0
3544,2019-05-28 16:00:00,557.4,309.0,70.0,3.0,1.0,9.0,76.0,7.0
3545,2019-05-28 17:00:00,562.15,310.0,71.0,3.0,1.0,5.0,76.0,7.0
3546,2019-05-28 18:00:00,543.11,281.0,71.0,3.0,1.0,10.0,76.0,7.0
3547,2019-05-28 19:00:00,535.64,278.0,71.0,3.0,1.0,16.0,75.0,7.0
3548,2019-05-28 20:00:00,527.53,282.0,70.0,3.0,1.0,24.0,76.0,7.0
3549,2019-05-28 21:00:00,520.3,273.0,71.0,3.0,1.0,25.0,77.0,7.0
3550,2019-05-28 22:00:00,517.57,270.0,71.0,3.0,1.0,28.0,75.0,7.0
3551,2019-05-28 23:00:00,508.65,266.0,71.0,3.0,1.0,36.0,73.0,7.0
3552,2019-05-29 00:00:00,441.96,169.0,72.0,3.0,1.0,36.0,72.0,7.0
3553,2019-05-29 01:00:00,506.74,268.0,70.0,3.0,1.0,41.0,71.0,7.0
3554,2019-05-29 02:00:00,511.08,274.0,70.0,3.0,1.0,38.0,73.0,7.0
3555,2019-05-29 03:00:00,518.43,271.0,70.0,3.0,1.0,29.0,74.0,7.0
3556,2019-05-29 04:00:00,543.9,291.0,72.0,3.0,1.0,15.0,74.0,7.0
3557,2019-05-29 05:00:00,541.6,301.0,72.0,3.0,1.0,21.0,74.0,7.0
3558,2019-05-29 06:00:00,538.13,312.0,74.0,3.0,1.0,24.0,78.0,7.0
3559,2019-05-29 07:00:00,527.74,314.0,73.0,3.0,1.0,35.0,78.0,7.0
3560,2019-05-29 08:00:00,523.48,313.0,72.0,3.0,1.0,41.0,76.0,7.0
3561,2019-05-29 09:00:00,505.45,305.0,73.0,3.0,1.0,56.0,75.0,7.0
3562,2019-05-29 10:00:00,466.75,294.0,74.0,3.0,1.0,90.0,77.0,7.0
3563,2019-05-29 11:00:00,449.56,278.0,73.0,3.0,1.0,102.0,75.0,7.0
3564,2019-05-29 12:00:00,435.94,278.0,72.0,3.0,1.0,117.0,77.0,7.0
3565,2019-05-29 13:00:00,421.42,278.0,73.0,3.0,1.0,135.0,78.0,7.0
3566,2019-05-29 14:00:00,331.7,156.0,73.0,3.0,1.0,133.0,78.0,7.0
3567,2019-05-29 15:00:00,281.12,116.0,73.0,3.0,1.0,146.0,78.0,7.0
3568,2019-05-29 16:00:00,283.18,116.0,70.0,3.0,1.0,142.0,78.0,7.0
3569,2019-05-29 17:00:00,312.03,115.0,70.0,3.0,1.0,102.0,78.0,7.0
3570,2019-05-29 18:00:00,335.31,115.0,71.0,3.0,1.0,75.0,79.0,7.0
3571,2019-05-29 19:00:00,347.94,119.0,71.0,3.0,1.0,67.0,79.0,7.0
3572,2019-05-29 20:00:00,343.0,119.0,71.0,3.0,1.0,71.0,80.0,7.0
3573,2019-05-29 21:00:00,345.61,118.0,69.0,3.0,1.0,68.0,79.0,7.0
3574,2019-05-29 22:00:00,358.0,117.0,71.0,3.0,1.0,55.0,79.0,7.0
3575,2019-05-29 23:00:00,378.53,125.0,71.0,3.0,1.0,48.0,76.0,7.0
3576,2019-05-30 00:00:00,406.17,152.0,71.0,3.0,1.0,48.0,77.0,7.0
3577,2019-05-30 01:00:00,446.87,187.0,70.0,3.0,1.0,42.0,75.0,7.0
3578,2019-05-30 02:00:00,466.61,197.0,70.0,3.0,1.0,30.0,77.0,7.0
3579,2019-05-30 03:00:00,477.26,198.0,70.0,3.0,1.0,22.0,77.0,7.0
3580,2019-05-30 04:00:00,488.76,196.0,70.0,3.0,1.0,11.0,78.0,7.0
3581,2019-05-30 05:00:00,525.13,254.0,72.0,3.0,1.0,10.0,79.0,7.0
3582,2019-05-30 06:00:00,505.12,231.0,73.0,3.0,1.0,15.0,79.0,7.0
3583,2019-05-30 07:00:00,483.1,218.0,73.0,3.0,1.0,26.0,79.0,6.0
3584,2019-05-30 08:00:00,459.02,208.0,73.0,3.0,1.0,42.0,78.0,7.0
3585,2019-05-30 09:00:00,455.72,223.0,73.0,3.0,1.0,54.0,79.0,7.0
3586,2019-05-30 10:00:00,453.21,228.0,72.0,3.0,1.0,61.0,78.0,7.0
3587,2019-05-30 11:00:00,450.34,227.0,73.0,3.0,1.0,65.0,76.0,7.0
3588,2019-05-30 12:00:00,430.1,211.0,73.0,3.0,1.0,73.0,77.0,7.0
3589,2019-05-30 13:00:00,408.69,199.0,73.0,3.0,1.0,85.0,78.0,7.0
3590,2019-05-30 14:00:00,405.92,200.0,72.0,3.0,1.0,88.0,79.0,7.0
3591,2019-05-30 15:00:00,414.26,199.0,73.0,3.0,1.0,78.0,79.0,7.0
3592,2019-05-30 16:00:00,419.36,199.0,70.0,3.0,1.0,72.0,80.0,7.0
3593,2019-05-30 17:00:00,417.93,201.0,71.0,3.0,1.0,77.0,78.0,7.0
3594,2019-05-30 18:00:00,404.42,198.0,71.0,3.0,1.0,88.0,79.0,7.0
3595,2019-05-30 19:00:00,393.72,201.0,70.0,3.0,1.0,104.0,78.0,7.0
3596,2019-05-30 20:00:00,383.79,201.0,70.0,3.0,1.0,116.0,78.0,7.0
3597,2019-05-30 21:00:00,365.02,195.0,71.0,3.0,1.0,134.0,78.0,7.0
3598,2019-05-30 22:00:00,328.95,193.0,71.0,3.0,1.0,186.0,77.0,7.0
3599,2019-05-30 23:00:00,311.47,193.0,70.0,3.0,1.0,219.0,74.0,7.0
3600,2019-05-31 00:00:00,312.13,193.0,71.0,3.0,1.0,218.0,74.0,7.0
3601,2019-05-31 01:00:00,308.75,193.0,70.0,3.0,1.0,226.0,72.0,7.0
3602,2019-05-31 02:00:00,301.89,193.0,70.0,3.0,1.0,236.0,75.0,7.0
3603,2019-05-31 03:00:00,312.68,193.0,71.0,3.0,1.0,216.0,75.0,7.0
3604,2019-05-31 04:00:00,331.23,192.0,71.0,3.0,1.0,182.0,76.0,7.0
3605,2019-05-31 05:00:00,338.09,190.0,74.0,3.0,1.0,169.0,76.0,7.0
3606,2019-05-31 06:00:00,373.16,214.0,74.0,3.0,1.0,146.0,75.0,7.0
3607,2019-05-31 07:00:00,391.32,229.0,74.0,3.0,1.0,136.0,75.0,7.0
3608,2019-05-31 08:00:00,408.68,234.0,74.0,3.0,1.0,120.0,73.0,7.0
3609,2019-05-31 09:00:00,426.16,234.0,74.0,3.0,1.0,97.0,75.0,7.0
3610,2019-05-31 10:00:00,432.46,232.0,74.0,3.0,1.0,87.0,76.0,6.0
3611,2019-05-31 11:00:00,424.49,232.0,74.0,3.0,1.0,100.0,72.0,6.0
3612,2019-05-31 12:00:00,404.73,234.0,74.0,3.0,1.0,122.0,76.0,7.0
3613,2019-05-31 13:00:00,426.47,233.0,73.0,3.0,1.0,94.0,77.0,7.0
3614,2019-05-31 14:00:00,417.3,214.0,74.0,3.0,1.0,90.0,76.0,7.0
3615,2019-05-31 15:00:00,424.8,213.0,74.0,3.0,1.0,80.0,77.0,7.0
3616,2019-05-31 16:00:00,453.75,230.0,71.0,3.0,1.0,64.0,76.0,7.0
3617,2019-05-31 17:00:00,443.21,204.0,72.0,3.0,1.0,57.0,75.0,7.0
3618,2019-05-31 18:00:00,445.39,201.0,71.0,3.0,1.0,52.0,76.0,7.0
3619,2019-05-31 19:00:00,462.76,230.0,72.0,3.0,1.0,55.0,76.0,7.0
3620,2019-05-31 20:00:00,440.99,208.0,72.0,3.0,1.0,61.0,76.0,7.0
3621,2019-05-31 21:00:00,421.86,200.0,72.0,3.0,1.0,73.0,77.0,7.0
3622,2019-05-31 22:00:00,410.27,188.0,72.0,3.0,1.0,76.0,76.0,7.0
3623,2019-05-31 23:00:00,423.89,190.0,72.0,3.0,1.0,67.0,73.0,7.0
3624,2019-06-01 00:00:00,415.83,190.0,72.0,3.0,1.0,74.0,74.0,7.0
3625,2019-06-01 01:00:00,408.84,185.0,71.0,3.0,1.0,79.0,72.0,7.0
3626,2019-06-01 02:00:00,415.01,189.0,72.0,3.0,1.0,76.0,72.0,7.0
3627,2019-06-01 03:00:00,424.53,187.0,72.0,3.0,1.0,63.0,74.0,7.0
3628,2019-06-01 04:00:00,458.52,190.0,71.0,3.0,1.0,35.0,74.0,7.0
3629,2019-06-01 05:00:00,470.58,188.0,71.0,3.0,1.0,28.0,70.0,7.0
3630,2019-06-01 06:00:00,464.39,185.0,71.0,3.0,1.0,38.0,63.0,7.0
3631,2019-06-01 07:00:00,442.41,186.0,71.0,3.0,1.0,59.0,61.0,7.0
3632,2019-06-01 08:00:00,429.71,188.0,71.0,3.0,1.0,74.0,59.0,7.0
3633,2019-06-01 09:00:00,409.63,187.0,70.0,3.0,1.0,93.0,59.0,7.0
3634,2019-06-01 10:00:00,382.33,184.0,71.0,3.0,1.0,120.0,59.0,7.0
3635,2019-06-01 11:00:00,361.22,184.0,71.0,3.0,1.0,147.0,58.0,7.0
3636,2019-06-01 12:00:00,345.38,186.0,71.0,3.0,1.0,170.0,59.0,7.0
3637,2019-06-01 13:00:00,342.19,188.0,70.0,3.0,1.0,176.0,60.0,7.0
3638,2019-06-01 14:00:00,350.32,186.0,71.0,3.0,1.0,162.0,60.0,7.0
3639,2019-06-01 15:00:00,384.05,184.0,71.0,3.0,1.0,117.0,60.0,7.0
3640,2019-06-01 16:00:00,430.66,214.0,71.0,3.0,1.0,93.0,59.0,7.0
3641,2019-06-01 17:00:00,430.57,215.0,70.0,3.0,1.0,94.0,59.0,7.0
3642,2019-06-01 18:00:00,382.33,184.0,71.0,3.0,1.0,119.0,60.0,7.0
3643,2019-06-01 19:00:00,375.71,191.0,71.0,3.0,1.0,136.0,58.0,7.0
3644,2019-06-01 20:00:00,359.63,180.0,70.0,3.0,1.0,144.0,58.0,6.0
3645,2019-06-01 21:00:00,372.31,198.0,71.0,3.0,1.0,147.0,58.0,6.0
3646,2019-06-01 22:00:00,360.0,184.0,71.0,3.0,1.0,149.0,57.0,6.0
3647,2019-06-01 23:00:00,369.68,180.0,71.0,3.0,1.0,135.0,55.0,7.0
3648,2019-06-02 00:00:00,405.53,189.0,70.0,3.0,1.0,102.0,56.0,7.0
3649,2019-06-02 01:00:00,409.84,178.0,71.0,3.0,1.0,89.0,55.0,7.0
3650,2019-06-02 02:00:00,410.0,181.0,71.0,3.0,1.0,91.0,55.0,6.0
3651,2019-06-02 03:00:00,413.89,182.0,71.0,3.0,1.0,86.0,57.0,6.0
3652,2019-06-02 04:00:00,401.8,184.0,71.0,3.0,1.0,101.0,56.0,6.0
3653,2019-06-02 05:00:00,391.91,186.0,71.0,3.0,1.0,112.0,58.0,7.0
3654,2019-06-02 06:00:00,396.59,184.0,71.0,3.0,1.0,103.0,60.0,7.0
3655,2019-06-02 07:00:00,400.51,182.0,71.0,3.0,1.0,97.0,60.0,7.0
3656,2019-06-02 08:00:00,416.37,186.0,70.0,3.0,1.0,84.0,60.0,6.0
3657,2019-06-02 09:00:00,412.34,186.0,70.0,3.0,1.0,88.0,60.0,6.0
3658,2019-06-02 10:00:00,393.54,181.0,72.0,3.0,1.0,103.0,60.0,6.0
3659,2019-06-02 11:00:00,411.59,187.0,70.0,3.0,1.0,92.0,58.0,7.0
3660,2019-06-02 12:00:00,398.53,183.0,71.0,3.0,1.0,100.0,60.0,7.0
3661,2019-06-02 13:00:00,393.04,182.0,71.0,3.0,1.0,106.0,59.0,7.0
3662,2019-06-02 14:00:00,413.79,185.0,71.0,3.0,1.0,89.0,57.0,7.0
3663,2019-06-02 15:00:00,431.24,182.0,71.0,3.0,1.0,69.0,58.0,7.0
3664,2019-06-02 16:00:00,464.04,183.0,71.0,3.0,1.0,42.0,58.0,7.0
3665,2019-06-02 17:00:00,453.69,184.0,71.0,3.0,1.0,50.0,59.0,7.0
3666,2019-06-02 18:00:00,463.91,201.0,69.0,3.0,1.0,53.0,59.0,7.0
3667,2019-06-02 19:00:00,438.72,187.0,71.0,3.0,1.0,65.0,59.0,7.0
3668,2019-06-02 20:00:00,442.0,195.0,70.0,3.0,1.0,68.0,59.0,7.0
3669,2019-06-02 21:00:00,422.59,187.0,71.0,3.0,1.0,80.0,59.0,7.0
3670,2019-06-02 22:00:00,433.05,180.0,70.0,3.0,1.0,66.0,58.0,7.0
3671,2019-06-02 23:00:00,468.07,198.0,72.0,3.0,1.0,50.0,56.0,7.0
3672,2019-06-03 00:00:00,468.45,193.0,70.0,3.0,1.0,47.0,56.0,7.0
3673,2019-06-03 01:00:00,484.43,210.0,71.0,3.0,1.0,41.0,59.0,7.0
3674,2019-06-03 02:00:00,512.42,228.0,72.0,3.0,1.0,27.0,60.0,7.0
3675,2019-06-03 03:00:00,568.97,305.0,70.0,3.0,1.0,13.0,61.0,7.0
3676,2019-06-03 04:00:00,597.38,367.0,70.0,3.0,1.0,6.0,63.0,7.0
3677,2019-06-03 05:00:00,595.82,388.0,73.0,3.0,1.0,9.0,66.0,7.0
3678,2019-06-03 06:00:00,578.2,337.0,72.0,3.0,1.0,12.0,64.0,7.0
3679,2019-06-03 07:00:00,576.05,348.0,73.0,3.0,1.0,17.0,64.0,6.0
3680,2019-06-03 08:00:00,574.27,374.0,73.0,3.0,1.0,27.0,64.0,7.0
3681,2019-06-03 09:00:00,563.74,379.0,73.0,3.0,1.0,39.0,64.0,7.0
3682,2019-06-03 10:00:00,556.4,375.0,73.0,3.0,1.0,45.0,64.0,7.0
3683,2019-06-03 11:00:00,548.4,376.0,72.0,3.0,1.0,54.0,64.0,7.0
3684,2019-06-03 12:00:00,540.46,383.0,73.0,3.0,1.0,65.0,64.0,7.0
3685,2019-06-03 13:00:00,525.55,361.0,73.0,3.0,1.0,72.0,64.0,6.0
3686,2019-06-03 14:00:00,506.69,353.0,72.0,3.0,1.0,92.0,62.0,7.0
3687,2019-06-03 15:00:00,497.31,340.0,73.0,3.0,1.0,97.0,61.0,7.0
3688,2019-06-03 16:00:00,528.58,383.0,71.0,3.0,1.0,80.0,63.0,7.0
3689,2019-06-03 17:00:00,516.38,388.0,70.0,3.0,1.0,96.0,64.0,7.0
3690,2019-06-03 18:00:00,504.9,425.0,70.0,3.0,1.0,125.0,68.0,7.0
3691,2019-06-03 19:00:00,492.66,434.0,71.0,3.0,1.0,146.0,69.0,7.0
3692,2019-06-03 20:00:00,466.91,408.0,71.0,3.0,1.0,172.0,67.0,7.0
3693,2019-06-03 21:00:00,452.0,393.0,70.0,3.0,1.0,186.0,67.0,7.0
3694,2019-06-03 22:00:00,434.38,391.0,70.0,3.0,1.0,215.0,66.0,7.0
3695,2019-06-03 23:00:00,442.17,393.0,71.0,3.0,1.0,206.0,63.0,7.0
3696,2019-06-04 00:00:00,448.6,397.0,70.0,3.0,1.0,197.0,64.0,6.0
3697,2019-06-04 01:00:00,458.43,380.0,70.0,3.0,1.0,171.0,63.0,6.0
3698,2019-06-04 02:00:00,460.59,385.0,70.0,3.0,1.0,170.0,64.0,6.0
3699,2019-06-04 03:00:00,485.2,418.0,71.0,3.0,1.0,152.0,65.0,6.0
3700,2019-06-04 04:00:00,530.34,468.0,70.0,3.0,1.0,109.0,69.0,6.0
3701,2019-06-04 05:00:00,529.99,436.0,72.0,3.0,1.0,98.0,66.0,6.0
3702,2019-06-04 06:00:00,535.36,403.0,73.0,3.0,1.0,80.0,63.0,6.0
3703,2019-06-04 07:00:00,533.85,391.0,72.0,3.0,1.0,77.0,63.0,6.0
3704,2019-06-04 08:00:00,540.06,414.0,73.0,3.0,1.0,79.0,63.0,6.0
3705,2019-06-04 09:00:00,541.0,405.0,74.0,3.0,1.0,74.0,63.0,7.0
3706,2019-06-04 10:00:00,535.01,413.0,72.0,3.0,1.0,85.0,63.0,7.0
3707,2019-06-04 11:00:00,528.73,401.0,70.0,3.0,1.0,89.0,62.0,7.0
3708,2019-06-04 12:00:00,537.66,395.0,70.0,3.0,1.0,75.0,63.0,7.0
3709,2019-06-04 13:00:00,537.76,388.0,70.0,3.0,1.0,71.0,64.0,7.0
3710,2019-06-04 14:00:00,565.73,408.0,70.0,3.0,1.0,47.0,65.0,7.0
3711,2019-06-04 15:00:00,580.35,402.0,70.0,3.0,1.0,31.0,64.0,7.0
3712,2019-06-04 16:00:00,587.99,405.0,71.0,3.0,1.0,26.0,62.0,7.0
3713,2019-06-04 17:00:00,595.17,407.0,70.0,3.0,1.0,20.0,62.0,7.0
3714,2019-06-04 18:00:00,598.64,403.0,69.0,3.0,1.0,16.0,62.0,7.0
3715,2019-06-04 19:00:00,586.98,397.0,70.0,3.0,1.0,25.0,62.0,7.0
3716,2019-06-04 20:00:00,582.62,404.0,71.0,3.0,1.0,30.0,63.0,7.0
3717,2019-06-04 21:00:00,573.7,404.0,71.0,3.0,1.0,39.0,63.0,7.0
3718,2019-06-04 22:00:00,562.14,363.0,70.0,3.0,1.0,39.0,61.0,7.0
3719,2019-06-04 23:00:00,557.52,346.0,71.0,3.0,1.0,40.0,58.0,7.0
3720,2019-06-05 00:00:00,553.04,364.0,71.0,3.0,1.0,51.0,58.0,7.0
3721,2019-06-05 01:00:00,551.84,368.0,70.0,3.0,1.0,54.0,58.0,6.0
3722,2019-06-05 02:00:00,549.06,345.0,70.0,3.0,1.0,48.0,58.0,6.0
3723,2019-06-05 03:00:00,574.77,397.0,70.0,3.0,1.0,38.0,61.0,6.0
3724,2019-06-05 04:00:00,591.78,446.0,71.0,4.0,1.0,26.0,69.0,6.0
3725,2019-06-05 05:00:00,610.68,476.0,71.0,4.0,1.0,14.0,69.0,7.0
3726,2019-06-05 06:00:00,612.6,486.0,72.0,4.0,1.0,14.0,69.0,7.0
3727,2019-06-05 07:00:00,610.19,478.0,71.0,4.0,1.0,14.0,70.0,7.0
3728,2019-06-05 08:00:00,610.05,479.0,72.0,4.0,1.0,16.0,68.0,7.0
3729,2019-06-05 09:00:00,606.05,474.0,72.0,4.0,1.0,18.0,69.0,7.0
3730,2019-06-05 10:00:00,605.59,476.0,72.0,4.0,1.0,20.0,68.0,7.0
3731,2019-06-05 11:00:00,602.36,468.0,73.0,4.0,1.0,23.0,66.0,7.0
3732,2019-06-05 12:00:00,598.63,453.0,73.0,4.0,1.0,22.0,67.0,6.0
3733,2019-06-05 13:00:00,604.87,465.0,72.0,4.0,1.0,19.0,67.0,6.0
3734,2019-06-05 14:00:00,602.64,456.0,72.0,4.0,1.0,18.0,68.0,6.0
3735,2019-06-05 15:00:00,613.16,476.0,72.0,4.0,1.0,13.0,67.0,7.0
3736,2019-06-05 16:00:00,618.71,471.0,70.0,4.0,1.0,8.0,66.0,6.0
3737,2019-06-05 17:00:00,622.82,478.0,71.0,4.0,1.0,7.0,64.0,6.0
3738,2019-06-05 18:00:00,611.41,451.0,69.0,4.0,1.0,12.0,65.0,6.0
3739,2019-06-05 19:00:00,601.9,444.0,71.0,4.0,1.0,18.0,66.0,6.0
3740,2019-06-05 20:00:00,605.07,476.0,71.0,4.0,1.0,21.0,68.0,6.0
3741,2019-06-05 21:00:00,588.19,418.0,70.0,4.0,1.0,24.0,67.0,6.0
3742,2019-06-05 22:00:00,586.9,417.0,70.0,4.0,1.0,26.0,66.0,6.0
3743,2019-06-05 23:00:00,584.11,401.0,70.0,4.0,1.0,25.0,65.0,6.0
3744,2019-06-06 00:00:00,583.18,398.0,70.0,4.0,1.0,27.0,63.0,6.0
3745,2019-06-06 01:00:00,584.42,402.0,70.0,4.0,1.0,28.0,62.0,6.0
3746,2019-06-06 02:00:00,583.03,402.0,71.0,4.0,1.0,27.0,64.0,6.0
3747,2019-06-06 03:00:00,586.95,407.0,70.0,4.0,1.0,24.0,65.0,6.0
3748,2019-06-06 04:00:00,601.66,472.0,70.0,4.0,1.0,23.0,69.0,6.0
3749,2019-06-06 05:00:00,608.23,479.0,72.0,4.0,1.0,17.0,69.0,6.0
3750,2019-06-06 06:00:00,612.03,475.0,72.0,4.0,1.0,13.0,68.0,6.0
3751,2019-06-06 07:00:00,608.18,475.0,72.0,4.0,1.0,17.0,68.0,7.0
3752,2019-06-06 08:00:00,603.29,465.0,71.0,4.0,1.0,21.0,67.0,7.0
3753,2019-06-06 09:00:00,598.88,469.0,73.0,4.0,1.0,26.0,67.0,7.0
3754,2019-06-06 10:00:00,595.67,468.0,71.0,4.0,1.0,30.0,67.0,6.0
3755,2019-06-06 11:00:00,595.9,463.0,72.0,4.0,1.0,30.0,65.0,6.0
3756,2019-06-06 12:00:00,593.86,448.0,72.0,4.0,1.0,30.0,63.0,6.0
3757,2019-06-06 13:00:00,584.77,399.0,72.0,4.0,1.0,28.0,60.0,7.0
3758,2019-06-06 14:00:00,580.3,403.0,71.0,4.0,1.0,35.0,59.0,7.0
3759,2019-06-06 15:00:00,584.98,393.0,72.0,4.0,1.0,30.0,56.0,7.0
3760,2019-06-06 16:00:00,589.68,392.0,70.0,4.0,1.0,22.0,60.0,6.0
3761,2019-06-06 17:00:00,576.49,327.0,70.0,4.0,1.0,17.0,57.0,6.0
3762,2019-06-06 18:00:00,534.61,242.0,70.0,4.0,1.0,18.0,58.0,7.0
3763,2019-06-06 19:00:00,489.19,188.0,71.0,4.0,1.0,22.0,61.0,7.0
3764,2019-06-06 20:00:00,495.71,215.0,70.0,4.0,1.0,30.0,63.0,7.0
3765,2019-06-06 21:00:00,506.33,265.0,69.0,4.0,1.0,48.0,62.0,6.0
3766,2019-06-06 22:00:00,516.19,320.0,70.0,4.0,1.0,66.0,61.0,6.0
3767,2019-06-06 23:00:00,500.43,327.0,71.0,4.0,1.0,87.0,60.0,6.0
3768,2019-06-07 00:00:00,516.6,344.0,70.0,4.0,1.0,80.0,58.0,7.0
3769,2019-06-07 01:00:00,510.49,322.0,70.0,4.0,1.0,77.0,57.0,7.0
3770,2019-06-07 02:00:00,531.21,350.0,70.0,4.0,1.0,66.0,59.0,6.0
3771,2019-06-07 03:00:00,567.34,416.0,70.0,4.0,1.0,52.0,60.0,6.0
3772,2019-06-07 04:00:00,618.46,518.0,70.0,4.0,1.0,24.0,61.0,6.0
3773,2019-06-07 05:00:00,627.05,557.0,72.0,4.0,1.0,21.0,62.0,7.0
3774,2019-06-07 06:00:00,610.91,518.0,71.0,4.0,1.0,30.0,63.0,7.0
3775,2019-06-07 07:00:00,605.51,524.0,73.0,4.0,1.0,37.0,63.0,6.0
3776,2019-06-07 08:00:00,584.59,475.0,72.0,4.0,1.0,49.0,62.0,6.0
3777,2019-06-07 09:00:00,586.7,454.0,73.0,4.0,1.0,40.0,62.0,7.0
3778,2019-06-07 10:00:00,600.18,478.0,73.0,4.0,1.0,33.0,61.0,7.0
3779,2019-06-07 11:00:00,593.12,468.0,73.0,4.0,1.0,40.0,59.0,7.0
3780,2019-06-07 12:00:00,611.61,549.0,73.0,4.0,1.0,39.0,60.0,6.0
3781,2019-06-07 13:00:00,600.38,515.0,72.0,4.0,1.0,43.0,61.0,7.0
3782,2019-06-07 14:00:00,596.53,467.0,73.0,4.0,1.0,33.0,62.0,7.0
3783,2019-06-07 15:00:00,629.41,546.0,72.0,4.0,1.0,15.0,63.0,7.0
3784,2019-06-07 16:00:00,620.18,540.0,70.0,4.0,1.0,26.0,62.0,7.0
3785,2019-06-07 17:00:00,610.0,542.0,71.0,4.0,1.0,41.0,59.0,6.0
3786,2019-06-07 18:00:00,514.96,248.0,70.0,4.0,1.0,41.0,53.0,6.0
3787,2019-06-07 19:00:00,480.71,212.0,71.0,4.0,1.0,49.0,54.0,6.0
3788,2019-06-07 20:00:00,420.53,139.0,70.0,4.0,1.0,44.0,57.0,6.0
3789,2019-06-07 21:00:00,405.43,130.0,71.0,4.0,1.0,49.0,56.0,6.0
3790,2019-06-07 22:00:00,386.78,138.0,71.0,4.0,1.0,72.0,56.0,6.0
3791,2019-06-07 23:00:00,387.12,131.0,70.0,4.0,1.0,67.0,54.0,6.0
3792,2019-06-08 00:00:00,385.08,122.0,70.0,4.0,1.0,60.0,54.0,6.0
3793,2019-06-08 01:00:00,392.35,124.0,70.0,4.0,1.0,56.0,54.0,6.0
3794,2019-06-08 02:00:00,402.43,125.0,70.0,4.0,1.0,48.0,55.0,6.0
3795,2019-06-08 03:00:00,406.37,125.0,70.0,4.0,1.0,43.0,57.0,6.0
3796,2019-06-08 04:00:00,422.21,127.0,71.0,4.0,1.0,33.0,57.0,6.0
3797,2019-06-08 05:00:00,433.66,128.0,70.0,4.0,1.0,25.0,58.0,6.0
3798,2019-06-08 06:00:00,457.52,148.0,70.0,4.0,1.0,24.0,57.0,6.0
3799,2019-06-08 07:00:00,453.61,152.0,72.0,4.0,1.0,28.0,58.0,6.0
3800,2019-06-08 08:00:00,454.37,154.0,71.0,4.0,1.0,30.0,57.0,6.0
3801,2019-06-08 09:00:00,428.49,148.0,70.0,4.0,1.0,46.0,56.0,6.0
3802,2019-06-08 10:00:00,403.41,135.0,71.0,4.0,1.0,54.0,57.0,6.0
3803,2019-06-08 11:00:00,399.76,135.0,71.0,4.0,1.0,58.0,56.0,6.0
3804,2019-06-08 12:00:00,398.64,135.0,70.0,4.0,1.0,61.0,54.0,6.0
3805,2019-06-08 13:00:00,404.6,136.0,70.0,4.0,1.0,55.0,56.0,6.0
3806,2019-06-08 14:00:00,401.04,144.0,71.0,4.0,1.0,64.0,57.0,6.0
3807,2019-06-08 15:00:00,415.4,144.0,71.0,4.0,1.0,52.0,57.0,6.0
3808,2019-06-08 16:00:00,423.54,137.0,71.0,4.0,1.0,41.0,56.0,6.0
3809,2019-06-08 17:00:00,423.93,135.0,72.0,4.0,1.0,42.0,53.0,6.0
3810,2019-06-08 18:00:00,425.58,134.0,72.0,3.0,1.0,40.0,54.0,6.0
3811,2019-06-08 19:00:00,433.16,141.0,71.0,3.0,1.0,38.0,56.0,6.0
3812,2019-06-08 20:00:00,405.42,146.0,71.0,3.0,1.0,63.0,57.0,6.0
3813,2019-06-08 21:00:00,357.0,130.0,71.0,3.0,1.0,91.0,58.0,6.0
3814,2019-06-08 22:00:00,379.11,129.0,71.0,3.0,1.0,69.0,58.0,6.0
3815,2019-06-08 23:00:00,399.25,129.0,71.0,3.0,1.0,54.0,56.0,6.0
3816,2019-06-09 00:00:00,393.19,128.0,71.0,3.0,1.0,59.0,55.0,6.0
3817,2019-06-09 01:00:00,396.69,129.0,72.0,3.0,1.0,58.0,54.0,6.0
3818,2019-06-09 02:00:00,399.28,128.0,72.0,3.0,1.0,55.0,54.0,6.0
3819,2019-06-09 03:00:00,412.13,129.0,71.0,3.0,1.0,45.0,55.0,6.0
3820,2019-06-09 04:00:00,400.5,129.0,71.0,3.0,1.0,51.0,58.0,6.0
3821,2019-06-09 05:00:00,401.76,129.0,71.0,3.0,1.0,51.0,57.0,6.0
3822,2019-06-09 06:00:00,385.73,135.0,72.0,3.0,1.0,71.0,56.0,6.0
3823,2019-06-09 07:00:00,369.43,132.0,71.0,3.0,1.0,82.0,57.0,6.0
3824,2019-06-09 08:00:00,352.41,132.0,71.0,3.0,1.0,99.0,57.0,6.0
3825,2019-06-09 09:00:00,360.69,127.0,71.0,3.0,1.0,82.0,60.0,6.0
3826,2019-06-09 10:00:00,374.69,130.0,71.0,3.0,1.0,74.0,58.0,6.0
3827,2019-06-09 11:00:00,369.84,139.0,72.0,3.0,1.0,90.0,56.0,6.0
3828,2019-06-09 12:00:00,325.75,131.0,72.0,3.0,1.0,128.0,57.0,6.0
3829,2019-06-09 13:00:00,322.27,131.0,70.0,3.0,1.0,131.0,58.0,6.0
3830,2019-06-09 14:00:00,316.86,136.0,71.0,3.0,1.0,145.0,58.0,6.0
3831,2019-06-09 15:00:00,309.16,135.0,71.0,3.0,1.0,154.0,58.0,6.0
3832,2019-06-09 16:00:00,327.39,138.0,70.0,3.0,1.0,135.0,57.0,6.0
3833,2019-06-09 17:00:00,322.21,128.0,70.0,3.0,1.0,130.0,55.0,6.0
3834,2019-06-09 18:00:00,371.42,151.0,70.0,3.0,1.0,102.0,55.0,6.0
3835,2019-06-09 19:00:00,364.68,149.0,70.0,3.0,1.0,105.0,57.0,6.0
3836,2019-06-09 20:00:00,337.68,132.0,70.0,3.0,1.0,113.0,59.0,6.0
3837,2019-06-09 21:00:00,319.59,127.0,71.0,3.0,1.0,128.0,59.0,6.0
3838,2019-06-09 22:00:00,315.93,126.0,70.0,3.0,1.0,131.0,59.0,6.0
3839,2019-06-09 23:00:00,334.85,127.0,71.0,3.0,1.0,112.0,57.0,6.0
3840,2019-06-10 00:00:00,335.74,127.0,71.0,3.0,1.0,113.0,55.0,6.0
3841,2019-06-10 01:00:00,353.72,128.0,70.0,3.0,1.0,96.0,54.0,6.0
3842,2019-06-10 02:00:00,361.8,128.0,70.0,3.0,1.0,89.0,53.0,6.0
3843,2019-06-10 03:00:00,379.13,128.0,70.0,4.0,1.0,70.0,55.0,6.0
3844,2019-06-10 04:00:00,407.0,129.0,70.0,4.0,1.0,46.0,57.0,6.0
3845,2019-06-10 05:00:00,405.64,128.0,72.0,4.0,1.0,46.0,57.0,6.0
3846,2019-06-10 06:00:00,402.04,127.0,71.0,4.0,1.0,48.0,57.0,6.0
3847,2019-06-10 07:00:00,384.89,125.0,72.0,4.0,1.0,60.0,57.0,6.0
3848,2019-06-10 08:00:00,375.72,128.0,72.0,4.0,1.0,72.0,56.0,6.0
3849,2019-06-10 09:00:00,372.59,132.0,74.0,4.0,1.0,78.0,57.0,6.0
3850,2019-06-10 10:00:00,380.15,131.0,74.0,4.0,1.0,70.0,57.0,6.0
3851,2019-06-10 11:00:00,391.36,134.0,74.0,4.0,1.0,65.0,55.0,6.0
3852,2019-06-10 12:00:00,415.02,138.0,74.0,4.0,1.0,47.0,57.0,6.0
3853,2019-06-10 13:00:00,418.86,138.0,74.0,4.0,1.0,43.0,58.0,6.0
3854,2019-06-10 14:00:00,436.37,138.0,74.0,4.0,1.0,30.0,58.0,6.0
3855,2019-06-10 15:00:00,447.75,135.0,74.0,4.0,1.0,20.0,58.0,6.0
3856,2019-06-10 16:00:00,461.29,134.0,72.0,4.0,1.0,14.0,55.0,6.0
3857,2019-06-10 17:00:00,465.14,133.0,72.0,4.0,1.0,11.0,55.0,6.0
3858,2019-06-10 18:00:00,464.54,134.0,72.0,4.0,1.0,13.0,54.0,6.0
3859,2019-06-10 19:00:00,464.54,134.0,72.0,4.0,1.0,11.0,56.0,6.0
3860,2019-06-10 20:00:00,459.13,135.0,72.0,4.0,1.0,12.0,59.0,6.0
3861,2019-06-10 21:00:00,461.76,136.0,72.0,4.0,1.0,11.0,59.0,6.0
3862,2019-06-10 22:00:00,458.59,136.0,72.0,4.0,1.0,13.0,59.0,6.0
3863,2019-06-10 23:00:00,469.2,145.0,72.0,4.0,1.0,14.0,57.0,6.0
3864,2019-06-11 00:00:00,460.73,135.0,72.0,4.0,1.0,14.0,56.0,6.0
3865,2019-06-11 01:00:00,461.76,136.0,72.0,4.0,1.0,15.0,55.0,6.0
3866,2019-06-11 02:00:00,457.0,139.0,72.0,4.0,1.0,20.0,55.0,6.0
3867,2019-06-11 03:00:00,461.92,147.0,72.0,4.0,1.0,22.0,55.0,6.0
3868,2019-06-11 04:00:00,464.26,151.0,72.0,4.0,1.0,24.0,54.0,6.0
3869,2019-06-11 05:00:00,465.25,159.0,74.0,4.0,1.0,27.0,55.0,6.0
3870,2019-06-11 06:00:00,464.47,166.0,74.0,4.0,1.0,32.0,55.0,6.0
3871,2019-06-11 07:00:00,458.65,161.0,74.0,4.0,1.0,32.0,56.0,6.0
3872,2019-06-11 08:00:00,456.37,163.0,74.0,4.0,1.0,34.0,57.0,6.0
3873,2019-06-11 09:00:00,470.24,163.0,74.0,4.0,1.0,27.0,54.0,6.0
3874,2019-06-11 10:00:00,463.48,163.0,73.0,4.0,1.0,33.0,53.0,6.0
3875,2019-06-11 11:00:00,457.72,163.0,74.0,4.0,1.0,37.0,53.0,6.0
3876,2019-06-11 12:00:00,448.15,161.0,73.0,4.0,1.0,39.0,57.0,6.0
3877,2019-06-11 13:00:00,422.94,162.0,74.0,4.0,1.0,58.0,59.0,6.0
3878,2019-06-11 14:00:00,419.48,162.0,74.0,4.0,1.0,63.0,57.0,6.0
3879,2019-06-11 15:00:00,434.89,162.0,74.0,4.0,1.0,49.0,58.0,6.0
3880,2019-06-11 16:00:00,436.5,162.0,72.0,4.0,1.0,51.0,55.0,6.0
3881,2019-06-11 17:00:00,438.66,163.0,72.0,4.0,1.0,48.0,57.0,6.0
3882,2019-06-11 18:00:00,440.26,162.0,72.0,4.0,1.0,47.0,56.0,6.0
3883,2019-06-11 19:00:00,442.8,162.0,72.0,4.0,1.0,44.0,57.0,6.0
3884,2019-06-11 20:00:00,447.98,162.0,72.0,4.0,1.0,39.0,58.0,6.0
3885,2019-06-11 21:00:00,448.57,154.0,72.0,4.0,1.0,32.0,59.0,6.0
3886,2019-06-11 22:00:00,433.05,153.0,72.0,4.0,1.0,43.0,59.0,6.0
3887,2019-06-11 23:00:00,390.26,135.0,72.0,4.0,1.0,64.0,58.0,6.0
3888,2019-06-12 00:00:00,384.64,134.0,72.0,4.0,1.0,70.0,56.0,6.0
3889,2019-06-12 01:00:00,337.42,134.0,72.0,4.0,1.0,119.0,55.0,6.0
3890,2019-06-12 02:00:00,315.18,135.0,72.0,4.0,1.0,148.0,55.0,6.0
3891,2019-06-12 03:00:00,310.67,137.0,72.0,4.0,1.0,157.0,55.0,6.0
3892,2019-06-12 04:00:00,317.28,137.0,72.0,4.0,1.0,147.0,56.0,6.0
3893,2019-06-12 05:00:00,353.54,159.0,74.0,4.0,1.0,127.0,58.0,6.0
3894,2019-06-12 06:00:00,359.22,166.0,73.0,4.0,1.0,128.0,58.0,6.0
3895,2019-06-12 07:00:00,350.42,166.0,74.0,4.0,1.0,137.0,60.0,6.0
3896,2019-06-12 08:00:00,344.43,167.0,74.0,4.0,1.0,148.0,58.0,6.0
3897,2019-06-12 09:00:00,340.54,166.0,74.0,4.0,1.0,152.0,58.0,6.0
3898,2019-06-12 10:00:00,331.0,165.0,74.0,4.0,1.0,164.0,58.0,6.0
3899,2019-06-12 11:00:00,319.6,166.0,74.0,4.0,1.0,183.0,58.0,7.0
3900,2019-06-12 12:00:00,310.85,164.0,74.0,4.0,1.0,194.0,58.0,7.0
3901,2019-06-12 13:00:00,302.41,164.0,74.0,4.0,1.0,206.0,60.0,7.0
3902,2019-06-12 14:00:00,289.87,143.0,73.0,4.0,1.0,194.0,60.0,7.0
3903,2019-06-12 15:00:00,292.64,141.0,72.0,4.0,1.0,186.0,59.0,6.0
3904,2019-06-12 16:00:00,297.79,143.0,72.0,4.0,1.0,182.0,58.0,6.0
3905,2019-06-12 17:00:00,319.32,152.0,72.0,4.0,1.0,166.0,55.0,6.0
3906,2019-06-12 18:00:00,306.13,132.0,72.0,4.0,1.0,156.0,55.0,6.0
3907,2019-06-12 19:00:00,331.5,158.0,72.0,4.0,1.0,156.0,56.0,6.0
3908,2019-06-12 20:00:00,306.05,138.0,72.0,4.0,1.0,160.0,60.0,6.0
3909,2019-06-12 21:00:00,314.67,143.0,72.0,4.0,1.0,155.0,60.0,6.0
3910,2019-06-12 22:00:00,319.84,146.0,72.0,4.0,1.0,152.0,60.0,6.0
3911,2019-06-12 23:00:00,317.74,136.0,72.0,4.0,1.0,144.0,57.0,6.0
3912,2019-06-13 00:00:00,302.21,131.0,72.0,4.0,1.0,159.0,56.0,6.0
3913,2019-06-13 01:00:00,313.92,131.0,72.0,4.0,1.0,144.0,55.0,6.0
3914,2019-06-13 02:00:00,305.43,130.0,72.0,4.0,1.0,153.0,56.0,6.0
3915,2019-06-13 03:00:00,297.44,133.0,72.0,4.0,1.0,169.0,56.0,6.0
3916,2019-06-13 04:00:00,350.01,154.0,72.0,4.0,1.0,128.0,56.0,7.0
3917,2019-06-13 05:00:00,347.34,158.0,72.0,4.0,1.0,137.0,55.0,7.0
3918,2019-06-13 06:00:00,339.99,161.0,71.0,4.0,1.0,150.0,55.0,7.0
3919,2019-06-13 07:00:00,344.14,163.0,71.0,4.0,1.0,148.0,54.0,7.0
3920,2019-06-13 08:00:00,350.26,162.0,71.0,4.0,1.0,136.0,57.0,7.0
3921,2019-06-13 09:00:00,355.2,162.0,73.0,4.0,1.0,129.0,58.0,7.0
3922,2019-06-13 10:00:00,369.51,151.0,71.0,3.0,1.0,101.0,58.0,6.0
3923,2019-06-13 11:00:00,391.31,162.0,72.0,3.0,1.0,91.0,57.0,7.0
3924,2019-06-13 12:00:00,394.25,163.0,72.0,3.0,1.0,88.0,58.0,7.0
3925,2019-06-13 13:00:00,406.46,164.0,73.0,3.0,1.0,77.0,58.0,7.0
3926,2019-06-13 14:00:00,392.56,149.0,74.0,3.0,1.0,76.0,58.0,6.0
3927,2019-06-13 15:00:00,400.82,154.0,73.0,3.0,1.0,72.0,59.0,6.0
3928,2019-06-13 16:00:00,442.28,167.0,72.0,3.0,1.0,49.0,57.0,6.0
3929,2019-06-13 17:00:00,412.29,162.0,72.0,3.0,1.0,72.0,56.0,7.0
3930,2019-06-13 18:00:00,418.95,157.0,72.0,3.0,1.0,62.0,56.0,7.0
3931,2019-06-13 19:00:00,421.54,156.0,72.0,3.0,1.0,58.0,57.0,7.0
3932,2019-06-13 20:00:00,431.58,155.0,72.0,3.0,1.0,46.0,60.0,7.0
3933,2019-06-13 21:00:00,453.08,154.0,72.0,3.0,1.0,29.0,60.0,7.0
3934,2019-06-13 22:00:00,451.19,152.0,72.0,3.0,1.0,29.0,60.0,7.0
3935,2019-06-13 23:00:00,437.34,153.0,72.0,3.0,1.0,43.0,57.0,7.0
3936,2019-06-14 00:00:00,476.4,164.0,72.0,3.0,1.0,23.0,56.0,7.0
3937,2019-06-14 01:00:00,491.62,177.0,72.0,3.0,1.0,20.0,56.0,7.0
3938,2019-06-14 02:00:00,507.4,200.0,72.0,3.0,1.0,21.0,56.0,7.0
3939,2019-06-14 03:00:00,500.35,196.0,72.0,3.0,1.0,22.0,58.0,7.0
3940,2019-06-14 04:00:00,509.44,207.0,72.0,3.0,1.0,20.0,59.0,7.0
3941,2019-06-14 05:00:00,566.32,294.0,74.0,3.0,1.0,11.0,60.0,7.0
3942,2019-06-14 06:00:00,580.76,327.0,74.0,3.0,1.0,11.0,59.0,7.0
3943,2019-06-14 07:00:00,570.11,330.0,74.0,3.0,1.0,20.0,60.0,7.0
3944,2019-06-14 08:00:00,556.91,328.0,74.0,3.0,1.0,32.0,59.0,7.0
3945,2019-06-14 09:00:00,552.8,326.0,74.0,3.0,1.0,35.0,59.0,7.0
3946,2019-06-14 10:00:00,561.77,329.0,74.0,3.0,1.0,29.0,58.0,7.0
3947,2019-06-14 11:00:00,542.28,329.0,74.0,3.0,1.0,49.0,56.0,7.0
3948,2019-06-14 12:00:00,531.74,326.0,74.0,3.0,1.0,55.0,59.0,7.0
3949,2019-06-14 13:00:00,527.6,328.0,74.0,3.0,1.0,59.0,60.0,7.0
3950,2019-06-14 14:00:00,521.47,334.0,74.0,3.0,1.0,68.0,60.0,7.0
3951,2019-06-14 15:00:00,511.58,339.0,74.0,3.0,1.0,81.0,60.0,7.0
3952,2019-06-14 16:00:00,516.78,335.0,72.0,3.0,1.0,74.0,60.0,7.0
3953,2019-06-14 17:00:00,530.1,337.0,72.0,3.0,1.0,68.0,53.0,7.0
3954,2019-06-14 18:00:00,468.46,221.0,72.0,3.0,1.0,76.0,44.0,7.0
3955,2019-06-14 19:00:00,414.09,140.0,72.0,3.0,1.0,64.0,44.0,7.0
3956,2019-06-14 20:00:00,420.65,134.0,72.0,3.0,1.0,54.0,44.0,7.0
3957,2019-06-14 21:00:00,424.7,134.0,72.0,3.0,1.0,52.0,43.0,7.0
3958,2019-06-14 22:00:00,401.79,132.0,72.0,3.0,1.0,68.0,43.0,7.0
3959,2019-06-14 23:00:00,418.24,133.0,72.0,3.0,1.0,57.0,42.0,7.0
3960,2019-06-15 00:00:00,425.28,132.0,72.0,3.0,1.0,51.0,42.0,7.0
3961,2019-06-15 01:00:00,422.26,133.0,72.0,3.0,1.0,53.0,43.0,7.0
3962,2019-06-15 02:00:00,420.65,134.0,72.0,3.0,1.0,54.0,44.0,7.0
3963,2019-06-15 03:00:00,418.83,136.0,72.0,3.0,1.0,57.0,44.0,7.0
3964,2019-06-15 04:00:00,422.79,136.0,72.0,3.0,1.0,54.0,44.0,7.0
3965,2019-06-15 05:00:00,454.4,145.0,72.0,3.0,1.0,39.0,43.0,7.0
3966,2019-06-15 06:00:00,446.19,144.0,72.0,3.0,1.0,43.0,44.0,7.0
3967,2019-06-15 07:00:00,459.15,156.0,72.0,3.0,1.0,42.0,44.0,7.0
3968,2019-06-15 08:00:00,467.97,161.0,72.0,3.0,1.0,39.0,44.0,7.0
3969,2019-06-15 09:00:00,476.67,166.0,72.0,3.0,1.0,37.0,43.0,7.0
3970,2019-06-15 10:00:00,476.4,164.0,72.0,3.0,1.0,36.0,43.0,7.0
3971,2019-06-15 11:00:00,470.62,164.0,72.0,3.0,1.0,42.0,41.0,7.0
3972,2019-06-15 12:00:00,468.51,160.0,72.0,3.0,1.0,41.0,41.0,7.0
3973,2019-06-15 13:00:00,465.95,154.0,72.0,3.0,1.0,38.0,42.0,7.0
3974,2019-06-15 14:00:00,469.06,159.0,72.0,4.0,1.0,38.0,42.0,7.0
3975,2019-06-15 15:00:00,475.85,155.0,72.0,4.0,1.0,30.0,43.0,7.0
3976,2019-06-15 16:00:00,479.13,145.0,72.0,4.0,1.0,23.0,42.0,7.0
3977,2019-06-15 17:00:00,464.8,126.0,72.0,4.0,1.0,20.0,42.0,7.0
3978,2019-06-15 18:00:00,433.13,97.0,72.0,4.0,1.0,18.0,42.0,7.0
3979,2019-06-15 19:00:00,412.5,91.0,72.0,4.0,1.0,24.0,43.0,7.0
3980,2019-06-15 20:00:00,422.27,93.0,72.0,4.0,1.0,21.0,42.0,7.0
3981,2019-06-15 21:00:00,439.59,95.0,72.0,4.0,1.0,13.0,42.0,7.0
3982,2019-06-15 22:00:00,451.79,94.0,72.0,3.0,1.0,7.0,42.0,7.0
3983,2019-06-15 23:00:00,456.51,93.0,72.0,3.0,1.0,5.0,41.0,7.0
3984,2019-06-16 00:00:00,496.82,127.0,72.0,3.0,1.0,5.0,41.0,7.0
3985,2019-06-16 01:00:00,498.95,131.0,72.0,3.0,1.0,5.0,42.0,7.0
3986,2019-06-16 02:00:00,498.95,131.0,72.0,3.0,1.0,4.0,43.0,7.0
3987,2019-06-16 03:00:00,500.02,134.0,72.0,3.0,1.0,5.0,43.0,7.0
3988,2019-06-16 04:00:00,498.14,134.0,72.0,3.0,1.0,8.0,41.0,7.0
3989,2019-06-16 05:00:00,495.41,135.0,72.0,3.0,1.0,9.0,42.0,7.0
3990,2019-06-16 06:00:00,492.58,134.0,72.0,3.0,1.0,11.0,41.0,7.0
3991,2019-06-16 07:00:00,485.91,131.0,72.0,3.0,1.0,13.0,41.0,7.0
3992,2019-06-16 08:00:00,485.37,134.0,72.0,3.0,1.0,15.0,41.0,7.0
3993,2019-06-16 09:00:00,485.6,136.0,72.0,3.0,1.0,16.0,41.0,7.0
3994,2019-06-16 10:00:00,475.26,141.0,72.0,3.0,1.0,25.0,41.0,7.0
3995,2019-06-16 11:00:00,494.0,154.0,72.0,3.0,1.0,23.0,39.0,7.0
3996,2019-06-16 12:00:00,489.26,156.0,72.0,3.0,1.0,26.0,40.0,7.0
3997,2019-06-16 13:00:00,479.53,142.0,72.0,3.0,1.0,23.0,41.0,7.0
3998,2019-06-16 14:00:00,478.36,134.0,72.0,3.0,1.0,19.0,41.0,7.0
3999,2019-06-16 15:00:00,485.91,131.0,72.0,3.0,1.0,13.0,41.0,7.0
4000,2019-06-16 16:00:00,494.42,134.0,72.0,3.0,1.0,10.0,41.0,7.0
4001,2019-06-16 17:00:00,496.39,136.0,72.0,3.0,1.0,10.0,41.0,7.0
4002,2019-06-16 18:00:00,488.15,135.0,72.0,3.0,1.0,13.0,42.0,7.0
4003,2019-06-16 19:00:00,470.9,135.0,72.0,3.0,1.0,23.0,42.0,7.0
4004,2019-06-16 20:00:00,463.89,133.0,72.0,3.0,1.0,26.0,42.0,7.0
4005,2019-06-16 21:00:00,463.89,133.0,72.0,3.0,1.0,26.0,42.0,7.0
4006,2019-06-16 22:00:00,456.39,132.0,72.0,4.0,1.0,29.0,42.0,7.0
4007,2019-06-16 23:00:00,459.04,133.0,72.0,4.0,1.0,30.0,40.0,7.0
4008,2019-06-17 00:00:00,453.78,134.0,72.0,4.0,1.0,33.0,41.0,7.0
4009,2019-06-17 01:00:00,449.64,133.0,72.0,4.0,1.0,34.0,42.0,7.0
4010,2019-06-17 02:00:00,463.89,133.0,72.0,4.0,1.0,24.0,43.0,7.0
4011,2019-06-17 03:00:00,483.84,136.0,72.0,4.0,1.0,16.0,41.0,7.0
4012,2019-06-17 04:00:00,505.84,154.0,72.0,4.0,1.0,12.0,42.0,7.0
4013,2019-06-17 05:00:00,506.64,162.0,74.0,4.0,1.0,15.0,42.0,7.0
4014,2019-06-17 06:00:00,494.65,165.0,74.0,4.0,1.0,19.0,47.0,7.0
4015,2019-06-17 07:00:00,479.17,168.0,74.0,4.0,1.0,25.0,53.0,7.0
4016,2019-06-17 08:00:00,480.38,166.0,74.0,4.0,1.0,23.0,53.0,7.0
4017,2019-06-17 09:00:00,476.88,167.0,74.0,4.0,1.0,26.0,53.0,7.0
4018,2019-06-17 10:00:00,462.46,168.0,74.0,4.0,1.0,35.0,55.0,7.0
4019,2019-06-17 11:00:00,454.08,166.0,74.0,4.0,1.0,43.0,52.0,7.0
4020,2019-06-17 12:00:00,438.57,167.0,74.0,4.0,1.0,53.0,55.0,7.0
4021,2019-06-17 13:00:00,408.28,151.0,74.0,4.0,1.0,64.0,57.0,7.0
4022,2019-06-17 14:00:00,372.36,138.0,74.0,4.0,1.0,84.0,58.0,7.0
4023,2019-06-17 15:00:00,365.3,137.0,74.0,4.0,1.0,90.0,58.0,7.0
4024,2019-06-17 16:00:00,366.34,138.0,72.0,3.0,1.0,91.0,58.0,7.0
4025,2019-06-17 17:00:00,359.86,141.0,72.0,3.0,1.0,104.0,55.0,7.0
4026,2019-06-17 18:00:00,357.64,138.0,72.0,3.0,1.0,104.0,54.0,7.0
4027,2019-06-17 19:00:00,370.39,139.0,72.0,3.0,1.0,90.0,56.0,7.0
4028,2019-06-17 20:00:00,355.5,136.0,72.0,3.0,1.0,100.0,58.0,7.0
4029,2019-06-17 21:00:00,343.94,128.0,72.0,3.0,1.0,101.0,60.0,7.0
4030,2019-06-17 22:00:00,350.69,129.0,72.0,3.0,1.0,93.0,62.0,7.0
4031,2019-06-17 23:00:00,359.51,129.0,72.0,3.0,1.0,86.0,60.0,7.0
4032,2019-06-18 00:00:00,359.51,129.0,72.0,3.0,1.0,84.0,62.0,7.0
4033,2019-06-18 01:00:00,352.62,129.0,72.0,3.0,1.0,91.0,62.0,7.0
4034,2019-06-18 02:00:00,352.62,129.0,72.0,3.0,1.0,90.0,63.0,7.0
4035,2019-06-18 03:00:00,366.9,132.0,72.0,3.0,1.0,76.0,66.0,7.0
4036,2019-06-18 04:00:00,399.1,155.0,72.0,3.0,1.0,62.0,72.0,7.0
4037,2019-06-18 05:00:00,396.3,161.0,74.0,3.0,1.0,69.0,73.0,7.0
4038,2019-06-18 06:00:00,371.2,156.0,74.0,3.0,1.0,87.0,76.0,7.0
4039,2019-06-18 07:00:00,348.78,145.0,74.0,3.0,1.0,99.0,77.0,7.0
4040,2019-06-18 08:00:00,345.73,137.0,74.0,3.0,1.0,94.0,76.0,7.0
4041,2019-06-18 09:00:00,348.23,136.0,74.0,4.0,1.0,89.0,76.0,7.0
4042,2019-06-18 10:00:00,355.02,146.0,74.0,4.0,1.0,93.0,76.0,7.0
4043,2019-06-18 11:00:00,333.22,138.0,74.0,4.0,1.0,110.0,75.0,7.0
4044,2019-06-18 12:00:00,327.64,135.0,74.0,4.0,1.0,114.0,74.0,7.0
4045,2019-06-18 13:00:00,327.12,133.0,74.0,4.0,1.0,119.0,67.0,7.0
4046,2019-06-18 14:00:00,334.09,131.0,74.0,4.0,1.0,110.0,65.0,7.0
4047,2019-06-18 15:00:00,351.4,139.0,74.0,4.0,1.0,91.0,74.0,7.0
4048,2019-06-18 16:00:00,351.96,131.0,72.0,4.0,1.0,78.0,77.0,7.0
4049,2019-06-18 17:00:00,366.98,133.0,72.0,4.0,1.0,68.0,74.0,7.0
4050,2019-06-18 18:00:00,371.06,132.0,72.0,4.0,1.0,63.0,74.0,7.0
4051,2019-06-18 19:00:00,367.94,132.0,72.0,4.0,1.0,65.0,75.0,7.0
4052,2019-06-18 20:00:00,355.81,131.0,72.0,4.0,1.0,74.0,77.0,7.0
4053,2019-06-18 21:00:00,369.84,129.0,72.0,4.0,1.0,57.0,78.0,7.0
4054,2019-06-18 22:00:00,366.68,129.0,72.0,4.0,1.0,61.0,77.0,7.0
4055,2019-06-18 23:00:00,365.47,127.0,72.0,4.0,1.0,62.0,75.0,7.0
4056,2019-06-19 00:00:00,378.6,136.0,72.0,4.0,1.0,59.0,75.0,7.0
4057,2019-06-19 01:00:00,392.97,152.0,72.0,4.0,1.0,62.0,74.0,7.0
4058,2019-06-19 02:00:00,400.06,166.0,72.0,4.0,1.0,67.0,75.0,7.0
4059,2019-06-19 03:00:00,426.59,178.0,72.0,4.0,1.0,52.0,75.0,7.0
4060,2019-06-19 04:00:00,474.03,216.0,72.0,4.0,1.0,34.0,77.0,7.0
4061,2019-06-19 05:00:00,523.3,294.0,74.0,3.0,1.0,30.0,78.0,7.0
4062,2019-06-19 06:00:00,522.61,308.0,74.0,3.0,1.0,39.0,76.0,7.0
4063,2019-06-19 07:00:00,513.94,311.0,74.0,3.0,1.0,48.0,77.0,7.0
4064,2019-06-19 08:00:00,515.98,309.0,74.0,3.0,1.0,46.0,76.0,7.0
4065,2019-06-19 09:00:00,534.43,337.0,74.0,3.0,1.0,39.0,77.0,7.0
4066,2019-06-19 10:00:00,525.72,317.0,74.0,3.0,1.0,42.0,74.0,7.0
4067,2019-06-19 11:00:00,518.85,313.0,74.0,3.0,1.0,48.0,73.0,7.0
4068,2019-06-19 12:00:00,513.47,310.0,74.0,3.0,1.0,51.0,74.0,7.0
4069,2019-06-19 13:00:00,519.0,309.0,74.0,3.0,1.0,44.0,75.0,7.0
4070,2019-06-19 14:00:00,537.87,309.0,74.0,3.0,1.0,28.0,73.0,7.0
4071,2019-06-19 15:00:00,561.32,342.0,74.0,3.0,1.0,18.0,74.0,7.0
4072,2019-06-19 16:00:00,560.54,324.0,72.0,3.0,1.0,13.0,74.0,7.0
4073,2019-06-19 17:00:00,565.11,324.0,72.0,4.0,1.0,11.0,71.0,7.0
4074,2019-06-19 18:00:00,521.15,236.0,72.0,4.0,1.0,9.0,74.0,7.0
4075,2019-06-19 19:00:00,483.05,198.0,72.0,4.0,1.0,17.0,76.0,7.0
4076,2019-06-19 20:00:00,440.68,151.0,72.0,4.0,1.0,17.0,78.0,7.0
4077,2019-06-19 21:00:00,430.3,138.0,72.0,4.0,1.0,16.0,77.0,7.0
4078,2019-06-19 22:00:00,429.46,132.0,72.0,4.0,1.0,12.0,77.0,7.0
4079,2019-06-19 23:00:00,430.87,132.0,72.0,4.0,1.0,12.0,76.0,7.0
4080,2019-06-20 00:00:00,430.87,132.0,72.0,4.0,1.0,13.0,75.0,7.0
4081,2019-06-20 01:00:00,424.19,131.0,72.0,4.0,1.0,20.0,72.0,7.0
4082,2019-06-20 02:00:00,410.8,131.0,72.0,4.0,1.0,28.0,74.0,7.0
4083,2019-06-20 03:00:00,401.79,132.0,72.0,4.0,1.0,35.0,75.0,7.0
4084,2019-06-20 04:00:00,400.44,133.0,72.0,4.0,1.0,34.0,78.0,7.0
4085,2019-06-20 05:00:00,425.79,143.0,74.0,4.0,1.0,22.0,78.0,7.0
4086,2019-06-20 06:00:00,443.88,152.0,74.0,4.0,1.0,17.0,76.0,7.0
4087,2019-06-20 07:00:00,441.37,148.0,74.0,4.0,1.0,17.0,75.0,7.0
4088,2019-06-20 08:00:00,446.18,153.0,74.0,4.0,1.0,18.0,74.0,7.0
4089,2019-06-20 09:00:00,446.6,162.0,74.0,4.0,1.0,24.0,74.0,7.0
4090,2019-06-20 10:00:00,436.83,161.0,74.0,4.0,1.0,33.0,72.0,7.0
4091,2019-06-20 11:00:00,431.23,155.0,74.0,4.0,1.0,37.0,68.0,7.0
4092,2019-06-20 12:00:00,402.81,141.0,74.0,4.0,1.0,48.0,69.0,7.0
4093,2019-06-20 13:00:00,378.57,138.0,74.0,4.0,1.0,67.0,69.0,7.0
4094,2019-06-20 14:00:00,402.02,138.0,74.0,3.0,1.0,48.0,68.0,7.0
4095,2019-06-20 15:00:00,414.66,142.0,74.0,3.0,1.0,46.0,63.0,7.0
4096,2019-06-20 16:00:00,407.71,140.0,74.0,3.0,1.0,47.0,66.0,7.0
4097,2019-06-20 17:00:00,411.17,141.0,74.0,3.0,1.0,43.0,68.0,7.0
4098,2019-06-20 18:00:00,398.52,127.0,74.0,3.0,1.0,41.0,68.0,7.0
4099,2019-06-20 19:00:00,387.47,131.0,74.0,3.0,1.0,49.0,73.0,7.0
4100,2019-06-20 20:00:00,373.24,134.0,74.0,3.0,1.0,62.0,76.0,7.0
4101,2019-06-20 21:00:00,366.13,135.0,74.0,3.0,1.0,69.0,77.0,7.0
4102,2019-06-20 22:00:00,360.23,135.0,74.0,3.0,1.0,75.0,77.0,7.0
4103,2019-06-20 23:00:00,356.01,132.0,74.0,3.0,1.0,79.0,74.0,7.0
4104,2019-06-21 00:00:00,358.33,127.0,74.0,3.0,1.0,71.0,74.0,7.0
4105,2019-06-21 01:00:00,384.16,127.0,74.0,3.0,1.0,50.0,71.0,7.0
4106,2019-06-21 02:00:00,394.47,131.0,74.0,4.0,1.0,42.0,73.0,7.0
4107,2019-06-21 03:00:00,405.41,148.0,73.0,4.0,1.0,48.0,73.0,7.0
4108,2019-06-21 04:00:00,445.39,180.0,72.0,4.0,1.0,38.0,74.0,7.0
4109,2019-06-21 05:00:00,467.72,211.0,74.0,4.0,1.0,37.0,76.0,7.0
4110,2019-06-21 06:00:00,481.96,232.0,74.0,4.0,1.0,36.0,77.0,7.0
4111,2019-06-21 07:00:00,452.64,185.0,74.0,4.0,1.0,33.0,76.0,7.0
4112,2019-06-21 08:00:00,455.09,197.0,74.0,4.0,1.0,41.0,74.0,7.0
4113,2019-06-21 09:00:00,439.42,194.0,74.0,4.0,1.0,53.0,74.0,7.0
4114,2019-06-21 10:00:00,415.3,186.0,74.0,4.0,1.0,71.0,73.0,7.0
4115,2019-06-21 11:00:00,428.11,184.0,74.0,4.0,1.0,60.0,70.0,7.0
4116,2019-06-21 12:00:00,425.68,176.0,74.0,4.0,1.0,56.0,70.0,7.0
4117,2019-06-21 13:00:00,405.17,157.0,74.0,4.0,1.0,57.0,72.0,7.0
4118,2019-06-21 14:00:00,407.07,159.0,74.0,4.0,1.0,56.0,73.0,7.0
4119,2019-06-21 15:00:00,384.48,158.0,74.0,4.0,1.0,73.0,77.0,7.0
4120,2019-06-21 16:00:00,404.96,160.0,72.0,4.0,1.0,55.0,77.0,7.0
4121,2019-06-21 17:00:00,417.37,159.0,72.0,4.0,1.0,47.0,73.0,7.0
4122,2019-06-21 18:00:00,354.38,107.0,72.0,4.0,1.0,52.0,73.0,7.0
4123,2019-06-21 19:00:00,372.3,112.0,72.0,4.0,1.0,40.0,75.0,7.0
4124,2019-06-21 20:00:00,377.09,109.0,72.0,4.0,1.0,30.0,78.0,7.0
4125,2019-06-21 21:00:00,360.58,111.0,72.0,4.0,1.0,46.0,78.0,7.0
4126,2019-06-21 22:00:00,343.37,97.0,72.0,4.0,1.0,45.0,78.0,7.0
4127,2019-06-21 23:00:00,337.82,97.0,72.0,4.0,1.0,53.0,75.0,7.0
4128,2019-06-22 00:00:00,334.86,98.0,72.0,3.0,1.0,58.0,75.0,7.0
4129,2019-06-22 01:00:00,342.25,97.0,72.0,3.0,1.0,52.0,73.0,7.0
4130,2019-06-22 02:00:00,344.74,98.0,72.0,3.0,1.0,50.0,74.0,7.0
4131,2019-06-22 03:00:00,342.97,100.0,72.0,3.0,1.0,53.0,75.0,7.0
4132,2019-06-22 04:00:00,320.2,97.0,72.0,3.0,1.0,68.0,78.0,7.0
4133,2019-06-22 05:00:00,292.71,101.0,72.0,3.0,1.0,105.0,78.0,7.0
4134,2019-06-22 06:00:00,300.77,95.0,72.0,3.0,1.0,85.0,79.0,7.0
4135,2019-06-22 07:00:00,318.02,140.0,72.0,3.0,1.0,129.0,79.0,7.0
4136,2019-06-22 08:00:00,287.8,124.0,72.0,3.0,1.0,149.0,78.0,7.0
4137,2019-06-22 09:00:00,271.78,117.0,72.0,3.0,1.0,163.0,77.0,7.0
4138,2019-06-22 10:00:00,239.7,100.0,72.0,3.0,1.0,186.0,76.0,7.0
4139,2019-06-22 11:00:00,233.79,99.0,72.0,4.0,1.0,197.0,73.0,7.0
4140,2019-06-22 12:00:00,233.79,99.0,72.0,4.0,1.0,196.0,74.0,7.0
4141,2019-06-22 13:00:00,238.29,102.0,72.0,4.0,1.0,192.0,76.0,7.0
4142,2019-06-22 14:00:00,245.88,102.0,72.0,4.0,1.0,178.0,76.0,7.0
4143,2019-06-22 15:00:00,257.74,97.0,72.0,4.0,1.0,147.0,77.0,7.0
4144,2019-06-22 16:00:00,280.7,100.0,72.0,4.0,1.0,118.0,78.0,7.0
4145,2019-06-22 17:00:00,338.5,124.0,72.0,4.0,1.0,85.0,76.0,7.0
4146,2019-06-22 18:00:00,339.1,106.0,72.0,4.0,1.0,63.0,75.0,7.0
4147,2019-06-22 19:00:00,339.18,98.0,72.0,4.0,1.0,51.0,77.0,7.0
4148,2019-06-22 20:00:00,320.33,92.0,72.0,4.0,1.0,58.0,80.0,7.0
4149,2019-06-22 21:00:00,310.25,96.0,72.0,4.0,1.0,75.0,79.0,7.0
4150,2019-06-22 22:00:00,312.25,94.0,72.0,4.0,1.0,69.0,80.0,7.0
4151,2019-06-22 23:00:00,318.69,93.0,72.0,4.0,1.0,63.0,78.0,7.0
4152,2019-06-23 00:00:00,318.85,96.0,72.0,4.0,1.0,68.0,77.0,7.0
4153,2019-06-23 01:00:00,330.95,99.0,72.0,4.0,1.0,64.0,73.0,7.0
4154,2019-06-23 02:00:00,348.37,99.0,72.0,4.0,1.0,46.0,75.0,7.0
4155,2019-06-23 03:00:00,367.64,98.0,72.0,4.0,1.0,28.0,76.0,7.0
4156,2019-06-23 04:00:00,383.69,100.0,72.0,4.0,1.0,17.0,77.0,7.0
4157,2019-06-23 05:00:00,398.26,109.0,72.0,4.0,1.0,15.0,77.0,7.0
4158,2019-06-23 06:00:00,480.82,195.0,72.0,4.0,1.0,14.0,79.0,7.0
4159,2019-06-23 07:00:00,469.71,184.0,72.0,4.0,1.0,16.0,79.0,7.0
4160,2019-06-23 08:00:00,466.66,185.0,72.0,4.0,1.0,19.0,79.0,7.0
4161,2019-06-23 09:00:00,467.32,197.0,72.0,4.0,1.0,25.0,80.0,7.0
4162,2019-06-23 10:00:00,466.9,206.0,72.0,4.0,1.0,31.0,80.0,7.0
4163,2019-06-23 11:00:00,478.97,213.0,72.0,4.0,1.0,29.0,76.0,7.0
4164,2019-06-23 12:00:00,457.51,186.0,72.0,4.0,1.0,29.0,77.0,7.0
4165,2019-06-23 13:00:00,437.42,168.0,72.0,4.0,1.0,32.0,78.0,7.0
4166,2019-06-23 14:00:00,456.3,183.0,72.0,4.0,1.0,26.0,79.0,7.0
4167,2019-06-23 15:00:00,431.16,148.0,72.0,4.0,1.0,22.0,78.0,7.0
4168,2019-06-23 16:00:00,384.86,106.0,72.0,4.0,1.0,20.0,79.0,7.0
4169,2019-06-23 17:00:00,391.4,109.0,72.0,4.0,1.0,20.0,77.0,7.0
4170,2019-06-23 18:00:00,428.82,134.0,72.0,4.0,1.0,15.0,76.0,7.0
4171,2019-06-23 19:00:00,448.24,159.0,72.0,4.0,1.0,17.0,78.0,7.0
4172,2019-06-23 20:00:00,456.72,182.0,72.0,4.0,1.0,24.0,80.0,7.0
4173,2019-06-23 21:00:00,408.61,136.0,72.0,4.0,1.0,27.0,81.0,7.0
4174,2019-06-23 22:00:00,375.9,111.0,72.0,4.0,1.0,31.0,80.0,7.0
4175,2019-06-23 23:00:00,366.73,102.0,72.0,3.0,1.0,31.0,79.0,7.0
4176,2019-06-24 00:00:00,366.82,103.0,72.0,3.0,1.0,33.0,78.0,7.0
4177,2019-06-24 01:00:00,375.73,105.0,72.0,3.0,1.0,32.0,74.0,7.0
4178,2019-06-24 02:00:00,380.91,105.0,72.0,3.0,1.0,26.0,76.0,7.0
4179,2019-06-24 03:00:00,394.11,109.0,72.0,3.0,1.0,19.0,77.0,7.0
4180,2019-06-24 04:00:00,400.09,106.0,72.0,3.0,1.0,11.0,78.0,7.0
4181,2019-06-24 05:00:00,406.83,109.0,72.0,3.0,1.0,9.0,78.0,7.0
4182,2019-06-24 06:00:00,427.28,130.0,72.0,3.0,1.0,11.0,79.0,7.0
4183,2019-06-24 07:00:00,488.98,208.0,72.0,3.0,1.0,16.0,79.0,7.0
4184,2019-06-24 08:00:00,499.44,235.0,72.0,3.0,1.0,22.0,79.0,7.0
4185,2019-06-24 09:00:00,479.38,217.0,72.0,4.0,1.0,28.0,79.0,7.0
4186,2019-06-24 10:00:00,451.2,190.0,72.0,4.0,1.0,37.0,77.0,7.0
4187,2019-06-24 11:00:00,463.38,220.0,72.0,4.0,1.0,48.0,75.0,7.0
4188,2019-06-24 12:00:00,466.6,239.0,72.0,4.0,1.0,56.0,76.0,7.0
4189,2019-06-24 13:00:00,461.18,240.0,72.0,4.0,1.0,60.0,78.0,7.0
4190,2019-06-24 14:00:00,456.57,239.0,72.0,4.0,1.0,64.0,78.0,7.0
4191,2019-06-24 15:00:00,459.53,239.0,72.0,4.0,1.0,61.0,78.0,7.0
4192,2019-06-24 16:00:00,469.7,239.0,72.0,4.0,1.0,51.0,78.0,7.0
4193,2019-06-24 17:00:00,475.38,238.0,72.0,4.0,1.0,47.0,76.0,7.0
4194,2019-06-24 18:00:00,485.82,239.0,72.0,4.0,1.0,39.0,75.0,7.0
4195,2019-06-24 19:00:00,431.4,185.0,72.0,4.0,1.0,52.0,76.0,7.0
4196,2019-06-24 20:00:00,402.34,164.0,72.0,4.0,1.0,61.0,77.0,7.0
4197,2019-06-24 21:00:00,359.72,122.0,72.0,4.0,1.0,59.0,78.0,7.0
4198,2019-06-24 22:00:00,365.25,112.0,72.0,4.0,1.0,44.0,77.0,7.0
4199,2019-06-24 23:00:00,382.14,111.0,72.0,4.0,1.0,31.0,75.0,7.0
4200,2019-06-25 00:00:00,387.34,110.0,72.0,4.0,1.0,26.0,75.0,7.0
4201,2019-06-25 01:00:00,400.78,111.0,72.0,4.0,1.0,18.0,74.0,7.0
4202,2019-06-25 02:00:00,404.84,112.0,72.0,4.0,1.0,14.0,76.0,7.0
4203,2019-06-25 03:00:00,419.32,118.0,72.0,4.0,1.0,9.0,76.0,7.0
4204,2019-06-25 04:00:00,472.97,170.0,72.0,4.0,1.0,6.0,78.0,7.0
4205,2019-06-25 05:00:00,512.42,225.0,74.0,4.0,1.0,7.0,77.0,7.0
4206,2019-06-25 06:00:00,518.36,239.0,74.0,4.0,1.0,9.0,77.0,7.0
4207,2019-06-25 07:00:00,518.11,245.0,74.0,4.0,1.0,12.0,77.0,7.0
4208,2019-06-25 08:00:00,517.02,241.0,74.0,4.0,1.0,12.0,76.0,7.0
4209,2019-06-25 09:00:00,520.11,242.0,74.0,4.0,1.0,10.0,76.0,7.0
4210,2019-06-25 10:00:00,515.78,241.0,74.0,4.0,1.0,12.0,77.0,7.0
4211,2019-06-25 11:00:00,516.44,240.0,74.0,4.0,1.0,12.0,76.0,7.0
4212,2019-06-25 12:00:00,515.13,242.0,74.0,4.0,1.0,13.0,77.0,7.0
4213,2019-06-25 13:00:00,518.77,244.0,74.0,4.0,1.0,10.0,78.0,7.0
4214,2019-06-25 14:00:00,523.21,243.0,74.0,4.0,1.0,7.0,77.0,7.0
4215,2019-06-25 15:00:00,525.05,244.0,74.0,4.0,1.0,6.0,77.0,7.0
4216,2019-06-25 16:00:00,528.37,244.0,72.0,4.0,1.0,5.0,76.0,7.0
4217,2019-06-25 17:00:00,526.96,237.0,72.0,4.0,1.0,5.0,74.0,7.0
4218,2019-06-25 18:00:00,514.11,214.0,72.0,3.0,1.0,5.0,74.0,7.0
4219,2019-06-25 19:00:00,524.34,237.0,72.0,3.0,1.0,5.0,77.0,7.0
4220,2019-06-25 20:00:00,523.5,240.0,72.0,3.0,1.0,6.0,78.0,7.0
4221,2019-06-25 21:00:00,516.63,237.0,72.0,3.0,1.0,10.0,78.0,7.0
4222,2019-06-25 22:00:00,483.97,201.0,72.0,3.0,1.0,18.0,77.0,7.0
4223,2019-06-25 23:00:00,463.62,200.0,72.0,3.0,1.0,35.0,76.0,7.0
4224,2019-06-26 00:00:00,477.61,206.0,72.0,3.0,1.0,28.0,75.0,7.0
4225,2019-06-26 01:00:00,484.11,224.0,72.0,3.0,1.0,36.0,72.0,7.0
4226,2019-06-26 02:00:00,512.52,253.0,72.0,3.0,1.0,25.0,74.0,7.0
4227,2019-06-26 03:00:00,511.22,261.0,72.0,3.0,1.0,28.0,76.0,7.0
4228,2019-06-26 04:00:00,530.05,300.0,72.0,4.0,1.0,28.0,76.0,7.0
4229,2019-06-26 05:00:00,555.12,329.0,74.0,4.0,1.0,15.0,77.0,7.0
4230,2019-06-26 06:00:00,567.77,386.0,74.0,4.0,1.0,24.0,76.0,7.0
4231,2019-06-26 07:00:00,557.68,374.0,74.0,4.0,1.0,31.0,75.0,7.0
4232,2019-06-26 08:00:00,570.43,388.0,74.0,4.0,1.0,26.0,72.0,7.0
4233,2019-06-26 09:00:00,589.33,403.0,74.0,4.0,1.0,16.0,68.0,7.0
4234,2019-06-26 10:00:00,588.05,409.0,74.0,4.0,1.0,14.0,73.0,7.0
4235,2019-06-26 11:00:00,582.7,398.0,74.0,4.0,1.0,16.0,73.0,7.0
4236,2019-06-26 12:00:00,579.03,396.0,74.0,4.0,1.0,16.0,76.0,7.0
4237,2019-06-26 13:00:00,572.4,394.0,74.0,4.0,1.0,21.0,77.0,7.0
4238,2019-06-26 14:00:00,578.6,401.0,74.0,4.0,1.0,16.0,78.0,7.0
4239,2019-06-26 15:00:00,589.51,414.0,74.0,4.0,1.0,10.0,77.0,7.0
4240,2019-06-26 16:00:00,590.38,397.0,72.0,4.0,1.0,6.0,76.0,7.0
4241,2019-06-26 17:00:00,570.15,337.0,72.0,4.0,1.0,6.0,76.0,7.0
4242,2019-06-26 18:00:00,549.9,299.0,72.0,4.0,1.0,10.0,76.0,7.0
4243,2019-06-26 19:00:00,515.22,237.0,72.0,4.0,1.0,11.0,77.0,6.0
4244,2019-06-26 20:00:00,502.05,222.0,72.0,4.0,1.0,13.0,78.0,6.0
4245,2019-06-26 21:00:00,417.74,124.0,72.0,4.0,1.0,13.0,78.0,7.0
4246,2019-06-26 22:00:00,398.66,106.0,72.0,4.0,1.0,10.0,79.0,7.0
4247,2019-06-26 23:00:00,415.98,114.0,72.0,4.0,1.0,8.0,76.0,7.0
4248,2019-06-27 00:00:00,416.23,113.0,72.0,4.0,1.0,7.0,76.0,7.0
4249,2019-06-27 01:00:00,415.92,120.0,72.0,4.0,1.0,14.0,75.0,7.0
4250,2019-06-27 02:00:00,401.35,126.0,72.0,4.0,1.0,29.0,76.0,7.0
4251,2019-06-27 03:00:00,392.78,124.0,72.0,4.0,1.0,34.0,76.0,7.0
4252,2019-06-27 04:00:00,423.85,166.0,72.0,4.0,1.0,43.0,77.0,7.0
4253,2019-06-27 05:00:00,432.77,206.0,74.0,4.0,1.0,65.0,77.0,6.0
4254,2019-06-27 06:00:00,442.46,222.0,74.0,4.0,1.0,68.0,76.0,6.0
4255,2019-06-27 07:00:00,432.12,217.0,74.0,4.0,1.0,73.0,78.0,6.0
4256,2019-06-27 08:00:00,422.94,226.0,74.0,4.0,1.0,91.0,77.0,6.0
4257,2019-06-27 09:00:00,390.27,209.0,74.0,4.0,1.0,115.0,77.0,6.0
4258,2019-06-27 10:00:00,385.72,200.0,74.0,4.0,1.0,112.0,77.0,6.0
4259,2019-06-27 11:00:00,399.12,207.0,66.0,4.0,1.0,105.0,75.0,6.0
4260,2019-06-27 12:00:00,366.72,195.0,53.0,4.0,1.0,131.0,77.0,6.0
4261,2019-06-27 13:00:00,291.65,148.0,54.0,4.0,1.0,174.0,79.0,6.0
4262,2019-06-27 14:00:00,269.26,122.0,53.0,4.0,1.0,166.0,78.0,6.0
4263,2019-06-27 15:00:00,322.62,179.0,52.0,3.0,1.0,173.0,78.0,6.0
4264,2019-06-27 16:00:00,300.28,166.0,49.0,3.0,1.0,190.0,77.0,6.0
4265,2019-06-27 17:00:00,265.42,134.0,49.0,3.0,1.0,196.0,76.0,6.0
4266,2019-06-27 18:00:00,240.24,105.0,49.0,3.0,1.0,182.0,76.0,6.0
4267,2019-06-27 19:00:00,239.88,98.0,50.0,3.0,1.0,168.0,76.0,6.0
4268,2019-06-27 20:00:00,230.42,95.0,49.0,3.0,1.0,175.0,78.0,6.0
4269,2019-06-27 21:00:00,231.93,101.0,49.0,3.0,1.0,185.0,79.0,6.0
4270,2019-06-27 22:00:00,247.52,111.0,51.0,3.0,1.0,180.0,79.0,6.0
4271,2019-06-27 23:00:00,251.66,113.0,49.0,3.0,1.0,179.0,76.0,6.0
4272,2019-06-28 00:00:00,227.28,99.0,49.0,3.0,1.0,191.0,77.0,6.0
4273,2019-06-28 01:00:00,237.9,102.0,48.0,3.0,1.0,181.0,74.0,6.0
4274,2019-06-28 02:00:00,254.38,104.0,50.0,4.0,1.0,157.0,75.0,6.0
4275,2019-06-28 03:00:00,278.63,113.0,50.0,4.0,1.0,137.0,76.0,6.0
4276,2019-06-28 04:00:00,367.42,179.0,50.0,4.0,1.0,112.0,78.0,6.0
4277,2019-06-28 05:00:00,434.83,242.0,53.0,4.0,1.0,92.0,78.0,6.0
4278,2019-06-28 06:00:00,440.4,245.0,54.0,4.0,1.0,88.0,78.0,6.0
4279,2019-06-28 07:00:00,418.59,227.0,55.0,4.0,1.0,97.0,79.0,6.0
4280,2019-06-28 08:00:00,391.88,210.0,55.0,4.0,1.0,113.0,79.0,6.0
4281,2019-06-28 09:00:00,370.61,193.0,53.0,4.0,1.0,122.0,79.0,6.0
4282,2019-06-28 10:00:00,368.17,208.0,53.0,4.0,1.0,143.0,77.0,6.0
4283,2019-06-28 11:00:00,355.87,200.0,55.0,4.0,1.0,152.0,76.0,6.0
4284,2019-06-28 12:00:00,346.9,197.0,52.0,4.0,1.0,159.0,78.0,6.0
4285,2019-06-28 13:00:00,352.64,205.0,49.0,4.0,1.0,160.0,78.0,6.0
4286,2019-06-28 14:00:00,349.37,207.0,48.0,4.0,1.0,166.0,79.0,6.0
4287,2019-06-28 15:00:00,356.3,221.0,50.0,4.0,1.0,173.0,78.0,6.0
4288,2019-06-28 16:00:00,362.14,217.0,49.0,4.0,1.0,160.0,78.0,6.0
4289,2019-06-28 17:00:00,365.9,195.0,48.0,4.0,1.0,132.0,77.0,6.0
4290,2019-06-28 18:00:00,314.84,128.0,46.0,4.0,1.0,113.0,76.0,6.0
4291,2019-06-28 19:00:00,291.11,108.0,45.0,4.0,1.0,111.0,76.0,6.0
4292,2019-06-28 20:00:00,279.21,103.0,47.0,4.0,1.0,116.0,78.0,6.0
4293,2019-06-28 21:00:00,260.23,91.0,45.0,4.0,1.0,117.0,79.0,6.0
4294,2019-06-28 22:00:00,285.39,98.0,47.0,4.0,1.0,100.0,78.0,6.0
4295,2019-06-28 23:00:00,314.39,116.0,43.0,4.0,1.0,96.0,76.0,6.0
4296,2019-06-29 00:00:00,344.07,142.0,44.0,4.0,1.0,97.0,77.0,6.0
4297,2019-06-29 01:00:00,354.24,139.0,46.0,4.0,1.0,85.0,75.0,6.0
4298,2019-06-29 02:00:00,355.65,128.0,44.0,4.0,1.0,70.0,76.0,6.0
4299,2019-06-29 03:00:00,283.33,71.0,47.0,4.0,1.0,58.0,77.0,6.0
4300,2019-06-29 04:00:00,261.97,52.0,46.0,4.0,1.0,41.0,79.0,6.0
4301,2019-06-29 05:00:00,282.17,57.0,49.0,4.0,1.0,34.0,79.0,6.0
4302,2019-06-29 06:00:00,278.93,57.0,50.0,4.0,1.0,38.0,78.0,6.0
4303,2019-06-29 07:00:00,272.13,58.0,51.0,4.0,1.0,46.0,78.0,6.0
4304,2019-06-29 08:00:00,271.68,60.0,51.0,4.0,1.0,52.0,76.0,6.0
4305,2019-06-29 09:00:00,277.63,65.0,50.0,4.0,1.0,54.0,77.0,6.0
4306,2019-06-29 10:00:00,254.5,58.0,49.0,4.0,1.0,64.0,76.0,6.0
4307,2019-06-29 11:00:00,256.69,61.0,52.0,4.0,1.0,70.0,75.0,6.0
4308,2019-06-29 12:00:00,258.69,62.0,50.0,4.0,1.0,68.0,76.0,6.0
4309,2019-06-29 13:00:00,267.24,61.0,51.0,3.0,1.0,58.0,77.0,6.0
4310,2019-06-29 14:00:00,265.04,62.0,51.0,3.0,1.0,63.0,76.0,6.0
4311,2019-06-29 15:00:00,269.81,64.0,51.0,3.0,1.0,61.0,77.0,6.0
4312,2019-06-29 16:00:00,261.59,58.0,49.0,3.0,1.0,57.0,77.0,6.0
4313,2019-06-29 17:00:00,242.01,57.0,43.0,3.0,1.0,73.0,76.0,6.0
4314,2019-06-29 18:00:00,253.06,56.0,48.0,3.0,1.0,62.0,76.0,6.0
4315,2019-06-29 19:00:00,249.08,55.0,46.0,3.0,1.0,64.0,75.0,6.0
4316,2019-06-29 20:00:00,236.07,56.0,46.0,3.0,1.0,79.0,76.0,6.0
4317,2019-06-29 21:00:00,230.12,51.0,47.0,3.0,1.0,74.0,77.0,6.0
4318,2019-06-29 22:00:00,131.44,8.0,46.0,3.0,1.0,72.0,66.0,6.0
4319,2019-06-29 23:00:00,139.9,5.0,53.0,3.0,1.0,63.0,61.0,6.0
4320,2019-06-30 00:00:00,151.8,5.0,60.0,4.0,1.0,57.0,61.0,6.0
4321,2019-06-30 01:00:00,158.33,5.0,60.0,4.0,1.0,51.0,59.0,6.0
4322,2019-06-30 02:00:00,171.53,5.0,62.0,4.0,1.0,37.0,61.0,6.0
4323,2019-06-30 03:00:00,189.7,5.0,65.0,4.0,1.0,23.0,61.0,6.0
4324,2019-06-30 04:00:00,194.14,5.0,67.0,4.0,1.0,23.0,61.0,7.0
4325,2019-06-30 05:00:00,200.56,5.0,71.0,4.0,1.0,20.0,62.0,7.0
4326,2019-06-30 06:00:00,198.23,5.0,71.0,4.0,1.0,21.0,63.0,7.0
4327,2019-06-30 07:00:00,216.46,11.0,73.0,4.0,1.0,23.0,63.0,7.0
4328,2019-06-30 08:00:00,281.81,40.0,73.0,4.0,1.0,30.0,63.0,7.0
4329,2019-06-30 09:00:00,315.06,59.0,73.0,4.0,1.0,35.0,61.0,6.0
4330,2019-06-30 10:00:00,316.92,60.0,73.0,4.0,1.0,38.0,58.0,6.0
4331,2019-06-30 11:00:00,318.28,58.0,73.0,4.0,1.0,37.0,56.0,7.0
4332,2019-06-30 12:00:00,313.92,53.0,72.0,4.0,1.0,33.0,56.0,7.0
4333,2019-06-30 13:00:00,326.22,55.0,71.0,4.0,1.0,26.0,57.0,7.0
4334,2019-06-30 14:00:00,320.79,58.0,72.0,4.0,1.0,34.0,57.0,7.0
4335,2019-06-30 15:00:00,320.59,63.0,72.0,4.0,1.0,42.0,56.0,7.0
4336,2019-06-30 16:00:00,293.85,51.0,71.0,4.0,1.0,45.0,56.0,7.0
4337,2019-06-30 17:00:00,292.4,49.0,71.0,4.0,1.0,43.0,55.0,6.0
4338,2019-06-30 18:00:00,274.12,59.0,71.0,4.0,1.0,76.0,55.0,6.0
4339,2019-06-30 19:00:00,247.07,51.0,70.0,4.0,1.0,89.0,56.0,7.0
4340,2019-06-30 20:00:00,222.58,52.0,70.0,4.0,1.0,122.0,56.0,7.0
4341,2019-06-30 21:00:00,210.17,51.0,65.0,4.0,1.0,134.0,56.0,7.0
4342,2019-06-30 22:00:00,212.84,51.0,70.0,4.0,1.0,132.0,56.0,6.0
4343,2019-06-30 23:00:00,302.3,120.0,71.0,4.0,1.0,144.0,54.0,6.0
4344,2019-07-01 00:00:00,330.51,128.0,71.0,4.0,1.0,120.0,55.0,7.0
4345,2019-07-01 01:00:00,368.69,144.0,70.0,4.0,1.0,99.0,53.0,7.0
4346,2019-07-01 02:00:00,327.43,135.0,72.0,4.0,1.0,133.0,55.0,7.0
4347,2019-07-01 03:00:00,298.27,127.0,70.0,4.0,1.0,159.0,55.0,6.0
4348,2019-07-01 04:00:00,296.81,130.0,71.0,4.0,1.0,163.0,58.0,6.0
4349,2019-07-01 05:00:00,305.55,140.0,74.0,4.0,1.0,168.0,57.0,7.0
4350,2019-07-01 06:00:00,305.18,154.0,72.0,4.0,1.0,190.0,56.0,7.0
4351,2019-07-01 07:00:00,292.04,143.0,64.0,4.0,1.0,192.0,56.0,7.0
4352,2019-07-01 08:00:00,283.96,143.0,63.0,4.0,1.0,205.0,56.0,7.0
4353,2019-07-01 09:00:00,280.66,145.0,66.0,4.0,1.0,215.0,56.0,7.0
4354,2019-07-01 10:00:00,279.12,144.0,66.0,4.0,1.0,216.0,56.0,7.0
4355,2019-07-01 11:00:00,299.67,161.0,65.0,4.0,1.0,210.0,54.0,7.0
4356,2019-07-01 12:00:00,299.17,165.0,65.0,4.0,1.0,216.0,55.0,7.0
4357,2019-07-01 13:00:00,296.94,164.0,15.0,4.0,1.0,205.0,56.0,7.0
4358,2019-07-01 14:00:00,296.2,162.0,3.0,4.0,1.0,199.0,57.0,7.0
4359,2019-07-01 15:00:00,274.5,150.0,3.0,4.0,1.0,212.0,57.0,7.0
4360,2019-07-01 16:00:00,267.73,139.0,1.0,4.0,1.0,202.0,57.0,7.0
4361,2019-07-01 17:00:00,284.33,139.0,1.0,4.0,1.0,179.0,56.0,7.0
4362,2019-07-01 18:00:00,311.77,136.0,3.0,4.0,1.0,141.0,56.0,7.0
4363,2019-07-01 19:00:00,341.99,138.0,19.0,4.0,1.0,113.0,57.0,7.0
4364,2019-07-01 20:00:00,365.55,148.0,24.0,4.0,1.0,101.0,58.0,7.0
4365,2019-07-01 21:00:00,341.23,142.0,23.0,3.0,1.0,118.0,59.0,7.0
4366,2019-07-01 22:00:00,352.0,152.0,27.0,3.0,1.0,120.0,58.0,7.0
4367,2019-07-01 23:00:00,333.55,132.0,29.0,3.0,1.0,117.0,56.0,7.0
4368,2019-07-02 00:00:00,333.38,131.0,39.0,3.0,1.0,116.0,57.0,7.0
4369,2019-07-02 01:00:00,404.03,157.0,39.0,3.0,1.0,80.0,54.0,7.0
4370,2019-07-02 02:00:00,466.21,226.0,39.0,3.0,1.0,76.0,56.0,7.0
4371,2019-07-02 03:00:00,501.88,267.0,35.0,3.0,1.0,69.0,56.0,6.0
4372,2019-07-02 04:00:00,537.04,334.0,26.0,3.0,1.0,70.0,57.0,6.0
4373,2019-07-02 05:00:00,561.54,401.0,29.0,3.0,1.0,70.0,58.0,7.0
4374,2019-07-02 06:00:00,570.56,432.0,27.0,4.0,1.0,71.0,58.0,7.0
4375,2019-07-02 07:00:00,558.59,391.0,36.0,4.0,1.0,66.0,58.0,6.0
4376,2019-07-02 08:00:00,551.75,391.0,42.0,4.0,1.0,72.0,57.0,6.0
4377,2019-07-02 09:00:00,558.53,425.0,43.0,4.0,1.0,77.0,57.0,7.0
4378,2019-07-02 10:00:00,561.99,430.0,40.0,4.0,1.0,76.0,57.0,7.0
4379,2019-07-02 11:00:00,562.45,430.0,59.0,4.0,1.0,71.0,55.0,7.0
4380,2019-07-02 12:00:00,549.91,403.0,62.0,4.0,1.0,73.0,56.0,7.0
4381,2019-07-02 13:00:00,558.72,424.0,65.0,4.0,1.0,69.0,57.0,7.0
4382,2019-07-02 14:00:00,553.47,392.0,65.0,4.0,1.0,63.0,57.0,7.0
4383,2019-07-02 15:00:00,544.39,400.0,65.0,4.0,1.0,75.0,58.0,7.0
4384,2019-07-02 16:00:00,550.54,361.0,63.0,4.0,1.0,54.0,58.0,7.0
4385,2019-07-02 17:00:00,561.37,356.0,62.0,4.0,1.0,43.0,57.0,7.0
4386,2019-07-02 18:00:00,510.37,286.0,61.0,4.0,1.0,62.0,57.0,7.0
4387,2019-07-02 19:00:00,470.15,268.0,60.0,4.0,1.0,92.0,57.0,7.0
4388,2019-07-02 20:00:00,467.48,268.0,59.0,4.0,1.0,93.0,59.0,7.0
4389,2019-07-02 21:00:00,451.09,258.0,59.0,4.0,1.0,104.0,59.0,7.0
4390,2019-07-02 22:00:00,456.59,272.0,61.0,4.0,1.0,107.0,59.0,7.0
4391,2019-07-02 23:00:00,463.59,270.0,61.0,4.0,1.0,100.0,57.0,7.0
4392,2019-07-03 00:00:00,455.86,272.0,60.0,4.0,1.0,110.0,57.0,7.0
4393,2019-07-03 01:00:00,432.98,272.0,60.0,4.0,1.0,139.0,55.0,7.0
4394,2019-07-03 02:00:00,421.95,278.0,59.0,4.0,1.0,156.0,57.0,7.0
4395,2019-07-03 03:00:00,425.62,270.0,58.0,4.0,1.0,145.0,57.0,7.0
4396,2019-07-03 04:00:00,427.09,244.0,57.0,4.0,1.0,123.0,57.0,7.0
4397,2019-07-03 05:00:00,356.97,152.0,58.0,4.0,1.0,116.0,57.0,7.0
4398,2019-07-03 06:00:00,333.47,149.0,58.0,4.0,1.0,140.0,57.0,7.0
4399,2019-07-03 07:00:00,330.96,158.0,34.0,4.0,1.0,150.0,59.0,7.0
4400,2019-07-03 08:00:00,332.56,182.0,53.0,4.0,1.0,182.0,58.0,7.0
4401,2019-07-03 09:00:00,344.68,200.0,59.0,4.0,1.0,187.0,58.0,7.0
4402,2019-07-03 10:00:00,351.23,215.0,62.0,4.0,1.0,195.0,58.0,7.0
4403,2019-07-03 11:00:00,368.39,235.0,61.0,4.0,1.0,193.0,56.0,7.0
4404,2019-07-03 12:00:00,364.19,207.0,61.0,4.0,1.0,168.0,57.0,7.0
4405,2019-07-03 13:00:00,375.1,235.0,64.0,4.0,1.0,181.0,58.0,7.0
4406,2019-07-03 14:00:00,369.94,241.0,65.0,4.0,1.0,195.0,58.0,7.0
4407,2019-07-03 15:00:00,345.37,208.0,65.0,4.0,1.0,196.0,58.0,7.0
4408,2019-07-03 16:00:00,351.11,196.0,61.0,4.0,1.0,174.0,57.0,7.0
4409,2019-07-03 17:00:00,380.77,208.0,61.0,4.0,1.0,147.0,57.0,7.0
4410,2019-07-03 18:00:00,423.69,231.0,62.0,4.0,1.0,116.0,57.0,7.0
4411,2019-07-03 19:00:00,429.12,207.0,58.0,4.0,1.0,92.0,57.0,7.0
4412,2019-07-03 20:00:00,384.3,148.0,58.0,4.0,1.0,82.0,59.0,7.0
4413,2019-07-03 21:00:00,394.38,144.0,60.0,3.0,1.0,70.0,59.0,7.0
4414,2019-07-03 22:00:00,397.36,148.0,61.0,3.0,1.0,71.0,59.0,7.0
4415,2019-07-03 23:00:00,372.07,130.0,65.0,3.0,1.0,78.0,57.0,7.0
4416,2019-07-04 00:00:00,367.54,127.0,66.0,3.0,1.0,78.0,58.0,7.0
4417,2019-07-04 01:00:00,384.41,129.0,67.0,3.0,1.0,68.0,55.0,7.0
4418,2019-07-04 02:00:00,418.43,136.0,66.0,3.0,1.0,45.0,57.0,7.0
4419,2019-07-04 03:00:00,430.22,129.0,66.0,3.0,1.0,31.0,57.0,7.0
4420,2019-07-04 04:00:00,444.0,128.0,67.0,3.0,1.0,21.0,57.0,7.0
4421,2019-07-04 05:00:00,464.55,144.0,70.0,3.0,1.0,18.0,57.0,7.0
4422,2019-07-04 06:00:00,464.04,151.0,69.0,3.0,1.0,22.0,58.0,7.0
4423,2019-07-04 07:00:00,430.81,131.0,74.0,4.0,1.0,28.0,59.0,7.0
4424,2019-07-04 08:00:00,413.49,130.0,73.0,4.0,1.0,41.0,58.0,7.0
4425,2019-07-04 09:00:00,394.47,131.0,74.0,4.0,1.0,57.0,58.0,7.0
4426,2019-07-04 10:00:00,352.26,126.0,74.0,4.0,1.0,91.0,58.0,7.0
4427,2019-07-04 11:00:00,362.29,126.0,74.0,4.0,1.0,83.0,56.0,7.0
4428,2019-07-04 12:00:00,392.55,126.0,73.0,4.0,1.0,55.0,57.0,7.0
4429,2019-07-04 13:00:00,390.14,127.0,72.0,4.0,1.0,57.0,58.0,7.0
4430,2019-07-04 14:00:00,378.49,128.0,74.0,4.0,1.0,68.0,58.0,7.0
4431,2019-07-04 15:00:00,385.28,128.0,74.0,4.0,1.0,62.0,58.0,7.0
4432,2019-07-04 16:00:00,392.61,128.0,70.0,4.0,1.0,55.0,59.0,7.0
4433,2019-07-04 17:00:00,397.3,130.0,70.0,4.0,1.0,54.0,58.0,7.0
4434,2019-07-04 18:00:00,356.24,128.0,68.0,4.0,1.0,90.0,57.0,7.0
4435,2019-07-04 19:00:00,354.29,128.0,69.0,4.0,1.0,92.0,57.0,7.0
4436,2019-07-04 20:00:00,319.77,132.0,68.0,4.0,1.0,134.0,59.0,7.0
4437,2019-07-04 21:00:00,305.64,133.0,67.0,4.0,1.0,154.0,59.0,7.0
4438,2019-07-04 22:00:00,297.92,133.0,67.0,4.0,1.0,165.0,59.0,7.0
4439,2019-07-04 23:00:00,320.14,131.0,67.0,4.0,1.0,134.0,57.0,7.0
4440,2019-07-05 00:00:00,367.75,130.0,65.0,4.0,1.0,81.0,57.0,7.0
4441,2019-07-05 01:00:00,364.61,131.0,61.0,4.0,1.0,87.0,55.0,7.0
4442,2019-07-05 02:00:00,354.55,132.0,62.0,4.0,1.0,96.0,57.0,7.0
4443,2019-07-05 03:00:00,368.34,139.0,60.0,4.0,1.0,90.0,57.0,7.0
4444,2019-07-05 04:00:00,371.15,154.0,62.0,4.0,1.0,103.0,57.0,7.0
4445,2019-07-05 05:00:00,369.67,162.0,68.0,4.0,1.0,113.0,57.0,7.0
4446,2019-07-05 06:00:00,368.84,163.0,71.0,4.0,1.0,115.0,57.0,7.0
4447,2019-07-05 07:00:00,357.39,152.0,71.0,4.0,1.0,114.0,59.0,7.0
4448,2019-07-05 08:00:00,326.49,131.0,73.0,4.0,1.0,125.0,59.0,7.0
4449,2019-07-05 09:00:00,326.05,132.0,74.0,4.0,1.0,128.0,58.0,7.0
4450,2019-07-05 10:00:00,355.75,130.0,74.0,4.0,1.0,91.0,59.0,7.0
4451,2019-07-05 11:00:00,380.72,128.0,74.0,4.0,1.0,67.0,57.0,7.0
4452,2019-07-05 12:00:00,368.92,131.0,75.0,4.0,1.0,80.0,58.0,7.0
4453,2019-07-05 13:00:00,361.74,131.0,72.0,4.0,1.0,86.0,59.0,7.0
4454,2019-07-05 14:00:00,374.19,131.0,74.0,3.0,1.0,75.0,59.0,7.0
4455,2019-07-05 15:00:00,364.81,131.0,74.0,3.0,1.0,84.0,59.0,7.0
4456,2019-07-05 16:00:00,386.41,164.0,70.0,3.0,1.0,96.0,59.0,7.0
4457,2019-07-05 17:00:00,354.36,142.0,70.0,3.0,1.0,108.0,58.0,7.0
4458,2019-07-05 18:00:00,350.25,139.0,69.0,3.0,1.0,109.0,58.0,7.0
4459,2019-07-05 19:00:00,269.04,62.0,69.0,3.0,1.0,85.0,58.0,7.0
4460,2019-07-05 20:00:00,263.3,55.0,69.0,3.0,1.0,76.0,60.0,7.0
4461,2019-07-05 21:00:00,265.51,56.0,70.0,3.0,1.0,75.0,61.0,7.0
4462,2019-07-05 22:00:00,268.6,53.0,69.0,3.0,1.0,66.0,61.0,7.0
4463,2019-07-05 23:00:00,264.19,59.0,70.0,4.0,1.0,84.0,58.0,7.0
4464,2019-07-06 00:00:00,236.93,59.0,69.0,4.0,1.0,116.0,58.0,7.0
4465,2019-07-06 01:00:00,237.56,61.0,68.0,4.0,1.0,122.0,55.0,7.0
4466,2019-07-06 02:00:00,231.04,59.0,69.0,4.0,1.0,125.0,57.0,7.0
4467,2019-07-06 03:00:00,241.29,60.0,70.0,4.0,1.0,114.0,57.0,7.0
4468,2019-07-06 04:00:00,251.72,61.0,72.0,4.0,1.0,103.0,58.0,7.0
4469,2019-07-06 05:00:00,274.59,66.0,71.0,4.0,1.0,86.0,58.0,7.0
4470,2019-07-06 06:00:00,286.0,64.0,71.0,4.0,1.0,71.0,58.0,7.0
4471,2019-07-06 07:00:00,299.79,63.0,72.0,4.0,1.0,56.0,59.0,7.0
4472,2019-07-06 08:00:00,301.23,62.0,71.0,4.0,1.0,54.0,58.0,7.0
4473,2019-07-06 09:00:00,298.65,63.0,72.0,4.0,1.0,57.0,59.0,7.0
4474,2019-07-06 10:00:00,297.79,58.0,72.0,4.0,1.0,51.0,58.0,7.0
4475,2019-07-06 11:00:00,295.43,58.0,72.0,4.0,1.0,55.0,56.0,7.0
4476,2019-07-06 12:00:00,291.67,58.0,71.0,4.0,1.0,57.0,57.0,7.0
4477,2019-07-06 13:00:00,282.3,53.0,71.0,4.0,1.0,56.0,58.0,7.0
4478,2019-07-06 14:00:00,298.03,62.0,72.0,4.0,1.0,56.0,59.0,7.0
4479,2019-07-06 15:00:00,313.65,62.0,72.0,4.0,1.0,44.0,58.0,7.0
4480,2019-07-06 16:00:00,332.0,61.0,72.0,4.0,1.0,30.0,57.0,7.0
4481,2019-07-06 17:00:00,341.39,59.0,70.0,4.0,1.0,21.0,57.0,7.0
4482,2019-07-06 18:00:00,332.03,58.0,71.0,4.0,1.0,26.0,57.0,7.0
4483,2019-07-06 19:00:00,331.43,57.0,70.0,4.0,1.0,25.0,57.0,7.0
4484,2019-07-06 20:00:00,336.14,57.0,71.0,4.0,1.0,20.0,59.0,7.0
4485,2019-07-06 21:00:00,349.17,59.0,68.0,4.0,1.0,14.0,59.0,7.0
4486,2019-07-06 22:00:00,356.61,58.0,56.0,4.0,1.0,8.0,59.0,7.0
4487,2019-07-06 23:00:00,363.42,57.0,40.0,4.0,1.0,5.0,57.0,7.0
4488,2019-07-07 00:00:00,368.01,59.0,40.0,4.0,1.0,4.0,58.0,7.0
4489,2019-07-07 01:00:00,372.31,59.0,40.0,4.0,1.0,4.0,56.0,7.0
4490,2019-07-07 02:00:00,368.11,60.0,37.0,4.0,1.0,6.0,57.0,7.0
4491,2019-07-07 03:00:00,364.76,64.0,43.0,4.0,1.0,11.0,58.0,7.0
4492,2019-07-07 04:00:00,350.24,61.0,38.0,4.0,1.0,15.0,58.0,7.0
4493,2019-07-07 05:00:00,361.22,66.0,41.0,3.0,1.0,15.0,59.0,7.0
4494,2019-07-07 06:00:00,348.58,61.0,40.0,3.0,1.0,16.0,59.0,7.0
4495,2019-07-07 07:00:00,344.52,60.0,40.0,3.0,1.0,17.0,59.0,7.0
4496,2019-07-07 08:00:00,345.36,58.0,66.0,3.0,1.0,16.0,59.0,7.0
4497,2019-07-07 09:00:00,337.53,57.0,70.0,3.0,1.0,20.0,59.0,7.0
4498,2019-07-07 10:00:00,334.43,61.0,69.0,3.0,1.0,28.0,58.0,7.0
4499,2019-07-07 11:00:00,339.79,60.0,67.0,3.0,1.0,24.0,57.0,7.0
4500,2019-07-07 12:00:00,348.97,60.0,63.0,3.0,1.0,17.0,58.0,7.0
4501,2019-07-07 13:00:00,349.55,62.0,63.0,3.0,1.0,18.0,59.0,7.0
4502,2019-07-07 14:00:00,344.61,61.0,65.0,3.0,1.0,20.0,59.0,7.0
4503,2019-07-07 15:00:00,332.25,57.0,66.0,3.0,1.0,22.0,60.0,7.0
4504,2019-07-07 16:00:00,334.63,59.0,66.0,4.0,1.0,22.0,60.0,7.0
4505,2019-07-07 17:00:00,341.44,61.0,65.0,4.0,1.0,21.0,59.0,7.0
4506,2019-07-07 18:00:00,348.97,61.0,60.0,4.0,1.0,16.0,59.0,7.0
4507,2019-07-07 19:00:00,339.07,69.0,60.0,4.0,1.0,33.0,58.0,7.0
4508,2019-07-07 20:00:00,317.4,58.0,63.0,4.0,1.0,33.0,59.0,7.0
4509,2019-07-07 21:00:00,310.5,58.0,63.0,4.0,1.0,38.0,59.0,7.0
4510,2019-07-07 22:00:00,314.25,55.0,63.0,4.0,1.0,31.0,59.0,7.0
4511,2019-07-07 23:00:00,324.32,57.0,64.0,4.0,1.0,29.0,57.0,7.0
4512,2019-07-08 00:00:00,324.79,55.0,64.0,4.0,1.0,26.0,57.0,7.0
4513,2019-07-08 01:00:00,334.25,56.0,62.0,4.0,1.0,23.0,55.0,7.0
4514,2019-07-08 02:00:00,335.0,54.0,62.0,4.0,1.0,18.0,57.0,7.0
4515,2019-07-08 03:00:00,330.95,49.0,62.0,4.0,1.0,13.0,58.0,7.0
4516,2019-07-08 04:00:00,335.87,48.0,63.0,4.0,1.0,8.0,59.0,7.0
4517,2019-07-08 05:00:00,442.56,113.0,68.0,4.0,1.0,8.0,59.0,7.0
4518,2019-07-08 06:00:00,488.04,161.0,66.0,4.0,1.0,11.0,59.0,7.0
4519,2019-07-08 07:00:00,476.13,154.0,64.0,4.0,1.0,15.0,59.0,7.0
4520,2019-07-08 08:00:00,444.47,135.0,65.0,4.0,1.0,24.0,58.0,7.0
4521,2019-07-08 09:00:00,418.13,133.0,64.0,4.0,1.0,41.0,58.0,7.0
4522,2019-07-08 10:00:00,407.37,134.0,64.0,4.0,1.0,50.0,58.0,7.0
4523,2019-07-08 11:00:00,411.88,138.0,63.0,4.0,1.0,52.0,56.0,7.0
4524,2019-07-08 12:00:00,403.67,134.0,63.0,4.0,1.0,54.0,57.0,7.0
4525,2019-07-08 13:00:00,404.74,136.0,62.0,4.0,1.0,54.0,58.0,7.0
4526,2019-07-08 14:00:00,417.54,141.0,64.0,4.0,1.0,48.0,58.0,7.0
4527,2019-07-08 15:00:00,423.07,135.0,64.0,4.0,1.0,39.0,58.0,7.0
4528,2019-07-08 16:00:00,442.2,135.0,62.0,4.0,1.0,26.0,58.0,7.0
4529,2019-07-08 17:00:00,454.91,135.0,61.0,4.0,1.0,19.0,57.0,7.0
4530,2019-07-08 18:00:00,460.83,136.0,61.0,4.0,1.0,16.0,57.0,7.0
4531,2019-07-08 19:00:00,402.82,134.0,59.0,4.0,1.0,55.0,57.0,7.0
4532,2019-07-08 20:00:00,371.11,132.0,57.0,3.0,1.0,79.0,59.0,7.0
4533,2019-07-08 21:00:00,380.02,132.0,60.0,3.0,1.0,71.0,59.0,7.0
4534,2019-07-08 22:00:00,398.44,140.0,58.0,3.0,1.0,63.0,59.0,7.0
4535,2019-07-08 23:00:00,405.7,142.0,56.0,3.0,1.0,61.0,57.0,7.0
4536,2019-07-09 00:00:00,408.91,138.0,56.0,3.0,1.0,55.0,57.0,7.0
4537,2019-07-09 01:00:00,448.6,164.0,56.0,3.0,1.0,47.0,55.0,7.0
4538,2019-07-09 02:00:00,443.96,168.0,58.0,3.0,1.0,51.0,57.0,7.0
4539,2019-07-09 03:00:00,449.15,169.0,62.0,3.0,1.0,47.0,57.0,7.0
4540,2019-07-09 04:00:00,447.4,168.0,60.0,3.0,1.0,47.0,58.0,7.0
4541,2019-07-09 05:00:00,436.34,169.0,63.0,3.0,1.0,56.0,58.0,7.0
4542,2019-07-09 06:00:00,427.69,170.0,63.0,3.0,1.0,64.0,58.0,7.0
4543,2019-07-09 07:00:00,432.74,173.0,63.0,3.0,1.0,62.0,58.0,7.0
4544,2019-07-09 08:00:00,431.4,173.0,64.0,4.0,1.0,63.0,57.0,7.0
4545,2019-07-09 09:00:00,431.23,173.0,65.0,4.0,1.0,63.0,57.0,7.0
4546,2019-07-09 10:00:00,422.99,174.0,65.0,4.0,1.0,70.0,58.0,7.0
4547,2019-07-09 11:00:00,408.41,172.0,63.0,4.0,1.0,84.0,56.0,7.0
4548,2019-07-09 12:00:00,400.89,173.0,65.0,4.0,1.0,91.0,57.0,7.0
4549,2019-07-09 13:00:00,397.89,173.0,65.0,4.0,1.0,93.0,58.0,7.0
4550,2019-07-09 14:00:00,398.89,173.0,65.0,4.0,1.0,92.0,58.0,7.0
4551,2019-07-09 15:00:00,402.35,169.0,65.0,4.0,1.0,85.0,58.0,7.0
4552,2019-07-09 16:00:00,417.63,169.0,63.0,4.0,1.0,71.0,58.0,7.0
4553,2019-07-09 17:00:00,407.64,170.0,63.0,4.0,1.0,82.0,57.0,7.0
4554,2019-07-09 18:00:00,414.3,169.0,63.0,4.0,1.0,75.0,57.0,7.0
4555,2019-07-09 19:00:00,405.56,146.0,63.0,4.0,1.0,63.0,57.0,7.0
4556,2019-07-09 20:00:00,400.78,137.0,63.0,4.0,1.0,57.0,59.0,7.0
4557,2019-07-09 21:00:00,395.5,129.0,63.0,4.0,1.0,54.0,59.0,7.0
4558,2019-07-09 22:00:00,390.92,124.0,63.0,4.0,1.0,53.0,59.0,7.0
4559,2019-07-09 23:00:00,394.82,123.0,63.0,4.0,1.0,51.0,57.0,7.0
4560,2019-07-10 00:00:00,393.8,120.0,63.0,4.0,1.0,49.0,57.0,7.0
4561,2019-07-10 01:00:00,402.42,125.0,63.0,4.0,1.0,50.0,54.0,7.0
4562,2019-07-10 02:00:00,386.19,118.0,63.0,4.0,1.0,54.0,56.0,7.0
4563,2019-07-10 03:00:00,413.17,138.0,63.0,4.0,1.0,50.0,57.0,7.0
4564,2019-07-10 04:00:00,456.02,167.0,63.0,4.0,1.0,40.0,56.0,6.0
4565,2019-07-10 05:00:00,467.08,174.0,65.0,3.0,1.0,36.0,57.0,6.0
4566,2019-07-10 06:00:00,467.01,172.0,64.0,3.0,1.0,34.0,58.0,6.0
4567,2019-07-10 07:00:00,465.63,172.0,64.0,3.0,1.0,34.0,59.0,6.0
4568,2019-07-10 08:00:00,462.24,170.0,65.0,3.0,1.0,35.0,59.0,6.0
4569,2019-07-10 09:00:00,455.52,167.0,65.0,3.0,1.0,39.0,58.0,6.0
4570,2019-07-10 10:00:00,475.14,162.0,65.0,3.0,1.0,22.0,58.0,6.0
4571,2019-07-10 11:00:00,479.68,162.0,65.0,3.0,1.0,21.0,56.0,6.0
4572,2019-07-10 12:00:00,475.46,162.0,65.0,3.0,1.0,23.0,57.0,7.0
4573,2019-07-10 13:00:00,471.01,162.0,65.0,3.0,1.0,25.0,58.0,7.0
4574,2019-07-10 14:00:00,465.22,162.0,65.0,3.0,1.0,29.0,58.0,7.0
4575,2019-07-10 15:00:00,472.23,163.0,64.0,3.0,1.0,26.0,57.0,7.0
4576,2019-07-10 16:00:00,478.04,163.0,60.0,3.0,1.0,23.0,57.0,7.0
4577,2019-07-10 17:00:00,481.11,163.0,60.0,3.0,1.0,21.0,57.0,7.0
4578,2019-07-10 18:00:00,478.67,162.0,60.0,3.0,1.0,22.0,57.0,7.0
4579,2019-07-10 19:00:00,474.11,162.0,60.0,3.0,1.0,25.0,57.0,7.0
4580,2019-07-10 20:00:00,471.95,158.0,60.0,3.0,1.0,22.0,59.0,7.0
4581,2019-07-10 21:00:00,479.35,155.0,62.0,3.0,1.0,15.0,59.0,7.0
4582,2019-07-10 22:00:00,471.79,148.0,60.0,3.0,1.0,16.0,59.0,7.0
4583,2019-07-10 23:00:00,451.95,128.0,67.0,3.0,1.0,16.0,57.0,7.0
4584,2019-07-11 00:00:00,446.1,128.0,65.0,4.0,1.0,19.0,57.0,7.0
4585,2019-07-11 01:00:00,457.08,143.0,66.0,4.0,1.0,24.0,55.0,7.0
4586,2019-07-11 02:00:00,463.27,168.0,71.0,4.0,1.0,33.0,57.0,7.0
4587,2019-07-11 03:00:00,482.44,189.0,69.0,4.0,1.0,32.0,57.0,7.0
4588,2019-07-11 04:00:00,513.84,211.0,64.0,4.0,1.0,22.0,57.0,7.0
4589,2019-07-11 05:00:00,562.79,302.0,70.0,4.0,1.0,20.0,57.0,7.0
4590,2019-07-11 06:00:00,575.13,337.0,71.0,4.0,1.0,21.0,57.0,7.0
4591,2019-07-11 07:00:00,573.58,339.0,71.0,4.0,1.0,22.0,58.0,7.0
4592,2019-07-11 08:00:00,568.99,342.0,74.0,4.0,1.0,26.0,58.0,7.0
4593,2019-07-11 09:00:00,565.72,342.0,71.0,4.0,1.0,30.0,58.0,7.0
4594,2019-07-11 10:00:00,573.62,342.0,68.0,4.0,1.0,24.0,58.0,7.0
4595,2019-07-11 11:00:00,584.45,347.0,63.0,4.0,1.0,19.0,57.0,7.0
4596,2019-07-11 12:00:00,583.79,350.0,67.0,4.0,1.0,19.0,57.0,7.0
4597,2019-07-11 13:00:00,585.06,354.0,70.0,4.0,1.0,16.0,59.0,7.0
4598,2019-07-11 14:00:00,580.85,352.0,73.0,4.0,1.0,19.0,58.0,7.0
4599,2019-07-11 15:00:00,586.17,353.0,72.0,4.0,1.0,15.0,58.0,7.0
4600,2019-07-11 16:00:00,592.01,354.0,70.0,4.0,1.0,11.0,58.0,7.0
4601,2019-07-11 17:00:00,592.52,352.0,70.0,4.0,1.0,11.0,57.0,7.0
4602,2019-07-11 18:00:00,568.87,275.0,70.0,4.0,1.0,6.0,57.0,7.0
4603,2019-07-11 19:00:00,497.52,167.0,71.0,4.0,1.0,9.0,57.0,7.0
4604,2019-07-11 20:00:00,481.12,154.0,72.0,4.0,1.0,10.0,59.0,7.0
4605,2019-07-11 21:00:00,463.62,139.0,72.0,4.0,1.0,12.0,59.0,7.0
4606,2019-07-11 22:00:00,452.1,126.0,70.0,4.0,1.0,11.0,59.0,7.0
4607,2019-07-11 23:00:00,455.36,120.0,70.0,4.0,1.0,7.0,57.0,7.0
4608,2019-07-12 00:00:00,478.85,143.0,72.0,4.0,1.0,6.0,58.0,7.0
4609,2019-07-12 01:00:00,465.39,124.0,69.0,4.0,1.0,6.0,55.0,7.0
4610,2019-07-12 02:00:00,455.75,121.0,67.0,4.0,1.0,8.0,57.0,7.0
4611,2019-07-12 03:00:00,470.16,141.0,68.0,4.0,1.0,12.0,57.0,7.0
4612,2019-07-12 04:00:00,516.17,206.0,71.0,4.0,1.0,15.0,58.0,7.0
4613,2019-07-12 05:00:00,576.13,318.0,74.0,4.0,1.0,11.0,59.0,7.0
4614,2019-07-12 06:00:00,586.68,349.0,73.0,4.0,1.0,12.0,59.0,7.0
4615,2019-07-12 07:00:00,576.71,353.0,73.0,3.0,1.0,23.0,59.0,7.0
4616,2019-07-12 08:00:00,564.92,338.0,72.0,3.0,1.0,29.0,59.0,7.0
4617,2019-07-12 09:00:00,551.78,320.0,73.0,3.0,1.0,34.0,59.0,7.0
4618,2019-07-12 10:00:00,551.33,311.0,73.0,3.0,1.0,32.0,58.0,7.0
4619,2019-07-12 11:00:00,549.07,311.0,73.0,3.0,1.0,35.0,57.0,7.0
4620,2019-07-12 12:00:00,563.1,339.0,72.0,3.0,1.0,32.0,58.0,7.0
4621,2019-07-12 13:00:00,559.45,326.0,74.0,3.0,1.0,30.0,58.0,7.0
4622,2019-07-12 14:00:00,562.37,322.0,74.0,3.0,1.0,26.0,58.0,7.0
4623,2019-07-12 15:00:00,567.39,323.0,74.0,3.0,1.0,22.0,58.0,7.0
4624,2019-07-12 16:00:00,574.11,325.0,71.0,3.0,1.0,19.0,57.0,7.0
4625,2019-07-12 17:00:00,580.82,331.0,69.0,3.0,1.0,16.0,57.0,7.0
4626,2019-07-12 18:00:00,534.63,234.0,72.0,3.0,1.0,16.0,57.0,7.0
4627,2019-07-12 19:00:00,464.34,151.0,68.0,3.0,1.0,23.0,57.0,7.0
4628,2019-07-12 20:00:00,445.08,145.0,69.0,4.0,1.0,28.0,60.0,7.0
4629,2019-07-12 21:00:00,421.04,119.0,69.0,4.0,1.0,25.0,60.0,7.0
4630,2019-07-12 22:00:00,422.29,121.0,67.0,4.0,1.0,26.0,60.0,7.0
4631,2019-07-12 23:00:00,421.47,120.0,65.0,4.0,1.0,29.0,57.0,7.0
4632,2019-07-13 00:00:00,418.71,118.0,67.0,4.0,1.0,29.0,57.0,7.0
4633,2019-07-13 01:00:00,430.69,121.0,70.0,4.0,1.0,26.0,54.0,7.0
4634,2019-07-13 02:00:00,438.75,122.0,67.0,4.0,1.0,20.0,56.0,7.0
4635,2019-07-13 03:00:00,444.3,121.0,66.0,4.0,1.0,16.0,56.0,7.0
4636,2019-07-13 04:00:00,454.35,126.0,68.0,4.0,1.0,13.0,56.0,7.0
4637,2019-07-13 05:00:00,463.24,128.0,68.0,4.0,1.0,11.0,54.0,7.0
4638,2019-07-13 06:00:00,496.74,158.0,66.0,4.0,1.0,10.0,53.0,7.0
4639,2019-07-13 07:00:00,497.09,166.0,70.0,4.0,1.0,12.0,54.0,7.0
4640,2019-07-13 08:00:00,485.22,149.0,66.0,4.0,1.0,14.0,51.0,7.0
4641,2019-07-13 09:00:00,495.02,143.0,70.0,4.0,1.0,15.0,40.0,7.0
4642,2019-07-13 10:00:00,489.4,139.0,70.0,4.0,1.0,19.0,37.0,7.0
4643,2019-07-13 11:00:00,484.96,142.0,71.0,4.0,1.0,24.0,36.0,7.0
4644,2019-07-13 12:00:00,485.97,140.0,68.0,4.0,1.0,23.0,36.0,7.0
4645,2019-07-13 13:00:00,454.14,140.0,71.0,4.0,1.0,41.0,37.0,7.0
4646,2019-07-13 14:00:00,463.17,132.0,71.0,4.0,1.0,32.0,35.0,7.0
4647,2019-07-13 15:00:00,465.77,131.0,70.0,4.0,1.0,28.0,37.0,7.0
4648,2019-07-13 16:00:00,483.83,140.0,69.0,4.0,1.0,22.0,38.0,7.0
4649,2019-07-13 17:00:00,505.93,144.0,68.0,4.0,1.0,12.0,38.0,7.0
4650,2019-07-13 18:00:00,513.04,143.0,67.0,4.0,1.0,8.0,38.0,7.0
4651,2019-07-13 19:00:00,504.46,134.0,67.0,4.0,1.0,8.0,38.0,7.0
4652,2019-07-13 20:00:00,485.89,120.0,67.0,3.0,1.0,8.0,41.0,7.0
4653,2019-07-13 21:00:00,469.74,117.0,70.0,3.0,1.0,14.0,41.0,7.0
4654,2019-07-13 22:00:00,477.45,119.0,66.0,3.0,1.0,12.0,41.0,7.0
4655,2019-07-13 23:00:00,479.38,119.0,66.0,3.0,1.0,12.0,40.0,7.0
4656,2019-07-14 00:00:00,477.8,118.0,67.0,3.0,1.0,13.0,39.0,7.0
4657,2019-07-14 01:00:00,481.54,118.0,63.0,3.0,1.0,15.0,36.0,7.0
4658,2019-07-14 02:00:00,473.63,121.0,67.0,3.0,1.0,18.0,38.0,7.0
4659,2019-07-14 03:00:00,472.1,120.0,68.0,3.0,1.0,17.0,39.0,7.0
4660,2019-07-14 04:00:00,475.08,121.0,68.0,3.0,1.0,15.0,40.0,7.0
4661,2019-07-14 05:00:00,480.48,125.0,70.0,3.0,1.0,13.0,41.0,7.0
4662,2019-07-14 06:00:00,466.33,122.0,70.0,3.0,1.0,19.0,41.0,7.0
4663,2019-07-14 07:00:00,449.87,124.0,70.0,3.0,1.0,29.0,42.0,7.0
4664,2019-07-14 08:00:00,459.57,125.0,64.0,4.0,1.0,24.0,42.0,7.0
4665,2019-07-14 09:00:00,456.08,124.0,66.0,4.0,1.0,25.0,42.0,7.0
4666,2019-07-14 10:00:00,440.75,126.0,71.0,4.0,1.0,35.0,42.0,7.0
4667,2019-07-14 11:00:00,442.74,125.0,71.0,4.0,1.0,34.0,41.0,7.0
4668,2019-07-14 12:00:00,422.84,121.0,72.0,4.0,1.0,44.0,41.0,7.0
4669,2019-07-14 13:00:00,422.44,123.0,71.0,4.0,1.0,46.0,41.0,7.0
4670,2019-07-14 14:00:00,443.83,122.0,72.0,4.0,1.0,31.0,41.0,7.0
4671,2019-07-14 15:00:00,450.7,125.0,71.0,4.0,1.0,28.0,42.0,7.0
4672,2019-07-14 16:00:00,450.6,122.0,71.0,4.0,1.0,26.0,42.0,7.0
4673,2019-07-14 17:00:00,465.32,123.0,71.0,4.0,1.0,20.0,40.0,7.0
4674,2019-07-14 18:00:00,469.09,120.0,71.0,4.0,1.0,16.0,40.0,7.0
4675,2019-07-14 19:00:00,466.99,121.0,70.0,4.0,1.0,18.0,40.0,7.0
4676,2019-07-14 20:00:00,472.1,122.0,69.0,4.0,1.0,14.0,42.0,7.0
4677,2019-07-14 21:00:00,477.3,123.0,68.0,4.0,1.0,12.0,42.0,7.0
4678,2019-07-14 22:00:00,485.93,124.0,68.0,4.0,1.0,8.0,42.0,7.0
4679,2019-07-14 23:00:00,479.38,119.0,66.0,4.0,1.0,10.0,41.0,7.0
4680,2019-07-15 00:00:00,493.34,138.0,67.0,4.0,1.0,13.0,41.0,7.0
4681,2019-07-15 01:00:00,496.58,139.0,70.0,4.0,1.0,14.0,38.0,7.0
4682,2019-07-15 02:00:00,508.7,145.0,68.0,4.0,1.0,9.0,40.0,7.0
4683,2019-07-15 03:00:00,530.12,162.0,69.0,3.0,1.0,6.0,40.0,7.0
4684,2019-07-15 04:00:00,548.67,195.0,72.0,3.0,1.0,7.0,41.0,7.0
4685,2019-07-15 05:00:00,579.91,270.0,74.0,3.0,1.0,12.0,41.0,7.0
4686,2019-07-15 06:00:00,594.38,320.0,74.0,3.0,1.0,16.0,41.0,7.0
4687,2019-07-15 07:00:00,594.87,320.0,73.0,3.0,1.0,16.0,41.0,7.0
4688,2019-07-15 08:00:00,576.11,294.0,75.0,3.0,1.0,22.0,41.0,7.0
4689,2019-07-15 09:00:00,570.98,293.0,74.0,3.0,1.0,25.0,42.0,7.0
4690,2019-07-15 10:00:00,558.82,280.0,74.0,3.0,1.0,31.0,41.0,7.0
4691,2019-07-15 11:00:00,560.97,296.0,74.0,3.0,1.0,36.0,40.0,7.0
4692,2019-07-15 12:00:00,563.43,295.0,73.0,3.0,1.0,33.0,41.0,7.0
4693,2019-07-15 13:00:00,563.87,281.0,52.0,4.0,1.0,34.0,41.0,7.0
4694,2019-07-15 14:00:00,562.76,292.0,54.0,4.0,1.0,38.0,41.0,7.0
4695,2019-07-15 15:00:00,558.68,298.0,58.0,4.0,1.0,42.0,41.0,7.0
4696,2019-07-15 16:00:00,564.69,308.0,57.0,4.0,1.0,41.0,41.0,7.0
4697,2019-07-15 17:00:00,525.79,232.0,54.0,4.0,1.0,43.0,40.0,7.0
4698,2019-07-15 18:00:00,435.53,154.0,53.0,4.0,1.0,65.0,39.0,7.0
4699,2019-07-15 19:00:00,445.73,164.0,51.0,4.0,1.0,65.0,39.0,7.0
4700,2019-07-15 20:00:00,421.15,165.0,52.0,4.0,1.0,82.0,42.0,7.0
4701,2019-07-15 21:00:00,417.81,164.0,52.0,4.0,1.0,84.0,42.0,7.0
4702,2019-07-15 22:00:00,383.83,129.0,53.0,4.0,1.0,81.0,42.0,7.0
4703,2019-07-15 23:00:00,355.62,120.0,55.0,4.0,1.0,97.0,41.0,7.0
4704,2019-07-16 00:00:00,348.86,125.0,52.0,4.0,1.0,110.0,40.0,7.0
4705,2019-07-16 01:00:00,349.23,128.0,49.0,4.0,1.0,116.0,37.0,7.0
4706,2019-07-16 02:00:00,372.01,127.0,51.0,4.0,1.0,92.0,39.0,7.0
4707,2019-07-16 03:00:00,432.1,148.0,60.0,4.0,1.0,62.0,39.0,7.0
4708,2019-07-16 04:00:00,489.2,207.0,69.0,4.0,1.0,53.0,41.0,7.0
4709,2019-07-16 05:00:00,526.58,325.0,73.0,4.0,1.0,77.0,41.0,7.0
4710,2019-07-16 06:00:00,566.49,349.0,73.0,4.0,1.0,48.0,41.0,7.0
4711,2019-07-16 07:00:00,552.06,349.0,72.0,4.0,1.0,63.0,40.0,7.0
4712,2019-07-16 08:00:00,518.6,337.0,72.0,4.0,1.0,92.0,40.0,7.0
4713,2019-07-16 09:00:00,529.22,312.0,72.0,4.0,1.0,71.0,39.0,7.0
4714,2019-07-16 10:00:00,554.06,330.0,72.0,4.0,1.0,55.0,39.0,7.0
4715,2019-07-16 11:00:00,579.97,329.0,72.0,3.0,1.0,33.0,39.0,7.0
4716,2019-07-16 12:00:00,601.57,344.0,71.0,3.0,1.0,20.0,39.0,6.0
4717,2019-07-16 13:00:00,608.53,343.0,69.0,3.0,1.0,15.0,39.0,6.0
4718,2019-07-16 14:00:00,601.9,345.0,71.0,3.0,1.0,18.0,41.0,6.0
4719,2019-07-16 15:00:00,599.79,332.0,69.0,3.0,1.0,16.0,42.0,6.0
4720,2019-07-16 16:00:00,606.79,340.0,68.0,3.0,1.0,13.0,42.0,6.0
4721,2019-07-16 17:00:00,608.74,330.0,68.0,3.0,1.0,11.0,40.0,6.0
4722,2019-07-16 18:00:00,607.44,346.0,68.0,3.0,1.0,16.0,40.0,6.0
4723,2019-07-16 19:00:00,593.68,342.0,68.0,3.0,1.0,27.0,39.0,6.0
4724,2019-07-16 20:00:00,575.13,343.0,68.0,3.0,1.0,40.0,42.0,6.0
4725,2019-07-16 21:00:00,567.64,346.0,67.0,3.0,1.0,48.0,42.0,6.0
4726,2019-07-16 22:00:00,483.45,178.0,68.0,3.0,1.0,41.0,42.0,6.0
4727,2019-07-16 23:00:00,431.13,128.0,68.0,3.0,1.0,45.0,41.0,6.0
4728,2019-07-17 00:00:00,440.58,124.0,67.0,3.0,1.0,36.0,41.0,6.0
4729,2019-07-17 01:00:00,450.69,127.0,66.0,3.0,1.0,35.0,38.0,6.0
4730,2019-07-17 02:00:00,455.96,130.0,65.0,3.0,1.0,33.0,39.0,6.0
4731,2019-07-17 03:00:00,486.38,147.0,66.0,3.0,1.0,25.0,39.0,6.0
4732,2019-07-17 04:00:00,546.36,202.0,66.0,3.0,1.0,15.0,39.0,6.0
4733,2019-07-17 05:00:00,602.4,323.0,68.0,3.0,1.0,13.0,41.0,6.0
4734,2019-07-17 06:00:00,607.21,342.0,71.0,3.0,1.0,14.0,40.0,6.0
4735,2019-07-17 07:00:00,598.53,346.0,71.0,4.0,1.0,21.0,40.0,6.0
4736,2019-07-17 08:00:00,584.85,347.0,73.0,4.0,1.0,32.0,40.0,6.0
4737,2019-07-17 09:00:00,582.96,347.0,72.0,4.0,1.0,35.0,39.0,6.0
4738,2019-07-17 10:00:00,569.4,347.0,72.0,4.0,1.0,47.0,39.0,6.0
4739,2019-07-17 11:00:00,558.14,344.0,70.0,4.0,1.0,57.0,39.0,6.0
4740,2019-07-17 12:00:00,549.06,345.0,70.0,4.0,1.0,66.0,39.0,6.0
4741,2019-07-17 13:00:00,557.1,345.0,71.0,4.0,1.0,58.0,39.0,6.0
4742,2019-07-17 14:00:00,570.53,343.0,71.0,4.0,1.0,45.0,39.0,6.0
4743,2019-07-17 15:00:00,564.03,329.0,71.0,4.0,1.0,45.0,40.0,6.0
4744,2019-07-17 16:00:00,573.19,345.0,69.0,4.0,1.0,42.0,41.0,6.0
4745,2019-07-17 17:00:00,578.87,347.0,68.0,4.0,1.0,40.0,39.0,6.0
4746,2019-07-17 18:00:00,585.83,347.0,68.0,4.0,1.0,34.0,39.0,6.0
4747,2019-07-17 19:00:00,574.76,348.0,65.0,4.0,1.0,45.0,39.0,6.0
4748,2019-07-17 20:00:00,559.49,340.0,65.0,4.0,1.0,54.0,41.0,6.0
4749,2019-07-17 21:00:00,536.02,308.0,65.0,4.0,1.0,62.0,42.0,6.0
4750,2019-07-17 22:00:00,471.81,194.0,64.0,4.0,1.0,60.0,41.0,6.0
4751,2019-07-17 23:00:00,486.97,186.0,64.0,4.0,1.0,45.0,40.0,6.0
4752,2019-07-18 00:00:00,496.85,182.0,64.0,4.0,1.0,36.0,40.0,6.0
4753,2019-07-18 01:00:00,498.36,183.0,66.0,4.0,1.0,39.0,36.0,6.0
4754,2019-07-18 02:00:00,503.57,183.0,68.0,4.0,1.0,33.0,38.0,6.0
4755,2019-07-18 03:00:00,509.23,187.0,69.0,4.0,1.0,30.0,39.0,6.0
4756,2019-07-18 04:00:00,515.66,188.0,70.0,4.0,1.0,24.0,41.0,6.0
4757,2019-07-18 05:00:00,543.77,228.0,72.0,4.0,1.0,22.0,41.0,6.0
4758,2019-07-18 06:00:00,531.79,234.0,72.0,4.0,1.0,34.0,40.0,6.0
4759,2019-07-18 07:00:00,514.48,219.0,72.0,4.0,1.0,40.0,40.0,6.0
4760,2019-07-18 08:00:00,508.56,217.0,70.0,4.0,1.0,43.0,41.0,6.0
4761,2019-07-18 09:00:00,505.33,232.0,70.0,4.0,1.0,53.0,41.0,6.0
4762,2019-07-18 10:00:00,493.76,231.0,70.0,4.0,1.0,62.0,41.0,6.0
4763,2019-07-18 11:00:00,485.07,232.0,70.0,4.0,1.0,71.0,40.0,6.0
4764,2019-07-18 12:00:00,481.71,239.0,70.0,4.0,1.0,78.0,40.0,6.0
4765,2019-07-18 13:00:00,467.84,223.0,70.0,4.0,1.0,81.0,40.0,6.0
4766,2019-07-18 14:00:00,458.13,223.0,70.0,4.0,1.0,89.0,41.0,6.0
4767,2019-07-18 15:00:00,447.29,222.0,69.0,4.0,1.0,100.0,40.0,6.0
4768,2019-07-18 16:00:00,461.92,222.0,69.0,4.0,1.0,86.0,40.0,6.0
4769,2019-07-18 17:00:00,466.1,210.0,67.0,4.0,1.0,77.0,38.0,6.0
4770,2019-07-18 18:00:00,447.76,193.0,65.0,4.0,1.0,82.0,38.0,6.0
4771,2019-07-18 19:00:00,445.28,189.0,67.0,4.0,1.0,81.0,38.0,6.0
4772,2019-07-18 20:00:00,468.05,204.0,65.0,4.0,1.0,70.0,40.0,6.0
4773,2019-07-18 21:00:00,461.88,195.0,67.0,4.0,1.0,68.0,41.0,6.0
4774,2019-07-18 22:00:00,430.27,191.0,67.0,4.0,1.0,94.0,40.0,6.0
4775,2019-07-18 23:00:00,436.85,199.0,66.0,4.0,1.0,95.0,39.0,6.0
4776,2019-07-19 00:00:00,433.25,196.0,67.0,4.0,1.0,96.0,39.0,6.0
4777,2019-07-19 01:00:00,451.46,195.0,66.0,4.0,1.0,82.0,36.0,6.0
4778,2019-07-19 02:00:00,462.66,196.0,67.0,4.0,1.0,71.0,38.0,6.0
4779,2019-07-19 03:00:00,483.19,213.0,69.0,4.0,1.0,63.0,39.0,6.0
4780,2019-07-19 04:00:00,513.15,236.0,69.0,4.0,1.0,51.0,39.0,6.0
4781,2019-07-19 05:00:00,522.16,236.0,69.0,4.0,1.0,44.0,39.0,6.0
4782,2019-07-19 06:00:00,515.32,239.0,68.0,4.0,1.0,51.0,39.0,6.0
4783,2019-07-19 07:00:00,509.62,246.0,68.0,4.0,1.0,58.0,40.0,6.0
4784,2019-07-19 08:00:00,488.55,246.0,69.0,4.0,1.0,75.0,41.0,6.0
4785,2019-07-19 09:00:00,469.7,227.0,69.0,4.0,1.0,81.0,41.0,6.0
4786,2019-07-19 10:00:00,467.79,229.0,69.0,4.0,1.0,84.0,41.0,6.0
4787,2019-07-19 11:00:00,477.74,233.0,66.0,4.0,1.0,79.0,40.0,6.0
4788,2019-07-19 12:00:00,478.61,230.0,68.0,4.0,1.0,76.0,40.0,6.0
4789,2019-07-19 13:00:00,475.9,236.0,68.0,4.0,1.0,82.0,40.0,6.0
4790,2019-07-19 14:00:00,477.6,242.0,68.0,4.0,1.0,84.0,40.0,6.0
4791,2019-07-19 15:00:00,491.79,244.0,69.0,4.0,1.0,72.0,40.0,6.0
4792,2019-07-19 16:00:00,505.41,239.0,68.0,4.0,1.0,59.0,39.0,6.0
4793,2019-07-19 17:00:00,508.11,242.0,69.0,4.0,1.0,59.0,38.0,6.0
4794,2019-07-19 18:00:00,514.47,237.0,67.0,4.0,1.0,52.0,38.0,6.0
4795,2019-07-19 19:00:00,519.65,234.0,69.0,4.0,1.0,46.0,38.0,6.0
4796,2019-07-19 20:00:00,480.25,193.0,68.0,4.0,1.0,53.0,40.0,6.0
4797,2019-07-19 21:00:00,418.56,128.0,66.0,3.0,1.0,55.0,40.0,6.0
4798,2019-07-19 22:00:00,324.43,67.0,67.0,3.0,1.0,60.0,40.0,6.0
4799,2019-07-19 23:00:00,330.08,68.0,66.0,3.0,1.0,58.0,39.0,6.0
4800,2019-07-20 00:00:00,334.01,67.0,67.0,3.0,1.0,54.0,39.0,6.0
4801,2019-07-20 01:00:00,350.35,67.0,68.0,3.0,1.0,46.0,36.0,6.0
4802,2019-07-20 02:00:00,350.0,66.0,67.0,3.0,1.0,43.0,38.0,6.0
4803,2019-07-20 03:00:00,366.76,69.0,69.0,3.0,1.0,35.0,39.0,6.0
4804,2019-07-20 04:00:00,377.0,70.0,68.0,3.0,1.0,29.0,40.0,6.0
4805,2019-07-20 05:00:00,383.87,74.0,69.0,3.0,1.0,28.0,41.0,6.0
4806,2019-07-20 06:00:00,380.39,76.0,70.0,3.0,1.0,32.0,41.0,6.0
4807,2019-07-20 07:00:00,367.12,72.0,70.0,3.0,1.0,36.0,41.0,6.0
4808,2019-07-20 08:00:00,357.55,71.0,70.0,4.0,1.0,40.0,41.0,6.0
4809,2019-07-20 09:00:00,351.9,67.0,68.0,4.0,1.0,40.0,40.0,6.0
4810,2019-07-20 10:00:00,351.56,65.0,70.0,4.0,1.0,38.0,40.0,6.0
4811,2019-07-20 11:00:00,352.82,64.0,69.0,4.0,1.0,37.0,39.0,6.0
4812,2019-07-20 12:00:00,359.11,63.0,68.0,4.0,1.0,32.0,39.0,6.0
4813,2019-07-20 13:00:00,364.29,63.0,70.0,4.0,1.0,28.0,40.0,6.0
4814,2019-07-20 14:00:00,376.76,64.0,70.0,4.0,1.0,22.0,40.0,6.0
4815,2019-07-20 15:00:00,395.27,68.0,70.0,4.0,1.0,16.0,40.0,6.0
4816,2019-07-20 16:00:00,407.19,68.0,70.0,4.0,1.0,11.0,39.0,6.0
4817,2019-07-20 17:00:00,413.42,68.0,70.0,4.0,1.0,10.0,37.0,6.0
4818,2019-07-20 18:00:00,406.3,65.0,68.0,4.0,1.0,11.0,37.0,6.0
4819,2019-07-20 19:00:00,403.23,69.0,68.0,4.0,1.0,15.0,38.0,6.0
4820,2019-07-20 20:00:00,401.45,68.0,68.0,4.0,1.0,12.0,41.0,6.0
4821,2019-07-20 21:00:00,410.9,72.0,66.0,4.0,1.0,11.0,41.0,6.0
4822,2019-07-20 22:00:00,402.15,67.0,65.0,4.0,1.0,11.0,41.0,6.0
4823,2019-07-20 23:00:00,404.05,67.0,66.0,4.0,1.0,11.0,40.0,6.0
4824,2019-07-21 00:00:00,401.67,67.0,68.0,4.0,1.0,12.0,40.0,6.0
4825,2019-07-21 01:00:00,407.2,70.0,67.0,4.0,1.0,16.0,36.0,6.0
4826,2019-07-21 02:00:00,382.67,62.0,65.0,4.0,1.0,19.0,38.0,6.0
4827,2019-07-21 03:00:00,390.05,67.0,66.0,4.0,1.0,19.0,39.0,6.0
4828,2019-07-21 04:00:00,397.14,70.0,68.0,4.0,1.0,17.0,40.0,6.0
4829,2019-07-21 05:00:00,410.59,71.0,69.0,4.0,1.0,11.0,40.0,6.0
4830,2019-07-21 06:00:00,404.42,71.0,70.0,4.0,1.0,15.0,39.0,6.0
4831,2019-07-21 07:00:00,398.44,72.0,70.0,4.0,1.0,18.0,40.0,6.0
4832,2019-07-21 08:00:00,396.4,73.0,70.0,4.0,1.0,21.0,39.0,6.0
4833,2019-07-21 09:00:00,382.24,67.0,70.0,4.0,1.0,23.0,39.0,6.0
4834,2019-07-21 10:00:00,376.79,65.0,70.0,4.0,1.0,24.0,39.0,6.0
4835,2019-07-21 11:00:00,373.16,64.0,70.0,4.0,1.0,26.0,38.0,6.0
4836,2019-07-21 12:00:00,373.43,68.0,69.0,4.0,1.0,30.0,38.0,6.0
4837,2019-07-21 13:00:00,373.55,70.0,69.0,4.0,1.0,32.0,38.0,6.0
4838,2019-07-21 14:00:00,375.29,71.0,69.0,4.0,1.0,33.0,37.0,6.0
4839,2019-07-21 15:00:00,378.72,71.0,69.0,4.0,1.0,31.0,37.0,6.0
4840,2019-07-21 16:00:00,389.76,67.0,69.0,4.0,1.0,22.0,36.0,6.0
4841,2019-07-21 17:00:00,415.05,70.0,69.0,4.0,1.0,14.0,34.0,6.0
4842,2019-07-21 18:00:00,395.7,66.0,69.0,4.0,1.0,18.0,36.0,6.0
4843,2019-07-21 19:00:00,367.51,61.0,69.0,4.0,1.0,27.0,37.0,6.0
4844,2019-07-21 20:00:00,332.78,60.0,68.0,4.0,1.0,44.0,40.0,6.0
4845,2019-07-21 21:00:00,316.59,49.0,68.0,3.0,1.0,41.0,40.0,6.0
4846,2019-07-21 22:00:00,319.65,60.0,67.0,3.0,1.0,54.0,40.0,6.0
4847,2019-07-21 23:00:00,340.18,64.0,67.0,3.0,1.0,46.0,39.0,6.0
4848,2019-07-22 00:00:00,362.55,84.0,68.0,3.0,1.0,54.0,39.0,6.0
4849,2019-07-22 01:00:00,404.89,103.0,68.0,3.0,1.0,47.0,36.0,6.0
4850,2019-07-22 02:00:00,419.93,117.0,67.0,3.0,1.0,48.0,37.0,6.0
4851,2019-07-22 03:00:00,457.89,139.0,69.0,3.0,1.0,37.0,39.0,6.0
4852,2019-07-22 04:00:00,516.35,172.0,70.0,3.0,1.0,19.0,39.0,6.0
4853,2019-07-22 05:00:00,564.49,231.0,70.0,3.0,1.0,13.0,39.0,6.0
4854,2019-07-22 06:00:00,573.81,243.0,70.0,3.0,1.0,11.0,39.0,6.0
4855,2019-07-22 07:00:00,569.74,250.0,70.0,4.0,1.0,15.0,39.0,6.0
4856,2019-07-22 08:00:00,571.7,254.0,70.0,4.0,1.0,16.0,38.0,6.0
4857,2019-07-22 09:00:00,570.75,251.0,69.0,4.0,1.0,17.0,37.0,6.0
4858,2019-07-22 10:00:00,567.83,254.0,69.0,4.0,1.0,20.0,37.0,6.0
4859,2019-07-22 11:00:00,558.47,246.0,68.0,4.0,1.0,25.0,36.0,6.0
4860,2019-07-22 12:00:00,556.12,247.0,68.0,4.0,1.0,26.0,37.0,6.0
4861,2019-07-22 13:00:00,551.86,247.0,68.0,4.0,1.0,26.0,40.0,6.0
4862,2019-07-22 14:00:00,559.62,251.0,68.0,4.0,1.0,23.0,39.0,6.0
4863,2019-07-22 15:00:00,565.89,252.0,68.0,4.0,1.0,19.0,39.0,6.0
4864,2019-07-22 16:00:00,573.29,249.0,68.0,4.0,1.0,13.0,39.0,6.0
4865,2019-07-22 17:00:00,581.41,250.0,68.0,4.0,1.0,10.0,37.0,6.0
4866,2019-07-22 18:00:00,569.23,226.0,68.0,4.0,1.0,9.0,38.0,6.0
4867,2019-07-22 19:00:00,571.93,228.0,68.0,4.0,1.0,8.0,38.0,6.0
4868,2019-07-22 20:00:00,565.03,228.0,66.0,4.0,1.0,10.0,41.0,6.0
4869,2019-07-22 21:00:00,567.75,236.0,66.0,4.0,1.0,11.0,41.0,6.0
4870,2019-07-22 22:00:00,560.46,233.0,68.0,4.0,1.0,15.0,40.0,6.0
4871,2019-07-22 23:00:00,558.48,234.0,67.0,4.0,1.0,18.0,39.0,6.0
4872,2019-07-23 00:00:00,555.71,229.0,67.0,4.0,1.0,18.0,39.0,6.0
4873,2019-07-23 01:00:00,554.94,215.0,68.0,4.0,1.0,16.0,36.0,6.0
4874,2019-07-23 02:00:00,553.08,211.0,67.0,4.0,1.0,15.0,37.0,6.0
4875,2019-07-23 03:00:00,559.37,218.0,69.0,4.0,1.0,12.0,38.0,6.0
4876,2019-07-23 04:00:00,575.18,238.0,63.0,4.0,1.0,10.0,39.0,6.0
4877,2019-07-23 05:00:00,573.03,238.0,64.0,4.0,1.0,11.0,39.0,6.0
4878,2019-07-23 06:00:00,593.71,301.0,64.0,4.0,1.0,15.0,40.0,6.0
4879,2019-07-23 07:00:00,605.45,347.0,65.0,4.0,1.0,19.0,39.0,6.0
4880,2019-07-23 08:00:00,596.91,341.0,63.0,4.0,1.0,25.0,39.0,6.0
4881,2019-07-23 09:00:00,587.06,340.0,65.0,4.0,1.0,33.0,38.0,6.0
4882,2019-07-23 10:00:00,587.46,342.0,63.0,4.0,1.0,34.0,38.0,6.0
4883,2019-07-23 11:00:00,588.67,342.0,63.0,4.0,1.0,35.0,36.0,6.0
4884,2019-07-23 12:00:00,588.67,342.0,63.0,4.0,1.0,35.0,36.0,6.0
4885,2019-07-23 13:00:00,581.0,317.0,65.0,4.0,1.0,32.0,37.0,6.0
4886,2019-07-23 14:00:00,583.41,311.0,63.0,4.0,1.0,29.0,37.0,6.0
4887,2019-07-23 15:00:00,585.96,302.0,64.0,4.0,1.0,24.0,37.0,6.0
4888,2019-07-23 16:00:00,611.34,348.0,64.0,4.0,1.0,17.0,37.0,6.0
4889,2019-07-23 17:00:00,604.11,350.0,62.0,4.0,1.0,22.0,39.0,6.0
4890,2019-07-23 18:00:00,589.35,347.0,60.0,4.0,1.0,33.0,40.0,6.0
4891,2019-07-23 19:00:00,582.14,350.0,60.0,4.0,1.0,40.0,40.0,6.0
4892,2019-07-23 20:00:00,567.72,339.0,60.0,4.0,1.0,49.0,40.0,6.0
4893,2019-07-23 21:00:00,533.6,287.0,66.0,4.0,1.0,57.0,40.0,6.0
4894,2019-07-23 22:00:00,542.51,295.0,68.0,4.0,1.0,51.0,41.0,6.0
4895,2019-07-23 23:00:00,541.0,268.0,66.0,4.0,1.0,44.0,39.0,6.0
4896,2019-07-24 00:00:00,549.93,267.0,65.0,3.0,1.0,38.0,39.0,6.0
4897,2019-07-24 01:00:00,557.1,269.0,66.0,3.0,1.0,33.0,39.0,6.0
4898,2019-07-24 02:00:00,567.01,265.0,67.0,3.0,1.0,23.0,40.0,6.0
4899,2019-07-24 03:00:00,575.38,272.0,68.0,3.0,1.0,20.0,39.0,6.0
4900,2019-07-24 04:00:00,602.11,326.0,68.0,3.0,1.0,15.0,40.0,6.0
4901,2019-07-24 05:00:00,602.96,327.0,67.0,3.0,1.0,16.0,39.0,6.0
4902,2019-07-24 06:00:00,611.55,330.0,50.0,3.0,1.0,18.0,38.0,6.0
4903,2019-07-24 07:00:00,605.38,344.0,53.0,3.0,1.0,26.0,37.0,5.0
4904,2019-07-24 08:00:00,594.02,332.0,52.0,3.0,1.0,33.0,36.0,5.0
4905,2019-07-24 09:00:00,594.01,349.0,54.0,3.0,1.0,39.0,34.0,5.0
4906,2019-07-24 10:00:00,585.04,350.0,56.0,3.0,1.0,46.0,34.0,5.0
4907,2019-07-24 11:00:00,577.34,351.0,53.0,3.0,1.0,54.0,34.0,5.0
4908,2019-07-24 12:00:00,578.11,352.0,52.0,3.0,1.0,54.0,34.0,5.0
4909,2019-07-24 13:00:00,568.99,351.0,54.0,3.0,1.0,60.0,35.0,5.0
4910,2019-07-24 14:00:00,556.6,351.0,67.0,4.0,1.0,67.0,34.0,6.0
4911,2019-07-24 15:00:00,566.22,351.0,67.0,4.0,1.0,59.0,33.0,6.0
4912,2019-07-24 16:00:00,578.48,350.0,66.0,4.0,1.0,48.0,33.0,6.0
4913,2019-07-24 17:00:00,575.45,351.0,66.0,4.0,1.0,51.0,33.0,6.0
4914,2019-07-24 18:00:00,573.2,349.0,67.0,4.0,1.0,51.0,34.0,5.0
4915,2019-07-24 19:00:00,577.41,347.0,66.0,4.0,1.0,47.0,34.0,5.0
4916,2019-07-24 20:00:00,557.0,332.0,66.0,4.0,1.0,58.0,36.0,5.0
4917,2019-07-24 21:00:00,556.41,326.0,67.0,4.0,1.0,56.0,36.0,5.0
4918,2019-07-24 22:00:00,572.59,329.0,67.0,4.0,1.0,43.0,36.0,5.0
4919,2019-07-24 23:00:00,567.02,315.0,67.0,4.0,1.0,44.0,35.0,5.0
4920,2019-07-25 00:00:00,564.2,313.0,66.0,4.0,1.0,46.0,35.0,5.0
4921,2019-07-25 01:00:00,576.42,314.0,67.0,4.0,1.0,37.0,34.0,5.0
4922,2019-07-25 02:00:00,575.57,317.0,66.0,4.0,1.0,39.0,34.0,5.0
4923,2019-07-25 03:00:00,583.16,316.0,65.0,4.0,1.0,33.0,34.0,5.0
4924,2019-07-25 04:00:00,592.67,327.0,67.0,4.0,1.0,28.0,34.0,5.0
4925,2019-07-25 05:00:00,594.43,327.0,66.0,4.0,1.0,26.0,35.0,5.0
4926,2019-07-25 06:00:00,588.88,327.0,67.0,4.0,1.0,30.0,35.0,5.0
4927,2019-07-25 07:00:00,586.29,339.0,66.0,3.0,1.0,37.0,35.0,5.0
4928,2019-07-25 08:00:00,576.64,344.0,68.0,3.0,1.0,47.0,34.0,5.0
4929,2019-07-25 09:00:00,561.7,343.0,68.0,3.0,1.0,60.0,34.0,5.0
4930,2019-07-25 10:00:00,562.05,341.0,65.0,3.0,1.0,60.0,34.0,5.0
4931,2019-07-25 11:00:00,556.26,342.0,64.0,3.0,1.0,66.0,34.0,5.0
4932,2019-07-25 12:00:00,549.23,343.0,67.0,3.0,1.0,72.0,34.0,5.0
4933,2019-07-25 13:00:00,532.54,345.0,68.0,3.0,1.0,89.0,34.0,5.0
4934,2019-07-25 14:00:00,563.07,337.0,67.0,3.0,1.0,57.0,34.0,5.0
4935,2019-07-25 15:00:00,584.89,333.0,67.0,4.0,1.0,36.0,34.0,5.0
4936,2019-07-25 16:00:00,596.74,340.0,68.0,4.0,1.0,28.0,34.0,5.0
4937,2019-07-25 17:00:00,600.33,332.0,68.0,4.0,1.0,23.0,34.0,5.0
4938,2019-07-25 18:00:00,605.27,343.0,68.0,4.0,1.0,22.0,34.0,5.0
4939,2019-07-25 19:00:00,592.84,343.0,68.0,4.0,1.0,31.0,35.0,5.0
4940,2019-07-25 20:00:00,582.4,323.0,67.0,4.0,1.0,33.0,36.0,5.0
4941,2019-07-25 21:00:00,564.58,287.0,68.0,4.0,1.0,35.0,36.0,5.0
4942,2019-07-25 22:00:00,497.69,191.0,68.0,4.0,1.0,40.0,39.0,5.0
4943,2019-07-25 23:00:00,491.78,187.0,68.0,4.0,1.0,40.0,41.0,5.0
4944,2019-07-26 00:00:00,476.37,185.0,68.0,4.0,1.0,40.0,51.0,5.0
4945,2019-07-26 01:00:00,465.5,183.0,68.0,4.0,1.0,43.0,55.0,5.0
4946,2019-07-26 02:00:00,465.03,184.0,68.0,4.0,1.0,43.0,56.0,5.0
4947,2019-07-26 03:00:00,510.13,241.0,68.0,4.0,1.0,39.0,56.0,5.0
4948,2019-07-26 04:00:00,569.84,316.0,67.0,4.0,1.0,21.0,56.0,5.0
4949,2019-07-26 05:00:00,586.03,342.0,69.0,4.0,1.0,15.0,56.0,5.0
4950,2019-07-26 06:00:00,572.4,347.0,70.0,4.0,1.0,27.0,57.0,5.0
4951,2019-07-26 07:00:00,554.86,352.0,70.0,4.0,1.0,45.0,57.0,5.0
4952,2019-07-26 08:00:00,544.45,354.0,70.0,4.0,1.0,56.0,57.0,5.0
4953,2019-07-26 09:00:00,537.74,352.0,70.0,4.0,1.0,63.0,56.0,5.0
4954,2019-07-26 10:00:00,537.47,353.0,69.0,4.0,1.0,65.0,55.0,5.0
4955,2019-07-26 11:00:00,536.77,352.0,70.0,4.0,1.0,66.0,54.0,5.0
4956,2019-07-26 12:00:00,542.84,344.0,69.0,4.0,1.0,57.0,54.0,6.0
4957,2019-07-26 13:00:00,549.7,351.0,69.0,4.0,1.0,53.0,54.0,6.0
4958,2019-07-26 14:00:00,549.02,338.0,68.0,4.0,1.0,50.0,53.0,6.0
4959,2019-07-26 15:00:00,539.4,330.0,68.0,4.0,1.0,56.0,53.0,6.0
4960,2019-07-26 16:00:00,564.05,350.0,66.0,4.0,1.0,41.0,53.0,6.0
4961,2019-07-26 17:00:00,579.78,344.0,66.0,4.0,1.0,26.0,52.0,6.0
4962,2019-07-26 18:00:00,581.57,349.0,66.0,4.0,1.0,25.0,53.0,6.0
4963,2019-07-26 19:00:00,566.1,338.0,66.0,4.0,1.0,34.0,54.0,6.0
4964,2019-07-26 20:00:00,537.07,299.0,66.0,4.0,1.0,43.0,56.0,6.0
4965,2019-07-26 21:00:00,501.55,257.0,66.0,4.0,1.0,54.0,57.0,6.0
4966,2019-07-26 22:00:00,450.86,177.0,67.0,4.0,1.0,50.0,56.0,6.0
4967,2019-07-26 23:00:00,404.59,130.0,67.0,4.0,1.0,52.0,54.0,6.0
4968,2019-07-27 00:00:00,433.25,135.0,67.0,4.0,1.0,34.0,55.0,6.0
4969,2019-07-27 01:00:00,431.76,131.0,67.0,4.0,1.0,32.0,55.0,6.0
4970,2019-07-27 02:00:00,399.34,121.0,67.0,4.0,1.0,47.0,55.0,6.0
4971,2019-07-27 03:00:00,411.85,133.0,67.0,4.0,1.0,48.0,55.0,6.0
4972,2019-07-27 04:00:00,436.13,135.0,67.0,4.0,1.0,31.0,56.0,6.0
4973,2019-07-27 05:00:00,467.51,148.0,67.0,4.0,1.0,20.0,55.0,6.0
4974,2019-07-27 06:00:00,481.39,163.0,67.0,4.0,1.0,20.0,55.0,6.0
4975,2019-07-27 07:00:00,461.87,164.0,67.0,4.0,1.0,35.0,54.0,6.0
4976,2019-07-27 08:00:00,437.13,163.0,67.0,4.0,1.0,55.0,52.0,6.0
4977,2019-07-27 09:00:00,424.67,164.0,67.0,4.0,1.0,67.0,51.0,6.0
4978,2019-07-27 10:00:00,423.98,162.0,67.0,4.0,1.0,67.0,50.0,6.0
4979,2019-07-27 11:00:00,404.44,144.0,67.0,4.0,1.0,69.0,49.0,5.0
4980,2019-07-27 12:00:00,394.23,141.0,67.0,4.0,1.0,76.0,48.0,5.0
4981,2019-07-27 13:00:00,398.01,139.0,66.0,4.0,1.0,71.0,48.0,5.0
4982,2019-07-27 14:00:00,422.78,151.0,66.0,4.0,1.0,61.0,48.0,5.0
4983,2019-07-27 15:00:00,459.45,166.0,66.0,4.0,1.0,44.0,48.0,5.0
4984,2019-07-27 16:00:00,487.16,166.0,66.0,4.0,1.0,24.0,49.0,5.0
4985,2019-07-27 17:00:00,490.27,166.0,66.0,4.0,1.0,20.0,51.0,5.0
4986,2019-07-27 18:00:00,482.56,166.0,66.0,4.0,1.0,23.0,53.0,5.0
4987,2019-07-27 19:00:00,459.33,157.0,67.0,4.0,1.0,32.0,54.0,5.0
4988,2019-07-27 20:00:00,426.67,137.0,66.0,4.0,1.0,39.0,56.0,5.0
4989,2019-07-27 21:00:00,415.73,126.0,66.0,4.0,1.0,38.0,56.0,5.0
4990,2019-07-27 22:00:00,417.14,126.0,66.0,4.0,1.0,36.0,57.0,5.0
4991,2019-07-27 23:00:00,421.69,120.0,66.0,4.0,1.0,31.0,54.0,5.0
4992,2019-07-28 00:00:00,425.8,126.0,66.0,4.0,1.0,31.0,56.0,5.0
4993,2019-07-28 01:00:00,429.91,127.0,66.0,4.0,1.0,29.0,56.0,5.0
4994,2019-07-28 02:00:00,442.2,127.0,66.0,4.0,1.0,20.0,57.0,5.0
4995,2019-07-28 03:00:00,453.44,128.0,66.0,4.0,1.0,14.0,57.0,6.0
4996,2019-07-28 04:00:00,463.71,136.0,66.0,4.0,1.0,12.0,58.0,6.0
4997,2019-07-28 05:00:00,465.62,135.0,67.0,4.0,1.0,11.0,57.0,6.0
4998,2019-07-28 06:00:00,475.41,148.0,67.0,4.0,1.0,13.0,57.0,6.0
4999,2019-07-28 07:00:00,481.25,158.0,67.0,4.0,1.0,16.0,56.0,5.0
5000,2019-07-28 08:00:00,478.48,161.0,65.0,4.0,1.0,21.0,55.0,5.0
5001,2019-07-28 09:00:00,465.68,162.0,66.0,4.0,1.0,32.0,53.0,5.0
5002,2019-07-28 10:00:00,468.39,165.0,66.0,4.0,1.0,35.0,50.0,5.0
5003,2019-07-28 11:00:00,476.89,163.0,66.0,4.0,1.0,30.0,48.0,5.0
5004,2019-07-28 12:00:00,479.29,164.0,66.0,4.0,1.0,30.0,47.0,5.0
5005,2019-07-28 13:00:00,446.17,163.0,65.0,4.0,1.0,53.0,47.0,5.0
5006,2019-07-28 14:00:00,436.18,162.0,65.0,4.0,1.0,58.0,49.0,5.0
5007,2019-07-28 15:00:00,442.44,166.0,65.0,4.0,1.0,55.0,50.0,5.0
5008,2019-07-28 16:00:00,450.43,165.0,66.0,4.0,1.0,47.0,51.0,5.0
5009,2019-07-28 17:00:00,447.26,163.0,66.0,4.0,1.0,47.0,52.0,5.0
5010,2019-07-28 18:00:00,452.62,163.0,66.0,4.0,1.0,42.0,53.0,5.0
5011,2019-07-28 19:00:00,417.4,164.0,66.0,4.0,1.0,69.0,55.0,5.0
5012,2019-07-28 20:00:00,393.9,160.0,66.0,4.0,1.0,86.0,56.0,5.0
5013,2019-07-28 21:00:00,378.81,151.0,66.0,4.0,1.0,91.0,57.0,5.0
5014,2019-07-28 22:00:00,361.3,130.0,66.0,4.0,1.0,86.0,57.0,5.0
5015,2019-07-28 23:00:00,367.56,129.0,67.0,4.0,1.0,80.0,56.0,5.0
5016,2019-07-29 00:00:00,388.22,149.0,66.0,4.0,1.0,80.0,57.0,5.0
5017,2019-07-29 01:00:00,422.62,182.0,65.0,4.0,1.0,78.0,56.0,5.0
5018,2019-07-29 02:00:00,424.02,189.0,67.0,4.0,1.0,80.0,58.0,5.0
5019,2019-07-29 03:00:00,455.77,217.0,66.0,4.0,1.0,71.0,58.0,6.0
5020,2019-07-29 04:00:00,522.1,313.0,66.0,4.0,1.0,60.0,59.0,6.0
5021,2019-07-29 05:00:00,550.63,328.0,67.0,4.0,1.0,39.0,59.0,6.0
5022,2019-07-29 06:00:00,555.51,321.0,67.0,4.0,1.0,33.0,58.0,6.0
5023,2019-07-29 07:00:00,537.25,276.0,67.0,4.0,1.0,33.0,56.0,6.0
5024,2019-07-29 08:00:00,541.71,304.0,69.0,4.0,1.0,42.0,54.0,6.0
5025,2019-07-29 09:00:00,550.23,334.0,69.0,4.0,1.0,48.0,52.0,6.0
5026,2019-07-29 10:00:00,557.83,334.0,69.0,4.0,1.0,41.0,52.0,6.0
5027,2019-07-29 11:00:00,553.74,332.0,69.0,4.0,1.0,40.0,56.0,6.0
5028,2019-07-29 12:00:00,556.59,330.0,71.0,4.0,1.0,35.0,57.0,6.0
5029,2019-07-29 13:00:00,562.18,331.0,72.0,4.0,1.0,29.0,58.0,6.0
5030,2019-07-29 14:00:00,572.46,331.0,72.0,4.0,1.0,20.0,58.0,6.0
5031,2019-07-29 15:00:00,578.77,331.0,71.0,4.0,1.0,15.0,58.0,6.0
5032,2019-07-29 16:00:00,574.88,331.0,69.0,4.0,1.0,19.0,58.0,6.0
5033,2019-07-29 17:00:00,581.36,328.0,68.0,4.0,1.0,13.0,58.0,6.0
5034,2019-07-29 18:00:00,576.82,313.0,68.0,4.0,1.0,12.0,58.0,6.0
5035,2019-07-29 19:00:00,566.87,298.0,68.0,4.0,1.0,14.0,59.0,6.0
5036,2019-07-29 20:00:00,565.09,291.0,68.0,4.0,1.0,12.0,60.0,6.0
5037,2019-07-29 21:00:00,559.28,265.0,54.0,4.0,1.0,12.0,60.0,6.0
5038,2019-07-29 22:00:00,558.89,254.0,52.0,4.0,1.0,9.0,60.0,6.0
5039,2019-07-29 23:00:00,561.81,255.0,53.0,4.0,1.0,9.0,58.0,6.0
5040,2019-07-30 00:00:00,551.76,254.0,55.0,4.0,1.0,15.0,58.0,6.0
5041,2019-07-30 01:00:00,547.89,258.0,56.0,4.0,1.0,21.0,56.0,6.0
5042,2019-07-30 02:00:00,507.17,260.0,57.0,4.0,1.0,52.0,58.0,6.0
5043,2019-07-30 03:00:00,488.7,259.0,57.0,4.0,1.0,68.0,58.0,6.0
5044,2019-07-30 04:00:00,483.02,261.0,59.0,4.0,1.0,73.0,59.0,6.0
5045,2019-07-30 05:00:00,513.05,303.0,63.0,4.0,1.0,65.0,59.0,6.0
5046,2019-07-30 06:00:00,507.2,337.0,62.0,4.0,1.0,88.0,59.0,6.0
5047,2019-07-30 07:00:00,502.09,344.0,63.0,4.0,1.0,97.0,59.0,6.0
5048,2019-07-30 08:00:00,487.88,345.0,60.0,4.0,1.0,116.0,58.0,6.0
5049,2019-07-30 09:00:00,474.2,342.0,61.0,4.0,1.0,130.0,59.0,6.0
5050,2019-07-30 10:00:00,487.67,332.0,60.0,4.0,1.0,105.0,62.0,6.0
5051,2019-07-30 11:00:00,512.13,318.0,60.0,4.0,1.0,72.0,61.0,6.0
5052,2019-07-30 12:00:00,507.8,301.0,60.0,4.0,1.0,68.0,61.0,6.0
5053,2019-07-30 13:00:00,513.58,319.0,60.0,4.0,1.0,70.0,62.0,6.0
5054,2019-07-30 14:00:00,489.05,297.0,60.0,4.0,1.0,85.0,61.0,6.0
5055,2019-07-30 15:00:00,475.96,291.0,58.0,4.0,1.0,97.0,60.0,6.0
5056,2019-07-30 16:00:00,469.29,281.0,54.0,4.0,1.0,100.0,59.0,6.0
5057,2019-07-30 17:00:00,502.71,307.0,53.0,4.0,1.0,81.0,58.0,6.0
5058,2019-07-30 18:00:00,463.71,274.0,52.0,4.0,1.0,102.0,59.0,6.0
5059,2019-07-30 19:00:00,457.09,280.0,53.0,4.0,1.0,113.0,59.0,6.0
5060,2019-07-30 20:00:00,451.6,274.0,54.0,4.0,1.0,114.0,60.0,6.0
5061,2019-07-30 21:00:00,440.67,273.0,54.0,4.0,1.0,125.0,61.0,6.0
5062,2019-07-30 22:00:00,453.05,272.0,54.0,4.0,1.0,111.0,60.0,6.0
5063,2019-07-30 23:00:00,456.77,274.0,55.0,4.0,1.0,110.0,58.0,6.0
5064,2019-07-31 00:00:00,444.38,274.0,56.0,4.0,1.0,124.0,58.0,6.0
5065,2019-07-31 01:00:00,458.89,273.0,55.0,4.0,1.0,109.0,56.0,6.0
5066,2019-07-31 02:00:00,458.02,274.0,53.0,4.0,1.0,109.0,58.0,6.0
5067,2019-07-31 03:00:00,455.12,276.0,56.0,4.0,1.0,112.0,59.0,6.0
5068,2019-07-31 04:00:00,473.41,291.0,57.0,4.0,1.0,101.0,59.0,6.0
5069,2019-07-31 05:00:00,501.03,326.0,55.0,4.0,1.0,91.0,59.0,6.0
5070,2019-07-31 06:00:00,529.32,339.0,54.0,4.0,1.0,68.0,59.0,6.0
5071,2019-07-31 07:00:00,547.18,345.0,54.0,4.0,1.0,54.0,58.0,6.0
5072,2019-07-31 08:00:00,554.66,346.0,55.0,4.0,1.0,46.0,59.0,6.0
5073,2019-07-31 09:00:00,561.12,344.0,56.0,4.0,1.0,39.0,59.0,6.0
5074,2019-07-31 10:00:00,568.55,344.0,57.0,4.0,1.0,32.0,59.0,6.0
5075,2019-07-31 11:00:00,568.17,343.0,57.0,4.0,1.0,32.0,59.0,6.0
5076,2019-07-31 12:00:00,572.02,342.0,55.0,4.0,1.0,29.0,59.0,6.0
5077,2019-07-31 13:00:00,567.78,338.0,56.0,3.0,1.0,32.0,59.0,6.0
5078,2019-07-31 14:00:00,545.57,285.0,57.0,3.0,1.0,31.0,59.0,6.0
5079,2019-07-31 15:00:00,551.61,274.0,57.0,3.0,1.0,23.0,58.0,6.0
5080,2019-07-31 16:00:00,562.36,295.0,55.0,3.0,1.0,23.0,58.0,6.0
5081,2019-07-31 17:00:00,571.41,306.0,54.0,3.0,1.0,20.0,58.0,6.0
5082,2019-07-31 18:00:00,569.82,300.0,49.0,3.0,1.0,21.0,58.0,6.0
5083,2019-07-31 19:00:00,570.98,308.0,54.0,3.0,1.0,20.0,59.0,6.0
5084,2019-07-31 20:00:00,571.35,303.0,57.0,3.0,1.0,16.0,60.0,6.0
5085,2019-07-31 21:00:00,550.75,267.0,57.0,4.0,1.0,18.0,60.0,6.0
5086,2019-07-31 22:00:00,544.33,264.0,56.0,4.0,1.0,22.0,60.0,6.0
5087,2019-07-31 23:00:00,544.71,263.0,57.0,4.0,1.0,23.0,58.0,6.0
5088,2019-08-01 00:00:00,532.52,262.0,57.0,4.0,1.0,31.0,59.0,6.0
5089,2019-08-01 01:00:00,538.86,262.0,54.0,4.0,1.0,28.0,58.0,6.0
5090,2019-08-01 02:00:00,543.02,264.0,56.0,4.0,1.0,26.0,57.0,6.0
5091,2019-08-01 03:00:00,554.03,270.0,56.0,4.0,1.0,19.0,58.0,6.0
5092,2019-08-01 04:00:00,573.99,295.0,58.0,4.0,1.0,11.0,59.0,6.0
5093,2019-08-01 05:00:00,576.01,298.0,62.0,4.0,1.0,9.0,59.0,6.0
5094,2019-08-01 06:00:00,579.61,324.0,63.0,4.0,1.0,14.0,59.0,7.0
5095,2019-08-01 07:00:00,572.67,329.0,64.0,4.0,1.0,22.0,58.0,7.0
5096,2019-08-01 08:00:00,550.46,317.0,64.0,4.0,1.0,37.0,58.0,7.0
5097,2019-08-01 09:00:00,544.46,322.0,62.0,4.0,1.0,44.0,59.0,7.0
5098,2019-08-01 10:00:00,542.85,320.0,61.0,4.0,1.0,45.0,59.0,7.0
5099,2019-08-01 11:00:00,552.22,338.0,59.0,4.0,1.0,45.0,58.0,7.0
5100,2019-08-01 12:00:00,555.0,326.0,59.0,4.0,1.0,38.0,58.0,7.0
5101,2019-08-01 13:00:00,561.8,323.0,56.0,4.0,1.0,31.0,59.0,7.0
5102,2019-08-01 14:00:00,559.26,302.0,52.0,4.0,1.0,27.0,59.0,7.0
5103,2019-08-01 15:00:00,568.51,313.0,53.0,4.0,1.0,23.0,59.0,7.0
5104,2019-08-01 16:00:00,578.86,321.0,51.0,4.0,1.0,19.0,58.0,7.0
5105,2019-08-01 17:00:00,569.78,296.0,51.0,4.0,1.0,18.0,58.0,7.0
5106,2019-08-01 18:00:00,555.86,299.0,51.0,4.0,1.0,28.0,60.0,7.0
5107,2019-08-01 19:00:00,538.02,283.0,52.0,4.0,1.0,36.0,60.0,7.0
5108,2019-08-01 20:00:00,537.09,270.0,50.0,4.0,1.0,32.0,60.0,7.0
5109,2019-08-01 21:00:00,527.97,267.0,50.0,4.0,1.0,38.0,60.0,7.0
5110,2019-08-01 22:00:00,532.81,266.0,49.0,4.0,1.0,34.0,60.0,7.0
5111,2019-08-01 23:00:00,543.93,265.0,49.0,4.0,1.0,28.0,57.0,7.0
5112,2019-08-02 00:00:00,557.07,266.0,51.0,4.0,1.0,18.0,57.0,7.0
5113,2019-08-02 01:00:00,560.74,265.0,51.0,4.0,1.0,16.0,56.0,7.0
5114,2019-08-02 02:00:00,553.81,265.0,51.0,4.0,1.0,19.0,58.0,7.0
5115,2019-08-02 03:00:00,568.45,282.0,49.0,4.0,1.0,15.0,58.0,7.0
5116,2019-08-02 04:00:00,565.12,271.0,48.0,4.0,1.0,14.0,58.0,7.0
5117,2019-08-02 05:00:00,561.81,270.0,51.0,4.0,1.0,14.0,59.0,7.0
5118,2019-08-02 06:00:00,585.85,334.0,52.0,4.0,1.0,16.0,59.0,7.0
5119,2019-08-02 07:00:00,575.92,321.0,52.0,4.0,1.0,20.0,59.0,7.0
5120,2019-08-02 08:00:00,580.73,342.0,51.0,4.0,1.0,23.0,59.0,7.0
5121,2019-08-02 09:00:00,572.15,347.0,48.0,4.0,1.0,33.0,59.0,7.0
5122,2019-08-02 10:00:00,556.25,349.0,48.0,4.0,1.0,48.0,59.0,7.0
5123,2019-08-02 11:00:00,529.11,328.0,49.0,4.0,1.0,66.0,58.0,7.0
5124,2019-08-02 12:00:00,533.8,329.0,52.0,4.0,1.0,61.0,58.0,7.0
5125,2019-08-02 13:00:00,535.45,328.0,52.0,4.0,1.0,58.0,59.0,7.0
5126,2019-08-02 14:00:00,533.48,333.0,52.0,4.0,1.0,62.0,59.0,7.0
5127,2019-08-02 15:00:00,534.52,333.0,52.0,4.0,1.0,61.0,59.0,7.0
5128,2019-08-02 16:00:00,543.86,331.0,53.0,4.0,1.0,52.0,58.0,7.0
5129,2019-08-02 17:00:00,536.18,281.0,51.0,4.0,1.0,39.0,58.0,7.0
5130,2019-08-02 18:00:00,524.68,226.0,51.0,4.0,1.0,23.0,59.0,7.0
5131,2019-08-02 19:00:00,449.85,151.0,51.0,4.0,1.0,32.0,60.0,7.0
5132,2019-08-02 20:00:00,422.15,147.0,50.0,4.0,1.0,49.0,60.0,7.0
5133,2019-08-02 21:00:00,386.91,118.0,50.0,4.0,1.0,50.0,60.0,7.0
5134,2019-08-02 22:00:00,374.93,107.0,48.0,4.0,1.0,48.0,60.0,7.0
5135,2019-08-02 23:00:00,363.99,104.0,48.0,4.0,1.0,56.0,57.0,7.0
5136,2019-08-03 00:00:00,379.04,104.0,48.0,4.0,1.0,45.0,57.0,7.0
5137,2019-08-03 01:00:00,386.45,101.0,48.0,4.0,1.0,38.0,56.0,7.0
5138,2019-08-03 02:00:00,383.47,102.0,47.0,4.0,1.0,39.0,58.0,7.0
5139,2019-08-03 03:00:00,389.14,105.0,49.0,4.0,1.0,37.0,59.0,7.0
5140,2019-08-03 04:00:00,370.25,98.0,50.0,4.0,1.0,42.0,60.0,7.0
5141,2019-08-03 05:00:00,386.42,99.0,50.0,4.0,1.0,32.0,60.0,7.0
5142,2019-08-03 06:00:00,383.47,118.0,53.0,4.0,1.0,52.0,60.0,6.0
5143,2019-08-03 07:00:00,374.46,116.0,54.0,4.0,1.0,57.0,60.0,6.0
5144,2019-08-03 08:00:00,377.7,117.0,53.0,4.0,1.0,56.0,60.0,7.0
5145,2019-08-03 09:00:00,390.25,126.0,52.0,4.0,1.0,55.0,60.0,7.0
5146,2019-08-03 10:00:00,366.7,118.0,52.0,4.0,1.0,66.0,60.0,7.0
5147,2019-08-03 11:00:00,400.58,132.0,53.0,4.0,1.0,52.0,60.0,6.0
5148,2019-08-03 12:00:00,369.36,114.0,55.0,4.0,1.0,60.0,59.0,6.0
5149,2019-08-03 13:00:00,378.9,111.0,54.0,4.0,1.0,49.0,60.0,7.0
5150,2019-08-03 14:00:00,371.3,114.0,53.0,4.0,1.0,58.0,60.0,7.0
5151,2019-08-03 15:00:00,378.97,116.0,53.0,4.0,1.0,53.0,61.0,7.0
5152,2019-08-03 16:00:00,402.26,116.0,52.0,4.0,1.0,37.0,60.0,7.0
5153,2019-08-03 17:00:00,409.8,116.0,51.0,4.0,1.0,32.0,60.0,7.0
5154,2019-08-03 18:00:00,403.94,114.0,53.0,4.0,1.0,33.0,61.0,7.0
5155,2019-08-03 19:00:00,396.32,117.0,53.0,4.0,1.0,41.0,61.0,7.0
5156,2019-08-03 20:00:00,382.95,118.0,50.0,4.0,1.0,52.0,61.0,7.0
5157,2019-08-03 21:00:00,418.11,120.0,50.0,4.0,1.0,30.0,60.0,7.0
5158,2019-08-03 22:00:00,433.39,117.0,51.0,4.0,1.0,18.0,60.0,7.0
5159,2019-08-03 23:00:00,445.61,119.0,53.0,4.0,1.0,15.0,57.0,7.0
5160,2019-08-04 00:00:00,454.48,119.0,53.0,4.0,1.0,10.0,57.0,7.0
5161,2019-08-04 01:00:00,465.61,119.0,53.0,4.0,1.0,5.0,56.0,7.0
5162,2019-08-04 02:00:00,461.18,120.0,53.0,4.0,1.0,5.0,59.0,7.0
5163,2019-08-04 03:00:00,444.16,119.0,52.0,4.0,1.0,13.0,60.0,7.0
5164,2019-08-04 04:00:00,435.62,123.0,52.0,4.0,1.0,21.0,60.0,7.0
5165,2019-08-04 05:00:00,431.88,116.0,52.0,4.0,1.0,18.0,60.0,7.0
5166,2019-08-04 06:00:00,411.63,114.0,52.0,4.0,1.0,29.0,60.0,7.0
5167,2019-08-04 07:00:00,423.08,127.0,53.0,4.0,1.0,32.0,60.0,7.0
5168,2019-08-04 08:00:00,427.83,137.0,55.0,4.0,1.0,36.0,60.0,6.0
5169,2019-08-04 09:00:00,410.64,123.0,55.0,4.0,1.0,37.0,60.0,7.0
5170,2019-08-04 10:00:00,383.82,124.0,56.0,4.0,1.0,58.0,60.0,7.0
5171,2019-08-04 11:00:00,377.68,122.0,57.0,4.0,1.0,62.0,59.0,7.0
5172,2019-08-04 12:00:00,382.56,126.0,56.0,3.0,1.0,62.0,60.0,7.0
5173,2019-08-04 13:00:00,380.15,120.0,56.0,3.0,1.0,58.0,60.0,7.0
5174,2019-08-04 14:00:00,386.46,123.0,54.0,3.0,1.0,55.0,61.0,7.0
5175,2019-08-04 15:00:00,386.54,120.0,55.0,3.0,1.0,53.0,60.0,7.0
5176,2019-08-04 16:00:00,383.96,122.0,54.0,3.0,1.0,57.0,60.0,7.0
5177,2019-08-04 17:00:00,389.21,140.0,55.0,3.0,1.0,70.0,60.0,7.0
5178,2019-08-04 18:00:00,389.79,150.0,55.0,3.0,1.0,78.0,61.0,7.0
5179,2019-08-04 19:00:00,429.99,186.0,51.0,3.0,1.0,73.0,61.0,7.0
5180,2019-08-04 20:00:00,445.17,199.0,52.0,3.0,1.0,70.0,60.0,7.0
5181,2019-08-04 21:00:00,460.13,199.0,52.0,4.0,1.0,56.0,60.0,6.0
5182,2019-08-04 22:00:00,469.24,206.0,52.0,4.0,1.0,53.0,60.0,6.0
5183,2019-08-04 23:00:00,472.08,197.0,54.0,4.0,1.0,48.0,57.0,7.0
5184,2019-08-05 00:00:00,533.31,283.0,55.0,4.0,1.0,42.0,57.0,7.0
5185,2019-08-05 01:00:00,528.06,279.0,54.0,4.0,1.0,47.0,55.0,7.0
5186,2019-08-05 02:00:00,530.39,302.0,54.0,4.0,1.0,52.0,58.0,7.0
5187,2019-08-05 03:00:00,530.4,320.0,53.0,4.0,1.0,60.0,58.0,6.0
5188,2019-08-05 04:00:00,561.09,374.0,55.0,4.0,1.0,51.0,58.0,6.0
5189,2019-08-05 05:00:00,579.64,467.0,56.0,4.0,1.0,61.0,59.0,7.0
5190,2019-08-05 06:00:00,582.04,513.0,57.0,4.0,1.0,72.0,59.0,7.0
5191,2019-08-05 07:00:00,578.23,516.0,56.0,4.0,1.0,78.0,59.0,7.0
5192,2019-08-05 08:00:00,572.75,503.0,55.0,4.0,1.0,81.0,59.0,6.0
5193,2019-08-05 09:00:00,568.27,515.0,54.0,4.0,1.0,91.0,59.0,7.0
5194,2019-08-05 10:00:00,558.4,518.0,54.0,4.0,1.0,105.0,59.0,7.0
5195,2019-08-05 11:00:00,558.98,517.0,27.0,4.0,1.0,114.0,58.0,7.0
5196,2019-08-05 12:00:00,562.35,519.0,28.0,4.0,1.0,110.0,58.0,7.0
5197,2019-08-05 13:00:00,545.95,517.0,28.0,4.0,1.0,130.0,59.0,6.0
5198,2019-08-05 14:00:00,539.11,515.0,30.0,4.0,1.0,139.0,58.0,6.0
5199,2019-08-05 15:00:00,544.24,516.0,28.0,4.0,1.0,132.0,59.0,7.0
5200,2019-08-05 16:00:00,544.55,518.0,26.0,4.0,1.0,133.0,59.0,7.0
5201,2019-08-05 17:00:00,550.99,527.0,25.0,4.0,1.0,130.0,57.0,7.0
5202,2019-08-05 18:00:00,518.14,410.0,25.0,4.0,1.0,121.0,59.0,7.0
5203,2019-08-05 19:00:00,515.05,372.0,31.0,4.0,1.0,105.0,59.0,7.0
5204,2019-08-05 20:00:00,519.22,350.0,35.0,4.0,1.0,88.0,60.0,7.0
5205,2019-08-05 21:00:00,528.01,334.0,38.0,4.0,1.0,71.0,60.0,7.0
5206,2019-08-05 22:00:00,542.34,343.0,38.0,4.0,1.0,62.0,59.0,7.0
5207,2019-08-05 23:00:00,558.4,359.0,38.0,4.0,1.0,56.0,56.0,7.0
5208,2019-08-06 00:00:00,562.42,344.0,38.0,4.0,1.0,47.0,56.0,7.0
5209,2019-08-06 01:00:00,566.57,340.0,38.0,4.0,1.0,43.0,55.0,7.0
5210,2019-08-06 02:00:00,559.43,331.0,38.0,4.0,1.0,44.0,57.0,7.0
5211,2019-08-06 03:00:00,579.13,378.0,36.0,4.0,1.0,43.0,57.0,7.0
5212,2019-08-06 04:00:00,615.12,473.0,35.0,4.0,1.0,35.0,57.0,7.0
5213,2019-08-06 05:00:00,623.8,513.0,38.0,4.0,1.0,32.0,59.0,7.0
5214,2019-08-06 06:00:00,625.99,519.0,38.0,4.0,1.0,31.0,59.0,7.0
5215,2019-08-06 07:00:00,625.58,512.0,38.0,4.0,1.0,30.0,59.0,6.0
5216,2019-08-06 08:00:00,622.94,518.0,38.0,4.0,1.0,34.0,59.0,7.0
5217,2019-08-06 09:00:00,611.39,516.0,38.0,4.0,1.0,47.0,58.0,7.0
5218,2019-08-06 10:00:00,608.35,517.0,37.0,4.0,1.0,50.0,59.0,7.0
5219,2019-08-06 11:00:00,608.28,516.0,34.0,4.0,1.0,52.0,58.0,7.0
5220,2019-08-06 12:00:00,606.49,517.0,50.0,4.0,1.0,47.0,59.0,7.0
5221,2019-08-06 13:00:00,600.27,514.0,56.0,4.0,1.0,50.0,60.0,7.0
5222,2019-08-06 14:00:00,618.19,530.0,60.0,4.0,1.0,32.0,60.0,7.0
5223,2019-08-06 15:00:00,633.95,525.0,57.0,4.0,1.0,15.0,60.0,7.0
5224,2019-08-06 16:00:00,635.15,514.0,56.0,4.0,1.0,14.0,58.0,7.0
5225,2019-08-06 17:00:00,643.4,517.0,54.0,4.0,1.0,7.0,58.0,7.0
5226,2019-08-06 18:00:00,639.44,513.0,57.0,4.0,1.0,7.0,60.0,7.0
5227,2019-08-06 19:00:00,623.85,446.0,56.0,4.0,1.0,9.0,60.0,7.0
5228,2019-08-06 20:00:00,592.33,362.0,54.0,4.0,1.0,17.0,60.0,7.0
5229,2019-08-06 21:00:00,589.45,344.0,52.0,4.0,1.0,15.0,60.0,7.0
5230,2019-08-06 22:00:00,595.4,347.0,52.0,4.0,1.0,11.0,60.0,7.0
5231,2019-08-06 23:00:00,593.21,354.0,54.0,4.0,1.0,17.0,57.0,7.0
5232,2019-08-07 00:00:00,593.64,341.0,54.0,4.0,1.0,14.0,56.0,7.0
5233,2019-08-07 01:00:00,599.1,340.0,55.0,4.0,1.0,10.0,55.0,7.0
5234,2019-08-07 02:00:00,607.49,358.0,55.0,4.0,1.0,5.0,58.0,7.0
5235,2019-08-07 03:00:00,606.56,359.0,55.0,4.0,1.0,6.0,58.0,7.0
5236,2019-08-07 04:00:00,636.25,489.0,56.0,4.0,1.0,8.0,58.0,7.0
5237,2019-08-07 05:00:00,638.7,508.0,52.0,4.0,1.0,10.0,59.0,6.0
5238,2019-08-07 06:00:00,635.32,514.0,51.0,4.0,1.0,15.0,59.0,6.0
5239,2019-08-07 07:00:00,634.56,513.0,50.0,4.0,1.0,15.0,60.0,6.0
5240,2019-08-07 08:00:00,629.48,513.0,53.0,4.0,1.0,20.0,59.0,6.0
5241,2019-08-07 09:00:00,627.98,517.0,54.0,4.0,1.0,22.0,59.0,6.0
5242,2019-08-07 10:00:00,628.29,511.0,55.0,4.0,1.0,20.0,59.0,6.0
5243,2019-08-07 11:00:00,631.43,516.0,52.0,4.0,1.0,20.0,58.0,6.0
5244,2019-08-07 12:00:00,633.7,514.0,55.0,4.0,1.0,17.0,57.0,6.0
5245,2019-08-07 13:00:00,630.55,509.0,58.0,4.0,1.0,15.0,60.0,6.0
5246,2019-08-07 14:00:00,635.06,519.0,54.0,4.0,1.0,14.0,60.0,6.0
5247,2019-08-07 15:00:00,634.26,519.0,56.0,4.0,1.0,15.0,59.0,6.0
5248,2019-08-07 16:00:00,640.15,518.0,53.0,3.0,1.0,12.0,58.0,6.0
5249,2019-08-07 17:00:00,640.62,522.0,56.0,3.0,1.0,11.0,58.0,6.0
5250,2019-08-07 18:00:00,627.46,452.0,56.0,3.0,1.0,8.0,60.0,6.0
5251,2019-08-07 19:00:00,610.23,383.0,55.0,3.0,1.0,8.0,60.0,6.0
5252,2019-08-07 20:00:00,601.38,358.0,55.0,3.0,1.0,8.0,61.0,6.0
5253,2019-08-07 21:00:00,599.32,354.0,54.0,3.0,1.0,10.0,60.0,6.0
5254,2019-08-07 22:00:00,595.99,360.0,55.0,3.0,1.0,13.0,61.0,6.0
5255,2019-08-07 23:00:00,599.73,382.0,57.0,3.0,1.0,18.0,58.0,6.0
5256,2019-08-08 00:00:00,592.38,355.0,54.0,3.0,1.0,20.0,56.0,6.0
5257,2019-08-08 01:00:00,583.39,355.0,53.0,3.0,1.0,29.0,55.0,6.0
5258,2019-08-08 02:00:00,577.26,356.0,52.0,4.0,1.0,31.0,58.0,6.0
5259,2019-08-08 03:00:00,587.91,384.0,52.0,4.0,1.0,30.0,58.0,6.0
5260,2019-08-08 04:00:00,628.56,516.0,52.0,4.0,1.0,23.0,58.0,6.0
5261,2019-08-08 05:00:00,633.28,521.0,57.0,4.0,1.0,17.0,58.0,6.0
5262,2019-08-08 06:00:00,637.42,533.0,57.0,4.0,1.0,14.0,59.0,6.0
5263,2019-08-08 07:00:00,635.37,527.0,57.0,4.0,1.0,14.0,60.0,6.0
5264,2019-08-08 08:00:00,637.09,526.0,57.0,4.0,1.0,13.0,59.0,6.0
5265,2019-08-08 09:00:00,639.89,525.0,52.0,4.0,1.0,12.0,59.0,6.0
5266,2019-08-08 10:00:00,640.77,525.0,52.0,4.0,1.0,11.0,59.0,7.0
5267,2019-08-08 11:00:00,638.48,517.0,54.0,4.0,1.0,11.0,59.0,7.0
5268,2019-08-08 12:00:00,635.58,515.0,53.0,4.0,1.0,10.0,63.0,7.0
5269,2019-08-08 13:00:00,638.75,544.0,56.0,4.0,1.0,10.0,64.0,7.0
5270,2019-08-08 14:00:00,640.27,513.0,55.0,4.0,1.0,7.0,60.0,7.0
5271,2019-08-08 15:00:00,643.01,525.0,56.0,4.0,1.0,6.0,60.0,7.0
5272,2019-08-08 16:00:00,644.54,521.0,53.0,4.0,1.0,7.0,58.0,7.0
5273,2019-08-08 17:00:00,646.56,522.0,51.0,4.0,1.0,6.0,58.0,7.0
5274,2019-08-08 18:00:00,631.09,445.0,49.0,4.0,1.0,5.0,60.0,7.0
5275,2019-08-08 19:00:00,623.3,417.0,49.0,4.0,1.0,5.0,61.0,7.0
5276,2019-08-08 20:00:00,623.41,423.0,52.0,4.0,1.0,5.0,61.0,7.0
5277,2019-08-08 21:00:00,599.95,348.0,51.0,4.0,1.0,8.0,60.0,7.0
5278,2019-08-08 22:00:00,598.17,351.0,49.0,4.0,1.0,11.0,60.0,7.0
5279,2019-08-08 23:00:00,604.26,349.0,48.0,4.0,1.0,10.0,56.0,7.0
5280,2019-08-09 00:00:00,601.58,350.0,49.0,4.0,1.0,12.0,56.0,7.0
5281,2019-08-09 01:00:00,602.94,345.0,48.0,4.0,1.0,11.0,55.0,7.0
5282,2019-08-09 02:00:00,599.38,336.0,49.0,4.0,1.0,8.0,58.0,7.0
5283,2019-08-09 03:00:00,616.28,387.0,47.0,4.0,1.0,8.0,58.0,7.0
5284,2019-08-09 04:00:00,641.56,504.0,48.0,4.0,1.0,9.0,58.0,7.0
5285,2019-08-09 05:00:00,642.92,516.0,50.0,4.0,1.0,8.0,59.0,7.0
5286,2019-08-09 06:00:00,642.38,520.0,53.0,4.0,1.0,9.0,58.0,7.0
5287,2019-08-09 07:00:00,639.03,520.0,54.0,4.0,1.0,11.0,59.0,7.0
5288,2019-08-09 08:00:00,636.87,518.0,56.0,4.0,1.0,11.0,60.0,7.0
5289,2019-08-09 09:00:00,636.12,520.0,54.0,4.0,1.0,14.0,59.0,7.0
5290,2019-08-09 10:00:00,633.05,514.0,54.0,4.0,1.0,16.0,59.0,7.0
5291,2019-08-09 11:00:00,633.23,522.0,55.0,4.0,1.0,17.0,59.0,7.0
5292,2019-08-09 12:00:00,633.26,523.0,53.0,4.0,1.0,18.0,59.0,7.0
5293,2019-08-09 13:00:00,630.55,516.0,54.0,4.0,1.0,19.0,59.0,7.0
5294,2019-08-09 14:00:00,625.44,489.0,53.0,4.0,1.0,18.0,60.0,7.0
5295,2019-08-09 15:00:00,620.45,470.0,55.0,4.0,1.0,18.0,60.0,7.0
5296,2019-08-09 16:00:00,624.02,443.0,54.0,4.0,1.0,10.0,59.0,7.0
5297,2019-08-09 17:00:00,631.1,456.0,52.0,4.0,1.0,8.0,58.0,7.0
5298,2019-08-09 18:00:00,601.99,358.0,51.0,4.0,1.0,9.0,60.0,7.0
5299,2019-08-09 19:00:00,567.97,278.0,49.0,4.0,1.0,11.0,61.0,7.0
5300,2019-08-09 20:00:00,570.31,273.0,48.0,4.0,1.0,8.0,61.0,7.0
5301,2019-08-09 21:00:00,569.13,272.0,58.0,4.0,1.0,6.0,60.0,7.0
5302,2019-08-09 22:00:00,511.22,181.0,65.0,4.0,1.0,6.0,60.0,7.0
5303,2019-08-09 23:00:00,465.55,126.0,65.0,4.0,1.0,6.0,57.0,7.0
5304,2019-08-10 00:00:00,469.9,127.0,61.0,4.0,1.0,5.0,57.0,7.0
5305,2019-08-10 01:00:00,472.32,124.0,51.0,4.0,1.0,5.0,56.0,7.0
5306,2019-08-10 02:00:00,473.23,125.0,47.0,3.0,1.0,4.0,59.0,7.0
5307,2019-08-10 03:00:00,475.12,127.0,48.0,3.0,1.0,4.0,59.0,7.0
5308,2019-08-10 04:00:00,472.48,128.0,48.0,3.0,1.0,6.0,59.0,7.0
5309,2019-08-10 05:00:00,465.02,127.0,50.0,3.0,1.0,8.0,60.0,7.0
5310,2019-08-10 06:00:00,464.49,136.0,55.0,3.0,1.0,12.0,61.0,7.0
5311,2019-08-10 07:00:00,488.05,167.0,55.0,3.0,1.0,16.0,61.0,7.0
5312,2019-08-10 08:00:00,480.55,169.0,55.0,3.0,1.0,22.0,61.0,7.0
5313,2019-08-10 09:00:00,468.15,161.0,56.0,3.0,1.0,25.0,61.0,6.0
5314,2019-08-10 10:00:00,472.15,163.0,54.0,3.0,1.0,25.0,60.0,6.0
5315,2019-08-10 11:00:00,485.25,171.0,51.0,3.0,1.0,23.0,59.0,7.0
5316,2019-08-10 12:00:00,483.5,169.0,51.0,3.0,1.0,23.0,59.0,7.0
5317,2019-08-10 13:00:00,480.24,168.0,49.0,4.0,1.0,23.0,60.0,7.0
5318,2019-08-10 14:00:00,487.11,166.0,51.0,4.0,1.0,18.0,59.0,7.0
5319,2019-08-10 15:00:00,496.46,166.0,48.0,4.0,1.0,13.0,59.0,7.0
5320,2019-08-10 16:00:00,496.82,165.0,49.0,4.0,1.0,12.0,59.0,7.0
5321,2019-08-10 17:00:00,490.12,164.0,47.0,4.0,1.0,16.0,59.0,7.0
5322,2019-08-10 18:00:00,473.57,169.0,49.0,4.0,1.0,27.0,61.0,7.0
5323,2019-08-10 19:00:00,472.02,168.0,51.0,4.0,1.0,27.0,61.0,7.0
5324,2019-08-10 20:00:00,465.94,169.0,50.0,4.0,1.0,32.0,61.0,7.0
5325,2019-08-10 21:00:00,454.52,170.0,49.0,4.0,1.0,42.0,60.0,7.0
5326,2019-08-10 22:00:00,398.37,136.0,50.0,4.0,1.0,58.0,60.0,7.0
5327,2019-08-10 23:00:00,376.6,121.0,50.0,4.0,1.0,64.0,57.0,7.0
5328,2019-08-11 00:00:00,357.35,131.0,49.0,4.0,1.0,91.0,57.0,6.0
5329,2019-08-11 01:00:00,347.46,128.0,53.0,4.0,1.0,98.0,57.0,7.0
5330,2019-08-11 02:00:00,395.32,140.0,52.0,4.0,1.0,67.0,57.0,7.0
5331,2019-08-11 03:00:00,361.21,121.0,52.0,4.0,1.0,75.0,59.0,7.0
5332,2019-08-11 04:00:00,362.73,125.0,50.0,4.0,1.0,78.0,59.0,7.0
5333,2019-08-11 05:00:00,359.68,133.0,48.0,4.0,1.0,89.0,59.0,6.0
5334,2019-08-11 06:00:00,345.92,127.0,48.0,4.0,1.0,96.0,59.0,7.0
5335,2019-08-11 07:00:00,363.13,129.0,49.0,4.0,1.0,82.0,59.0,7.0
5336,2019-08-11 08:00:00,358.73,128.0,51.0,4.0,1.0,84.0,60.0,7.0
5337,2019-08-11 09:00:00,364.17,128.0,51.0,4.0,1.0,79.0,60.0,7.0
5338,2019-08-11 10:00:00,357.72,129.0,49.0,4.0,1.0,87.0,59.0,7.0
5339,2019-08-11 11:00:00,332.73,118.0,48.0,4.0,1.0,98.0,59.0,7.0
5340,2019-08-11 12:00:00,311.68,118.0,50.0,4.0,1.0,120.0,60.0,7.0
5341,2019-08-11 13:00:00,319.24,122.0,50.0,4.0,1.0,117.0,60.0,7.0
5342,2019-08-11 14:00:00,340.1,123.0,49.0,4.0,1.0,96.0,60.0,7.0
5343,2019-08-11 15:00:00,365.33,129.0,49.0,4.0,1.0,79.0,60.0,7.0
5344,2019-08-11 16:00:00,386.36,128.0,52.0,4.0,1.0,61.0,59.0,7.0
5345,2019-08-11 17:00:00,390.18,130.0,49.0,4.0,1.0,60.0,59.0,7.0
5346,2019-08-11 18:00:00,367.41,127.0,49.0,4.0,1.0,75.0,60.0,7.0
5347,2019-08-11 19:00:00,361.11,130.0,51.0,4.0,1.0,76.0,68.0,7.0
5348,2019-08-11 20:00:00,341.95,126.0,51.0,4.0,1.0,85.0,73.0,7.0
5349,2019-08-11 21:00:00,339.87,122.0,49.0,3.0,1.0,84.0,72.0,7.0
5350,2019-08-11 22:00:00,334.54,121.0,48.0,3.0,1.0,88.0,72.0,7.0
5351,2019-08-11 23:00:00,393.81,148.0,47.0,3.0,1.0,66.0,68.0,7.0
5352,2019-08-12 00:00:00,415.72,164.0,50.0,3.0,1.0,61.0,68.0,7.0
5353,2019-08-12 01:00:00,422.02,172.0,51.0,3.0,1.0,63.0,67.0,7.0
5354,2019-08-12 02:00:00,403.23,155.0,50.0,3.0,1.0,62.0,70.0,7.0
5355,2019-08-12 03:00:00,430.5,181.0,49.0,3.0,1.0,60.0,70.0,7.0
5356,2019-08-12 04:00:00,465.66,225.0,48.0,3.0,1.0,60.0,70.0,7.0
5357,2019-08-12 05:00:00,487.83,256.0,50.0,3.0,1.0,56.0,72.0,7.0
5358,2019-08-12 06:00:00,527.05,330.0,52.0,3.0,1.0,55.0,72.0,7.0
5359,2019-08-12 07:00:00,524.6,360.0,55.0,4.0,1.0,66.0,75.0,7.0
5360,2019-08-12 08:00:00,535.21,378.0,56.0,4.0,1.0,61.0,76.0,7.0
5361,2019-08-12 09:00:00,542.69,394.0,54.0,4.0,1.0,61.0,75.0,7.0
5362,2019-08-12 10:00:00,546.34,405.0,55.0,4.0,1.0,60.0,76.0,7.0
5363,2019-08-12 11:00:00,529.31,406.0,55.0,4.0,1.0,82.0,74.0,7.0
5364,2019-08-12 12:00:00,520.09,410.0,55.0,4.0,1.0,95.0,74.0,7.0
5365,2019-08-12 13:00:00,539.0,406.0,54.0,4.0,1.0,70.0,75.0,7.0
5366,2019-08-12 14:00:00,556.42,395.0,50.0,4.0,1.0,48.0,75.0,7.0
5367,2019-08-12 15:00:00,577.81,406.0,50.0,4.0,1.0,31.0,74.0,7.0
5368,2019-08-12 16:00:00,583.99,402.0,52.0,4.0,1.0,24.0,73.0,7.0
5369,2019-08-12 17:00:00,580.35,400.0,49.0,4.0,1.0,27.0,74.0,7.0
5370,2019-08-12 18:00:00,577.92,400.0,50.0,4.0,1.0,28.0,75.0,7.0
5371,2019-08-12 19:00:00,540.03,324.0,49.0,4.0,1.0,37.0,75.0,7.0
5372,2019-08-12 20:00:00,537.38,314.0,50.0,4.0,1.0,34.0,76.0,7.0
5373,2019-08-12 21:00:00,535.35,312.0,50.0,4.0,1.0,36.0,75.0,7.0
5374,2019-08-12 22:00:00,539.24,310.0,49.0,4.0,1.0,32.0,75.0,7.0
5375,2019-08-12 23:00:00,558.39,348.0,47.0,4.0,1.0,34.0,71.0,7.0
5376,2019-08-13 00:00:00,565.66,375.0,49.0,4.0,1.0,36.0,71.0,7.0
5377,2019-08-13 01:00:00,568.45,370.0,48.0,3.0,1.0,34.0,70.0,7.0
5378,2019-08-13 02:00:00,562.86,372.0,48.0,3.0,1.0,36.0,74.0,7.0
5379,2019-08-13 03:00:00,570.88,404.0,48.0,3.0,1.0,35.0,78.0,7.0
5380,2019-08-13 04:00:00,591.28,496.0,49.0,3.0,1.0,38.0,81.0,7.0
5381,2019-08-13 05:00:00,593.94,501.0,50.0,3.0,1.0,36.0,81.0,7.0
5382,2019-08-13 06:00:00,600.34,510.0,53.0,3.0,1.0,30.0,81.0,7.0
5383,2019-08-13 07:00:00,599.2,508.0,55.0,3.0,1.0,27.0,84.0,7.0
5384,2019-08-13 08:00:00,596.58,513.0,56.0,3.0,1.0,31.0,84.0,7.0
5385,2019-08-13 09:00:00,597.04,509.0,57.0,3.0,1.0,29.0,84.0,7.0
5386,2019-08-13 10:00:00,585.55,492.0,61.0,3.0,1.0,36.0,84.0,7.0
5387,2019-08-13 11:00:00,584.22,508.0,62.0,3.0,1.0,42.0,84.0,7.0
5388,2019-08-13 12:00:00,583.07,510.0,62.0,3.0,1.0,45.0,83.0,7.0
5389,2019-08-13 13:00:00,577.46,508.0,60.0,3.0,1.0,51.0,84.0,7.0
5390,2019-08-13 14:00:00,563.0,509.0,62.0,3.0,1.0,69.0,84.0,7.0
5391,2019-08-13 15:00:00,574.68,511.0,64.0,4.0,1.0,53.0,84.0,7.0
5392,2019-08-13 16:00:00,582.43,514.0,62.0,4.0,1.0,47.0,82.0,7.0
5393,2019-08-13 17:00:00,583.67,510.0,60.0,4.0,1.0,44.0,83.0,7.0
5394,2019-08-13 18:00:00,581.64,477.0,61.0,4.0,1.0,39.0,80.0,7.0
5395,2019-08-13 19:00:00,564.81,428.0,61.0,4.0,1.0,45.0,77.0,7.0
5396,2019-08-13 20:00:00,543.88,387.0,60.0,4.0,1.0,49.0,81.0,7.0
5397,2019-08-13 21:00:00,530.61,383.0,60.0,4.0,1.0,59.0,84.0,7.0
5398,2019-08-13 22:00:00,516.2,364.0,59.0,4.0,1.0,71.0,80.0,7.0
5399,2019-08-13 23:00:00,531.52,377.0,58.0,4.0,1.0,63.0,77.0,7.0
5400,2019-08-14 00:00:00,537.96,394.0,58.0,4.0,1.0,62.0,78.0,7.0
5401,2019-08-14 01:00:00,536.51,406.0,60.0,4.0,1.0,69.0,77.0,7.0
5402,2019-08-14 02:00:00,518.9,405.0,59.0,4.0,1.0,88.0,79.0,7.0
5403,2019-08-14 03:00:00,522.9,452.0,60.0,4.0,1.0,104.0,79.0,6.0
5404,2019-08-14 04:00:00,572.36,562.0,63.0,4.0,1.0,72.0,85.0,6.0
5405,2019-08-14 05:00:00,590.9,639.0,66.0,4.0,1.0,64.0,89.0,7.0
5406,2019-08-14 06:00:00,598.27,661.0,64.0,4.0,1.0,70.0,79.0,7.0
5407,2019-08-14 07:00:00,585.25,662.0,64.0,4.0,1.0,98.0,71.0,7.0
5408,2019-08-14 08:00:00,574.95,663.0,60.0,4.0,1.0,108.0,79.0,7.0
5409,2019-08-14 09:00:00,550.15,630.0,63.0,4.0,1.0,127.0,88.0,7.0
5410,2019-08-14 10:00:00,564.03,653.0,64.0,4.0,1.0,111.0,89.0,7.0
5411,2019-08-14 11:00:00,550.08,655.0,65.0,4.0,1.0,136.0,88.0,7.0
5412,2019-08-14 12:00:00,541.94,626.0,64.0,4.0,1.0,140.0,87.0,7.0
5413,2019-08-14 13:00:00,543.67,610.0,63.0,4.0,1.0,130.0,88.0,7.0
5414,2019-08-14 14:00:00,554.66,598.0,65.0,4.0,1.0,109.0,86.0,7.0
5415,2019-08-14 15:00:00,567.13,620.0,66.0,4.0,1.0,101.0,82.0,7.0
5416,2019-08-14 16:00:00,581.21,661.0,64.0,4.0,1.0,93.0,82.0,7.0
5417,2019-08-14 17:00:00,597.9,676.0,63.0,4.0,1.0,70.0,84.0,7.0
5418,2019-08-14 18:00:00,587.69,619.0,63.0,4.0,1.0,67.0,86.0,7.0
5419,2019-08-14 19:00:00,563.74,530.0,63.0,4.0,1.0,71.0,87.0,7.0
5420,2019-08-14 20:00:00,536.17,448.0,63.0,4.0,1.0,76.0,87.0,7.0
5421,2019-08-14 21:00:00,510.11,377.0,64.0,4.0,1.0,79.0,84.0,7.0
5422,2019-08-14 22:00:00,506.22,377.0,63.0,4.0,1.0,87.0,81.0,7.0
5423,2019-08-14 23:00:00,515.07,391.0,63.0,4.0,1.0,85.0,79.0,7.0
5424,2019-08-15 00:00:00,512.29,373.0,62.0,4.0,1.0,80.0,79.0,7.0
5425,2019-08-15 01:00:00,510.44,370.0,61.0,4.0,1.0,83.0,77.0,7.0
5426,2019-08-15 02:00:00,511.7,371.0,61.0,4.0,1.0,79.0,80.0,7.0
5427,2019-08-15 03:00:00,528.17,407.0,61.0,4.0,1.0,74.0,82.0,7.0
5428,2019-08-15 04:00:00,545.81,496.0,62.0,4.0,1.0,83.0,87.0,6.0
5429,2019-08-15 05:00:00,541.55,497.0,66.0,4.0,1.0,86.0,89.0,7.0
5430,2019-08-15 06:00:00,537.2,492.0,66.0,4.0,1.0,90.0,89.0,7.0
5431,2019-08-15 07:00:00,533.51,501.0,66.0,4.0,1.0,98.0,90.0,7.0
5432,2019-08-15 08:00:00,513.82,496.0,66.0,4.0,1.0,126.0,89.0,7.0
5433,2019-08-15 09:00:00,515.26,479.0,65.0,4.0,1.0,116.0,89.0,7.0
5434,2019-08-15 10:00:00,479.5,385.0,64.0,4.0,1.0,117.0,90.0,7.0
5435,2019-08-15 11:00:00,478.16,389.0,65.0,4.0,1.0,121.0,90.0,7.0
5436,2019-08-15 12:00:00,495.97,406.0,64.0,4.0,1.0,106.0,90.0,7.0
5437,2019-08-15 13:00:00,529.6,462.0,65.0,4.0,1.0,87.0,90.0,7.0
5438,2019-08-15 14:00:00,544.33,489.0,66.0,4.0,1.0,79.0,89.0,7.0
5439,2019-08-15 15:00:00,556.8,493.0,66.0,4.0,1.0,65.0,88.0,7.0
5440,2019-08-15 16:00:00,574.33,492.0,62.0,4.0,1.0,46.0,86.0,7.0
5441,2019-08-15 17:00:00,580.69,492.0,63.0,4.0,1.0,37.0,87.0,7.0
5442,2019-08-15 18:00:00,561.46,459.0,63.0,4.0,1.0,49.0,87.0,7.0
5443,2019-08-15 19:00:00,540.59,415.0,63.0,4.0,1.0,58.0,86.0,7.0
5444,2019-08-15 20:00:00,530.94,376.0,62.0,4.0,1.0,54.0,85.0,7.0
5445,2019-08-15 21:00:00,525.44,366.0,61.0,4.0,1.0,56.0,85.0,7.0
5446,2019-08-15 22:00:00,529.73,363.0,61.0,4.0,1.0,51.0,84.0,7.0
5447,2019-08-15 23:00:00,532.01,354.0,60.0,3.0,1.0,50.0,80.0,7.0
5448,2019-08-16 00:00:00,531.28,359.0,63.0,3.0,1.0,53.0,79.0,7.0
5449,2019-08-16 01:00:00,534.52,360.0,63.0,3.0,1.0,50.0,79.0,7.0
5450,2019-08-16 02:00:00,540.97,365.0,64.0,3.0,1.0,43.0,81.0,7.0
5451,2019-08-16 03:00:00,554.51,377.0,63.0,3.0,1.0,35.0,80.0,7.0
5452,2019-08-16 04:00:00,587.06,478.0,64.0,3.0,1.0,28.0,85.0,7.0
5453,2019-08-16 05:00:00,589.9,493.0,67.0,3.0,1.0,24.0,89.0,7.0
5454,2019-08-16 06:00:00,593.32,487.0,68.0,3.0,1.0,20.0,87.0,7.0
5455,2019-08-16 07:00:00,588.65,488.0,67.0,3.0,1.0,27.0,86.0,7.0
5456,2019-08-16 08:00:00,587.51,498.0,65.0,3.0,1.0,32.0,86.0,7.0
5457,2019-08-16 09:00:00,586.04,498.0,67.0,4.0,1.0,31.0,87.0,7.0
5458,2019-08-16 10:00:00,582.1,474.0,68.0,4.0,1.0,28.0,87.0,7.0
5459,2019-08-16 11:00:00,568.56,401.0,69.0,4.0,1.0,27.0,79.0,7.0
5460,2019-08-16 12:00:00,569.54,407.0,69.0,4.0,1.0,27.0,80.0,7.0
5461,2019-08-16 13:00:00,569.24,408.0,68.0,4.0,1.0,27.0,81.0,7.0
5462,2019-08-16 14:00:00,572.77,409.0,67.0,4.0,1.0,24.0,81.0,7.0
5463,2019-08-16 15:00:00,576.23,415.0,68.0,4.0,1.0,22.0,81.0,7.0
5464,2019-08-16 16:00:00,579.84,415.0,66.0,4.0,1.0,22.0,78.0,7.0
5465,2019-08-16 17:00:00,568.95,407.0,65.0,4.0,1.0,29.0,80.0,6.0
5466,2019-08-16 18:00:00,542.78,383.0,65.0,4.0,1.0,48.0,80.0,7.0
5467,2019-08-16 19:00:00,456.36,255.0,66.0,4.0,1.0,78.0,76.0,7.0
5468,2019-08-16 20:00:00,354.85,147.0,66.0,4.0,1.0,95.0,75.0,7.0
5469,2019-08-16 21:00:00,336.09,143.0,66.0,4.0,1.0,112.0,75.0,7.0
5470,2019-08-16 22:00:00,330.09,135.0,66.0,4.0,1.0,111.0,73.0,7.0
5471,2019-08-16 23:00:00,342.55,137.0,66.0,4.0,1.0,101.0,71.0,7.0
5472,2019-08-17 00:00:00,350.55,136.0,66.0,4.0,1.0,92.0,70.0,7.0
5473,2019-08-17 01:00:00,355.23,136.0,65.0,4.0,1.0,88.0,69.0,7.0
5474,2019-08-17 02:00:00,362.18,137.0,65.0,4.0,1.0,79.0,72.0,7.0
5475,2019-08-17 03:00:00,382.09,135.0,65.0,4.0,1.0,57.0,73.0,7.0
5476,2019-08-17 04:00:00,392.5,133.0,66.0,4.0,1.0,45.0,74.0,7.0
5477,2019-08-17 05:00:00,403.36,134.0,66.0,4.0,1.0,35.0,76.0,7.0
5478,2019-08-17 06:00:00,409.5,142.0,66.0,4.0,1.0,36.0,77.0,7.0
5479,2019-08-17 07:00:00,425.57,172.0,66.0,4.0,1.0,48.0,76.0,7.0
5480,2019-08-17 08:00:00,418.58,174.0,65.0,4.0,1.0,57.0,75.0,7.0
5481,2019-08-17 09:00:00,412.9,175.0,66.0,4.0,1.0,64.0,74.0,7.0
5482,2019-08-17 10:00:00,419.4,170.0,65.0,4.0,1.0,54.0,74.0,7.0
5483,2019-08-17 11:00:00,433.0,175.0,65.0,4.0,1.0,46.0,74.0,7.0
5484,2019-08-17 12:00:00,441.98,173.0,65.0,4.0,1.0,38.0,73.0,7.0
5485,2019-08-17 13:00:00,442.18,173.0,64.0,4.0,1.0,37.0,74.0,7.0
5486,2019-08-17 14:00:00,460.07,173.0,64.0,4.0,1.0,23.0,74.0,7.0
5487,2019-08-17 15:00:00,465.45,173.0,64.0,4.0,1.0,19.0,74.0,7.0
5488,2019-08-17 16:00:00,464.06,167.0,65.0,4.0,1.0,18.0,72.0,7.0
5489,2019-08-17 17:00:00,452.3,166.0,65.0,4.0,1.0,23.0,75.0,7.0
5490,2019-08-17 18:00:00,435.97,169.0,65.0,4.0,1.0,36.0,77.0,7.0
5491,2019-08-17 19:00:00,425.81,167.0,65.0,4.0,1.0,43.0,77.0,7.0
5492,2019-08-17 20:00:00,420.26,166.0,65.0,4.0,1.0,47.0,77.0,7.0
5493,2019-08-17 21:00:00,396.41,167.0,65.0,4.0,1.0,70.0,77.0,7.0
5494,2019-08-17 22:00:00,347.54,135.0,65.0,4.0,1.0,89.0,75.0,7.0
5495,2019-08-17 23:00:00,331.88,129.0,65.0,4.0,1.0,102.0,72.0,7.0
5496,2019-08-18 00:00:00,336.07,128.0,65.0,4.0,1.0,96.0,72.0,7.0
5497,2019-08-18 01:00:00,346.1,127.0,65.0,4.0,1.0,85.0,71.0,7.0
5498,2019-08-18 02:00:00,357.01,127.0,65.0,4.0,1.0,72.0,73.0,7.0
5499,2019-08-18 03:00:00,360.86,130.0,65.0,4.0,1.0,71.0,73.0,6.0
5500,2019-08-18 04:00:00,376.46,130.0,66.0,4.0,1.0,56.0,74.0,7.0
5501,2019-08-18 05:00:00,411.79,143.0,66.0,4.0,1.0,35.0,77.0,7.0
5502,2019-08-18 06:00:00,435.72,162.0,65.0,4.0,1.0,31.0,77.0,7.0
5503,2019-08-18 07:00:00,424.85,155.0,65.0,4.0,1.0,36.0,75.0,6.0
5504,2019-08-18 08:00:00,427.23,169.0,65.0,4.0,1.0,46.0,74.0,6.0
5505,2019-08-18 09:00:00,394.27,141.0,65.0,4.0,1.0,50.0,75.0,7.0
5506,2019-08-18 10:00:00,360.55,122.0,64.0,4.0,1.0,62.0,74.0,7.0
5507,2019-08-18 11:00:00,356.43,123.0,64.0,4.0,1.0,68.0,73.0,7.0
5508,2019-08-18 12:00:00,369.96,131.0,64.0,4.0,1.0,64.0,73.0,7.0
5509,2019-08-18 13:00:00,380.97,141.0,64.0,4.0,1.0,62.0,75.0,7.0
5510,2019-08-18 14:00:00,391.17,137.0,64.0,3.0,1.0,51.0,74.0,7.0
5511,2019-08-18 15:00:00,437.92,156.0,64.0,3.0,1.0,29.0,74.0,7.0
5512,2019-08-18 16:00:00,444.57,156.0,64.0,3.0,1.0,26.0,72.0,7.0
5513,2019-08-18 17:00:00,423.96,156.0,64.0,3.0,1.0,40.0,74.0,7.0
5514,2019-08-18 18:00:00,384.91,156.0,64.0,3.0,1.0,74.0,75.0,7.0
5515,2019-08-18 19:00:00,333.54,129.0,64.0,3.0,1.0,98.0,75.0,7.0
5516,2019-08-18 20:00:00,318.66,127.0,65.0,3.0,1.0,113.0,75.0,7.0
5517,2019-08-18 21:00:00,295.55,126.0,65.0,3.0,1.0,143.0,74.0,7.0
5518,2019-08-18 22:00:00,294.2,121.0,65.0,3.0,1.0,139.0,72.0,7.0
5519,2019-08-18 23:00:00,312.96,124.0,65.0,3.0,1.0,120.0,70.0,6.0
5520,2019-08-19 00:00:00,329.43,145.0,65.0,3.0,1.0,129.0,69.0,6.0
5521,2019-08-19 01:00:00,337.11,160.0,65.0,4.0,1.0,137.0,70.0,7.0
5522,2019-08-19 02:00:00,361.81,183.0,65.0,4.0,1.0,131.0,71.0,7.0
5523,2019-08-19 03:00:00,380.73,192.0,65.0,4.0,1.0,118.0,70.0,7.0
5524,2019-08-19 04:00:00,439.81,274.0,65.0,4.0,1.0,114.0,72.0,6.0
5525,2019-08-19 05:00:00,475.66,349.0,67.0,4.0,1.0,118.0,72.0,6.0
5526,2019-08-19 06:00:00,487.65,349.0,67.0,4.0,1.0,102.0,73.0,7.0
5527,2019-08-19 07:00:00,494.53,346.0,67.0,4.0,1.0,92.0,73.0,7.0
5528,2019-08-19 08:00:00,497.95,344.0,66.0,4.0,1.0,87.0,73.0,6.0
5529,2019-08-19 09:00:00,485.92,343.0,66.0,4.0,1.0,100.0,74.0,7.0
5530,2019-08-19 10:00:00,499.16,344.0,65.0,4.0,1.0,86.0,73.0,7.0
5531,2019-08-19 11:00:00,504.61,349.0,66.0,4.0,1.0,82.0,73.0,7.0
5532,2019-08-19 12:00:00,509.27,343.0,65.0,4.0,1.0,74.0,73.0,7.0
5533,2019-08-19 13:00:00,500.47,345.0,65.0,4.0,1.0,83.0,75.0,7.0
5534,2019-08-19 14:00:00,496.61,336.0,64.0,4.0,1.0,84.0,74.0,7.0
5535,2019-08-19 15:00:00,494.53,339.0,64.0,4.0,1.0,88.0,74.0,7.0
5536,2019-08-19 16:00:00,502.1,334.0,63.0,4.0,1.0,80.0,71.0,7.0
5537,2019-08-19 17:00:00,519.9,348.0,64.0,4.0,1.0,64.0,74.0,7.0
5538,2019-08-19 18:00:00,490.13,281.0,65.0,4.0,1.0,60.0,75.0,7.0
5539,2019-08-19 19:00:00,479.99,270.0,65.0,4.0,1.0,64.0,75.0,7.0
5540,2019-08-19 20:00:00,474.91,273.0,65.0,4.0,1.0,70.0,76.0,7.0
5541,2019-08-19 21:00:00,479.34,274.0,65.0,4.0,1.0,68.0,74.0,7.0
5542,2019-08-19 22:00:00,484.11,272.0,65.0,4.0,1.0,64.0,72.0,7.0
5543,2019-08-19 23:00:00,480.4,269.0,65.0,4.0,1.0,69.0,69.0,7.0
5544,2019-08-20 00:00:00,490.74,273.0,65.0,4.0,1.0,61.0,69.0,7.0
5545,2019-08-20 01:00:00,484.12,271.0,66.0,4.0,1.0,66.0,69.0,6.0
5546,2019-08-20 02:00:00,476.42,273.0,66.0,4.0,1.0,72.0,72.0,6.0
5547,2019-08-20 03:00:00,471.48,274.0,66.0,4.0,1.0,77.0,73.0,7.0
5548,2019-08-20 04:00:00,504.02,326.0,66.0,4.0,1.0,69.0,75.0,7.0
5549,2019-08-20 05:00:00,511.17,342.0,66.0,4.0,1.0,67.0,77.0,6.0
5550,2019-08-20 06:00:00,513.91,342.0,66.0,4.0,1.0,63.0,78.0,6.0
5551,2019-08-20 07:00:00,506.79,336.0,66.0,4.0,1.0,69.0,77.0,7.0
5552,2019-08-20 08:00:00,493.46,339.0,65.0,4.0,1.0,86.0,77.0,7.0
5553,2019-08-20 09:00:00,489.13,346.0,65.0,4.0,1.0,95.0,77.0,7.0
5554,2019-08-20 10:00:00,484.33,344.0,64.0,4.0,1.0,100.0,77.0,7.0
5555,2019-08-20 11:00:00,482.0,339.0,64.0,4.0,1.0,101.0,76.0,7.0
5556,2019-08-20 12:00:00,473.63,325.0,64.0,4.0,1.0,103.0,76.0,7.0
5557,2019-08-20 13:00:00,476.58,326.0,64.0,4.0,1.0,100.0,76.0,7.0
5558,2019-08-20 14:00:00,502.15,321.0,64.0,4.0,1.0,68.0,76.0,7.0
5559,2019-08-20 15:00:00,526.35,350.0,64.0,4.0,1.0,56.0,76.0,7.0
5560,2019-08-20 16:00:00,531.37,349.0,65.0,4.0,1.0,52.0,74.0,7.0
5561,2019-08-20 17:00:00,538.42,352.0,65.0,4.0,1.0,45.0,75.0,7.0
5562,2019-08-20 18:00:00,520.39,302.0,65.0,4.0,1.0,39.0,77.0,7.0
5563,2019-08-20 19:00:00,506.04,280.0,65.0,4.0,1.0,42.0,77.0,7.0
5564,2019-08-20 20:00:00,477.26,267.0,65.0,4.0,1.0,63.0,77.0,7.0
5565,2019-08-20 21:00:00,471.79,266.0,65.0,4.0,1.0,69.0,76.0,7.0
5566,2019-08-20 22:00:00,477.32,259.0,65.0,4.0,1.0,61.0,74.0,6.0
5567,2019-08-20 23:00:00,490.23,263.0,65.0,4.0,1.0,53.0,72.0,7.0
5568,2019-08-21 00:00:00,493.18,270.0,65.0,4.0,1.0,55.0,71.0,7.0
5569,2019-08-21 01:00:00,498.71,280.0,65.0,4.0,1.0,56.0,70.0,7.0
5570,2019-08-21 02:00:00,513.09,298.0,65.0,4.0,1.0,49.0,72.0,6.0
5571,2019-08-21 03:00:00,536.48,321.0,65.0,4.0,1.0,37.0,72.0,6.0
5572,2019-08-21 04:00:00,568.93,395.0,65.0,4.0,1.0,31.0,74.0,7.0
5573,2019-08-21 05:00:00,585.63,446.0,67.0,4.0,1.0,30.0,73.0,7.0
5574,2019-08-21 06:00:00,602.82,516.0,68.0,4.0,1.0,29.0,74.0,6.0
5575,2019-08-21 07:00:00,605.66,521.0,68.0,4.0,1.0,27.0,74.0,6.0
5576,2019-08-21 08:00:00,606.38,519.0,67.0,4.0,1.0,27.0,73.0,7.0
5577,2019-08-21 09:00:00,609.88,519.0,67.0,4.0,1.0,23.0,73.0,7.0
5578,2019-08-21 10:00:00,609.43,521.0,67.0,4.0,1.0,24.0,73.0,7.0
5579,2019-08-21 11:00:00,610.31,521.0,67.0,4.0,1.0,23.0,73.0,7.0
5580,2019-08-21 12:00:00,616.78,518.0,67.0,4.0,1.0,15.0,73.0,7.0
5581,2019-08-21 13:00:00,615.88,518.0,67.0,4.0,1.0,15.0,74.0,7.0
5582,2019-08-21 14:00:00,611.21,517.0,67.0,4.0,1.0,20.0,74.0,7.0
5583,2019-08-21 15:00:00,604.99,519.0,66.0,4.0,1.0,27.0,75.0,7.0
5584,2019-08-21 16:00:00,610.7,518.0,64.0,4.0,1.0,24.0,72.0,7.0
5585,2019-08-21 17:00:00,580.43,419.0,65.0,4.0,1.0,27.0,74.0,7.0
5586,2019-08-21 18:00:00,575.06,411.0,65.0,4.0,1.0,27.0,77.0,7.0
5587,2019-08-21 19:00:00,536.77,332.0,63.0,4.0,1.0,37.0,77.0,7.0
5588,2019-08-21 20:00:00,507.56,307.0,65.0,4.0,1.0,54.0,77.0,7.0
5589,2019-08-21 21:00:00,505.62,313.0,65.0,4.0,1.0,61.0,75.0,7.0
5590,2019-08-21 22:00:00,487.4,289.0,66.0,4.0,1.0,69.0,73.0,7.0
5591,2019-08-21 23:00:00,495.39,310.0,66.0,4.0,1.0,75.0,70.0,7.0
5592,2019-08-22 00:00:00,497.5,307.0,66.0,4.0,1.0,71.0,70.0,6.0
5593,2019-08-22 01:00:00,501.76,304.0,66.0,4.0,1.0,67.0,68.0,6.0
5594,2019-08-22 02:00:00,499.51,305.0,66.0,3.0,1.0,68.0,71.0,7.0
5595,2019-08-22 03:00:00,518.08,330.0,66.0,3.0,1.0,61.0,71.0,7.0
5596,2019-08-22 04:00:00,558.49,427.0,66.0,3.0,1.0,55.0,73.0,7.0
5597,2019-08-22 05:00:00,587.71,506.0,68.0,3.0,1.0,45.0,74.0,7.0
5598,2019-08-22 06:00:00,569.9,506.0,68.0,3.0,1.0,65.0,76.0,7.0
5599,2019-08-22 07:00:00,548.84,483.0,68.0,3.0,1.0,84.0,76.0,7.0
5600,2019-08-22 08:00:00,526.78,426.0,68.0,3.0,1.0,90.0,75.0,7.0
5601,2019-08-22 09:00:00,521.18,419.0,68.0,3.0,1.0,106.0,63.0,7.0
5602,2019-08-22 10:00:00,513.51,417.0,68.0,3.0,1.0,108.0,70.0,7.0
5603,2019-08-22 11:00:00,505.99,409.0,68.0,4.0,1.0,110.0,73.0,7.0
5604,2019-08-22 12:00:00,515.8,417.0,68.0,4.0,1.0,101.0,73.0,7.0
5605,2019-08-22 13:00:00,518.92,402.0,68.0,4.0,1.0,88.0,75.0,7.0
5606,2019-08-22 14:00:00,482.07,307.0,66.0,4.0,1.0,83.0,75.0,7.0
5607,2019-08-22 15:00:00,522.33,366.0,66.0,4.0,1.0,68.0,75.0,7.0
5608,2019-08-22 16:00:00,534.22,382.0,65.0,4.0,1.0,66.0,71.0,7.0
5609,2019-08-22 17:00:00,547.33,393.0,65.0,4.0,1.0,55.0,72.0,7.0
5610,2019-08-22 18:00:00,528.38,338.0,66.0,4.0,1.0,50.0,74.0,7.0
5611,2019-08-22 19:00:00,505.8,296.0,66.0,4.0,1.0,53.0,74.0,7.0
5612,2019-08-22 20:00:00,472.51,261.0,66.0,4.0,1.0,67.0,74.0,7.0
5613,2019-08-22 21:00:00,466.31,256.0,66.0,4.0,1.0,71.0,73.0,6.0
5614,2019-08-22 22:00:00,465.33,256.0,66.0,4.0,1.0,73.0,72.0,6.0
5615,2019-08-22 23:00:00,462.46,251.0,66.0,4.0,1.0,76.0,69.0,7.0
5616,2019-08-23 00:00:00,450.75,252.0,66.0,4.0,1.0,89.0,69.0,7.0
5617,2019-08-23 01:00:00,442.09,254.0,66.0,4.0,1.0,102.0,67.0,7.0
5618,2019-08-23 02:00:00,436.07,253.0,65.0,4.0,1.0,104.0,71.0,6.0
5619,2019-08-23 03:00:00,435.36,253.0,66.0,4.0,1.0,105.0,71.0,7.0
5620,2019-08-23 04:00:00,433.07,268.0,66.0,4.0,1.0,116.0,74.0,7.0
5621,2019-08-23 05:00:00,466.92,315.0,68.0,4.0,1.0,105.0,75.0,6.0
5622,2019-08-23 06:00:00,451.17,322.0,67.0,4.0,1.0,129.0,76.0,6.0
5623,2019-08-23 07:00:00,442.5,322.0,68.0,4.0,1.0,141.0,76.0,7.0
5624,2019-08-23 08:00:00,435.21,324.0,67.0,4.0,1.0,153.0,76.0,7.0
5625,2019-08-23 09:00:00,434.01,327.0,67.0,4.0,1.0,157.0,76.0,7.0
5626,2019-08-23 10:00:00,427.55,312.0,67.0,4.0,1.0,156.0,75.0,7.0
5627,2019-08-23 11:00:00,417.94,324.0,68.0,4.0,1.0,180.0,75.0,7.0
5628,2019-08-23 12:00:00,412.12,326.0,68.0,4.0,1.0,191.0,75.0,7.0
5629,2019-08-23 13:00:00,418.5,309.0,67.0,4.0,1.0,166.0,76.0,7.0
5630,2019-08-23 14:00:00,375.02,232.0,67.0,4.0,1.0,162.0,74.0,7.0
5631,2019-08-23 15:00:00,349.58,222.0,66.0,4.0,1.0,191.0,73.0,7.0
5632,2019-08-23 16:00:00,352.15,223.0,65.0,4.0,1.0,192.0,69.0,7.0
5633,2019-08-23 17:00:00,360.41,222.0,64.0,4.0,1.0,176.0,71.0,7.0
5634,2019-08-23 18:00:00,363.52,218.0,65.0,4.0,1.0,164.0,74.0,7.0
5635,2019-08-23 19:00:00,301.06,161.0,62.0,4.0,1.0,186.0,75.0,7.0
5636,2019-08-23 20:00:00,285.38,128.0,54.0,4.0,1.0,155.0,76.0,7.0
5637,2019-08-23 21:00:00,310.38,134.0,36.0,4.0,1.0,128.0,74.0,7.0
5638,2019-08-23 22:00:00,303.99,127.0,38.0,4.0,1.0,126.0,74.0,7.0
5639,2019-08-23 23:00:00,325.59,122.0,43.0,4.0,1.0,99.0,70.0,7.0
5640,2019-08-24 00:00:00,339.31,125.0,46.0,4.0,1.0,90.0,69.0,7.0
5641,2019-08-24 01:00:00,364.22,130.0,43.0,4.0,1.0,71.0,70.0,7.0
5642,2019-08-24 02:00:00,386.31,141.0,43.0,4.0,1.0,61.0,72.0,7.0
5643,2019-08-24 03:00:00,417.45,159.0,45.0,4.0,1.0,51.0,72.0,7.0
5644,2019-08-24 04:00:00,432.56,172.0,45.0,4.0,1.0,47.0,74.0,7.0
5645,2019-08-24 05:00:00,446.85,181.0,44.0,4.0,1.0,42.0,74.0,6.0
5646,2019-08-24 06:00:00,451.39,200.0,48.0,3.0,1.0,50.0,76.0,7.0
5647,2019-08-24 07:00:00,462.8,226.0,49.0,3.0,1.0,57.0,76.0,7.0
5648,2019-08-24 08:00:00,445.14,227.0,51.0,3.0,1.0,74.0,76.0,7.0
5649,2019-08-24 09:00:00,429.44,226.0,53.0,3.0,1.0,89.0,76.0,7.0
5650,2019-08-24 10:00:00,398.23,191.0,51.0,3.0,1.0,94.0,75.0,7.0
5651,2019-08-24 11:00:00,340.62,132.0,54.0,3.0,1.0,94.0,74.0,7.0
5652,2019-08-24 12:00:00,342.97,129.0,56.0,3.0,1.0,87.0,75.0,7.0
5653,2019-08-24 13:00:00,352.19,125.0,56.0,3.0,1.0,73.0,75.0,7.0
5654,2019-08-24 14:00:00,356.45,115.0,56.0,3.0,1.0,57.0,75.0,6.0
5655,2019-08-24 15:00:00,384.75,119.0,53.0,4.0,1.0,37.0,75.0,6.0
5656,2019-08-24 16:00:00,390.85,109.0,52.0,4.0,1.0,24.0,74.0,6.0
5657,2019-08-24 17:00:00,390.77,110.0,52.0,4.0,1.0,24.0,75.0,6.0
5658,2019-08-24 18:00:00,390.54,112.0,53.0,4.0,1.0,25.0,76.0,6.0
5659,2019-08-24 19:00:00,394.78,114.0,51.0,4.0,1.0,23.0,77.0,6.0
5660,2019-08-24 20:00:00,395.32,110.0,50.0,4.0,1.0,19.0,77.0,6.0
5661,2019-08-24 21:00:00,391.81,99.0,51.0,4.0,1.0,12.0,76.0,6.0
5662,2019-08-24 22:00:00,398.74,97.0,49.0,4.0,1.0,7.0,75.0,6.0
5663,2019-08-24 23:00:00,407.34,96.0,50.0,4.0,1.0,4.0,72.0,6.0
5664,2019-08-25 00:00:00,410.43,97.0,51.0,4.0,1.0,3.0,72.0,6.0
5665,2019-08-25 01:00:00,410.6,97.0,50.0,4.0,1.0,4.0,71.0,6.0
5666,2019-08-25 02:00:00,421.64,106.0,51.0,4.0,1.0,3.0,73.0,6.0
5667,2019-08-25 03:00:00,423.02,107.0,51.0,4.0,1.0,3.0,73.0,6.0
5668,2019-08-25 04:00:00,412.64,103.0,49.0,4.0,1.0,4.0,75.0,6.0
5669,2019-08-25 05:00:00,393.59,98.0,50.0,4.0,1.0,9.0,77.0,6.0
5670,2019-08-25 06:00:00,394.22,103.0,54.0,4.0,1.0,13.0,77.0,6.0
5671,2019-08-25 07:00:00,404.54,114.0,55.0,4.0,1.0,16.0,77.0,6.0
5672,2019-08-25 08:00:00,385.19,99.0,58.0,4.0,1.0,17.0,75.0,6.0
5673,2019-08-25 09:00:00,379.42,97.0,56.0,4.0,1.0,18.0,76.0,6.0
5674,2019-08-25 10:00:00,379.46,99.0,55.0,4.0,1.0,20.0,76.0,6.0
5675,2019-08-25 11:00:00,379.46,98.0,55.0,4.0,1.0,20.0,75.0,6.0
5676,2019-08-25 12:00:00,394.98,108.0,56.0,4.0,1.0,20.0,74.0,6.0
5677,2019-08-25 13:00:00,400.67,109.0,57.0,4.0,1.0,17.0,74.0,6.0
5678,2019-08-25 14:00:00,411.39,115.0,58.0,4.0,1.0,15.0,74.0,6.0
5679,2019-08-25 15:00:00,424.66,122.0,58.0,4.0,1.0,12.0,74.0,6.0
5680,2019-08-25 16:00:00,422.79,120.0,55.0,4.0,1.0,13.0,73.0,6.0
5681,2019-08-25 17:00:00,383.54,115.0,53.0,4.0,1.0,33.0,76.0,6.0
5682,2019-08-25 18:00:00,357.03,112.0,53.0,4.0,1.0,50.0,77.0,6.0
5683,2019-08-25 19:00:00,328.13,113.0,53.0,4.0,1.0,77.0,78.0,6.0
5684,2019-08-25 20:00:00,310.99,106.0,52.0,4.0,1.0,87.0,76.0,6.0
5685,2019-08-25 21:00:00,290.53,98.0,54.0,3.0,1.0,99.0,76.0,6.0
5686,2019-08-25 22:00:00,329.11,117.0,51.0,3.0,1.0,87.0,73.0,6.0
5687,2019-08-25 23:00:00,354.41,132.0,50.0,3.0,1.0,83.0,70.0,6.0
5688,2019-08-26 00:00:00,367.03,144.0,52.0,3.0,1.0,82.0,72.0,6.0
5689,2019-08-26 01:00:00,363.92,143.0,53.0,3.0,1.0,83.0,73.0,6.0
5690,2019-08-26 02:00:00,394.82,160.0,52.0,3.0,1.0,67.0,76.0,5.0
5691,2019-08-26 03:00:00,421.06,177.0,52.0,3.0,1.0,58.0,76.0,5.0
5692,2019-08-26 04:00:00,486.08,261.0,51.0,3.0,1.0,49.0,83.0,6.0
5693,2019-08-26 05:00:00,502.75,268.0,53.0,3.0,1.0,34.0,86.0,6.0
5694,2019-08-26 06:00:00,512.68,258.0,51.0,3.0,1.0,21.0,86.0,6.0
5695,2019-08-26 07:00:00,527.28,287.0,51.0,3.0,1.0,22.0,86.0,6.0
5696,2019-08-26 08:00:00,517.58,284.0,55.0,3.0,1.0,30.0,84.0,6.0
5697,2019-08-26 09:00:00,505.07,291.0,55.0,4.0,1.0,43.0,85.0,6.0
5698,2019-08-26 10:00:00,506.88,297.0,56.0,4.0,1.0,44.0,85.0,6.0
5699,2019-08-26 11:00:00,501.75,296.0,58.0,4.0,1.0,49.0,84.0,6.0
5700,2019-08-26 12:00:00,499.01,297.0,59.0,4.0,1.0,52.0,84.0,6.0
5701,2019-08-26 13:00:00,491.49,293.0,57.0,4.0,1.0,57.0,85.0,6.0
5702,2019-08-26 14:00:00,500.18,292.0,56.0,4.0,1.0,50.0,83.0,6.0
5703,2019-08-26 15:00:00,512.29,301.0,55.0,4.0,1.0,44.0,82.0,6.0
5704,2019-08-26 16:00:00,512.51,292.0,53.0,4.0,1.0,40.0,82.0,6.0
5705,2019-08-26 17:00:00,506.68,297.0,53.0,4.0,1.0,45.0,85.0,6.0
5706,2019-08-26 18:00:00,499.29,296.0,52.0,4.0,1.0,50.0,87.0,6.0
5707,2019-08-26 19:00:00,484.49,250.0,52.0,4.0,1.0,41.0,85.0,6.0
5708,2019-08-26 20:00:00,456.27,211.0,53.0,4.0,1.0,44.0,83.0,6.0
5709,2019-08-26 21:00:00,459.95,219.0,53.0,4.0,1.0,47.0,82.0,6.0
5710,2019-08-26 22:00:00,479.05,236.0,51.0,4.0,1.0,42.0,81.0,6.0
5711,2019-08-26 23:00:00,483.08,233.0,50.0,4.0,1.0,39.0,79.0,6.0
5712,2019-08-27 00:00:00,489.83,236.0,54.0,4.0,1.0,35.0,78.0,6.0
5713,2019-08-27 01:00:00,491.36,226.0,55.0,4.0,1.0,29.0,77.0,6.0
5714,2019-08-27 02:00:00,492.79,218.0,53.0,4.0,1.0,21.0,80.0,6.0
5715,2019-08-27 03:00:00,506.79,219.0,49.0,4.0,1.0,13.0,79.0,6.0
5716,2019-08-27 04:00:00,547.98,291.0,52.0,4.0,1.0,9.0,82.0,6.0
5717,2019-08-27 05:00:00,549.11,296.0,52.0,4.0,1.0,6.0,86.0,6.0
5718,2019-08-27 06:00:00,545.53,302.0,53.0,4.0,1.0,10.0,87.0,6.0
5719,2019-08-27 07:00:00,539.17,296.0,53.0,4.0,1.0,14.0,86.0,6.0
5720,2019-08-27 08:00:00,538.96,298.0,53.0,4.0,1.0,16.0,85.0,6.0
5721,2019-08-27 09:00:00,534.66,297.0,54.0,4.0,1.0,18.0,86.0,6.0
5722,2019-08-27 10:00:00,533.69,295.0,54.0,4.0,1.0,19.0,85.0,6.0
5723,2019-08-27 11:00:00,537.44,293.0,54.0,4.0,1.0,18.0,82.0,7.0
5724,2019-08-27 12:00:00,539.79,293.0,54.0,4.0,1.0,16.0,82.0,7.0
5725,2019-08-27 13:00:00,542.33,291.0,54.0,3.0,1.0,12.0,84.0,6.0
5726,2019-08-27 14:00:00,541.28,278.0,53.0,3.0,1.0,8.0,84.0,7.0
5727,2019-08-27 15:00:00,549.49,288.0,51.0,3.0,1.0,6.0,84.0,7.0
5728,2019-08-27 16:00:00,559.39,292.0,47.0,3.0,1.0,4.0,81.0,7.0
5729,2019-08-27 17:00:00,550.01,283.0,50.0,3.0,1.0,4.0,84.0,7.0
5730,2019-08-27 18:00:00,529.42,252.0,51.0,3.0,1.0,5.0,86.0,7.0
5731,2019-08-27 19:00:00,510.6,222.0,52.0,3.0,1.0,7.0,84.0,7.0
5732,2019-08-27 20:00:00,488.73,193.0,55.0,3.0,1.0,9.0,82.0,7.0
5733,2019-08-27 21:00:00,523.37,254.0,53.0,3.0,1.0,15.0,81.0,7.0
5734,2019-08-27 22:00:00,530.86,290.0,52.0,3.0,1.0,26.0,80.0,7.0
5735,2019-08-27 23:00:00,532.83,290.0,53.0,3.0,1.0,28.0,76.0,7.0
5736,2019-08-28 00:00:00,520.84,291.0,53.0,3.0,1.0,40.0,75.0,7.0
5737,2019-08-28 01:00:00,518.5,306.0,53.0,4.0,1.0,47.0,76.0,6.0
5738,2019-08-28 02:00:00,519.39,318.0,52.0,4.0,1.0,50.0,78.0,6.0
5739,2019-08-28 03:00:00,521.36,341.0,51.0,4.0,1.0,58.0,79.0,7.0
5740,2019-08-28 04:00:00,542.65,394.0,51.0,4.0,1.0,56.0,81.0,7.0
5741,2019-08-28 05:00:00,565.9,438.0,53.0,4.0,1.0,48.0,79.0,7.0
5742,2019-08-28 06:00:00,592.88,462.0,56.0,4.0,1.0,28.0,76.0,6.0
5743,2019-08-28 07:00:00,594.55,468.0,61.0,4.0,1.0,27.0,75.0,6.0
5744,2019-08-28 08:00:00,588.77,470.0,66.0,4.0,1.0,33.0,74.0,7.0
5745,2019-08-28 09:00:00,581.65,472.0,65.0,4.0,1.0,42.0,74.0,7.0
5746,2019-08-28 10:00:00,578.77,471.0,65.0,4.0,1.0,45.0,74.0,6.0
5747,2019-08-28 11:00:00,578.34,479.0,65.0,4.0,1.0,43.0,79.0,7.0
5748,2019-08-28 12:00:00,576.77,479.0,59.0,4.0,1.0,43.0,83.0,7.0
5749,2019-08-28 13:00:00,581.8,477.0,55.0,4.0,1.0,38.0,83.0,7.0
5750,2019-08-28 14:00:00,587.29,479.0,56.0,4.0,1.0,31.0,84.0,7.0
5751,2019-08-28 15:00:00,586.43,480.0,54.0,4.0,1.0,32.0,85.0,7.0
5752,2019-08-28 16:00:00,587.45,478.0,52.0,4.0,1.0,34.0,82.0,7.0
5753,2019-08-28 17:00:00,568.44,479.0,53.0,4.0,1.0,53.0,85.0,7.0
5754,2019-08-28 18:00:00,536.56,477.0,52.0,4.0,1.0,92.0,86.0,7.0
5755,2019-08-28 19:00:00,480.58,413.0,50.0,4.0,1.0,139.0,86.0,7.0
5756,2019-08-28 20:00:00,451.21,352.0,49.0,4.0,1.0,145.0,84.0,7.0
5757,2019-08-28 21:00:00,451.41,339.0,48.0,4.0,1.0,138.0,82.0,7.0
5758,2019-08-28 22:00:00,466.72,343.0,49.0,4.0,1.0,122.0,80.0,7.0
5759,2019-08-28 23:00:00,480.28,361.0,55.0,4.0,1.0,115.0,79.0,7.0
5760,2019-08-29 00:00:00,484.0,370.0,65.0,4.0,1.0,113.0,79.0,7.0
5761,2019-08-29 01:00:00,483.06,363.0,66.0,4.0,1.0,110.0,79.0,7.0
5762,2019-08-29 02:00:00,488.4,370.0,66.0,4.0,1.0,105.0,81.0,7.0
5763,2019-08-29 03:00:00,483.71,368.0,66.0,4.0,1.0,109.0,82.0,7.0
5764,2019-08-29 04:00:00,531.5,464.0,66.0,4.0,1.0,90.0,85.0,7.0
5765,2019-08-29 05:00:00,556.75,491.0,67.0,4.0,1.0,64.0,88.0,7.0
5766,2019-08-29 06:00:00,569.08,481.0,67.0,4.0,1.0,45.0,88.0,7.0
5767,2019-08-29 07:00:00,569.91,481.0,67.0,4.0,1.0,44.0,88.0,7.0
5768,2019-08-29 08:00:00,563.42,476.0,56.0,4.0,1.0,55.0,87.0,7.0
5769,2019-08-29 09:00:00,550.84,483.0,57.0,4.0,1.0,73.0,87.0,7.0
5770,2019-08-29 10:00:00,538.66,482.0,56.0,4.0,1.0,89.0,87.0,7.0
5771,2019-08-29 11:00:00,549.78,483.0,52.0,4.0,1.0,77.0,86.0,7.0
5772,2019-08-29 12:00:00,561.88,480.0,51.0,4.0,1.0,62.0,85.0,7.0
5773,2019-08-29 13:00:00,570.71,481.0,50.0,4.0,1.0,50.0,87.0,7.0
5774,2019-08-29 14:00:00,573.65,478.0,29.0,4.0,1.0,54.0,86.0,7.0
5775,2019-08-29 15:00:00,587.1,483.0,30.0,4.0,1.0,40.0,86.0,7.0
5776,2019-08-29 16:00:00,583.37,483.0,25.0,4.0,1.0,48.0,84.0,7.0
5777,2019-08-29 17:00:00,551.05,478.0,23.0,4.0,1.0,83.0,86.0,7.0
5778,2019-08-29 18:00:00,540.73,445.0,25.0,4.0,1.0,81.0,87.0,7.0
5779,2019-08-29 19:00:00,510.15,397.0,23.0,4.0,1.0,98.0,86.0,7.0
5780,2019-08-29 20:00:00,499.32,368.0,20.0,4.0,1.0,99.0,84.0,7.0
5781,2019-08-29 21:00:00,511.88,348.0,20.0,3.0,1.0,77.0,83.0,7.0
5782,2019-08-29 22:00:00,547.79,385.0,20.0,3.0,1.0,58.0,81.0,7.0
5783,2019-08-29 23:00:00,558.47,384.0,26.0,3.0,1.0,48.0,78.0,7.0
5784,2019-08-30 00:00:00,565.31,384.0,30.0,3.0,1.0,42.0,76.0,7.0
5785,2019-08-30 01:00:00,570.16,386.0,33.0,3.0,1.0,35.0,78.0,7.0
5786,2019-08-30 02:00:00,574.42,383.0,33.0,3.0,1.0,29.0,79.0,7.0
5787,2019-08-30 03:00:00,574.73,387.0,33.0,3.0,1.0,30.0,79.0,7.0
5788,2019-08-30 04:00:00,602.74,487.0,33.0,3.0,1.0,26.0,84.0,7.0
5789,2019-08-30 05:00:00,621.47,554.0,37.0,3.0,1.0,17.0,87.0,7.0
5790,2019-08-30 06:00:00,628.23,572.0,35.0,3.0,1.0,13.0,88.0,7.0
5791,2019-08-30 07:00:00,619.29,573.0,34.0,4.0,1.0,23.0,88.0,7.0
5792,2019-08-30 08:00:00,604.79,571.0,34.0,4.0,1.0,41.0,87.0,7.0
5793,2019-08-30 09:00:00,605.81,572.0,34.0,4.0,1.0,39.0,88.0,7.0
5794,2019-08-30 10:00:00,598.25,571.0,37.0,4.0,1.0,49.0,86.0,7.0
5795,2019-08-30 11:00:00,594.7,572.0,47.0,4.0,1.0,53.0,83.0,7.0
5796,2019-08-30 12:00:00,580.95,552.0,58.0,4.0,1.0,61.0,83.0,7.0
5797,2019-08-30 13:00:00,600.14,581.0,56.0,4.0,1.0,44.0,84.0,7.0
5798,2019-08-30 14:00:00,599.07,581.0,57.0,4.0,1.0,45.0,84.0,7.0
5799,2019-08-30 15:00:00,597.32,574.0,58.0,4.0,1.0,48.0,81.0,7.0
5800,2019-08-30 16:00:00,600.49,570.0,55.0,4.0,1.0,43.0,82.0,7.0
5801,2019-08-30 17:00:00,600.72,547.0,54.0,4.0,1.0,34.0,85.0,7.0
5802,2019-08-30 18:00:00,572.52,443.0,54.0,4.0,1.0,35.0,86.0,7.0
5803,2019-08-30 19:00:00,531.65,310.0,55.0,4.0,1.0,28.0,84.0,7.0
5804,2019-08-30 20:00:00,532.29,306.0,54.0,4.0,1.0,27.0,83.0,7.0
5805,2019-08-30 21:00:00,527.41,290.0,52.0,4.0,1.0,25.0,83.0,7.0
5806,2019-08-30 22:00:00,536.66,289.0,54.0,4.0,1.0,18.0,81.0,7.0
5807,2019-08-30 23:00:00,541.62,301.0,53.0,4.0,1.0,22.0,78.0,7.0
5808,2019-08-31 00:00:00,542.19,303.0,54.0,4.0,1.0,22.0,78.0,7.0
5809,2019-08-31 01:00:00,541.37,298.0,53.0,4.0,1.0,22.0,77.0,7.0
5810,2019-08-31 02:00:00,540.57,298.0,52.0,4.0,1.0,20.0,80.0,7.0
5811,2019-08-31 03:00:00,543.49,300.0,53.0,4.0,1.0,18.0,80.0,7.0
5812,2019-08-31 04:00:00,546.23,300.0,52.0,4.0,1.0,14.0,82.0,7.0
5813,2019-08-31 05:00:00,548.87,304.0,53.0,4.0,1.0,12.0,83.0,7.0
5814,2019-08-31 06:00:00,549.14,302.0,53.0,4.0,1.0,10.0,84.0,7.0
5815,2019-08-31 07:00:00,540.57,302.0,54.0,4.0,1.0,17.0,84.0,7.0
5816,2019-08-31 08:00:00,531.01,304.0,55.0,4.0,1.0,25.0,85.0,7.0
5817,2019-08-31 09:00:00,525.06,303.0,55.0,4.0,1.0,30.0,85.0,7.0
5818,2019-08-31 10:00:00,521.79,302.0,57.0,4.0,1.0,33.0,84.0,7.0
5819,2019-08-31 11:00:00,522.91,303.0,55.0,4.0,1.0,33.0,84.0,7.0
5820,2019-08-31 12:00:00,523.83,304.0,57.0,4.0,1.0,32.0,84.0,7.0
5821,2019-08-31 13:00:00,528.0,303.0,56.0,4.0,1.0,28.0,84.0,7.0
5822,2019-08-31 14:00:00,538.43,299.0,56.0,4.0,1.0,18.0,83.0,7.0
5823,2019-08-31 15:00:00,546.76,301.0,58.0,4.0,1.0,12.0,82.0,7.0
5824,2019-08-31 16:00:00,558.01,302.0,55.0,4.0,1.0,6.0,80.0,7.0
5825,2019-08-31 17:00:00,558.81,302.0,53.0,4.0,1.0,5.0,81.0,6.0
5826,2019-08-31 18:00:00,557.54,301.0,52.0,4.0,1.0,5.0,82.0,6.0
5827,2019-08-31 19:00:00,555.49,301.0,51.0,4.0,1.0,6.0,83.0,6.0
5828,2019-08-31 20:00:00,554.09,306.0,51.0,4.0,1.0,8.0,84.0,6.0
5829,2019-08-31 21:00:00,552.04,305.0,52.0,4.0,1.0,10.0,83.0,6.0
5830,2019-08-31 22:00:00,550.68,302.0,52.0,4.0,1.0,11.0,82.0,6.0
5831,2019-08-31 23:00:00,547.9,302.0,53.0,4.0,1.0,16.0,79.0,6.0
5832,2019-09-01 00:00:00,537.4,302.0,53.0,4.0,1.0,25.0,79.0,6.0
5833,2019-09-01 01:00:00,520.29,301.0,53.0,4.0,1.0,41.0,78.0,6.0
5834,2019-09-01 02:00:00,502.94,305.0,52.0,4.0,1.0,57.0,81.0,6.0
5835,2019-09-01 03:00:00,495.34,307.0,52.0,4.0,1.0,65.0,82.0,7.0
5836,2019-09-01 04:00:00,487.7,305.0,52.0,4.0,1.0,71.0,83.0,7.0
5837,2019-09-01 05:00:00,494.79,305.0,54.0,4.0,1.0,61.0,85.0,7.0
5838,2019-09-01 06:00:00,533.32,344.0,58.0,4.0,1.0,39.0,85.0,7.0
5839,2019-09-01 07:00:00,547.07,377.0,59.0,4.0,1.0,36.0,87.0,7.0
5840,2019-09-01 08:00:00,551.6,400.0,59.0,4.0,1.0,39.0,88.0,7.0
5841,2019-09-01 09:00:00,546.53,402.0,60.0,4.0,1.0,46.0,87.0,7.0
5842,2019-09-01 10:00:00,540.14,400.0,58.0,4.0,1.0,54.0,86.0,7.0
5843,2019-09-01 11:00:00,535.34,391.0,57.0,4.0,1.0,57.0,85.0,7.0
5844,2019-09-01 12:00:00,531.79,387.0,58.0,4.0,1.0,59.0,85.0,7.0
5845,2019-09-01 13:00:00,524.29,379.0,58.0,4.0,1.0,64.0,85.0,7.0
5846,2019-09-01 14:00:00,522.86,382.0,58.0,4.0,1.0,67.0,85.0,7.0
5847,2019-09-01 15:00:00,534.78,380.0,57.0,4.0,1.0,54.0,84.0,7.0
5848,2019-09-01 16:00:00,552.66,380.0,54.0,4.0,1.0,36.0,84.0,7.0
5849,2019-09-01 17:00:00,541.51,381.0,54.0,4.0,1.0,46.0,86.0,6.0
5850,2019-09-01 18:00:00,511.25,380.0,53.0,4.0,1.0,78.0,88.0,6.0
5851,2019-09-01 19:00:00,472.55,358.0,52.0,4.0,1.0,116.0,87.0,7.0
5852,2019-09-01 20:00:00,429.43,308.0,54.0,4.0,1.0,142.0,85.0,7.0
5853,2019-09-01 21:00:00,425.0,294.0,53.0,4.0,1.0,140.0,82.0,6.0
5854,2019-09-01 22:00:00,437.09,290.0,53.0,4.0,1.0,121.0,82.0,6.0
5855,2019-09-01 23:00:00,457.13,293.0,56.0,4.0,1.0,103.0,77.0,6.0
5856,2019-09-02 00:00:00,469.82,304.0,57.0,4.0,1.0,94.0,78.0,6.0
5857,2019-09-02 01:00:00,477.48,315.0,56.0,4.0,1.0,93.0,77.0,6.0
5858,2019-09-02 02:00:00,489.18,328.0,56.0,4.0,1.0,85.0,79.0,6.0
5859,2019-09-02 03:00:00,500.33,357.0,55.0,4.0,1.0,88.0,79.0,7.0
5860,2019-09-02 04:00:00,528.53,429.0,55.0,4.0,1.0,83.0,84.0,7.0
5861,2019-09-02 05:00:00,574.63,527.0,59.0,4.0,1.0,57.0,87.0,7.0
5862,2019-09-02 06:00:00,584.97,552.0,60.0,4.0,1.0,51.0,87.0,7.0
5863,2019-09-02 07:00:00,564.76,530.0,59.0,4.0,1.0,73.0,85.0,7.0
5864,2019-09-02 08:00:00,554.72,519.0,61.0,4.0,1.0,83.0,84.0,7.0
5865,2019-09-02 09:00:00,557.26,523.0,61.0,4.0,1.0,81.0,84.0,7.0
5866,2019-09-02 10:00:00,573.73,541.0,61.0,4.0,1.0,65.0,84.0,7.0
5867,2019-09-02 11:00:00,593.04,556.0,62.0,4.0,1.0,45.0,83.0,7.0
5868,2019-09-02 12:00:00,590.08,558.0,63.0,4.0,1.0,50.0,82.0,7.0
5869,2019-09-02 13:00:00,579.49,575.0,61.0,4.0,1.0,69.0,83.0,7.0
5870,2019-09-02 14:00:00,555.01,567.0,62.0,4.0,1.0,101.0,83.0,7.0
5871,2019-09-02 15:00:00,558.45,570.0,62.0,4.0,1.0,98.0,82.0,7.0
5872,2019-09-02 16:00:00,560.23,567.0,60.0,4.0,1.0,96.0,81.0,7.0
5873,2019-09-02 17:00:00,576.01,569.0,58.0,4.0,1.0,70.0,86.0,7.0
5874,2019-09-02 18:00:00,546.76,477.0,60.0,4.0,1.0,77.0,85.0,7.0
5875,2019-09-02 19:00:00,504.99,395.0,54.0,3.0,1.0,98.0,84.0,7.0
5876,2019-09-02 20:00:00,500.4,387.0,53.0,3.0,1.0,99.0,85.0,7.0
5877,2019-09-02 21:00:00,512.42,393.0,53.0,3.0,1.0,88.0,84.0,7.0
5878,2019-09-02 22:00:00,539.12,399.0,54.0,3.0,1.0,61.0,82.0,7.0
5879,2019-09-02 23:00:00,552.07,389.0,57.0,3.0,1.0,45.0,79.0,7.0
5880,2019-09-03 00:00:00,556.28,391.0,58.0,3.0,1.0,41.0,79.0,7.0
5881,2019-09-03 01:00:00,550.08,387.0,55.0,3.0,1.0,48.0,78.0,7.0
5882,2019-09-03 02:00:00,556.91,401.0,55.0,3.0,1.0,43.0,81.0,7.0
5883,2019-09-03 03:00:00,568.21,417.0,54.0,3.0,1.0,37.0,81.0,7.0
5884,2019-09-03 04:00:00,594.48,523.0,54.0,4.0,1.0,35.0,85.0,7.0
5885,2019-09-03 05:00:00,602.91,564.0,56.0,4.0,1.0,35.0,85.0,7.0
5886,2019-09-03 06:00:00,606.31,564.0,58.0,4.0,1.0,29.0,86.0,7.0
5887,2019-09-03 07:00:00,610.09,565.0,57.0,4.0,1.0,25.0,86.0,7.0
5888,2019-09-03 08:00:00,607.21,566.0,59.0,4.0,1.0,27.0,87.0,7.0
5889,2019-09-03 09:00:00,600.39,564.0,59.0,4.0,1.0,35.0,87.0,7.0
5890,2019-09-03 10:00:00,597.01,568.0,60.0,4.0,1.0,39.0,88.0,7.0
5891,2019-09-03 11:00:00,595.24,567.0,60.0,4.0,1.0,41.0,88.0,7.0
5892,2019-09-03 12:00:00,604.41,568.0,59.0,4.0,1.0,32.0,86.0,7.0
5893,2019-09-03 13:00:00,611.0,563.0,58.0,4.0,1.0,23.0,86.0,7.0
5894,2019-09-03 14:00:00,607.54,547.0,56.0,4.0,1.0,24.0,86.0,7.0
5895,2019-09-03 15:00:00,598.31,519.0,55.0,4.0,1.0,28.0,86.0,7.0
5896,2019-09-03 16:00:00,602.61,519.0,55.0,4.0,1.0,24.0,85.0,7.0
5897,2019-09-03 17:00:00,607.03,551.0,55.0,4.0,1.0,25.0,87.0,7.0
5898,2019-09-03 18:00:00,604.37,537.0,54.0,4.0,1.0,23.0,89.0,7.0
5899,2019-09-03 19:00:00,578.79,416.0,56.0,4.0,1.0,19.0,86.0,7.0
5900,2019-09-03 20:00:00,547.67,389.0,56.0,4.0,1.0,41.0,87.0,7.0
5901,2019-09-03 21:00:00,517.43,363.0,56.0,4.0,1.0,63.0,87.0,7.0
5902,2019-09-03 22:00:00,507.44,355.0,54.0,4.0,1.0,73.0,85.0,7.0
5903,2019-09-03 23:00:00,501.38,354.0,52.0,4.0,1.0,84.0,81.0,7.0
5904,2019-09-04 00:00:00,506.16,357.0,52.0,4.0,1.0,80.0,81.0,7.0
5905,2019-09-04 01:00:00,500.33,356.0,53.0,4.0,1.0,87.0,80.0,7.0
5906,2019-09-04 02:00:00,504.67,359.0,51.0,4.0,1.0,82.0,82.0,7.0
5907,2019-09-04 03:00:00,518.49,391.0,52.0,4.0,1.0,83.0,80.0,7.0
5908,2019-09-04 04:00:00,559.0,548.0,51.0,4.0,1.0,91.0,84.0,7.0
5909,2019-09-04 05:00:00,575.79,575.0,53.0,4.0,1.0,75.0,85.0,7.0
5910,2019-09-04 06:00:00,583.62,569.0,57.0,4.0,1.0,59.0,87.0,7.0
5911,2019-09-04 07:00:00,572.44,551.0,61.0,4.0,1.0,66.0,88.0,7.0
5912,2019-09-04 08:00:00,574.28,568.0,61.0,4.0,1.0,69.0,88.0,7.0
5913,2019-09-04 09:00:00,556.49,542.0,61.0,4.0,1.0,86.0,87.0,7.0
5914,2019-09-04 10:00:00,552.2,524.0,56.0,4.0,1.0,85.0,89.0,7.0
5915,2019-09-04 11:00:00,554.73,492.0,55.0,4.0,1.0,72.0,87.0,7.0
5916,2019-09-04 12:00:00,543.5,485.0,52.0,4.0,1.0,85.0,87.0,7.0
5917,2019-09-04 13:00:00,545.64,488.0,50.0,4.0,1.0,83.0,88.0,7.0
5918,2019-09-04 14:00:00,557.07,514.0,52.0,4.0,1.0,77.0,88.0,7.0
5919,2019-09-04 15:00:00,577.84,535.0,49.0,4.0,1.0,58.0,88.0,7.0
5920,2019-09-04 16:00:00,597.18,565.0,52.0,4.0,1.0,44.0,85.0,7.0
5921,2019-09-04 17:00:00,604.07,566.0,51.0,4.0,1.0,35.0,86.0,7.0
5922,2019-09-04 18:00:00,608.04,576.0,50.0,4.0,1.0,32.0,87.0,7.0
5923,2019-09-04 19:00:00,580.38,522.0,51.0,4.0,1.0,51.0,87.0,7.0
5924,2019-09-04 20:00:00,532.56,388.0,50.0,4.0,1.0,62.0,84.0,7.0
5925,2019-09-04 21:00:00,536.98,395.0,50.0,4.0,1.0,62.0,82.0,7.0
5926,2019-09-04 22:00:00,539.76,392.0,49.0,4.0,1.0,59.0,81.0,7.0
5927,2019-09-04 23:00:00,548.65,391.0,49.0,4.0,1.0,52.0,78.0,7.0
5928,2019-09-05 00:00:00,541.84,391.0,50.0,4.0,1.0,59.0,78.0,7.0
5929,2019-09-05 01:00:00,516.37,382.0,53.0,4.0,1.0,83.0,78.0,7.0
5930,2019-09-05 02:00:00,514.64,399.0,50.0,4.0,1.0,93.0,79.0,7.0
5931,2019-09-05 03:00:00,503.53,403.0,50.0,4.0,1.0,108.0,80.0,7.0
5932,2019-09-05 04:00:00,530.61,515.0,47.0,4.0,1.0,119.0,85.0,7.0
5933,2019-09-05 05:00:00,526.29,531.0,52.0,4.0,1.0,128.0,88.0,7.0
5934,2019-09-05 06:00:00,525.41,566.0,52.0,4.0,1.0,141.0,92.0,7.0
5935,2019-09-05 07:00:00,516.82,568.0,53.0,4.0,1.0,157.0,91.0,7.0
5936,2019-09-05 08:00:00,503.12,570.0,53.0,4.0,1.0,183.0,90.0,7.0
5937,2019-09-05 09:00:00,497.22,543.0,55.0,4.0,1.0,181.0,88.0,7.0
5938,2019-09-05 10:00:00,489.57,529.0,55.0,4.0,1.0,188.0,87.0,7.0
5939,2019-09-05 11:00:00,502.51,563.0,55.0,4.0,1.0,181.0,89.0,7.0
5940,2019-09-05 12:00:00,510.46,561.0,55.0,4.0,1.0,166.0,89.0,7.0
5941,2019-09-05 13:00:00,532.0,565.0,45.0,4.0,1.0,136.0,88.0,7.0
5942,2019-09-05 14:00:00,550.11,547.0,52.0,4.0,1.0,99.0,88.0,7.0
5943,2019-09-05 15:00:00,554.01,563.0,56.0,4.0,1.0,100.0,86.0,7.0
5944,2019-09-05 16:00:00,542.25,568.0,52.0,4.0,1.0,123.0,84.0,7.0
5945,2019-09-05 17:00:00,525.68,567.0,52.0,4.0,1.0,146.0,87.0,7.0
5946,2019-09-05 18:00:00,516.68,566.0,54.0,4.0,1.0,158.0,89.0,7.0
5947,2019-09-05 19:00:00,514.38,544.0,52.0,4.0,1.0,154.0,87.0,7.0
5948,2019-09-05 20:00:00,484.12,432.0,53.0,4.0,1.0,146.0,84.0,7.0
5949,2019-09-05 21:00:00,479.27,387.0,53.0,4.0,1.0,128.0,83.0,7.0
5950,2019-09-05 22:00:00,491.5,387.0,55.0,4.0,1.0,114.0,80.0,7.0
5951,2019-09-05 23:00:00,498.05,387.0,53.0,4.0,1.0,107.0,79.0,7.0
5952,2019-09-06 00:00:00,495.93,388.0,54.0,4.0,1.0,111.0,78.0,7.0
5953,2019-09-06 01:00:00,501.27,408.0,52.0,4.0,1.0,116.0,77.0,7.0
5954,2019-09-06 02:00:00,488.95,394.0,52.0,4.0,1.0,123.0,79.0,7.0
5955,2019-09-06 03:00:00,502.88,396.0,51.0,4.0,1.0,106.0,79.0,7.0
5956,2019-09-06 04:00:00,549.97,557.0,49.0,4.0,1.0,107.0,85.0,7.0
5957,2019-09-06 05:00:00,552.96,566.0,52.0,4.0,1.0,105.0,85.0,7.0
5958,2019-09-06 06:00:00,539.36,561.0,54.0,4.0,1.0,122.0,86.0,7.0
5959,2019-09-06 07:00:00,524.54,561.0,56.0,4.0,1.0,143.0,88.0,7.0
5960,2019-09-06 08:00:00,531.76,557.0,58.0,4.0,1.0,129.0,88.0,7.0
5961,2019-09-06 09:00:00,528.37,554.0,55.0,4.0,1.0,134.0,88.0,7.0
5962,2019-09-06 10:00:00,532.22,565.0,57.0,4.0,1.0,133.0,87.0,7.0
5963,2019-09-06 11:00:00,513.07,546.0,56.0,4.0,1.0,157.0,86.0,7.0
5964,2019-09-06 12:00:00,507.46,539.0,56.0,4.0,1.0,163.0,86.0,7.0
5965,2019-09-06 13:00:00,522.02,540.0,58.0,4.0,1.0,139.0,86.0,7.0
5966,2019-09-06 14:00:00,535.21,539.0,58.0,4.0,1.0,119.0,85.0,7.0
5967,2019-09-06 15:00:00,558.62,554.0,59.0,4.0,1.0,90.0,85.0,7.0
5968,2019-09-06 16:00:00,575.31,570.0,56.0,4.0,1.0,75.0,83.0,7.0
5969,2019-09-06 17:00:00,583.39,571.0,54.0,4.0,1.0,63.0,85.0,7.0
5970,2019-09-06 18:00:00,580.86,559.0,56.0,4.0,1.0,61.0,86.0,7.0
5971,2019-09-06 19:00:00,568.2,494.0,54.0,4.0,1.0,57.0,86.0,7.0
5972,2019-09-06 20:00:00,545.27,386.0,51.0,4.0,1.0,46.0,85.0,7.0
5973,2019-09-06 21:00:00,544.15,383.0,51.0,4.0,1.0,47.0,84.0,7.0
5974,2019-09-06 22:00:00,544.45,383.0,50.0,4.0,1.0,48.0,83.0,7.0
5975,2019-09-06 23:00:00,554.07,383.0,50.0,4.0,1.0,41.0,80.0,7.0
5976,2019-09-07 00:00:00,556.33,382.0,51.0,4.0,1.0,38.0,80.0,7.0
5977,2019-09-07 01:00:00,553.46,384.0,50.0,4.0,1.0,44.0,78.0,7.0
5978,2019-09-07 02:00:00,549.74,394.0,49.0,4.0,1.0,50.0,80.0,7.0
5979,2019-09-07 03:00:00,537.76,385.0,50.0,4.0,1.0,58.0,81.0,7.0
5980,2019-09-07 04:00:00,526.57,384.0,50.0,4.0,1.0,68.0,83.0,7.0
5981,2019-09-07 05:00:00,529.15,398.0,54.0,4.0,1.0,68.0,85.0,7.0
5982,2019-09-07 06:00:00,565.74,485.0,51.0,4.0,1.0,54.0,90.0,7.0
5983,2019-09-07 07:00:00,559.55,499.0,53.0,4.0,1.0,66.0,90.0,7.0
5984,2019-09-07 08:00:00,549.58,504.0,56.0,4.0,1.0,81.0,89.0,7.0
5985,2019-09-07 09:00:00,554.32,487.0,54.0,4.0,1.0,68.0,90.0,7.0
5986,2019-09-07 10:00:00,559.06,514.0,56.0,4.0,1.0,71.0,90.0,7.0
5987,2019-09-07 11:00:00,557.96,498.0,58.0,4.0,1.0,67.0,89.0,7.0
5988,2019-09-07 12:00:00,572.72,507.0,56.0,4.0,1.0,51.0,90.0,7.0
5989,2019-09-07 13:00:00,574.84,505.0,58.0,4.0,1.0,47.0,90.0,7.0
5990,2019-09-07 14:00:00,583.33,517.0,56.0,4.0,1.0,41.0,90.0,7.0
5991,2019-09-07 15:00:00,604.26,538.0,55.0,4.0,1.0,25.0,87.0,7.0
5992,2019-09-07 16:00:00,609.71,555.0,57.0,4.0,1.0,25.0,84.0,7.0
5993,2019-09-07 17:00:00,607.17,566.0,54.0,4.0,1.0,29.0,87.0,7.0
5994,2019-09-07 18:00:00,588.76,535.0,55.0,4.0,1.0,41.0,89.0,7.0
5995,2019-09-07 19:00:00,573.49,517.0,54.0,4.0,1.0,56.0,88.0,7.0
5996,2019-09-07 20:00:00,532.69,413.0,55.0,4.0,1.0,69.0,86.0,7.0
5997,2019-09-07 21:00:00,530.34,425.0,55.0,4.0,1.0,78.0,85.0,7.0
5998,2019-09-07 22:00:00,541.85,453.0,53.0,4.0,1.0,78.0,83.0,7.0
5999,2019-09-07 23:00:00,550.38,450.0,54.0,4.0,1.0,69.0,80.0,7.0
6000,2019-09-08 00:00:00,564.25,449.0,52.0,4.0,1.0,54.0,79.0,7.0
6001,2019-09-08 01:00:00,567.15,449.0,54.0,4.0,1.0,52.0,77.0,7.0
6002,2019-09-08 02:00:00,573.1,450.0,53.0,4.0,1.0,43.0,80.0,7.0
6003,2019-09-08 03:00:00,578.19,454.0,52.0,4.0,1.0,39.0,80.0,7.0
6004,2019-09-08 04:00:00,579.95,457.0,52.0,4.0,1.0,35.0,83.0,7.0
6005,2019-09-08 05:00:00,571.0,452.0,53.0,4.0,1.0,42.0,84.0,7.0
6006,2019-09-08 06:00:00,568.93,447.0,52.0,3.0,1.0,41.0,87.0,6.0
6007,2019-09-08 07:00:00,575.7,453.0,56.0,3.0,1.0,35.0,86.0,7.0
6008,2019-09-08 08:00:00,567.25,468.0,55.0,3.0,1.0,50.0,86.0,7.0
6009,2019-09-08 09:00:00,557.58,470.0,56.0,3.0,1.0,61.0,87.0,7.0
6010,2019-09-08 10:00:00,552.88,474.0,57.0,3.0,1.0,69.0,86.0,7.0
6011,2019-09-08 11:00:00,564.38,514.0,56.0,3.0,1.0,69.0,86.0,7.0
6012,2019-09-08 12:00:00,571.69,579.0,56.0,3.0,1.0,78.0,89.0,7.0
6013,2019-09-08 13:00:00,569.34,583.0,58.0,3.0,1.0,82.0,89.0,7.0
6014,2019-09-08 14:00:00,570.51,572.0,57.0,3.0,1.0,76.0,90.0,7.0
6015,2019-09-08 15:00:00,561.64,501.0,56.0,3.0,1.0,66.0,88.0,7.0
6016,2019-09-08 16:00:00,569.1,565.0,56.0,4.0,1.0,80.0,85.0,7.0
6017,2019-09-08 17:00:00,574.12,598.0,58.0,4.0,1.0,81.0,87.0,7.0
6018,2019-09-08 18:00:00,557.73,590.0,57.0,4.0,1.0,102.0,88.0,7.0
6019,2019-09-08 19:00:00,534.41,529.0,58.0,4.0,1.0,115.0,86.0,7.0
6020,2019-09-08 20:00:00,524.54,477.0,57.0,4.0,1.0,109.0,84.0,7.0
6021,2019-09-08 21:00:00,517.68,467.0,57.0,4.0,1.0,115.0,83.0,6.0
6022,2019-09-08 22:00:00,514.8,453.0,55.0,4.0,1.0,115.0,81.0,6.0
6023,2019-09-08 23:00:00,535.35,466.0,55.0,4.0,1.0,96.0,78.0,6.0
6024,2019-09-09 00:00:00,527.21,449.0,53.0,4.0,1.0,101.0,77.0,6.0
6025,2019-09-09 01:00:00,526.16,463.0,55.0,4.0,1.0,109.0,76.0,6.0
6026,2019-09-09 02:00:00,530.68,453.0,57.0,4.0,1.0,96.0,78.0,6.0
6027,2019-09-09 03:00:00,549.51,510.0,54.0,4.0,1.0,96.0,77.0,6.0
6028,2019-09-09 04:00:00,587.24,636.0,54.0,4.0,1.0,78.0,84.0,6.0
6029,2019-09-09 05:00:00,594.17,677.0,55.0,4.0,1.0,77.0,86.0,6.0
6030,2019-09-09 06:00:00,596.6,681.0,56.0,4.0,1.0,74.0,86.0,7.0
6031,2019-09-09 07:00:00,596.28,682.0,58.0,4.0,1.0,74.0,86.0,7.0
6032,2019-09-09 08:00:00,603.77,680.0,61.0,4.0,1.0,61.0,86.0,7.0
6033,2019-09-09 09:00:00,616.49,679.0,59.0,4.0,1.0,42.0,87.0,7.0
6034,2019-09-09 10:00:00,617.41,676.0,59.0,4.0,1.0,40.0,87.0,7.0
6035,2019-09-09 11:00:00,622.18,681.0,60.0,4.0,1.0,35.0,86.0,7.0
6036,2019-09-09 12:00:00,631.52,690.0,60.0,4.0,1.0,25.0,85.0,6.0
6037,2019-09-09 13:00:00,635.44,700.0,59.0,4.0,1.0,21.0,86.0,6.0
6038,2019-09-09 14:00:00,634.54,679.0,59.0,4.0,1.0,18.0,86.0,7.0
6039,2019-09-09 15:00:00,636.51,678.0,57.0,4.0,1.0,16.0,86.0,7.0
6040,2019-09-09 16:00:00,638.61,683.0,55.0,4.0,1.0,18.0,83.0,7.0
6041,2019-09-09 17:00:00,628.69,679.0,54.0,4.0,1.0,29.0,85.0,7.0
6042,2019-09-09 18:00:00,612.97,678.0,56.0,4.0,1.0,48.0,87.0,7.0
6043,2019-09-09 19:00:00,583.75,597.0,55.0,4.0,1.0,69.0,86.0,7.0
6044,2019-09-09 20:00:00,549.99,502.0,55.0,4.0,1.0,85.0,84.0,7.0
6045,2019-09-09 21:00:00,540.83,504.0,56.0,4.0,1.0,100.0,82.0,7.0
6046,2019-09-09 22:00:00,542.0,518.0,56.0,4.0,1.0,106.0,80.0,7.0
6047,2019-09-09 23:00:00,530.51,511.0,55.0,4.0,1.0,122.0,78.0,7.0
6048,2019-09-10 00:00:00,523.56,497.0,55.0,4.0,1.0,128.0,76.0,7.0
6049,2019-09-10 01:00:00,529.06,510.0,54.0,4.0,1.0,126.0,76.0,7.0
6050,2019-09-10 02:00:00,523.54,502.0,56.0,4.0,1.0,127.0,79.0,7.0
6051,2019-09-10 03:00:00,531.6,521.0,54.0,4.0,1.0,125.0,78.0,7.0
6052,2019-09-10 04:00:00,555.71,608.0,56.0,4.0,1.0,115.0,85.0,6.0
6053,2019-09-10 05:00:00,578.47,669.0,58.0,4.0,1.0,99.0,85.0,7.0
6054,2019-09-10 06:00:00,597.34,671.0,59.0,4.0,1.0,67.0,88.0,7.0
6055,2019-09-10 07:00:00,608.85,674.0,61.0,4.0,1.0,52.0,86.0,7.0
6056,2019-09-10 08:00:00,602.25,676.0,59.0,4.0,1.0,63.0,86.0,7.0
6057,2019-09-10 09:00:00,591.07,667.0,60.0,4.0,1.0,77.0,86.0,7.0
6058,2019-09-10 10:00:00,576.91,656.0,59.0,4.0,1.0,97.0,85.0,7.0
6059,2019-09-10 11:00:00,572.09,659.0,58.0,4.0,1.0,107.0,84.0,7.0
6060,2019-09-10 12:00:00,564.66,627.0,61.0,4.0,1.0,107.0,84.0,7.0
6061,2019-09-10 13:00:00,555.09,598.0,60.0,4.0,1.0,112.0,84.0,7.0
6062,2019-09-10 14:00:00,581.17,620.0,57.0,4.0,1.0,82.0,83.0,6.0
6063,2019-09-10 15:00:00,597.37,661.0,57.0,4.0,1.0,71.0,82.0,7.0
6064,2019-09-10 16:00:00,587.0,642.0,57.0,4.0,1.0,82.0,81.0,7.0
6065,2019-09-10 17:00:00,581.04,643.0,55.0,4.0,1.0,88.0,85.0,7.0
6066,2019-09-10 18:00:00,535.51,572.0,56.0,4.0,1.0,131.0,87.0,7.0
6067,2019-09-10 19:00:00,515.61,472.0,55.0,4.0,1.0,116.0,88.0,7.0
6068,2019-09-10 20:00:00,498.63,459.0,53.0,4.0,1.0,134.0,89.0,7.0
6069,2019-09-10 21:00:00,506.74,460.0,55.0,4.0,1.0,123.0,88.0,7.0
6070,2019-09-10 22:00:00,494.98,459.0,55.0,4.0,1.0,143.0,85.0,7.0
6071,2019-09-10 23:00:00,491.28,450.0,54.0,4.0,1.0,147.0,82.0,7.0
6072,2019-09-11 00:00:00,494.28,444.0,55.0,4.0,1.0,139.0,82.0,7.0
6073,2019-09-11 01:00:00,499.53,453.0,55.0,4.0,1.0,137.0,81.0,7.0
6074,2019-09-11 02:00:00,493.97,458.0,55.0,4.0,1.0,146.0,83.0,7.0
6075,2019-09-11 03:00:00,491.04,458.0,53.0,4.0,1.0,152.0,82.0,7.0
6076,2019-09-11 04:00:00,476.2,460.0,61.0,4.0,1.0,174.0,83.0,7.0
6077,2019-09-11 05:00:00,473.19,466.0,64.0,4.0,1.0,180.0,85.0,7.0
6078,2019-09-11 06:00:00,468.37,470.0,63.0,4.0,1.0,189.0,87.0,7.0
6079,2019-09-11 07:00:00,451.49,451.0,67.0,4.0,1.0,206.0,87.0,7.0
6080,2019-09-11 08:00:00,437.11,436.0,67.0,4.0,1.0,223.0,86.0,7.0
6081,2019-09-11 09:00:00,430.95,435.0,67.0,4.0,1.0,234.0,86.0,7.0
6082,2019-09-11 10:00:00,437.12,455.0,67.0,4.0,1.0,237.0,86.0,7.0
6083,2019-09-11 11:00:00,432.64,434.0,67.0,4.0,1.0,230.0,86.0,7.0
6084,2019-09-11 12:00:00,426.42,416.0,67.0,4.0,1.0,228.0,86.0,7.0
6085,2019-09-11 13:00:00,449.99,463.0,67.0,4.0,1.0,217.0,87.0,7.0
6086,2019-09-11 14:00:00,450.43,470.0,67.0,4.0,1.0,221.0,87.0,7.0
6087,2019-09-11 15:00:00,453.22,466.0,67.0,4.0,1.0,215.0,85.0,7.0
6088,2019-09-11 16:00:00,454.37,482.0,65.0,4.0,1.0,224.0,85.0,7.0
6089,2019-09-11 17:00:00,469.2,494.0,65.0,4.0,1.0,201.0,88.0,7.0
6090,2019-09-11 18:00:00,455.02,457.0,65.0,4.0,1.0,202.0,89.0,7.0
6091,2019-09-11 19:00:00,445.9,416.0,65.0,4.0,1.0,192.0,87.0,7.0
6092,2019-09-11 20:00:00,436.85,416.0,65.0,4.0,1.0,206.0,89.0,7.0
6093,2019-09-11 21:00:00,435.74,416.0,65.0,4.0,1.0,209.0,88.0,7.0
6094,2019-09-11 22:00:00,439.79,415.0,65.0,4.0,1.0,202.0,87.0,7.0
6095,2019-09-11 23:00:00,448.2,403.0,65.0,4.0,1.0,183.0,83.0,7.0
6096,2019-09-12 00:00:00,452.71,411.0,65.0,4.0,1.0,181.0,83.0,7.0
6097,2019-09-12 01:00:00,453.72,412.0,65.0,4.0,1.0,183.0,80.0,7.0
6098,2019-09-12 02:00:00,451.53,414.0,65.0,4.0,1.0,185.0,83.0,7.0
6099,2019-09-12 03:00:00,450.16,415.0,65.0,3.0,1.0,190.0,82.0,7.0
6100,2019-09-12 04:00:00,453.09,433.0,61.0,3.0,1.0,197.0,83.0,7.0
6101,2019-09-12 05:00:00,468.79,471.0,53.0,3.0,1.0,192.0,87.0,7.0
6102,2019-09-12 06:00:00,462.22,468.0,55.0,3.0,1.0,200.0,88.0,6.0
6103,2019-09-12 07:00:00,461.92,483.0,56.0,3.0,1.0,210.0,88.0,6.0
6104,2019-09-12 08:00:00,460.49,498.0,58.0,3.0,1.0,222.0,88.0,6.0
6105,2019-09-12 09:00:00,464.03,499.0,59.0,3.0,1.0,215.0,89.0,7.0
6106,2019-09-12 10:00:00,466.61,500.0,58.0,3.0,1.0,212.0,88.0,7.0
6107,2019-09-12 11:00:00,462.88,500.0,58.0,3.0,1.0,220.0,87.0,7.0
6108,2019-09-12 12:00:00,446.64,466.0,58.0,4.0,1.0,228.0,86.0,7.0
6109,2019-09-12 13:00:00,449.73,458.0,56.0,4.0,1.0,218.0,85.0,7.0
6110,2019-09-12 14:00:00,462.75,480.0,55.0,4.0,1.0,210.0,84.0,7.0
6111,2019-09-12 15:00:00,469.33,468.0,54.0,4.0,1.0,191.0,84.0,7.0
6112,2019-09-12 16:00:00,481.53,465.0,53.0,4.0,1.0,167.0,86.0,7.0
6113,2019-09-12 17:00:00,491.15,483.0,51.0,4.0,1.0,162.0,86.0,7.0
6114,2019-09-12 18:00:00,479.77,458.0,52.0,4.0,1.0,164.0,88.0,7.0
6115,2019-09-12 19:00:00,460.92,420.0,52.0,4.0,1.0,172.0,87.0,7.0
6116,2019-09-12 20:00:00,464.59,416.0,50.0,4.0,1.0,164.0,87.0,7.0
6117,2019-09-12 21:00:00,466.48,415.0,52.0,4.0,1.0,162.0,85.0,7.0
6118,2019-09-12 22:00:00,395.77,285.0,53.0,4.0,1.0,184.0,73.0,7.0
6119,2019-09-12 23:00:00,392.52,255.0,52.0,4.0,1.0,166.0,68.0,7.0
6120,2019-09-13 00:00:00,403.38,256.0,52.0,4.0,1.0,152.0,68.0,7.0
6121,2019-09-13 01:00:00,399.61,257.0,52.0,4.0,1.0,159.0,67.0,7.0
6122,2019-09-13 02:00:00,400.36,256.0,53.0,4.0,1.0,155.0,69.0,7.0
6123,2019-09-13 03:00:00,409.36,277.0,53.0,4.0,1.0,160.0,70.0,7.0
6124,2019-09-13 04:00:00,443.46,312.0,53.0,4.0,1.0,139.0,72.0,7.0
6125,2019-09-13 05:00:00,481.5,333.0,56.0,4.0,1.0,104.0,72.0,7.0
6126,2019-09-13 06:00:00,482.14,337.0,54.0,4.0,1.0,105.0,73.0,7.0
6127,2019-09-13 07:00:00,479.01,333.0,56.0,4.0,1.0,104.0,75.0,7.0
6128,2019-09-13 08:00:00,483.41,338.0,55.0,4.0,1.0,101.0,76.0,8.0
6129,2019-09-13 09:00:00,497.42,340.0,53.0,4.0,1.0,86.0,76.0,7.0
6130,2019-09-13 10:00:00,488.25,342.0,52.0,4.0,1.0,99.0,75.0,7.0
6131,2019-09-13 11:00:00,484.99,340.0,51.0,4.0,1.0,102.0,75.0,7.0
6132,2019-09-13 12:00:00,489.42,340.0,50.0,4.0,1.0,98.0,74.0,7.0
6133,2019-09-13 13:00:00,509.71,340.0,51.0,4.0,1.0,75.0,74.0,8.0
6134,2019-09-13 14:00:00,512.78,338.0,50.0,4.0,1.0,71.0,74.0,8.0
6135,2019-09-13 15:00:00,464.48,323.0,50.0,4.0,1.0,117.0,75.0,7.0
6136,2019-09-13 16:00:00,442.64,284.0,47.0,4.0,1.0,120.0,73.0,7.0
6137,2019-09-13 17:00:00,389.67,258.0,50.0,4.0,1.0,165.0,76.0,7.0
6138,2019-09-13 18:00:00,401.27,285.0,49.0,4.0,1.0,173.0,76.0,7.0
6139,2019-09-13 19:00:00,337.96,206.0,51.0,4.0,1.0,185.0,77.0,7.0
6140,2019-09-13 20:00:00,286.0,149.0,51.0,4.0,1.0,187.0,77.0,7.0
6141,2019-09-13 21:00:00,285.0,148.0,51.0,4.0,1.0,189.0,75.0,7.0
6142,2019-09-13 22:00:00,271.46,131.0,59.0,4.0,1.0,187.0,73.0,7.0
6143,2019-09-13 23:00:00,281.81,133.0,64.0,4.0,1.0,178.0,70.0,7.0
6144,2019-09-14 00:00:00,293.52,130.0,64.0,4.0,1.0,156.0,69.0,7.0
6145,2019-09-14 01:00:00,322.66,127.0,64.0,4.0,1.0,111.0,71.0,7.0
6146,2019-09-14 02:00:00,332.03,130.0,64.0,4.0,1.0,102.0,73.0,7.0
6147,2019-09-14 03:00:00,366.54,169.0,64.0,4.0,1.0,107.0,74.0,7.0
6148,2019-09-14 04:00:00,368.9,181.0,64.0,4.0,1.0,117.0,74.0,7.0
6149,2019-09-14 05:00:00,362.73,185.0,64.0,4.0,1.0,125.0,78.0,7.0
6150,2019-09-14 06:00:00,396.9,209.0,64.0,4.0,1.0,104.0,81.0,7.0
6151,2019-09-14 07:00:00,413.9,256.0,64.0,4.0,1.0,126.0,79.0,7.0
6152,2019-09-14 08:00:00,396.08,258.0,64.0,4.0,1.0,152.0,79.0,7.0
6153,2019-09-14 09:00:00,379.94,274.0,64.0,4.0,1.0,192.0,79.0,7.0
6154,2019-09-14 10:00:00,352.33,257.0,64.0,4.0,1.0,221.0,79.0,7.0
6155,2019-09-14 11:00:00,344.04,251.0,64.0,4.0,1.0,231.0,77.0,7.0
6156,2019-09-14 12:00:00,352.15,255.0,64.0,4.0,1.0,224.0,74.0,7.0
6157,2019-09-14 13:00:00,359.21,258.0,64.0,3.0,1.0,214.0,76.0,7.0
6158,2019-09-14 14:00:00,360.94,258.0,64.0,4.0,1.0,208.0,78.0,7.0
6159,2019-09-14 15:00:00,373.66,261.0,64.0,4.0,1.0,191.0,77.0,7.0
6160,2019-09-14 16:00:00,392.7,255.0,65.0,4.0,1.0,158.0,75.0,7.0
6161,2019-09-14 17:00:00,427.68,272.0,65.0,4.0,1.0,121.0,79.0,7.0
6162,2019-09-14 18:00:00,451.12,283.0,65.0,4.0,1.0,99.0,80.0,7.0
6163,2019-09-14 19:00:00,473.71,261.0,65.0,4.0,1.0,60.0,80.0,7.0
6164,2019-09-14 20:00:00,380.89,152.0,65.0,4.0,1.0,68.0,80.0,7.0
6165,2019-09-14 21:00:00,366.11,136.0,65.0,4.0,1.0,68.0,78.0,7.0
6166,2019-09-14 22:00:00,375.68,142.0,65.0,4.0,1.0,67.0,76.0,7.0
6167,2019-09-14 23:00:00,362.7,132.0,65.0,4.0,1.0,72.0,73.0,7.0
6168,2019-09-15 00:00:00,337.43,126.0,65.0,4.0,1.0,91.0,73.0,7.0
6169,2019-09-15 01:00:00,329.02,128.0,65.0,4.0,1.0,105.0,71.0,7.0
6170,2019-09-15 02:00:00,299.94,130.0,65.0,4.0,1.0,142.0,74.0,7.0
6171,2019-09-15 03:00:00,284.89,131.0,65.0,4.0,1.0,165.0,74.0,6.0
6172,2019-09-15 04:00:00,268.43,128.0,65.0,4.0,1.0,187.0,75.0,7.0
6173,2019-09-15 05:00:00,268.21,134.0,64.0,4.0,1.0,198.0,75.0,7.0
6174,2019-09-15 06:00:00,265.24,137.0,64.0,4.0,1.0,209.0,75.0,7.0
6175,2019-09-15 07:00:00,265.78,137.0,64.0,4.0,1.0,209.0,74.0,7.0
6176,2019-09-15 08:00:00,278.07,146.0,65.0,4.0,1.0,204.0,73.0,7.0
6177,2019-09-15 09:00:00,294.2,169.0,65.0,4.0,1.0,211.0,75.0,7.0
6178,2019-09-15 10:00:00,266.58,143.0,65.0,4.0,1.0,218.0,75.0,7.0
6179,2019-09-15 11:00:00,258.61,140.0,65.0,4.0,1.0,228.0,75.0,7.0
6180,2019-09-15 12:00:00,258.14,139.0,65.0,4.0,1.0,227.0,75.0,7.0
6181,2019-09-15 13:00:00,260.15,139.0,65.0,4.0,1.0,224.0,74.0,7.0
6182,2019-09-15 14:00:00,262.19,139.0,65.0,4.0,1.0,220.0,74.0,7.0
6183,2019-09-15 15:00:00,264.26,139.0,65.0,4.0,1.0,217.0,73.0,7.0
6184,2019-09-15 16:00:00,262.35,136.0,65.0,4.0,1.0,213.0,75.0,7.0
6185,2019-09-15 17:00:00,269.89,136.0,65.0,4.0,1.0,196.0,78.0,7.0
6186,2019-09-15 18:00:00,275.41,137.0,65.0,4.0,1.0,187.0,79.0,7.0
6187,2019-09-15 19:00:00,280.31,146.0,65.0,3.0,1.0,195.0,79.0,7.0
6188,2019-09-15 20:00:00,279.25,142.0,65.0,3.0,1.0,190.0,79.0,7.0
6189,2019-09-15 21:00:00,280.4,142.0,65.0,3.0,1.0,190.0,77.0,7.0
6190,2019-09-15 22:00:00,281.74,141.0,65.0,3.0,1.0,188.0,75.0,7.0
6191,2019-09-15 23:00:00,285.53,134.0,65.0,3.0,1.0,173.0,72.0,7.0
6192,2019-09-16 00:00:00,309.37,167.0,65.0,3.0,1.0,187.0,71.0,7.0
6193,2019-09-16 01:00:00,341.99,193.0,65.0,3.0,1.0,172.0,70.0,7.0
6194,2019-09-16 02:00:00,354.38,199.0,65.0,3.0,1.0,158.0,73.0,7.0
6195,2019-09-16 03:00:00,375.16,221.0,65.0,3.0,1.0,153.0,72.0,6.0
6196,2019-09-16 04:00:00,392.22,266.0,65.0,3.0,1.0,171.0,74.0,7.0
6197,2019-09-16 05:00:00,381.16,262.0,67.0,3.0,1.0,185.0,73.0,7.0
6198,2019-09-16 06:00:00,391.64,262.0,67.0,3.0,1.0,171.0,71.0,7.0
6199,2019-09-16 07:00:00,405.23,298.0,67.0,3.0,1.0,184.0,70.0,7.0
6200,2019-09-16 08:00:00,428.61,339.0,67.0,3.0,1.0,180.0,71.0,6.0
6201,2019-09-16 09:00:00,420.52,340.0,67.0,3.0,1.0,194.0,71.0,7.0
6202,2019-09-16 10:00:00,400.71,328.0,67.0,3.0,1.0,219.0,69.0,7.0
6203,2019-09-16 11:00:00,371.38,289.0,67.0,3.0,1.0,227.0,75.0,7.0
6204,2019-09-16 12:00:00,379.87,290.0,68.0,2.0,2.0,211.0,76.0,5.0
6205,2019-09-16 13:00:00,373.61,262.0,68.0,2.0,2.0,192.0,77.0,5.0
6206,2019-09-16 14:00:00,422.98,336.0,68.0,2.0,2.0,179.0,78.0,5.0
6207,2019-09-16 15:00:00,410.54,291.0,68.0,2.0,2.0,164.0,75.0,5.0
6208,2019-09-16 16:00:00,445.5,320.0,67.0,2.0,2.0,135.0,77.0,5.0
6209,2019-09-16 17:00:00,418.48,284.0,66.0,2.0,2.0,143.0,79.0,5.0
6210,2019-09-16 18:00:00,434.56,286.0,66.0,2.0,2.0,121.0,81.0,5.0
6211,2019-09-16 19:00:00,437.02,270.0,66.0,2.0,2.0,104.0,83.0,5.0
6212,2019-09-16 20:00:00,451.36,264.0,66.0,2.0,2.0,83.0,83.0,5.0
6213,2019-09-16 21:00:00,455.87,264.0,66.0,2.0,2.0,82.0,79.0,5.0
6214,2019-09-16 22:00:00,470.35,276.0,66.0,2.0,2.0,77.0,76.0,5.0
6215,2019-09-16 23:00:00,490.5,270.0,66.0,2.0,2.0,56.0,73.0,5.0
6216,2019-09-17 00:00:00,500.47,267.0,66.0,2.0,2.0,45.0,73.0,5.0
6217,2019-09-17 01:00:00,514.63,260.0,66.0,2.0,2.0,30.0,72.0,5.0
6218,2019-09-17 02:00:00,516.24,265.0,66.0,2.0,2.0,29.0,74.0,5.0
6219,2019-09-17 03:00:00,514.97,269.0,66.0,2.0,2.0,32.0,74.0,5.0
6220,2019-09-17 04:00:00,534.8,330.0,66.0,2.0,2.0,39.0,76.0,5.0
6221,2019-09-17 05:00:00,543.92,346.0,68.0,2.0,2.0,35.0,77.0,5.0
6222,2019-09-17 06:00:00,541.95,348.0,67.0,2.0,2.0,34.0,81.0,4.0
6223,2019-09-17 07:00:00,546.86,333.0,68.0,2.0,2.0,22.0,82.0,4.0
6224,2019-09-17 08:00:00,561.26,373.0,68.0,2.0,2.0,18.0,87.0,4.0
6225,2019-09-17 09:00:00,562.59,390.0,67.0,2.0,2.0,21.0,89.0,4.0
6226,2019-09-17 10:00:00,559.0,376.0,66.0,2.0,2.0,19.0,90.0,4.0
6227,2019-09-17 11:00:00,547.32,346.0,67.0,2.0,2.0,21.0,88.0,5.0
6228,2019-09-17 12:00:00,532.44,312.0,68.0,2.0,2.0,24.0,85.0,5.0
6229,2019-09-17 13:00:00,536.93,310.0,68.0,2.0,2.0,21.0,83.0,5.0
6230,2019-09-17 14:00:00,540.94,310.0,66.0,2.0,2.0,15.0,86.0,5.0
6231,2019-09-17 15:00:00,552.93,307.0,64.0,2.0,2.0,8.0,82.0,5.0
6232,2019-09-17 16:00:00,555.21,324.0,65.0,2.0,2.0,10.0,84.0,5.0
6233,2019-09-17 17:00:00,546.24,334.0,65.0,2.0,2.0,20.0,86.0,5.0
6234,2019-09-17 18:00:00,509.22,286.0,64.0,2.0,2.0,33.0,87.0,5.0
6235,2019-09-17 19:00:00,493.23,267.0,65.0,2.0,2.0,38.0,87.0,5.0
6236,2019-09-17 20:00:00,477.34,256.0,65.0,2.0,2.0,47.0,87.0,5.0
6237,2019-09-17 21:00:00,492.97,267.0,66.0,2.0,2.0,39.0,86.0,5.0
6238,2019-09-17 22:00:00,512.98,282.0,66.0,2.0,2.0,30.0,84.0,5.0
6239,2019-09-17 23:00:00,509.31,269.0,66.0,2.0,2.0,30.0,81.0,5.0
6240,2019-09-18 00:00:00,509.8,276.0,66.0,2.0,2.0,32.0,82.0,5.0
6241,2019-09-18 01:00:00,516.36,297.0,66.0,2.0,2.0,37.0,81.0,5.0
6242,2019-09-18 02:00:00,495.07,295.0,66.0,2.0,2.0,55.0,83.0,5.0
6243,2019-09-18 03:00:00,496.38,322.0,66.0,2.0,2.0,69.0,82.0,5.0
6244,2019-09-18 04:00:00,506.76,345.0,67.0,2.0,2.0,68.0,83.0,5.0
6245,2019-09-18 05:00:00,501.72,346.0,68.0,2.0,2.0,75.0,82.0,5.0
6246,2019-09-18 06:00:00,515.68,349.0,67.0,2.0,2.0,59.0,84.0,5.0
6247,2019-09-18 07:00:00,520.15,350.0,69.0,2.0,2.0,52.0,86.0,5.0
6248,2019-09-18 08:00:00,509.2,343.0,68.0,2.0,2.0,64.0,83.0,5.0
6249,2019-09-18 09:00:00,508.72,348.0,68.0,2.0,2.0,65.0,85.0,5.0
6250,2019-09-18 10:00:00,511.76,350.0,70.0,2.0,2.0,61.0,86.0,5.0
6251,2019-09-18 11:00:00,516.52,344.0,66.0,2.0,2.0,55.0,85.0,5.0
6252,2019-09-18 12:00:00,487.39,303.0,68.0,2.0,2.0,66.0,84.0,5.0
6253,2019-09-18 13:00:00,482.14,293.0,68.0,2.0,2.0,64.0,86.0,5.0
6254,2019-09-18 14:00:00,510.54,320.0,69.0,2.0,2.0,48.0,86.0,5.0
6255,2019-09-18 15:00:00,520.83,332.0,69.0,2.0,2.0,47.0,82.0,5.0
6256,2019-09-18 16:00:00,514.9,343.0,67.0,2.0,2.0,56.0,85.0,5.0
6257,2019-09-18 17:00:00,511.72,342.0,67.0,2.0,2.0,56.0,88.0,5.0
6258,2019-09-18 18:00:00,505.1,313.0,66.0,2.0,2.0,48.0,89.0,5.0
6259,2019-09-18 19:00:00,491.33,282.0,65.0,2.0,2.0,46.0,89.0,5.0
6260,2019-09-18 20:00:00,496.13,274.0,65.0,2.0,2.0,37.0,89.0,5.0
6261,2019-09-18 21:00:00,489.38,259.0,66.0,2.0,2.0,38.0,86.0,5.0
6262,2019-09-18 22:00:00,500.21,255.0,66.0,2.0,2.0,28.0,84.0,5.0
6263,2019-09-18 23:00:00,510.61,255.0,66.0,2.0,2.0,21.0,82.0,5.0
6264,2019-09-19 00:00:00,518.35,256.0,66.0,2.0,2.0,15.0,82.0,5.0
6265,2019-09-19 01:00:00,519.57,256.0,66.0,2.0,2.0,15.0,81.0,5.0
6266,2019-09-19 02:00:00,520.43,274.0,68.0,2.0,2.0,20.0,83.0,5.0
6267,2019-09-19 03:00:00,532.92,295.0,69.0,2.0,2.0,19.0,82.0,5.0
6268,2019-09-19 04:00:00,554.37,313.0,67.0,2.0,2.0,9.0,81.0,5.0
6269,2019-09-19 05:00:00,557.4,333.0,69.0,2.0,2.0,13.0,81.0,5.0
6270,2019-09-19 06:00:00,547.38,323.0,67.0,2.0,2.0,15.0,85.0,5.0
6271,2019-09-19 07:00:00,546.47,332.0,65.0,2.0,2.0,18.0,87.0,5.0
6272,2019-09-19 08:00:00,551.02,344.0,66.0,2.0,2.0,18.0,87.0,5.0
6273,2019-09-19 09:00:00,540.31,316.0,66.0,2.0,2.0,17.0,87.0,5.0
6274,2019-09-19 10:00:00,542.48,325.0,68.0,2.0,2.0,17.0,88.0,5.0
6275,2019-09-19 11:00:00,546.7,341.0,69.0,2.0,2.0,20.0,87.0,5.0
6276,2019-09-19 12:00:00,519.08,293.0,68.0,2.0,2.0,26.0,87.0,5.0
6277,2019-09-19 13:00:00,513.25,289.0,70.0,2.0,2.0,27.0,89.0,5.0
6278,2019-09-19 14:00:00,501.64,275.0,70.0,2.0,2.0,34.0,86.0,5.0
6279,2019-09-19 15:00:00,492.01,280.0,70.0,2.0,2.0,49.0,83.0,5.0
6280,2019-09-19 16:00:00,521.15,319.0,68.0,2.0,2.0,39.0,84.0,5.0
6281,2019-09-19 17:00:00,492.12,339.0,66.0,2.0,2.0,77.0,88.0,5.0
6282,2019-09-19 18:00:00,468.77,318.0,65.0,2.0,2.0,93.0,88.0,5.0
6283,2019-09-19 19:00:00,426.43,263.0,64.0,2.0,2.0,107.0,88.0,5.0
6284,2019-09-19 20:00:00,416.5,256.0,63.0,2.0,2.0,114.0,88.0,5.0
6285,2019-09-19 21:00:00,413.3,256.0,64.0,2.0,2.0,121.0,85.0,5.0
6286,2019-09-19 22:00:00,455.05,294.0,66.0,2.0,2.0,99.0,83.0,5.0
6287,2019-09-19 23:00:00,457.5,270.0,67.0,2.0,2.0,82.0,81.0,5.0
6288,2019-09-20 00:00:00,468.59,281.0,66.0,2.0,2.0,76.0,82.0,5.0
6289,2019-09-20 01:00:00,483.22,286.0,63.0,2.0,2.0,65.0,81.0,5.0
6290,2019-09-20 02:00:00,489.55,286.0,65.0,2.0,2.0,57.0,82.0,5.0
6291,2019-09-20 03:00:00,507.09,294.0,64.0,2.0,2.0,44.0,82.0,5.0
6292,2019-09-20 04:00:00,524.84,337.0,66.0,2.0,2.0,45.0,83.0,5.0
6293,2019-09-20 05:00:00,536.14,337.0,68.0,2.0,2.0,32.0,84.0,5.0
6294,2019-09-20 06:00:00,531.7,336.0,68.0,2.0,2.0,32.0,88.0,5.0
6295,2019-09-20 07:00:00,522.98,329.0,67.0,2.0,2.0,37.0,89.0,5.0
6296,2019-09-20 08:00:00,500.77,284.0,68.0,2.0,2.0,38.0,88.0,5.0
6297,2019-09-20 09:00:00,503.16,317.0,70.0,2.0,2.0,53.0,87.0,5.0
6298,2019-09-20 10:00:00,516.99,332.0,69.0,2.0,2.0,46.0,87.0,5.0
6299,2019-09-20 11:00:00,519.37,338.0,70.0,2.0,2.0,46.0,87.0,5.0
6300,2019-09-20 12:00:00,501.93,295.0,70.0,2.0,2.0,43.0,87.0,5.0
6301,2019-09-20 13:00:00,501.26,284.0,70.0,2.0,2.0,38.0,87.0,5.0
6302,2019-09-20 14:00:00,533.32,317.0,69.0,2.0,2.0,27.0,83.0,5.0
6303,2019-09-20 15:00:00,525.14,339.0,68.0,2.0,2.0,46.0,82.0,5.0
6304,2019-09-20 16:00:00,511.61,335.0,66.0,2.0,2.0,57.0,84.0,5.0
6305,2019-09-20 17:00:00,499.12,334.0,67.0,2.0,2.0,68.0,86.0,5.0
6306,2019-09-20 18:00:00,462.93,279.0,66.0,2.0,2.0,77.0,86.0,5.0
6307,2019-09-20 19:00:00,442.56,260.0,67.0,2.0,2.0,86.0,87.0,5.0
6308,2019-09-20 20:00:00,461.64,252.0,66.0,2.0,2.0,61.0,86.0,5.0
6309,2019-09-20 21:00:00,486.28,260.0,68.0,2.0,2.0,44.0,83.0,5.0
6310,2019-09-20 22:00:00,368.44,126.0,68.0,2.0,2.0,51.0,82.0,5.0
6311,2019-09-20 23:00:00,365.76,120.0,69.0,2.0,2.0,50.0,79.0,5.0
6312,2019-09-21 00:00:00,350.92,121.0,69.0,2.0,2.0,64.0,80.0,5.0
6313,2019-09-21 01:00:00,339.99,122.0,66.0,2.0,2.0,74.0,82.0,5.0
6314,2019-09-21 02:00:00,336.18,122.0,66.0,2.0,2.0,76.0,84.0,5.0
6315,2019-09-21 03:00:00,339.75,140.0,49.0,2.0,2.0,94.0,83.0,5.0
6316,2019-09-21 04:00:00,342.77,151.0,48.0,2.0,2.0,104.0,83.0,5.0
6317,2019-09-21 05:00:00,331.86,148.0,47.0,2.0,2.0,113.0,83.0,5.0
6318,2019-09-21 06:00:00,328.4,131.0,48.0,2.0,2.0,94.0,84.0,5.0
6319,2019-09-21 07:00:00,334.19,129.0,47.0,2.0,2.0,87.0,82.0,5.0
6320,2019-09-21 08:00:00,335.1,131.0,51.0,2.0,2.0,88.0,83.0,5.0
6321,2019-09-21 09:00:00,339.06,144.0,52.0,2.0,2.0,96.0,87.0,5.0
6322,2019-09-21 10:00:00,324.08,145.0,50.0,2.0,2.0,114.0,88.0,5.0
6323,2019-09-21 11:00:00,318.15,135.0,52.0,2.0,2.0,109.0,87.0,5.0
6324,2019-09-21 12:00:00,301.43,134.0,51.0,2.0,2.0,129.0,87.0,5.0
6325,2019-09-21 13:00:00,293.9,143.0,48.0,2.0,2.0,153.0,87.0,5.0
6326,2019-09-21 14:00:00,329.75,166.0,63.0,2.0,2.0,140.0,84.0,5.0
6327,2019-09-21 15:00:00,328.69,166.0,67.0,2.0,2.0,144.0,82.0,5.0
6328,2019-09-21 16:00:00,327.51,167.0,67.0,2.0,2.0,145.0,84.0,5.0
6329,2019-09-21 17:00:00,322.19,168.0,66.0,2.0,2.0,150.0,88.0,5.0
6330,2019-09-21 18:00:00,309.26,159.0,66.0,2.0,2.0,156.0,89.0,5.0
6331,2019-09-21 19:00:00,270.23,126.0,65.0,2.0,2.0,165.0,89.0,5.0
6332,2019-09-21 20:00:00,258.16,120.0,66.0,2.0,2.0,175.0,89.0,5.0
6333,2019-09-21 21:00:00,278.41,121.0,68.0,2.0,2.0,148.0,85.0,5.0
6334,2019-09-21 22:00:00,297.25,122.0,67.0,2.0,2.0,124.0,83.0,5.0
6335,2019-09-21 23:00:00,312.08,123.0,66.0,2.0,2.0,108.0,81.0,5.0
6336,2019-09-22 00:00:00,315.19,125.0,66.0,2.0,2.0,107.0,81.0,5.0
6337,2019-09-22 01:00:00,308.15,127.0,67.0,2.0,2.0,119.0,81.0,5.0
6338,2019-09-22 02:00:00,308.37,119.0,67.0,2.0,2.0,105.0,83.0,5.0
6339,2019-09-22 03:00:00,335.99,143.0,69.0,2.0,2.0,104.0,83.0,5.0
6340,2019-09-22 04:00:00,360.16,156.0,67.0,2.0,2.0,90.0,84.0,5.0
6341,2019-09-22 05:00:00,352.63,152.0,66.0,2.0,2.0,93.0,85.0,5.0
6342,2019-09-22 06:00:00,357.49,156.0,66.0,2.0,2.0,87.0,90.0,5.0
6343,2019-09-22 07:00:00,362.74,155.0,66.0,2.0,2.0,80.0,90.0,5.0
6344,2019-09-22 08:00:00,359.81,153.0,65.0,2.0,2.0,82.0,89.0,5.0
6345,2019-09-22 09:00:00,362.37,151.0,65.0,2.0,2.0,76.0,90.0,5.0
6346,2019-09-22 10:00:00,363.28,150.0,69.0,2.0,2.0,73.0,91.0,5.0
6347,2019-09-22 11:00:00,366.27,153.0,67.0,2.0,2.0,73.0,91.0,5.0
6348,2019-09-22 12:00:00,351.83,140.0,66.0,2.0,2.0,74.0,91.0,5.0
6349,2019-09-22 13:00:00,345.09,133.0,66.0,2.0,2.0,73.0,91.0,5.0
6350,2019-09-22 14:00:00,337.74,129.0,65.0,2.0,2.0,78.0,89.0,5.0
6351,2019-09-22 15:00:00,329.36,124.0,66.0,2.0,2.0,84.0,86.0,5.0
6352,2019-09-22 16:00:00,327.78,127.0,68.0,2.0,2.0,90.0,86.0,5.0
6353,2019-09-22 17:00:00,322.8,125.0,67.0,2.0,2.0,89.0,90.0,5.0
6354,2019-09-22 18:00:00,332.62,132.0,69.0,2.0,2.0,87.0,90.0,5.0
6355,2019-09-22 19:00:00,336.12,126.0,65.0,2.0,2.0,75.0,90.0,5.0
6356,2019-09-22 20:00:00,347.18,124.0,65.0,2.0,2.0,61.0,90.0,5.0
6357,2019-09-22 21:00:00,361.38,121.0,66.0,2.0,2.0,47.0,87.0,5.0
6358,2019-09-22 22:00:00,378.6,122.0,66.0,2.0,2.0,35.0,85.0,5.0
6359,2019-09-22 23:00:00,399.92,123.0,66.0,2.0,2.0,22.0,82.0,5.0
6360,2019-09-23 00:00:00,434.02,143.0,68.0,2.0,2.0,13.0,82.0,5.0
6361,2019-09-23 01:00:00,459.87,168.0,66.0,2.0,2.0,12.0,82.0,5.0
6362,2019-09-23 02:00:00,474.16,202.0,63.0,2.0,2.0,19.0,86.0,5.0
6363,2019-09-23 03:00:00,495.16,262.0,67.0,2.0,2.0,34.0,86.0,5.0
6364,2019-09-23 04:00:00,518.77,336.0,69.0,2.0,2.0,48.0,85.0,5.0
6365,2019-09-23 05:00:00,515.74,344.0,69.0,2.0,2.0,53.0,87.0,5.0
6366,2019-09-23 06:00:00,514.09,345.0,70.0,2.0,2.0,51.0,91.0,5.0
6367,2019-09-23 07:00:00,513.83,348.0,69.0,2.0,2.0,53.0,91.0,5.0
6368,2019-09-23 08:00:00,516.33,349.0,68.0,2.0,2.0,53.0,89.0,5.0
6369,2019-09-23 09:00:00,517.45,344.0,66.0,2.0,2.0,49.0,90.0,5.0
6370,2019-09-23 10:00:00,514.46,330.0,68.0,2.0,2.0,45.0,90.0,5.0
6371,2019-09-23 11:00:00,519.9,333.0,67.0,2.0,2.0,42.0,89.0,5.0
6372,2019-09-23 12:00:00,509.11,319.0,69.0,2.0,2.0,47.0,88.0,5.0
6373,2019-09-23 13:00:00,515.74,325.0,69.0,2.0,2.0,43.0,88.0,5.0
6374,2019-09-23 14:00:00,532.58,335.0,67.0,2.0,2.0,31.0,88.0,5.0
6375,2019-09-23 15:00:00,537.75,336.0,68.0,2.0,2.0,31.0,83.0,5.0
6376,2019-09-23 16:00:00,530.85,331.0,67.0,2.0,2.0,34.0,85.0,5.0
6377,2019-09-23 17:00:00,538.33,331.0,66.0,2.0,2.0,27.0,85.0,5.0
6378,2019-09-23 18:00:00,538.25,334.0,67.0,2.0,2.0,27.0,86.0,5.0
6379,2019-09-23 19:00:00,524.51,293.0,68.0,2.0,2.0,20.0,88.0,5.0
6380,2019-09-23 20:00:00,507.66,262.0,66.0,2.0,2.0,20.0,89.0,5.0
6381,2019-09-23 21:00:00,512.94,257.0,66.0,2.0,2.0,15.0,87.0,5.0
6382,2019-09-23 22:00:00,516.85,274.0,65.0,2.0,2.0,22.0,85.0,5.0
6383,2019-09-23 23:00:00,514.07,285.0,64.0,2.0,2.0,32.0,83.0,5.0
6384,2019-09-24 00:00:00,526.01,288.0,66.0,2.0,2.0,23.0,82.0,5.0
6385,2019-09-24 01:00:00,540.84,309.0,65.0,2.0,2.0,19.0,82.0,5.0
6386,2019-09-24 02:00:00,551.72,329.0,65.0,2.0,2.0,15.0,84.0,5.0
6387,2019-09-24 03:00:00,563.93,343.0,65.0,2.0,2.0,11.0,82.0,5.0
6388,2019-09-24 04:00:00,594.38,461.0,67.0,2.0,2.0,15.0,84.0,5.0
6389,2019-09-24 05:00:00,604.68,514.0,69.0,2.0,2.0,17.0,84.0,5.0
6390,2019-09-24 06:00:00,602.3,515.0,69.0,2.0,2.0,19.0,85.0,5.0
6391,2019-09-24 07:00:00,597.72,516.0,68.0,2.0,2.0,22.0,88.0,5.0
6392,2019-09-24 08:00:00,599.95,516.0,69.0,2.0,2.0,20.0,87.0,5.0
6393,2019-09-24 09:00:00,595.06,511.0,70.0,2.0,2.0,23.0,88.0,5.0
6394,2019-09-24 10:00:00,595.64,513.0,67.0,2.0,2.0,24.0,88.0,5.0
6395,2019-09-24 11:00:00,588.37,488.0,68.0,2.0,2.0,25.0,88.0,5.0
6396,2019-09-24 12:00:00,572.59,423.0,72.0,2.0,2.0,21.0,88.0,5.0
6397,2019-09-24 13:00:00,578.93,423.0,70.0,2.0,2.0,15.0,88.0,5.0
6398,2019-09-24 14:00:00,582.41,425.0,70.0,2.0,2.0,14.0,86.0,5.0
6399,2019-09-24 15:00:00,581.1,412.0,71.0,2.0,2.0,13.0,84.0,5.0
6400,2019-09-24 16:00:00,579.04,419.0,69.0,2.0,2.0,18.0,84.0,5.0
6401,2019-09-24 17:00:00,574.28,418.0,68.0,2.0,2.0,20.0,87.0,5.0
6402,2019-09-24 18:00:00,566.93,397.0,67.0,2.0,2.0,20.0,88.0,5.0
6403,2019-09-24 19:00:00,546.88,344.0,69.0,2.0,2.0,20.0,88.0,5.0
6404,2019-09-24 20:00:00,527.65,304.0,68.0,2.0,2.0,23.0,87.0,5.0
6405,2019-09-24 21:00:00,533.09,312.0,66.0,2.0,2.0,25.0,84.0,5.0
6406,2019-09-24 22:00:00,530.35,313.0,66.0,2.0,2.0,30.0,82.0,5.0
6407,2019-09-24 23:00:00,518.39,291.0,67.0,2.0,2.0,33.0,80.0,5.0
6408,2019-09-25 00:00:00,517.18,295.0,67.0,2.0,2.0,36.0,80.0,5.0
6409,2019-09-25 01:00:00,519.72,319.0,66.0,2.0,2.0,44.0,81.0,5.0
6410,2019-09-25 02:00:00,533.45,349.0,64.0,2.0,2.0,42.0,83.0,5.0
6411,2019-09-25 03:00:00,543.21,357.0,62.0,2.0,2.0,37.0,82.0,5.0
6412,2019-09-25 04:00:00,577.16,464.0,64.0,2.0,2.0,38.0,82.0,5.0
6413,2019-09-25 05:00:00,580.72,485.0,68.0,2.0,2.0,39.0,82.0,5.0
6414,2019-09-25 06:00:00,592.56,493.0,59.0,2.0,2.0,31.0,82.0,5.0
6415,2019-09-25 07:00:00,600.54,492.0,48.0,2.0,2.0,26.0,82.0,5.0
6416,2019-09-25 08:00:00,593.9,489.0,52.0,2.0,2.0,31.0,82.0,5.0
6417,2019-09-25 09:00:00,613.17,576.0,52.0,2.0,2.0,29.0,84.0,5.0
6418,2019-09-25 10:00:00,611.15,556.0,51.0,2.0,2.0,25.0,86.0,5.0
6419,2019-09-25 11:00:00,610.33,543.0,53.0,2.0,2.0,21.0,87.0,5.0
6420,2019-09-25 12:00:00,619.93,583.0,53.0,2.0,2.0,19.0,87.0,5.0
6421,2019-09-25 13:00:00,627.58,615.0,52.0,2.0,2.0,16.0,88.0,5.0
6422,2019-09-25 14:00:00,609.19,506.0,56.0,2.0,2.0,13.0,86.0,5.0
6423,2019-09-25 15:00:00,610.7,519.0,70.0,2.0,2.0,11.0,84.0,5.0
6424,2019-09-25 16:00:00,613.95,521.0,67.0,2.0,2.0,9.0,84.0,5.0
6425,2019-09-25 17:00:00,609.88,521.0,66.0,2.0,2.0,11.0,87.0,5.0
6426,2019-09-25 18:00:00,621.58,602.0,61.0,2.0,2.0,18.0,87.0,5.0
6427,2019-09-25 19:00:00,594.11,498.0,66.0,2.0,2.0,21.0,89.0,5.0
6428,2019-09-25 20:00:00,591.85,484.0,65.0,2.0,2.0,21.0,88.0,5.0
6429,2019-09-25 21:00:00,583.96,449.0,69.0,2.0,2.0,21.0,85.0,5.0
6430,2019-09-25 22:00:00,581.7,441.0,69.0,2.0,2.0,22.0,84.0,5.0
6431,2019-09-25 23:00:00,591.03,458.0,69.0,2.0,2.0,19.0,82.0,5.0
6432,2019-09-26 00:00:00,598.95,467.0,69.0,2.0,2.0,14.0,81.0,5.0
6433,2019-09-26 01:00:00,598.84,468.0,70.0,2.0,2.0,14.0,81.0,5.0
6434,2019-09-26 02:00:00,596.31,464.0,69.0,2.0,2.0,13.0,84.0,5.0
6435,2019-09-26 03:00:00,612.68,520.0,70.0,2.0,2.0,10.0,83.0,5.0
6436,2019-09-26 04:00:00,624.88,589.0,71.0,2.0,2.0,11.0,83.0,5.0
6437,2019-09-26 05:00:00,618.1,583.0,71.0,2.0,2.0,13.0,88.0,5.0
6438,2019-09-26 06:00:00,615.37,572.0,68.0,2.0,2.0,17.0,86.0,5.0
6439,2019-09-26 07:00:00,612.09,557.0,69.0,2.0,2.0,17.0,86.0,5.0
6440,2019-09-26 08:00:00,615.77,569.0,70.0,2.0,2.0,16.0,85.0,5.0
6441,2019-09-26 09:00:00,617.1,582.0,71.0,2.0,2.0,16.0,86.0,5.0
6442,2019-09-26 10:00:00,612.44,562.0,71.0,2.0,2.0,16.0,87.0,5.0
6443,2019-09-26 11:00:00,616.67,584.0,71.0,2.0,2.0,17.0,86.0,5.0
6444,2019-09-26 12:00:00,616.72,586.0,72.0,2.0,2.0,16.0,87.0,5.0
6445,2019-09-26 13:00:00,611.81,558.0,73.0,2.0,2.0,15.0,87.0,5.0
6446,2019-09-26 14:00:00,619.65,580.0,72.0,2.0,2.0,12.0,86.0,5.0
6447,2019-09-26 15:00:00,622.35,584.0,71.0,2.0,2.0,9.0,87.0,5.0
6448,2019-09-26 16:00:00,623.01,584.0,69.0,2.0,2.0,8.0,88.0,5.0
6449,2019-09-26 17:00:00,622.27,598.0,69.0,2.0,2.0,11.0,89.0,5.0
6450,2019-09-26 18:00:00,619.18,573.0,67.0,2.0,2.0,10.0,89.0,5.0
6451,2019-09-26 19:00:00,603.0,503.0,64.0,2.0,2.0,12.0,90.0,5.0
6452,2019-09-26 20:00:00,573.58,394.0,65.0,2.0,2.0,11.0,90.0,5.0
6453,2019-09-26 21:00:00,572.22,394.0,66.0,2.0,2.0,14.0,88.0,5.0
6454,2019-09-26 22:00:00,570.58,382.0,65.0,2.0,2.0,15.0,85.0,5.0
6455,2019-09-26 23:00:00,576.49,397.0,68.0,2.0,2.0,16.0,82.0,5.0
6456,2019-09-27 00:00:00,572.51,394.0,68.0,2.0,2.0,18.0,83.0,5.0
6457,2019-09-27 01:00:00,571.21,389.0,67.0,2.0,2.0,20.0,81.0,5.0
6458,2019-09-27 02:00:00,580.75,420.0,65.0,2.0,2.0,18.0,84.0,5.0
6459,2019-09-27 03:00:00,599.55,487.0,63.0,2.0,2.0,18.0,84.0,5.0
6460,2019-09-27 04:00:00,619.32,579.0,65.0,2.0,2.0,19.0,82.0,5.0
6461,2019-09-27 05:00:00,615.36,589.0,68.0,2.0,2.0,24.0,83.0,5.0
6462,2019-09-27 06:00:00,609.65,588.0,68.0,2.0,2.0,27.0,87.0,5.0
6463,2019-09-27 07:00:00,612.2,585.0,63.0,2.0,2.0,26.0,86.0,5.0
6464,2019-09-27 08:00:00,613.31,580.0,59.0,2.0,2.0,25.0,86.0,5.0
6465,2019-09-27 09:00:00,609.1,571.0,64.0,2.0,2.0,26.0,86.0,6.0
6466,2019-09-27 10:00:00,612.01,574.0,67.0,2.0,2.0,22.0,86.0,5.0
6467,2019-09-27 11:00:00,612.79,573.0,69.0,2.0,2.0,21.0,85.0,5.0
6468,2019-09-27 12:00:00,606.39,543.0,70.0,2.0,2.0,21.0,85.0,5.0
6469,2019-09-27 13:00:00,604.47,534.0,70.0,2.0,2.0,19.0,87.0,5.0
6470,2019-09-27 14:00:00,611.89,565.0,72.0,2.0,2.0,17.0,87.0,5.0
6471,2019-09-27 15:00:00,624.33,584.0,70.0,2.0,2.0,13.0,81.0,5.0
6472,2019-09-27 16:00:00,615.35,583.0,67.0,2.0,2.0,21.0,85.0,5.0
6473,2019-09-27 17:00:00,597.69,539.0,66.0,2.0,2.0,30.0,87.0,6.0
6474,2019-09-27 18:00:00,494.92,305.0,68.0,2.0,2.0,54.0,89.0,5.0
6475,2019-09-27 19:00:00,450.65,259.0,68.0,2.0,2.0,73.0,90.0,5.0
6476,2019-09-27 20:00:00,441.06,244.0,68.0,2.0,2.0,74.0,89.0,5.0
6477,2019-09-27 21:00:00,436.9,231.0,68.0,2.0,2.0,71.0,87.0,5.0
6478,2019-09-27 22:00:00,454.93,255.0,66.0,2.0,2.0,72.0,84.0,5.0
6479,2019-09-27 23:00:00,462.82,257.0,66.0,2.0,2.0,67.0,82.0,5.0
6480,2019-09-28 00:00:00,467.47,257.0,67.0,2.0,2.0,62.0,82.0,5.0
6481,2019-09-28 01:00:00,463.59,257.0,67.0,2.0,2.0,66.0,82.0,5.0
6482,2019-09-28 02:00:00,463.98,257.0,65.0,2.0,2.0,64.0,84.0,5.0
6483,2019-09-28 03:00:00,468.33,259.0,64.0,2.0,2.0,60.0,85.0,5.0
6484,2019-09-28 04:00:00,461.99,260.0,65.0,2.0,2.0,68.0,84.0,5.0
6485,2019-09-28 05:00:00,467.12,265.0,64.0,2.0,2.0,66.0,84.0,5.0
6486,2019-09-28 06:00:00,471.63,255.0,65.0,2.0,2.0,55.0,84.0,5.0
6487,2019-09-28 07:00:00,488.06,272.0,68.0,2.0,2.0,45.0,87.0,5.0
6488,2019-09-28 08:00:00,501.61,305.0,68.0,2.0,2.0,48.0,88.0,5.0
6489,2019-09-28 09:00:00,502.7,318.0,70.0,2.0,2.0,52.0,89.0,5.0
6490,2019-09-28 10:00:00,475.19,279.0,69.0,2.0,2.0,61.0,88.0,5.0
6491,2019-09-28 11:00:00,478.92,281.0,70.0,2.0,2.0,59.0,87.0,5.0
6492,2019-09-28 12:00:00,475.77,270.0,69.0,2.0,2.0,55.0,88.0,5.0
6493,2019-09-28 13:00:00,486.36,289.0,69.0,2.0,2.0,54.0,89.0,5.0
6494,2019-09-28 14:00:00,484.33,287.0,69.0,2.0,2.0,55.0,89.0,5.0
6495,2019-09-28 15:00:00,493.5,317.0,68.0,2.0,2.0,65.0,86.0,5.0
6496,2019-09-28 16:00:00,477.57,337.0,68.0,2.0,2.0,94.0,87.0,5.0
6497,2019-09-28 17:00:00,459.4,331.0,66.0,2.0,2.0,110.0,91.0,5.0
6498,2019-09-28 18:00:00,428.74,280.0,66.0,2.0,2.0,114.0,91.0,5.0
6499,2019-09-28 19:00:00,410.14,248.0,67.0,2.0,2.0,112.0,91.0,5.0
6500,2019-09-28 20:00:00,414.69,260.0,69.0,2.0,2.0,119.0,88.0,5.0
6501,2019-09-28 21:00:00,429.15,259.0,68.0,2.0,2.0,103.0,85.0,5.0
6502,2019-09-28 22:00:00,440.49,253.0,69.0,2.0,2.0,87.0,83.0,5.0
6503,2019-09-28 23:00:00,453.49,253.0,67.0,2.0,2.0,75.0,81.0,5.0
6504,2019-09-29 00:00:00,447.35,248.0,68.0,2.0,2.0,77.0,82.0,5.0
6505,2019-09-29 01:00:00,455.82,248.0,68.0,2.0,2.0,68.0,82.0,5.0
6506,2019-09-29 02:00:00,457.03,255.0,70.0,2.0,2.0,69.0,84.0,5.0
6507,2019-09-29 03:00:00,461.82,256.0,68.0,2.0,2.0,65.0,84.0,5.0
6508,2019-09-29 04:00:00,457.26,260.0,69.0,2.0,2.0,72.0,84.0,4.0
6509,2019-09-29 05:00:00,462.2,265.0,70.0,2.0,2.0,70.0,84.0,5.0
6510,2019-09-29 06:00:00,465.03,260.0,69.0,2.0,2.0,64.0,84.0,5.0
6511,2019-09-29 07:00:00,487.13,290.0,68.0,2.0,2.0,59.0,84.0,5.0
6512,2019-09-29 08:00:00,490.63,298.0,67.0,2.0,2.0,61.0,83.0,5.0
6513,2019-09-29 09:00:00,498.11,325.0,68.0,2.0,2.0,67.0,83.0,4.0
6514,2019-09-29 10:00:00,487.39,303.0,68.0,2.0,2.0,66.0,84.0,5.0
6515,2019-09-29 11:00:00,463.25,267.0,67.0,2.0,2.0,68.0,87.0,6.0
6516,2019-09-29 12:00:00,463.32,265.0,69.0,2.0,2.0,66.0,87.0,5.0
6517,2019-09-29 13:00:00,475.96,272.0,69.0,2.0,2.0,56.0,88.0,5.0
6518,2019-09-29 14:00:00,514.49,316.0,69.0,2.0,2.0,42.0,86.0,5.0
6519,2019-09-29 15:00:00,520.87,338.0,68.0,2.0,2.0,46.0,86.0,5.0
6520,2019-09-29 16:00:00,505.2,337.0,66.0,2.0,2.0,61.0,88.0,5.0
6521,2019-09-29 17:00:00,493.65,334.0,68.0,2.0,2.0,69.0,91.0,5.0
6522,2019-09-29 18:00:00,499.08,332.0,67.0,2.0,2.0,61.0,92.0,5.0
6523,2019-09-29 19:00:00,477.01,292.0,68.0,2.0,2.0,62.0,93.0,5.0
6524,2019-09-29 20:00:00,477.8,304.0,69.0,2.0,2.0,68.0,93.0,5.0
6525,2019-09-29 21:00:00,486.46,315.0,67.0,2.0,2.0,66.0,92.0,5.0
6526,2019-09-29 22:00:00,487.99,315.0,64.0,2.0,2.0,67.0,90.0,5.0
6527,2019-09-29 23:00:00,495.39,319.0,64.0,2.0,2.0,64.0,87.0,5.0
6528,2019-09-30 00:00:00,489.56,310.0,66.0,2.0,2.0,66.0,86.0,5.0
6529,2019-09-30 01:00:00,496.36,310.0,64.0,2.0,2.0,59.0,86.0,4.0
6530,2019-09-30 02:00:00,497.74,303.0,64.0,2.0,2.0,51.0,89.0,5.0
6531,2019-09-30 03:00:00,542.89,382.0,63.0,2.0,2.0,39.0,90.0,5.0
6532,2019-09-30 04:00:00,574.01,491.0,65.0,2.0,2.0,36.0,96.0,5.0
6533,2019-09-30 05:00:00,574.75,496.0,67.0,2.0,2.0,36.0,96.0,4.0
6534,2019-09-30 06:00:00,575.16,484.0,66.0,2.0,2.0,34.0,94.0,5.0
6535,2019-09-30 07:00:00,573.24,480.0,66.0,2.0,2.0,36.0,93.0,5.0
6536,2019-09-30 08:00:00,580.75,501.0,65.0,2.0,2.0,33.0,94.0,5.0
6537,2019-09-30 09:00:00,587.16,502.0,64.0,2.0,2.0,25.0,95.0,5.0
6538,2019-09-30 10:00:00,587.61,497.0,64.0,2.0,2.0,21.0,97.0,5.0
6539,2019-09-30 11:00:00,570.53,415.0,65.0,2.0,2.0,20.0,91.0,4.0
6540,2019-09-30 12:00:00,572.49,404.0,66.0,2.0,2.0,17.0,88.0,5.0
6541,2019-09-30 13:00:00,578.04,410.0,64.0,2.0,2.0,15.0,87.0,5.0
6542,2019-09-30 14:00:00,580.48,405.0,64.0,2.0,2.0,11.0,87.0,5.0
6543,2019-09-30 15:00:00,575.2,401.0,64.0,2.0,2.0,15.0,87.0,5.0
6544,2019-09-30 16:00:00,569.3,402.0,62.0,2.0,2.0,20.0,89.0,5.0
6545,2019-09-30 17:00:00,559.12,404.0,60.0,2.0,2.0,29.0,92.0,5.0
6546,2019-09-30 18:00:00,557.92,394.0,56.0,2.0,2.0,27.0,93.0,5.0
6547,2019-09-30 19:00:00,532.34,332.0,57.0,2.0,2.0,28.0,93.0,5.0
6548,2019-09-30 20:00:00,524.53,325.0,59.0,2.0,2.0,31.0,94.0,5.0
6549,2019-09-30 21:00:00,510.44,327.0,60.0,2.0,2.0,49.0,91.0,5.0
6550,2019-09-30 22:00:00,495.52,323.0,60.0,2.0,2.0,65.0,89.0,5.0
6551,2019-09-30 23:00:00,482.77,323.0,61.0,2.0,2.0,83.0,85.0,4.0
6552,2019-10-01 00:00:00,452.43,323.0,60.0,2.0,2.0,120.0,86.0,5.0
6553,2019-10-01 01:00:00,418.74,323.0,61.0,2.0,2.0,168.0,86.0,5.0
6554,2019-10-01 02:00:00,406.18,323.0,61.0,2.0,2.0,184.0,90.0,5.0
6555,2019-10-01 03:00:00,403.48,327.0,61.0,2.0,2.0,194.0,88.0,5.0
6556,2019-10-01 04:00:00,412.09,374.0,62.0,2.0,2.0,216.0,91.0,4.0
6557,2019-10-01 05:00:00,418.53,405.0,63.0,2.0,2.0,230.0,91.0,5.0
6558,2019-10-01 06:00:00,409.47,388.0,64.0,2.0,2.0,235.0,89.0,5.0
6559,2019-10-01 07:00:00,389.1,371.0,62.0,2.0,2.0,255.0,94.0,5.0
6560,2019-10-01 08:00:00,396.1,391.0,61.0,2.0,2.0,259.0,94.0,4.0
6561,2019-10-01 09:00:00,387.26,363.0,63.0,2.0,2.0,250.0,95.0,5.0
6562,2019-10-01 10:00:00,397.35,376.0,64.0,2.0,2.0,243.0,94.0,5.0
6563,2019-10-01 11:00:00,408.65,405.0,66.0,2.0,2.0,247.0,93.0,5.0
6564,2019-10-01 12:00:00,414.16,388.0,65.0,2.0,2.0,222.0,93.0,5.0
6565,2019-10-01 13:00:00,423.08,404.0,65.0,2.0,2.0,217.0,94.0,4.0
6566,2019-10-01 14:00:00,430.16,406.0,50.0,2.0,2.0,207.0,95.0,5.0
6567,2019-10-01 15:00:00,439.42,406.0,49.0,2.0,2.0,196.0,90.0,5.0
6568,2019-10-01 16:00:00,452.81,408.0,50.0,2.0,2.0,176.0,89.0,5.0
6569,2019-10-01 17:00:00,446.39,407.0,49.0,2.0,2.0,182.0,93.0,5.0
6570,2019-10-01 18:00:00,412.06,334.0,49.0,2.0,2.0,186.0,89.0,5.0
6571,2019-10-01 19:00:00,425.44,316.0,48.0,2.0,2.0,153.0,87.0,5.0
6572,2019-10-01 20:00:00,427.01,320.0,47.0,2.0,2.0,155.0,86.0,5.0
6573,2019-10-01 21:00:00,428.18,322.0,46.0,2.0,2.0,156.0,85.0,5.0
6574,2019-10-01 22:00:00,394.12,271.0,47.0,2.0,2.0,165.0,82.0,5.0
6575,2019-10-01 23:00:00,409.66,265.0,48.0,2.0,2.0,140.0,80.0,5.0
6576,2019-10-02 00:00:00,389.44,268.0,48.0,2.0,2.0,170.0,81.0,5.0
6577,2019-10-02 01:00:00,376.01,266.0,48.0,2.0,2.0,190.0,79.0,4.0
6578,2019-10-02 02:00:00,372.57,266.0,48.0,2.0,2.0,192.0,83.0,5.0
6579,2019-10-02 03:00:00,365.93,268.0,48.0,2.0,2.0,205.0,83.0,5.0
6580,2019-10-02 04:00:00,362.97,268.0,48.0,2.0,2.0,209.0,84.0,5.0
6581,2019-10-02 05:00:00,396.4,320.0,50.0,2.0,2.0,203.0,85.0,4.0
6582,2019-10-02 06:00:00,402.78,329.0,50.0,2.0,2.0,198.0,87.0,3.0
6583,2019-10-02 07:00:00,410.93,319.0,52.0,2.0,2.0,175.0,88.0,3.0
6584,2019-10-02 08:00:00,444.16,319.0,48.0,2.0,2.0,129.0,87.0,4.0
6585,2019-10-02 09:00:00,459.0,320.0,56.0,2.0,2.0,108.0,88.0,4.0
6586,2019-10-02 10:00:00,470.85,344.0,66.0,2.0,2.0,105.0,89.0,4.0
6587,2019-10-02 11:00:00,490.89,349.0,65.0,2.0,2.0,85.0,87.0,4.0
6588,2019-10-02 12:00:00,519.71,348.0,64.0,2.0,2.0,52.0,87.0,5.0
6589,2019-10-02 13:00:00,538.6,347.0,67.0,2.0,2.0,32.0,86.0,5.0
6590,2019-10-02 14:00:00,552.35,342.0,69.0,2.0,2.0,19.0,83.0,5.0
6591,2019-10-02 15:00:00,560.96,343.0,70.0,2.0,2.0,13.0,81.0,5.0
6592,2019-10-02 16:00:00,557.82,346.0,67.0,2.0,2.0,15.0,84.0,5.0
6593,2019-10-02 17:00:00,549.45,341.0,64.0,2.0,2.0,18.0,88.0,5.0
6594,2019-10-02 18:00:00,510.68,278.0,63.0,2.0,2.0,26.0,89.0,5.0
6595,2019-10-02 19:00:00,502.44,266.0,61.0,2.0,2.0,28.0,89.0,5.0
6596,2019-10-02 20:00:00,497.59,269.0,61.0,2.0,2.0,34.0,89.0,5.0
6597,2019-10-02 21:00:00,500.76,265.0,61.0,2.0,2.0,31.0,87.0,5.0
6598,2019-10-02 22:00:00,493.59,263.0,63.0,2.0,2.0,38.0,85.0,5.0
6599,2019-10-02 23:00:00,492.6,259.0,62.0,2.0,2.0,39.0,83.0,5.0
6600,2019-10-03 00:00:00,492.52,263.0,63.0,2.0,2.0,42.0,82.0,5.0
6601,2019-10-03 01:00:00,493.59,263.0,63.0,2.0,2.0,40.0,83.0,5.0
6602,2019-10-03 02:00:00,498.29,266.0,64.0,2.0,2.0,35.0,85.0,5.0
6603,2019-10-03 03:00:00,506.28,275.0,65.0,2.0,2.0,32.0,85.0,5.0
6604,2019-10-03 04:00:00,528.36,347.0,65.0,2.0,2.0,44.0,85.0,4.0
6605,2019-10-03 05:00:00,519.04,336.0,68.0,2.0,2.0,48.0,85.0,5.0
6606,2019-10-03 06:00:00,526.21,335.0,65.0,2.0,2.0,41.0,85.0,5.0
6607,2019-10-03 07:00:00,525.99,323.0,68.0,2.0,2.0,34.0,86.0,5.0
6608,2019-10-03 08:00:00,541.05,339.0,68.0,2.0,2.0,29.0,83.0,5.0
6609,2019-10-03 09:00:00,539.83,337.0,69.0,2.0,2.0,29.0,83.0,4.0
6610,2019-10-03 10:00:00,542.43,325.0,65.0,2.0,2.0,23.0,83.0,5.0
6611,2019-10-03 11:00:00,550.19,334.0,69.0,2.0,2.0,19.0,82.0,5.0
6612,2019-10-03 12:00:00,543.95,321.0,65.0,2.0,2.0,21.0,82.0,5.0
6613,2019-10-03 13:00:00,549.05,340.0,64.0,2.0,2.0,23.0,83.0,5.0
6614,2019-10-03 14:00:00,549.71,346.0,63.0,2.0,2.0,25.0,83.0,5.0
6615,2019-10-03 15:00:00,530.58,332.0,66.0,2.0,2.0,37.0,83.0,5.0
6616,2019-10-03 16:00:00,498.81,338.0,61.0,2.0,2.0,73.0,85.0,5.0
6617,2019-10-03 17:00:00,501.79,347.0,62.0,2.0,2.0,71.0,88.0,5.0
6618,2019-10-03 18:00:00,482.38,337.0,64.0,2.0,2.0,87.0,89.0,5.0
6619,2019-10-03 19:00:00,438.94,268.0,61.0,2.0,2.0,95.0,89.0,5.0
6620,2019-10-03 20:00:00,436.4,261.0,60.0,2.0,2.0,93.0,89.0,5.0
6621,2019-10-03 21:00:00,438.11,261.0,60.0,2.0,2.0,93.0,87.0,5.0
6622,2019-10-03 22:00:00,457.6,283.0,59.0,2.0,2.0,88.0,85.0,5.0
6623,2019-10-03 23:00:00,454.19,270.0,60.0,2.0,2.0,85.0,83.0,5.0
6624,2019-10-04 00:00:00,449.61,262.0,58.0,2.0,2.0,85.0,83.0,5.0
6625,2019-10-04 01:00:00,450.19,262.0,60.0,2.0,2.0,85.0,82.0,5.0
6626,2019-10-04 02:00:00,457.28,280.0,61.0,2.0,2.0,87.0,84.0,5.0
6627,2019-10-04 03:00:00,471.97,302.0,62.0,2.0,2.0,83.0,85.0,5.0
6628,2019-10-04 04:00:00,493.0,340.0,60.0,2.0,2.0,82.0,84.0,5.0
6629,2019-10-04 05:00:00,484.15,339.0,64.0,2.0,2.0,91.0,84.0,5.0
6630,2019-10-04 06:00:00,480.25,339.0,63.0,2.0,2.0,96.0,84.0,5.0
6631,2019-10-04 07:00:00,486.43,335.0,64.0,2.0,2.0,85.0,85.0,5.0
6632,2019-10-04 08:00:00,492.5,338.0,62.0,2.0,2.0,78.0,87.0,5.0
6633,2019-10-04 09:00:00,494.38,316.0,62.0,2.0,2.0,63.0,88.0,5.0
6634,2019-10-04 10:00:00,510.48,334.0,65.0,2.0,2.0,58.0,84.0,5.0
6635,2019-10-04 11:00:00,518.11,344.0,60.0,2.0,2.0,53.0,87.0,5.0
6636,2019-10-04 12:00:00,513.62,344.0,63.0,2.0,2.0,59.0,85.0,5.0
6637,2019-10-04 13:00:00,523.89,342.0,60.0,2.0,2.0,48.0,85.0,5.0
6638,2019-10-04 14:00:00,518.3,338.0,60.0,2.0,2.0,53.0,84.0,5.0
6639,2019-10-04 15:00:00,524.27,340.0,59.0,2.0,2.0,47.0,85.0,5.0
6640,2019-10-04 16:00:00,520.14,344.0,56.0,2.0,2.0,51.0,88.0,5.0
6641,2019-10-04 17:00:00,515.29,344.0,53.0,2.0,2.0,56.0,89.0,5.0
6642,2019-10-04 18:00:00,458.19,230.0,56.0,2.0,2.0,49.0,89.0,5.0
6643,2019-10-04 19:00:00,430.14,193.0,55.0,2.0,2.0,48.0,90.0,5.0
6644,2019-10-04 20:00:00,435.78,191.0,51.0,2.0,2.0,44.0,88.0,5.0
6645,2019-10-04 21:00:00,410.45,167.0,53.0,2.0,2.0,50.0,85.0,5.0
6646,2019-10-04 22:00:00,400.73,155.0,54.0,2.0,2.0,49.0,84.0,5.0
6647,2019-10-04 23:00:00,381.24,137.0,56.0,2.0,2.0,51.0,82.0,5.0
6648,2019-10-05 00:00:00,387.22,130.0,58.0,2.0,2.0,39.0,82.0,5.0
6649,2019-10-05 01:00:00,378.95,129.0,55.0,2.0,2.0,46.0,81.0,5.0
6650,2019-10-05 02:00:00,375.4,128.0,55.0,2.0,2.0,48.0,81.0,5.0
6651,2019-10-05 03:00:00,393.05,136.0,56.0,2.0,2.0,41.0,81.0,5.0
6652,2019-10-05 04:00:00,385.9,134.0,57.0,2.0,2.0,43.0,83.0,5.0
6653,2019-10-05 05:00:00,404.88,148.0,57.0,2.0,2.0,39.0,84.0,5.0
6654,2019-10-05 06:00:00,392.14,132.0,56.0,2.0,2.0,36.0,83.0,5.0
6655,2019-10-05 07:00:00,398.93,137.0,58.0,2.0,2.0,29.0,89.0,5.0
6656,2019-10-05 08:00:00,402.26,140.0,58.0,2.0,2.0,28.0,90.0,5.0
6657,2019-10-05 09:00:00,401.19,138.0,59.0,2.0,2.0,26.0,91.0,5.0
6658,2019-10-05 10:00:00,393.95,138.0,58.0,2.0,2.0,32.0,91.0,5.0
6659,2019-10-05 11:00:00,382.34,129.0,60.0,2.0,2.0,35.0,89.0,5.0
6660,2019-10-05 12:00:00,383.62,129.0,58.0,2.0,2.0,34.0,89.0,5.0
6661,2019-10-05 13:00:00,381.29,126.0,57.0,2.0,2.0,33.0,89.0,5.0
6662,2019-10-05 14:00:00,387.35,126.0,59.0,2.0,2.0,31.0,86.0,5.0
6663,2019-10-05 15:00:00,399.14,136.0,57.0,2.0,2.0,30.0,87.0,5.0
6664,2019-10-05 16:00:00,400.47,155.0,57.0,2.0,2.0,44.0,89.0,5.0
6665,2019-10-05 17:00:00,366.19,140.0,57.0,2.0,2.0,60.0,90.0,5.0
6666,2019-10-05 18:00:00,383.55,136.0,56.0,2.0,2.0,40.0,90.0,5.0
6667,2019-10-05 19:00:00,386.84,140.0,57.0,2.0,2.0,40.0,91.0,5.0
6668,2019-10-05 20:00:00,396.64,148.0,57.0,2.0,2.0,41.0,89.0,5.0
6669,2019-10-05 21:00:00,385.03,124.0,57.0,2.0,2.0,31.0,86.0,5.0
6670,2019-10-05 22:00:00,376.4,122.0,57.0,2.0,2.0,36.0,86.0,5.0
6671,2019-10-05 23:00:00,377.62,122.0,57.0,2.0,2.0,39.0,82.0,5.0
6672,2019-10-06 00:00:00,381.32,122.0,57.0,2.0,2.0,35.0,83.0,5.0
6673,2019-10-06 01:00:00,386.42,121.0,57.0,2.0,2.0,31.0,82.0,5.0
6674,2019-10-06 02:00:00,376.4,122.0,57.0,2.0,2.0,38.0,84.0,5.0
6675,2019-10-06 03:00:00,387.32,129.0,57.0,2.0,2.0,36.0,84.0,5.0
6676,2019-10-06 04:00:00,390.84,130.0,59.0,2.0,2.0,34.0,84.0,5.0
6677,2019-10-06 05:00:00,383.74,124.0,58.0,2.0,2.0,34.0,84.0,5.0
6678,2019-10-06 06:00:00,383.88,122.0,56.0,2.0,2.0,31.0,85.0,5.0
6679,2019-10-06 07:00:00,382.63,121.0,56.0,2.0,2.0,31.0,85.0,5.0
6680,2019-10-06 08:00:00,383.29,120.0,56.0,2.0,2.0,28.0,86.0,4.0
6681,2019-10-06 09:00:00,383.9,121.0,56.0,2.0,2.0,25.0,90.0,5.0
6682,2019-10-06 10:00:00,380.11,126.0,56.0,2.0,2.0,32.0,91.0,5.0
6683,2019-10-06 11:00:00,386.26,126.0,56.0,2.0,2.0,31.0,87.0,5.0
6684,2019-10-06 12:00:00,386.17,127.0,57.0,2.0,2.0,32.0,87.0,5.0
6685,2019-10-06 13:00:00,399.31,125.0,56.0,2.0,2.0,21.0,86.0,5.0
6686,2019-10-06 14:00:00,411.91,127.0,56.0,2.0,2.0,14.0,86.0,6.0
6687,2019-10-06 15:00:00,394.41,127.0,56.0,2.0,2.0,25.0,88.0,6.0
6688,2019-10-06 16:00:00,429.21,154.0,56.0,2.0,2.0,20.0,89.0,6.0
6689,2019-10-06 17:00:00,418.46,151.0,56.0,2.0,2.0,24.0,91.0,6.0
6690,2019-10-06 18:00:00,405.95,145.0,56.0,2.0,2.0,29.0,91.0,6.0
6691,2019-10-06 19:00:00,389.38,126.0,56.0,2.0,2.0,26.0,90.0,6.0
6692,2019-10-06 20:00:00,396.13,123.0,56.0,2.0,2.0,20.0,88.0,6.0
6693,2019-10-06 21:00:00,413.1,128.0,56.0,2.0,2.0,15.0,85.0,6.0
6694,2019-10-06 22:00:00,427.15,134.0,56.0,2.0,2.0,10.0,85.0,6.0
6695,2019-10-06 23:00:00,444.93,145.0,56.0,2.0,2.0,9.0,82.0,6.0
6696,2019-10-07 00:00:00,453.06,164.0,57.0,2.0,2.0,15.0,83.0,5.0
6697,2019-10-07 01:00:00,473.62,180.0,59.0,2.0,2.0,11.0,82.0,5.0
6698,2019-10-07 02:00:00,475.31,190.0,58.0,2.0,2.0,13.0,85.0,5.0
6699,2019-10-07 03:00:00,532.22,285.0,57.0,2.0,2.0,14.0,87.0,5.0
6700,2019-10-07 04:00:00,557.17,358.0,58.0,2.0,2.0,20.0,87.0,5.0
6701,2019-10-07 05:00:00,578.08,396.0,60.0,2.0,2.0,10.0,89.0,5.0
6702,2019-10-07 06:00:00,579.49,394.0,60.0,2.0,2.0,9.0,88.0,5.0
6703,2019-10-07 07:00:00,581.48,410.0,60.0,2.0,2.0,11.0,89.0,5.0
6704,2019-10-07 08:00:00,576.81,411.0,60.0,2.0,2.0,14.0,91.0,5.0
6705,2019-10-07 09:00:00,574.53,408.0,61.0,2.0,2.0,15.0,91.0,4.0
6706,2019-10-07 10:00:00,576.82,409.0,61.0,2.0,2.0,14.0,90.0,5.0
6707,2019-10-07 11:00:00,578.8,409.0,61.0,2.0,2.0,15.0,87.0,5.0
6708,2019-10-07 12:00:00,567.1,408.0,60.0,2.0,2.0,26.0,88.0,5.0
6709,2019-10-07 13:00:00,569.0,396.0,60.0,2.0,2.0,19.0,89.0,5.0
6710,2019-10-07 14:00:00,575.02,396.0,60.0,2.0,2.0,14.0,88.0,5.0
6711,2019-10-07 15:00:00,578.4,397.0,60.0,2.0,2.0,10.0,89.0,5.0
6712,2019-10-07 16:00:00,582.54,409.0,59.0,2.0,2.0,8.0,91.0,5.0
6713,2019-10-07 17:00:00,581.67,405.0,58.0,2.0,2.0,7.0,92.0,5.0
6714,2019-10-07 18:00:00,582.38,404.0,58.0,2.0,2.0,6.0,92.0,5.0
6715,2019-10-07 19:00:00,577.14,394.0,58.0,2.0,2.0,7.0,93.0,5.0
6716,2019-10-07 20:00:00,566.73,355.0,58.0,2.0,2.0,6.0,91.0,5.0
6717,2019-10-07 21:00:00,551.09,317.0,59.0,2.0,2.0,9.0,88.0,5.0
6718,2019-10-07 22:00:00,554.08,324.0,59.0,2.0,2.0,10.0,87.0,5.0
6719,2019-10-07 23:00:00,556.81,326.0,57.0,2.0,2.0,11.0,85.0,5.0
6720,2019-10-08 00:00:00,558.27,324.0,57.0,2.0,2.0,9.0,85.0,5.0
6721,2019-10-08 01:00:00,555.67,326.0,57.0,2.0,2.0,13.0,84.0,5.0
6722,2019-10-08 02:00:00,552.31,342.0,57.0,2.0,2.0,18.0,88.0,5.0
6723,2019-10-08 03:00:00,561.24,368.0,57.0,2.0,2.0,19.0,88.0,4.0
6724,2019-10-08 04:00:00,592.77,445.0,57.0,2.0,2.0,12.0,88.0,4.0
6725,2019-10-08 05:00:00,594.8,466.0,59.0,2.0,2.0,15.0,88.0,4.0
6726,2019-10-08 06:00:00,580.46,449.0,63.0,2.0,2.0,24.0,88.0,4.0
6727,2019-10-08 07:00:00,581.75,461.0,61.0,2.0,2.0,25.0,90.0,4.0
6728,2019-10-08 08:00:00,574.45,448.0,61.0,2.0,2.0,29.0,90.0,4.0
6729,2019-10-08 09:00:00,572.04,454.0,60.0,2.0,2.0,35.0,89.0,4.0
6730,2019-10-08 10:00:00,563.34,435.0,61.0,2.0,2.0,39.0,88.0,4.0
6731,2019-10-08 11:00:00,572.08,450.0,59.0,2.0,2.0,37.0,86.0,4.0
6732,2019-10-08 12:00:00,560.25,471.0,59.0,2.0,2.0,58.0,86.0,4.0
6733,2019-10-08 13:00:00,573.98,466.0,62.0,2.0,2.0,39.0,86.0,4.0
6734,2019-10-08 14:00:00,563.73,419.0,61.0,2.0,2.0,35.0,86.0,4.0
6735,2019-10-08 15:00:00,566.06,438.0,61.0,2.0,2.0,37.0,88.0,4.0
6736,2019-10-08 16:00:00,569.71,466.0,59.0,2.0,2.0,39.0,92.0,4.0
6737,2019-10-08 17:00:00,565.53,446.0,62.0,2.0,2.0,36.0,92.0,4.0
6738,2019-10-08 18:00:00,563.52,425.0,59.0,2.0,2.0,31.0,93.0,4.0
6739,2019-10-08 19:00:00,548.1,375.0,59.0,2.0,2.0,28.0,94.0,4.0
6740,2019-10-08 20:00:00,557.89,383.0,59.0,2.0,2.0,22.0,93.0,4.0
6741,2019-10-08 21:00:00,548.48,376.0,59.0,2.0,2.0,31.0,91.0,4.0
6742,2019-10-08 22:00:00,546.91,359.0,59.0,2.0,2.0,27.0,90.0,4.0
6743,2019-10-08 23:00:00,550.19,357.0,59.0,2.0,2.0,25.0,88.0,4.0
6744,2019-10-09 00:00:00,558.89,358.0,59.0,2.0,2.0,20.0,85.0,4.0
6745,2019-10-09 01:00:00,563.97,366.0,59.0,2.0,2.0,18.0,85.0,4.0
6746,2019-10-09 02:00:00,571.37,384.0,59.0,2.0,2.0,15.0,87.0,4.0
6747,2019-10-09 03:00:00,588.36,440.0,60.0,2.0,2.0,15.0,87.0,4.0
6748,2019-10-09 04:00:00,612.84,529.0,60.0,2.0,2.0,12.0,87.0,4.0
6749,2019-10-09 05:00:00,607.79,521.0,62.0,2.0,2.0,15.0,87.0,4.0
6750,2019-10-09 06:00:00,614.37,543.0,64.0,2.0,2.0,12.0,87.0,4.0
6751,2019-10-09 07:00:00,615.65,557.0,66.0,2.0,2.0,9.0,91.0,4.0
6752,2019-10-09 08:00:00,614.1,556.0,65.0,2.0,2.0,10.0,92.0,4.0
6753,2019-10-09 09:00:00,607.4,531.0,67.0,2.0,2.0,11.0,92.0,4.0
6754,2019-10-09 10:00:00,611.48,534.0,67.0,2.0,2.0,10.0,89.0,4.0
6755,2019-10-09 11:00:00,609.74,542.0,67.0,2.0,2.0,16.0,87.0,4.0
6756,2019-10-09 12:00:00,608.39,530.0,66.0,2.0,2.0,15.0,87.0,4.0
6757,2019-10-09 13:00:00,611.18,517.0,65.0,2.0,2.0,13.0,83.0,4.0
6758,2019-10-09 14:00:00,613.6,494.0,62.0,2.0,2.0,13.0,76.0,4.0
6759,2019-10-09 15:00:00,626.84,526.0,62.0,2.0,2.0,8.0,74.0,4.0
6760,2019-10-09 16:00:00,633.59,558.0,60.0,2.0,2.0,6.0,76.0,4.0
6761,2019-10-09 17:00:00,629.81,550.0,59.0,2.0,2.0,9.0,76.0,4.0
6762,2019-10-09 18:00:00,616.51,521.0,60.0,2.0,2.0,16.0,77.0,4.0
6763,2019-10-09 19:00:00,587.17,412.0,60.0,2.0,2.0,18.0,77.0,4.0
6764,2019-10-09 20:00:00,585.38,386.0,60.0,2.0,2.0,14.0,75.0,4.0
6765,2019-10-09 21:00:00,581.26,367.0,60.0,2.0,2.0,14.0,73.0,4.0
6766,2019-10-09 22:00:00,588.36,392.0,60.0,2.0,2.0,16.0,72.0,4.0
6767,2019-10-09 23:00:00,594.57,391.0,60.0,2.0,2.0,12.0,70.0,4.0
6768,2019-10-10 00:00:00,591.29,391.0,60.0,2.0,2.0,15.0,70.0,4.0
6769,2019-10-10 01:00:00,592.54,388.0,60.0,2.0,2.0,14.0,69.0,4.0
6770,2019-10-10 02:00:00,597.98,401.0,59.0,2.0,2.0,10.0,72.0,4.0
6771,2019-10-10 03:00:00,628.77,554.0,59.0,2.0,2.0,9.0,78.0,4.0
6772,2019-10-10 04:00:00,640.77,649.0,60.0,2.0,2.0,11.0,80.0,4.0
6773,2019-10-10 05:00:00,637.06,626.0,63.0,2.0,2.0,10.0,80.0,4.0
6774,2019-10-10 06:00:00,641.54,648.0,62.0,2.0,2.0,10.0,79.0,4.0
6775,2019-10-10 07:00:00,645.21,665.0,63.0,2.0,2.0,8.0,79.0,4.0
6776,2019-10-10 08:00:00,645.86,664.0,63.0,2.0,2.0,7.0,79.0,4.0
6777,2019-10-10 09:00:00,645.02,666.0,64.0,2.0,2.0,8.0,79.0,4.0
6778,2019-10-10 10:00:00,642.48,656.0,65.0,2.0,2.0,8.0,80.0,4.0
6779,2019-10-10 11:00:00,642.56,662.0,65.0,2.0,2.0,9.0,80.0,4.0
6780,2019-10-10 12:00:00,643.13,666.0,65.0,2.0,2.0,10.0,79.0,4.0
6781,2019-10-10 13:00:00,642.46,659.0,64.0,2.0,2.0,9.0,80.0,4.0
6782,2019-10-10 14:00:00,640.08,632.0,64.0,2.0,2.0,7.0,80.0,4.0
6783,2019-10-10 15:00:00,640.42,645.0,64.0,2.0,2.0,7.0,82.0,4.0
6784,2019-10-10 16:00:00,637.92,645.0,62.0,2.0,2.0,8.0,85.0,4.0
6785,2019-10-10 17:00:00,633.53,632.0,62.0,2.0,2.0,11.0,85.0,4.0
6786,2019-10-10 18:00:00,605.34,510.0,62.0,2.0,2.0,17.0,85.0,4.0
6787,2019-10-10 19:00:00,553.28,357.0,62.0,2.0,2.0,23.0,86.0,4.0
6788,2019-10-10 20:00:00,553.31,341.0,62.0,2.0,2.0,20.0,83.0,4.0
6789,2019-10-10 21:00:00,558.38,365.0,62.0,2.0,2.0,26.0,81.0,4.0
6790,2019-10-10 22:00:00,531.87,337.0,62.0,2.0,2.0,42.0,80.0,4.0
6791,2019-10-10 23:00:00,527.12,333.0,62.0,2.0,2.0,47.0,78.0,4.0
6792,2019-10-11 00:00:00,540.49,375.0,62.0,2.0,2.0,51.0,78.0,4.0
6793,2019-10-11 01:00:00,543.31,390.0,62.0,2.0,2.0,56.0,76.0,4.0
6794,2019-10-11 02:00:00,531.75,374.0,62.0,2.0,2.0,62.0,76.0,4.0
6795,2019-10-11 03:00:00,547.35,445.0,62.0,2.0,2.0,70.0,79.0,4.0
6796,2019-10-11 04:00:00,548.34,474.0,62.0,2.0,2.0,80.0,79.0,4.0
6797,2019-10-11 05:00:00,547.18,477.0,64.0,2.0,2.0,82.0,79.0,4.0
6798,2019-10-11 06:00:00,547.81,486.0,63.0,2.0,2.0,85.0,79.0,4.0
6799,2019-10-11 07:00:00,552.21,488.0,63.0,2.0,2.0,79.0,80.0,4.0
6800,2019-10-11 08:00:00,548.22,490.0,63.0,2.0,2.0,86.0,79.0,4.0
6801,2019-10-11 09:00:00,528.07,477.0,63.0,2.0,2.0,105.0,82.0,4.0
6802,2019-10-11 10:00:00,519.11,474.0,64.0,2.0,2.0,113.0,85.0,4.0
6803,2019-10-11 11:00:00,529.82,478.0,63.0,2.0,2.0,99.0,86.0,4.0
6804,2019-10-11 12:00:00,535.8,488.0,63.0,2.0,2.0,91.0,90.0,4.0
6805,2019-10-11 13:00:00,530.35,482.0,63.0,2.0,2.0,95.0,91.0,4.0
6806,2019-10-11 14:00:00,521.94,480.0,63.0,2.0,2.0,103.0,94.0,4.0
6807,2019-10-11 15:00:00,438.77,300.0,63.0,2.0,2.0,111.0,96.0,4.0
6808,2019-10-11 16:00:00,431.45,292.0,61.0,2.0,2.0,112.0,99.0,4.0
6809,2019-10-11 17:00:00,429.55,316.0,61.0,2.0,2.0,131.0,101.0,4.0
6810,2019-10-11 18:00:00,407.63,273.0,61.0,2.0,2.0,129.0,99.0,4.0
6811,2019-10-11 19:00:00,392.91,248.0,61.0,2.0,2.0,129.0,97.0,4.0
6812,2019-10-11 20:00:00,379.62,243.0,61.0,2.0,2.0,144.0,96.0,4.0
6813,2019-10-11 21:00:00,342.25,201.0,61.0,2.0,2.0,155.0,94.0,4.0
6814,2019-10-11 22:00:00,330.41,189.0,61.0,2.0,2.0,159.0,93.0,4.0
6815,2019-10-11 23:00:00,329.12,189.0,61.0,2.0,2.0,164.0,90.0,4.0
6816,2019-10-12 00:00:00,328.72,187.0,61.0,2.0,2.0,162.0,90.0,4.0
6817,2019-10-12 01:00:00,356.65,193.0,61.0,2.0,2.0,131.0,88.0,4.0
6818,2019-10-12 02:00:00,369.63,191.0,61.0,2.0,2.0,109.0,91.0,4.0
6819,2019-10-12 03:00:00,330.33,179.0,60.0,2.0,2.0,147.0,92.0,4.0
6820,2019-10-12 04:00:00,308.97,189.0,59.0,2.0,2.0,196.0,91.0,4.0
6821,2019-10-12 05:00:00,323.72,194.0,59.0,2.0,2.0,179.0,90.0,4.0
6822,2019-10-12 06:00:00,330.19,192.0,59.0,2.0,2.0,165.0,91.0,4.0
6823,2019-10-12 07:00:00,321.68,193.0,59.0,2.0,2.0,181.0,90.0,4.0
6824,2019-10-12 08:00:00,299.1,191.0,59.0,2.0,2.0,218.0,90.0,4.0
6825,2019-10-12 09:00:00,288.64,185.0,60.0,2.0,2.0,227.0,92.0,4.0
6826,2019-10-12 10:00:00,288.37,188.0,62.0,2.0,2.0,230.0,95.0,4.0
6827,2019-10-12 11:00:00,298.58,192.0,61.0,2.0,2.0,216.0,95.0,4.0
6828,2019-10-12 12:00:00,305.51,194.0,61.0,2.0,2.0,210.0,91.0,4.0
6829,2019-10-12 13:00:00,314.53,192.0,61.0,2.0,2.0,190.0,92.0,4.0
6830,2019-10-12 14:00:00,321.03,192.0,61.0,2.0,2.0,180.0,91.0,4.0
6831,2019-10-12 15:00:00,328.64,193.0,61.0,2.0,2.0,165.0,95.0,4.0
6832,2019-10-12 16:00:00,359.27,206.0,61.0,2.0,2.0,132.0,98.0,4.0
6833,2019-10-12 17:00:00,358.23,194.0,61.0,2.0,2.0,119.0,99.0,4.0
6834,2019-10-12 18:00:00,364.23,193.0,61.0,2.0,2.0,109.0,100.0,4.0
6835,2019-10-12 19:00:00,373.77,194.0,61.0,2.0,2.0,99.0,99.0,4.0
6836,2019-10-12 20:00:00,374.61,195.0,61.0,2.0,2.0,101.0,97.0,4.0
6837,2019-10-12 21:00:00,386.02,206.0,61.0,2.0,2.0,100.0,95.0,4.0
6838,2019-10-12 22:00:00,377.07,196.0,61.0,2.0,2.0,102.0,94.0,4.0
6839,2019-10-12 23:00:00,372.09,192.0,61.0,2.0,2.0,107.0,91.0,4.0
6840,2019-10-13 00:00:00,376.55,216.0,61.0,2.0,2.0,126.0,91.0,4.0
6841,2019-10-13 01:00:00,359.51,209.0,61.0,2.0,2.0,143.0,90.0,4.0
6842,2019-10-13 02:00:00,351.15,208.0,61.0,2.0,2.0,150.0,94.0,4.0
6843,2019-10-13 03:00:00,338.03,195.0,61.0,2.0,2.0,154.0,94.0,4.0
6844,2019-10-13 04:00:00,341.88,194.0,61.0,2.0,2.0,149.0,92.0,4.0
6845,2019-10-13 05:00:00,341.88,194.0,61.0,2.0,2.0,150.0,91.0,4.0
6846,2019-10-13 06:00:00,340.22,192.0,61.0,2.0,2.0,149.0,92.0,4.0
6847,2019-10-13 07:00:00,357.24,207.0,61.0,2.0,2.0,141.0,93.0,4.0
6848,2019-10-13 08:00:00,363.75,231.0,60.0,2.0,2.0,157.0,94.0,4.0
6849,2019-10-13 09:00:00,324.61,192.0,60.0,2.0,2.0,173.0,92.0,4.0
6850,2019-10-13 10:00:00,326.88,194.0,60.0,2.0,2.0,168.0,96.0,4.0
6851,2019-10-13 11:00:00,333.04,193.0,60.0,2.0,2.0,156.0,97.0,4.0
6852,2019-10-13 12:00:00,359.96,224.0,60.0,2.0,2.0,156.0,93.0,4.0
6853,2019-10-13 13:00:00,386.08,237.0,60.0,1.0,2.0,132.0,94.0,4.0
6854,2019-10-13 14:00:00,390.73,213.0,60.0,1.0,2.0,105.0,92.0,4.0
6855,2019-10-13 15:00:00,417.06,213.0,59.0,1.0,2.0,87.0,80.0,4.0
6856,2019-10-13 16:00:00,438.76,224.0,59.0,1.0,2.0,72.0,81.0,4.0
6857,2019-10-13 17:00:00,424.07,201.0,60.0,1.0,2.0,69.0,81.0,4.0
6858,2019-10-13 18:00:00,431.84,203.0,60.0,1.0,2.0,61.0,83.0,4.0
6859,2019-10-13 19:00:00,448.51,205.0,60.0,1.0,2.0,48.0,82.0,4.0
6860,2019-10-13 20:00:00,467.55,204.0,60.0,1.0,2.0,33.0,80.0,4.0
6861,2019-10-13 21:00:00,481.54,206.0,60.0,1.0,2.0,25.0,78.0,4.0
6862,2019-10-13 22:00:00,477.98,186.0,60.0,1.0,2.0,17.0,77.0,4.0
6863,2019-10-13 23:00:00,477.54,177.0,60.0,1.0,2.0,15.0,74.0,4.0
6864,2019-10-14 00:00:00,463.73,174.0,60.0,1.0,2.0,22.0,75.0,4.0
6865,2019-10-14 01:00:00,453.21,189.0,60.0,1.0,2.0,42.0,73.0,4.0
6866,2019-10-14 02:00:00,437.02,188.0,60.0,1.0,2.0,52.0,76.0,4.0
6867,2019-10-14 03:00:00,462.64,249.0,60.0,1.0,2.0,68.0,78.0,4.0
6868,2019-10-14 04:00:00,484.76,320.0,61.0,1.0,2.0,86.0,79.0,4.0
6869,2019-10-14 05:00:00,500.02,339.0,61.0,1.0,2.0,79.0,79.0,4.0
6870,2019-10-14 06:00:00,505.39,341.0,61.0,1.0,2.0,73.0,80.0,4.0
6871,2019-10-14 07:00:00,496.29,355.0,60.0,1.0,2.0,91.0,80.0,4.0
6872,2019-10-14 08:00:00,517.91,426.0,51.0,1.0,2.0,103.0,79.0,4.0
6873,2019-10-14 09:00:00,529.1,453.0,50.0,1.0,2.0,100.0,80.0,4.0
6874,2019-10-14 10:00:00,510.62,451.0,50.0,1.0,2.0,126.0,78.0,4.0
6875,2019-10-14 11:00:00,476.22,435.0,54.0,1.0,2.0,166.0,79.0,4.0
6876,2019-10-14 12:00:00,481.14,449.0,52.0,1.0,2.0,164.0,82.0,4.0
6877,2019-10-14 13:00:00,504.47,464.0,51.0,1.0,2.0,139.0,80.0,4.0
6878,2019-10-14 14:00:00,502.9,460.0,52.0,1.0,2.0,140.0,79.0,4.0
6879,2019-10-14 15:00:00,503.44,463.0,51.0,1.0,2.0,138.0,82.0,4.0
6880,2019-10-14 16:00:00,502.23,459.0,50.0,1.0,2.0,136.0,84.0,4.0
6881,2019-10-14 17:00:00,522.92,459.0,53.0,1.0,2.0,105.0,85.0,4.0
6882,2019-10-14 18:00:00,530.45,452.0,56.0,1.0,2.0,89.0,87.0,4.0
6883,2019-10-14 19:00:00,521.98,382.0,57.0,1.0,2.0,68.0,87.0,4.0
6884,2019-10-14 20:00:00,516.09,314.0,56.0,1.0,2.0,48.0,82.0,4.0
6885,2019-10-14 21:00:00,531.76,302.0,59.0,1.0,2.0,31.0,78.0,4.0
6886,2019-10-14 22:00:00,538.31,295.0,60.0,1.0,2.0,24.0,76.0,4.0
6887,2019-10-14 23:00:00,544.81,282.0,58.0,1.0,2.0,17.0,73.0,4.0
6888,2019-10-15 00:00:00,553.29,283.0,57.0,1.0,2.0,11.0,73.0,4.0
6889,2019-10-15 01:00:00,554.86,289.0,57.0,1.0,2.0,13.0,72.0,4.0
6890,2019-10-15 02:00:00,544.71,281.0,57.0,1.0,2.0,15.0,75.0,4.0
6891,2019-10-15 03:00:00,540.86,284.0,58.0,1.0,2.0,13.0,81.0,4.0
6892,2019-10-15 04:00:00,581.11,402.0,57.0,1.0,2.0,11.0,89.0,4.0
6893,2019-10-15 05:00:00,591.31,459.0,53.0,1.0,2.0,15.0,93.0,4.0
6894,2019-10-15 06:00:00,585.8,462.0,47.0,1.0,2.0,24.0,93.0,4.0
6895,2019-10-15 07:00:00,576.83,460.0,42.0,1.0,2.0,33.0,95.0,4.0
6896,2019-10-15 08:00:00,566.68,450.0,42.0,1.0,2.0,40.0,96.0,4.0
6897,2019-10-15 09:00:00,559.24,433.0,43.0,1.0,2.0,40.0,98.0,4.0
6898,2019-10-15 10:00:00,558.74,437.0,43.0,1.0,2.0,42.0,98.0,4.0
6899,2019-10-15 11:00:00,569.66,461.0,43.0,1.0,2.0,37.0,99.0,4.0
6900,2019-10-15 12:00:00,562.19,429.0,44.0,1.0,2.0,37.0,96.0,4.0
6901,2019-10-15 13:00:00,570.84,451.0,44.0,2.0,2.0,35.0,95.0,4.0
6902,2019-10-15 14:00:00,574.59,470.0,44.0,1.0,2.0,39.0,94.0,4.0
6903,2019-10-15 15:00:00,562.29,471.0,43.0,1.0,2.0,52.0,96.0,4.0
6904,2019-10-15 16:00:00,538.5,473.0,41.0,1.0,2.0,85.0,94.0,4.0
6905,2019-10-15 17:00:00,523.1,454.0,41.0,1.0,2.0,97.0,94.0,4.0
6906,2019-10-15 18:00:00,506.26,408.0,41.0,1.0,2.0,95.0,96.0,4.0
6907,2019-10-15 19:00:00,500.67,410.0,42.0,1.0,2.0,103.0,96.0,4.0
6908,2019-10-15 20:00:00,453.67,312.0,42.0,1.0,2.0,111.0,90.0,4.0
6909,2019-10-15 21:00:00,443.66,276.0,42.0,1.0,2.0,100.0,88.0,4.0
6910,2019-10-15 22:00:00,446.11,280.0,42.0,1.0,2.0,96.0,92.0,4.0
6911,2019-10-15 23:00:00,435.99,280.0,42.0,1.0,2.0,111.0,89.0,4.0
6912,2019-10-16 00:00:00,443.54,280.0,42.0,1.0,2.0,102.0,89.0,4.0
6913,2019-10-16 01:00:00,439.22,273.0,42.0,1.0,2.0,103.0,88.0,4.0
6914,2019-10-16 02:00:00,443.78,279.0,42.0,1.0,2.0,99.0,91.0,4.0
6915,2019-10-16 03:00:00,454.64,287.0,42.0,1.0,2.0,94.0,89.0,4.0
6916,2019-10-16 04:00:00,501.13,386.0,42.0,1.0,2.0,93.0,93.0,4.0
6917,2019-10-16 05:00:00,538.37,453.0,44.0,1.0,2.0,76.0,94.0,4.0
6918,2019-10-16 06:00:00,554.55,471.0,44.0,1.0,2.0,62.0,95.0,4.0
6919,2019-10-16 07:00:00,564.82,471.0,43.0,1.0,2.0,49.0,96.0,4.0
6920,2019-10-16 08:00:00,573.97,474.0,44.0,1.0,2.0,38.0,97.0,4.0
6921,2019-10-16 09:00:00,574.25,477.0,43.0,1.0,2.0,37.0,99.0,4.0
6922,2019-10-16 10:00:00,578.16,469.0,43.0,1.0,2.0,29.0,100.0,4.0
6923,2019-10-16 11:00:00,581.41,471.0,43.0,1.0,2.0,27.0,99.0,4.0
6924,2019-10-16 12:00:00,575.97,432.0,42.0,1.0,2.0,21.0,99.0,4.0
6925,2019-10-16 13:00:00,572.7,408.0,38.0,1.0,2.0,20.0,97.0,4.0
6926,2019-10-16 14:00:00,569.71,411.0,38.0,1.0,2.0,26.0,95.0,4.0
6927,2019-10-16 15:00:00,563.84,434.0,38.0,1.0,2.0,39.0,96.0,4.0
6928,2019-10-16 16:00:00,566.32,472.0,36.0,1.0,2.0,48.0,98.0,4.0
6929,2019-10-16 17:00:00,549.89,443.0,35.0,1.0,2.0,56.0,99.0,4.0
6930,2019-10-16 18:00:00,527.43,388.0,35.0,1.0,2.0,58.0,100.0,4.0
6931,2019-10-16 19:00:00,508.22,329.0,35.0,1.0,2.0,55.0,96.0,4.0
6932,2019-10-16 20:00:00,491.21,285.0,35.0,1.0,2.0,50.0,95.0,4.0
6933,2019-10-16 21:00:00,491.11,283.0,35.0,1.0,2.0,51.0,93.0,4.0
6934,2019-10-16 22:00:00,480.55,267.0,35.0,1.0,2.0,53.0,92.0,4.0
6935,2019-10-16 23:00:00,497.87,278.0,35.0,1.0,2.0,46.0,89.0,4.0
6936,2019-10-17 00:00:00,505.15,291.0,35.0,1.0,2.0,46.0,89.0,4.0
6937,2019-10-17 01:00:00,497.03,286.0,35.0,1.0,2.0,51.0,89.0,4.0
6938,2019-10-17 02:00:00,495.69,293.0,35.0,1.0,2.0,54.0,91.0,4.0
6939,2019-10-17 03:00:00,560.08,428.0,35.0,1.0,2.0,45.0,93.0,4.0
6940,2019-10-17 04:00:00,575.66,497.0,34.0,1.0,2.0,48.0,96.0,4.0
6941,2019-10-17 05:00:00,578.1,535.0,37.0,1.0,2.0,56.0,96.0,4.0
6942,2019-10-17 06:00:00,580.42,538.0,37.0,2.0,2.0,53.0,96.0,4.0
6943,2019-10-17 07:00:00,576.74,517.0,37.0,1.0,2.0,51.0,97.0,4.0
6944,2019-10-17 08:00:00,585.63,533.0,37.0,1.0,2.0,44.0,98.0,4.0
6945,2019-10-17 09:00:00,581.29,522.0,37.0,1.0,2.0,46.0,98.0,3.0
6946,2019-10-17 10:00:00,587.91,522.0,37.0,1.0,2.0,38.0,98.0,4.0
6947,2019-10-17 11:00:00,606.14,554.0,37.0,1.0,2.0,26.0,97.0,4.0
6948,2019-10-17 12:00:00,612.47,560.0,37.0,1.0,2.0,21.0,96.0,4.0
6949,2019-10-17 13:00:00,614.26,563.0,31.0,1.0,2.0,21.0,97.0,4.0
6950,2019-10-17 14:00:00,611.59,550.0,36.0,1.0,2.0,18.0,98.0,4.0
6951,2019-10-17 15:00:00,614.63,542.0,35.0,1.0,2.0,15.0,96.0,4.0
6952,2019-10-17 16:00:00,614.06,546.0,34.0,1.0,2.0,14.0,99.0,4.0
6953,2019-10-17 17:00:00,607.02,544.0,33.0,1.0,2.0,21.0,100.0,4.0
6954,2019-10-17 18:00:00,584.35,463.0,33.0,1.0,2.0,22.0,102.0,4.0
6955,2019-10-17 19:00:00,561.15,387.0,33.0,1.0,2.0,25.0,98.0,4.0
6956,2019-10-17 20:00:00,541.58,365.0,33.0,1.0,2.0,38.0,96.0,4.0
6957,2019-10-17 21:00:00,552.73,362.0,33.0,1.0,2.0,27.0,95.0,4.0
6958,2019-10-17 22:00:00,562.78,364.0,34.0,1.0,2.0,18.0,95.0,4.0
6959,2019-10-17 23:00:00,571.23,366.0,34.0,1.0,2.0,15.0,91.0,4.0
6960,2019-10-18 00:00:00,580.63,367.0,34.0,1.0,2.0,9.0,89.0,4.0
6961,2019-10-18 01:00:00,585.26,367.0,34.0,1.0,2.0,7.0,87.0,4.0
6962,2019-10-18 02:00:00,586.67,388.0,34.0,1.0,2.0,6.0,93.0,4.0
6963,2019-10-18 03:00:00,617.59,520.0,34.0,1.0,2.0,8.0,95.0,4.0
6964,2019-10-18 04:00:00,623.05,551.0,34.0,1.0,2.0,7.0,97.0,4.0
6965,2019-10-18 05:00:00,621.14,554.0,36.0,1.0,2.0,8.0,98.0,4.0
6966,2019-10-18 06:00:00,621.92,558.0,36.0,2.0,2.0,9.0,96.0,4.0
6967,2019-10-18 07:00:00,618.23,557.0,36.0,2.0,2.0,12.0,97.0,4.0
6968,2019-10-18 08:00:00,612.22,553.0,36.0,2.0,2.0,18.0,97.0,4.0
6969,2019-10-18 09:00:00,610.96,547.0,36.0,2.0,2.0,19.0,96.0,4.0
6970,2019-10-18 10:00:00,610.75,546.0,36.0,2.0,2.0,18.0,97.0,4.0
6971,2019-10-18 11:00:00,605.6,546.0,36.0,1.0,2.0,26.0,96.0,4.0
6972,2019-10-18 12:00:00,605.2,552.0,36.0,1.0,2.0,28.0,96.0,4.0
6973,2019-10-18 13:00:00,607.74,552.0,36.0,1.0,2.0,24.0,97.0,4.0
6974,2019-10-18 14:00:00,608.37,555.0,36.0,1.0,2.0,23.0,98.0,4.0
6975,2019-10-18 15:00:00,604.77,550.0,36.0,1.0,2.0,26.0,98.0,4.0
6976,2019-10-18 16:00:00,603.23,553.0,35.0,1.0,2.0,26.0,101.0,4.0
6977,2019-10-18 17:00:00,597.29,545.0,35.0,1.0,2.0,31.0,101.0,4.0
6978,2019-10-18 18:00:00,581.66,482.0,35.0,1.0,2.0,29.0,103.0,4.0
6979,2019-10-18 19:00:00,528.85,355.0,35.0,1.0,2.0,38.0,104.0,4.0
6980,2019-10-18 20:00:00,506.24,301.0,35.0,1.0,2.0,41.0,98.0,4.0
6981,2019-10-18 21:00:00,498.55,283.0,35.0,1.0,2.0,42.0,95.0,4.0
6982,2019-10-18 22:00:00,497.93,280.0,35.0,1.0,2.0,41.0,95.0,4.0
6983,2019-10-18 23:00:00,494.37,272.0,35.0,1.0,2.0,43.0,92.0,4.0
6984,2019-10-19 00:00:00,486.38,266.0,35.0,1.0,2.0,47.0,92.0,4.0
6985,2019-10-19 01:00:00,481.98,278.0,35.0,1.0,2.0,58.0,92.0,4.0
6986,2019-10-19 02:00:00,506.76,328.0,35.0,1.0,2.0,58.0,94.0,4.0
6987,2019-10-19 03:00:00,507.24,333.0,35.0,1.0,2.0,60.0,94.0,4.0
6988,2019-10-19 04:00:00,498.84,337.0,35.0,1.0,2.0,72.0,93.0,4.0
6989,2019-10-19 05:00:00,479.45,337.0,35.0,1.0,2.0,94.0,93.0,4.0
6990,2019-10-19 06:00:00,463.82,362.0,34.0,1.0,2.0,128.0,94.0,3.0
6991,2019-10-19 07:00:00,476.0,375.0,34.0,1.0,2.0,119.0,95.0,4.0
6992,2019-10-19 08:00:00,470.49,376.0,34.0,1.0,2.0,127.0,95.0,4.0
6993,2019-10-19 09:00:00,473.7,367.0,35.0,1.0,2.0,117.0,95.0,4.0
6994,2019-10-19 10:00:00,484.63,367.0,35.0,1.0,2.0,104.0,94.0,4.0
6995,2019-10-19 11:00:00,483.38,366.0,35.0,1.0,2.0,106.0,93.0,4.0
6996,2019-10-19 12:00:00,468.3,368.0,34.0,1.0,2.0,127.0,93.0,4.0
6997,2019-10-19 13:00:00,468.4,365.0,34.0,1.0,2.0,125.0,93.0,4.0
6998,2019-10-19 14:00:00,484.25,364.0,34.0,1.0,2.0,105.0,92.0,4.0
6999,2019-10-19 15:00:00,476.19,362.0,34.0,1.0,2.0,113.0,93.0,4.0
7000,2019-10-19 16:00:00,474.32,363.0,34.0,1.0,2.0,113.0,96.0,4.0
7001,2019-10-19 17:00:00,481.26,361.0,34.0,2.0,2.0,102.0,96.0,4.0
7002,2019-10-19 18:00:00,467.93,364.0,34.0,2.0,2.0,119.0,98.0,4.0
7003,2019-10-19 19:00:00,467.46,363.0,34.0,2.0,2.0,119.0,98.0,4.0
7004,2019-10-19 20:00:00,482.19,363.0,34.0,2.0,2.0,101.0,97.0,4.0
7005,2019-10-19 21:00:00,497.26,364.0,35.0,2.0,2.0,84.0,96.0,4.0
7006,2019-10-19 22:00:00,507.43,365.0,34.0,2.0,2.0,73.0,96.0,4.0
7007,2019-10-19 23:00:00,526.21,364.0,34.0,2.0,2.0,55.0,93.0,4.0
7008,2019-10-20 00:00:00,539.85,364.0,34.0,2.0,2.0,40.0,94.0,4.0
7009,2019-10-20 01:00:00,540.85,364.0,34.0,2.0,2.0,40.0,93.0,4.0
7010,2019-10-20 02:00:00,547.57,363.0,34.0,2.0,2.0,31.0,95.0,4.0
7011,2019-10-20 03:00:00,550.43,365.0,34.0,2.0,2.0,29.0,95.0,4.0
7012,2019-10-20 04:00:00,548.82,367.0,35.0,2.0,2.0,32.0,94.0,4.0
7013,2019-10-20 05:00:00,551.27,368.0,35.0,2.0,2.0,30.0,94.0,4.0
7014,2019-10-20 06:00:00,559.26,367.0,35.0,1.0,2.0,24.0,93.0,4.0
7015,2019-10-20 07:00:00,561.06,369.0,35.0,1.0,2.0,22.0,94.0,3.0
7016,2019-10-20 08:00:00,569.09,406.0,35.0,1.0,2.0,27.0,94.0,4.0
7017,2019-10-20 09:00:00,563.05,400.0,35.0,1.0,2.0,32.0,93.0,4.0
7018,2019-10-20 10:00:00,550.62,390.0,35.0,1.0,2.0,40.0,94.0,4.0
7019,2019-10-20 11:00:00,554.46,379.0,35.0,1.0,2.0,32.0,94.0,4.0
7020,2019-10-20 12:00:00,558.17,378.0,35.0,1.0,2.0,32.0,90.0,4.0
7021,2019-10-20 13:00:00,551.66,369.0,35.0,1.0,2.0,34.0,91.0,4.0
7022,2019-10-20 14:00:00,554.31,384.0,35.0,1.0,2.0,34.0,94.0,4.0
7023,2019-10-20 15:00:00,534.85,386.0,35.0,1.0,2.0,54.0,95.0,4.0
7024,2019-10-20 16:00:00,529.04,415.0,35.0,2.0,2.0,69.0,98.0,4.0
7025,2019-10-20 17:00:00,533.49,432.0,35.0,2.0,2.0,70.0,99.0,4.0
7026,2019-10-20 18:00:00,512.64,386.0,35.0,2.0,2.0,73.0,100.0,4.0
7027,2019-10-20 19:00:00,521.08,368.0,35.0,2.0,2.0,55.0,100.0,4.0
7028,2019-10-20 20:00:00,510.61,377.0,35.0,2.0,2.0,75.0,96.0,4.0
7029,2019-10-20 21:00:00,496.36,362.0,35.0,2.0,2.0,85.0,95.0,4.0
7030,2019-10-20 22:00:00,490.69,362.0,34.0,2.0,2.0,92.0,95.0,4.0
7031,2019-10-20 23:00:00,485.66,360.0,34.0,1.0,2.0,101.0,92.0,4.0
7032,2019-10-21 00:00:00,477.15,359.0,34.0,1.0,2.0,110.0,93.0,4.0
7033,2019-10-21 01:00:00,465.57,359.0,34.0,1.0,2.0,128.0,90.0,4.0
7034,2019-10-21 02:00:00,461.52,363.0,34.0,1.0,2.0,132.0,94.0,4.0
7035,2019-10-21 03:00:00,486.1,400.0,34.0,1.0,2.0,121.0,94.0,4.0
7036,2019-10-21 04:00:00,521.99,493.0,35.0,1.0,2.0,118.0,94.0,4.0
7037,2019-10-21 05:00:00,529.77,477.0,35.0,1.0,2.0,99.0,95.0,3.0
7038,2019-10-21 06:00:00,552.31,493.0,35.0,1.0,2.0,74.0,97.0,4.0
7039,2019-10-21 07:00:00,561.43,500.0,35.0,1.0,2.0,65.0,97.0,4.0
7040,2019-10-21 08:00:00,565.42,497.0,35.0,2.0,2.0,59.0,96.0,4.0
7041,2019-10-21 09:00:00,569.52,494.0,35.0,2.0,2.0,53.0,96.0,4.0
7042,2019-10-21 10:00:00,573.68,497.0,35.0,2.0,2.0,49.0,96.0,3.0
7043,2019-10-21 11:00:00,586.49,499.0,34.0,2.0,2.0,37.0,94.0,4.0
7044,2019-10-21 12:00:00,561.88,390.0,34.0,2.0,2.0,29.0,93.0,4.0
7045,2019-10-21 13:00:00,520.6,301.0,34.0,2.0,2.0,30.0,95.0,4.0
7046,2019-10-21 14:00:00,511.98,293.0,34.0,2.0,2.0,33.0,96.0,4.0
7047,2019-10-21 15:00:00,533.14,290.0,35.0,2.0,2.0,13.0,96.0,4.0
7048,2019-10-21 16:00:00,530.8,288.0,32.0,2.0,2.0,11.0,100.0,4.0
7049,2019-10-21 17:00:00,529.16,281.0,33.0,2.0,2.0,8.0,101.0,4.0
7050,2019-10-21 18:00:00,521.15,279.0,32.0,2.0,2.0,14.0,101.0,4.0
7051,2019-10-21 19:00:00,503.55,261.0,32.0,2.0,2.0,19.0,102.0,4.0
7052,2019-10-21 20:00:00,515.38,282.0,33.0,2.0,2.0,21.0,100.0,4.0
7053,2019-10-21 21:00:00,491.9,250.0,32.0,2.0,2.0,28.0,97.0,4.0
7054,2019-10-21 22:00:00,456.39,221.0,32.0,2.0,2.0,43.0,95.0,4.0
7055,2019-10-21 23:00:00,453.77,225.0,32.0,2.0,2.0,52.0,91.0,4.0
7056,2019-10-22 00:00:00,410.68,203.0,33.0,2.0,2.0,76.0,91.0,4.0
7057,2019-10-22 01:00:00,403.09,200.0,34.0,2.0,2.0,81.0,91.0,4.0
7058,2019-10-22 02:00:00,397.17,202.0,34.0,2.0,2.0,87.0,93.0,4.0
7059,2019-10-22 03:00:00,392.26,207.0,34.0,2.0,2.0,98.0,92.0,4.0
7060,2019-10-22 04:00:00,452.22,294.0,34.0,2.0,2.0,97.0,94.0,4.0
7061,2019-10-22 05:00:00,458.67,301.0,35.0,2.0,2.0,99.0,89.0,4.0
7062,2019-10-22 06:00:00,436.84,302.0,35.0,2.0,2.0,119.0,96.0,3.0
7063,2019-10-22 07:00:00,430.82,280.0,35.0,2.0,2.0,109.0,97.0,3.0
7064,2019-10-22 08:00:00,428.06,270.0,35.0,2.0,2.0,107.0,95.0,4.0
7065,2019-10-22 09:00:00,431.41,291.0,35.0,2.0,2.0,118.0,96.0,4.0
7066,2019-10-22 10:00:00,418.22,298.0,35.0,2.0,2.0,141.0,96.0,4.0
7067,2019-10-22 11:00:00,384.24,303.0,35.0,2.0,2.0,198.0,95.0,4.0
7068,2019-10-22 12:00:00,375.46,305.0,35.0,2.0,2.0,215.0,95.0,4.0
7069,2019-10-22 13:00:00,372.04,304.0,36.0,2.0,2.0,219.0,96.0,4.0
7070,2019-10-22 14:00:00,364.05,275.0,36.0,1.0,2.0,204.0,95.0,4.0
7071,2019-10-22 15:00:00,368.35,294.0,35.0,1.0,2.0,214.0,98.0,4.0
7072,2019-10-22 16:00:00,361.06,303.0,34.0,1.0,2.0,235.0,100.0,4.0
7073,2019-10-22 17:00:00,344.14,282.0,34.0,1.0,2.0,242.0,101.0,4.0
7074,2019-10-22 18:00:00,317.84,228.0,34.0,1.0,2.0,225.0,98.0,4.0
7075,2019-10-22 19:00:00,306.14,206.0,34.0,1.0,2.0,216.0,97.0,4.0
7076,2019-10-22 20:00:00,308.12,203.0,34.0,1.0,2.0,210.0,95.0,4.0
7077,2019-10-22 21:00:00,305.93,199.0,34.0,1.0,2.0,210.0,93.0,4.0
7078,2019-10-22 22:00:00,304.94,195.0,35.0,1.0,2.0,206.0,93.0,4.0
7079,2019-10-22 23:00:00,309.98,197.0,34.0,1.0,2.0,202.0,91.0,4.0
7080,2019-10-23 00:00:00,314.22,195.0,34.0,1.0,2.0,192.0,91.0,4.0
7081,2019-10-23 01:00:00,326.37,196.0,34.0,1.0,2.0,176.0,89.0,4.0
7082,2019-10-23 02:00:00,337.05,196.0,33.0,1.0,2.0,159.0,90.0,4.0
7083,2019-10-23 03:00:00,345.17,198.0,33.0,1.0,2.0,148.0,92.0,4.0
7084,2019-10-23 04:00:00,400.86,251.0,34.0,1.0,2.0,126.0,95.0,4.0
7085,2019-10-23 05:00:00,431.33,283.0,35.0,1.0,2.0,113.0,96.0,4.0
7086,2019-10-23 06:00:00,452.34,291.0,33.0,1.0,2.0,94.0,96.0,4.0
7087,2019-10-23 07:00:00,447.02,265.0,33.0,1.0,2.0,82.0,96.0,4.0
7088,2019-10-23 08:00:00,461.02,288.0,33.0,2.0,2.0,81.0,96.0,3.0
7089,2019-10-23 09:00:00,466.53,280.0,33.0,2.0,2.0,70.0,96.0,3.0
7090,2019-10-23 10:00:00,454.14,278.0,34.0,2.0,2.0,82.0,96.0,4.0
7091,2019-10-23 11:00:00,474.53,280.0,25.0,2.0,2.0,65.0,95.0,5.0
7092,2019-10-23 12:00:00,477.69,281.0,27.0,2.0,2.0,63.0,94.0,5.0
7093,2019-10-23 13:00:00,469.41,293.0,26.0,2.0,2.0,77.0,96.0,5.0
7094,2019-10-23 14:00:00,472.17,265.0,26.0,2.0,2.0,58.0,95.0,5.0
7095,2019-10-23 15:00:00,486.98,290.0,27.0,2.0,2.0,55.0,98.0,5.0
7096,2019-10-23 16:00:00,487.03,291.0,25.0,2.0,2.0,54.0,100.0,5.0
7097,2019-10-23 17:00:00,489.14,289.0,25.0,1.0,2.0,52.0,100.0,6.0
7098,2019-10-23 18:00:00,446.96,225.0,25.0,1.0,2.0,54.0,98.0,6.0
7099,2019-10-23 19:00:00,429.01,199.0,26.0,1.0,2.0,53.0,96.0,6.0
7100,2019-10-23 20:00:00,441.21,221.0,26.0,1.0,2.0,58.0,96.0,5.0
7101,2019-10-23 21:00:00,437.55,215.0,26.0,1.0,2.0,58.0,95.0,5.0
7102,2019-10-23 22:00:00,437.18,201.0,26.0,1.0,2.0,51.0,92.0,5.0
7103,2019-10-23 23:00:00,445.08,202.0,26.0,1.0,2.0,48.0,89.0,5.0
7104,2019-10-24 00:00:00,443.05,208.0,26.0,1.0,2.0,53.0,90.0,5.0
7105,2019-10-24 01:00:00,448.42,206.0,26.0,1.0,2.0,48.0,89.0,5.0
7106,2019-10-24 02:00:00,431.16,205.0,26.0,1.0,2.0,61.0,90.0,4.0
7107,2019-10-24 03:00:00,421.43,210.0,26.0,1.0,2.0,74.0,90.0,4.0
7108,2019-10-24 04:00:00,456.52,272.0,27.0,1.0,2.0,81.0,93.0,5.0
7109,2019-10-24 05:00:00,435.4,244.0,30.0,1.0,2.0,83.0,93.0,5.0
7110,2019-10-24 06:00:00,450.63,259.0,29.0,1.0,2.0,77.0,94.0,5.0
7111,2019-10-24 07:00:00,457.79,264.0,29.0,1.0,2.0,72.0,95.0,5.0
7112,2019-10-24 08:00:00,475.43,288.0,29.0,1.0,2.0,69.0,95.0,5.0
7113,2019-10-24 09:00:00,445.5,271.0,34.0,1.0,2.0,88.0,96.0,5.0
7114,2019-10-24 10:00:00,421.55,233.0,40.0,1.0,2.0,87.0,94.0,5.0
7115,2019-10-24 11:00:00,441.71,244.0,39.0,1.0,2.0,73.0,95.0,5.0
7116,2019-10-24 12:00:00,466.92,253.0,48.0,1.0,2.0,53.0,94.0,5.0
7117,2019-10-24 13:00:00,458.71,239.0,53.0,1.0,2.0,51.0,94.0,5.0
7118,2019-10-24 14:00:00,452.34,235.0,52.0,1.0,2.0,55.0,94.0,6.0
7119,2019-10-24 15:00:00,463.93,275.0,54.0,1.0,2.0,66.0,97.0,6.0
7120,2019-10-24 16:00:00,457.52,288.0,52.0,1.0,2.0,79.0,100.0,6.0
7121,2019-10-24 17:00:00,439.84,290.0,50.0,1.0,2.0,102.0,100.0,6.0
7122,2019-10-24 18:00:00,376.78,219.0,50.0,1.0,2.0,125.0,97.0,6.0
7123,2019-10-24 19:00:00,358.1,202.0,50.0,1.0,2.0,133.0,96.0,6.0
7124,2019-10-24 20:00:00,363.76,198.0,49.0,1.0,2.0,122.0,95.0,6.0
7125,2019-10-24 21:00:00,365.38,199.0,50.0,1.0,2.0,123.0,93.0,6.0
7126,2019-10-24 22:00:00,305.32,156.0,49.0,1.0,2.0,152.0,93.0,6.0
7127,2019-10-24 23:00:00,294.95,151.0,48.0,1.0,2.0,163.0,90.0,6.0
7128,2019-10-25 00:00:00,281.51,151.0,48.0,1.0,2.0,186.0,89.0,6.0
7129,2019-10-25 01:00:00,289.0,155.0,48.0,1.0,2.0,181.0,88.0,6.0
7130,2019-10-25 02:00:00,308.21,179.0,47.0,1.0,2.0,181.0,93.0,6.0
7131,2019-10-25 03:00:00,325.17,207.0,46.0,1.0,2.0,188.0,96.0,5.0
7132,2019-10-25 04:00:00,365.55,260.0,47.0,1.0,2.0,184.0,97.0,5.0
7133,2019-10-25 05:00:00,379.55,286.0,50.0,1.0,2.0,187.0,98.0,5.0
7134,2019-10-25 06:00:00,374.26,290.0,51.0,1.0,2.0,201.0,97.0,5.0
7135,2019-10-25 07:00:00,385.03,286.0,51.0,2.0,2.0,177.0,98.0,5.0
7136,2019-10-25 08:00:00,381.35,294.0,49.0,2.0,2.0,189.0,100.0,5.0
7137,2019-10-25 09:00:00,371.39,290.0,49.0,2.0,2.0,201.0,101.0,5.0
7138,2019-10-25 10:00:00,367.4,274.0,53.0,2.0,2.0,193.0,99.0,5.0
7139,2019-10-25 11:00:00,363.43,275.0,56.0,2.0,2.0,201.0,99.0,5.0
7140,2019-10-25 12:00:00,351.74,255.0,55.0,2.0,2.0,201.0,97.0,5.0
7141,2019-10-25 13:00:00,373.42,278.0,54.0,2.0,2.0,190.0,96.0,5.0
7142,2019-10-25 14:00:00,363.94,274.0,55.0,2.0,2.0,201.0,97.0,5.0
7143,2019-10-25 15:00:00,385.38,296.0,55.0,2.0,2.0,185.0,99.0,5.0
7144,2019-10-25 16:00:00,358.06,290.0,55.0,1.0,2.0,227.0,101.0,6.0
7145,2019-10-25 17:00:00,315.63,225.0,54.0,1.0,2.0,231.0,97.0,6.0
7146,2019-10-25 18:00:00,261.08,159.0,55.0,1.0,2.0,233.0,98.0,6.0
7147,2019-10-25 19:00:00,251.66,148.0,56.0,1.0,2.0,232.0,98.0,6.0
7148,2019-10-25 20:00:00,250.84,148.0,55.0,1.0,2.0,233.0,97.0,5.0
7149,2019-10-25 21:00:00,244.34,149.0,54.0,1.0,2.0,251.0,95.0,5.0
7150,2019-10-25 22:00:00,249.4,155.0,52.0,1.0,2.0,251.0,95.0,5.0
7151,2019-10-25 23:00:00,249.01,148.0,53.0,1.0,2.0,241.0,92.0,5.0
7152,2019-10-26 00:00:00,254.9,150.0,52.0,1.0,2.0,230.0,94.0,5.0
7153,2019-10-26 01:00:00,262.61,153.0,52.0,1.0,2.0,222.0,92.0,5.0
7154,2019-10-26 02:00:00,265.33,153.0,53.0,1.0,2.0,215.0,94.0,5.0
7155,2019-10-26 03:00:00,282.05,154.0,54.0,1.0,2.0,186.0,94.0,5.0
7156,2019-10-26 04:00:00,285.3,155.0,54.0,1.0,2.0,182.0,94.0,5.0
7157,2019-10-26 05:00:00,291.05,155.0,53.0,1.0,2.0,173.0,93.0,5.0
7158,2019-10-26 06:00:00,303.79,155.0,54.0,1.0,2.0,153.0,93.0,5.0
7159,2019-10-26 07:00:00,323.62,154.0,52.0,1.0,2.0,122.0,94.0,5.0
7160,2019-10-26 08:00:00,294.33,156.0,52.0,1.0,2.0,167.0,94.0,4.0
7161,2019-10-26 09:00:00,286.31,159.0,51.0,1.0,2.0,186.0,93.0,4.0
7162,2019-10-26 10:00:00,269.97,155.0,54.0,2.0,2.0,211.0,92.0,5.0
7163,2019-10-26 11:00:00,257.22,154.0,52.0,2.0,2.0,234.0,92.0,5.0
7164,2019-10-26 12:00:00,252.13,160.0,52.0,2.0,2.0,260.0,89.0,5.0
7165,2019-10-26 13:00:00,243.85,157.0,52.0,2.0,2.0,271.0,91.0,5.0
7166,2019-10-26 14:00:00,241.04,155.0,53.0,2.0,2.0,274.0,91.0,5.0
7167,2019-10-26 15:00:00,252.77,169.0,55.0,2.0,2.0,272.0,95.0,5.0
7168,2019-10-26 16:00:00,272.68,184.0,55.0,2.0,2.0,253.0,97.0,5.0
7169,2019-10-26 17:00:00,284.39,158.0,52.0,2.0,2.0,183.0,98.0,5.0
7170,2019-10-26 18:00:00,299.27,155.0,54.0,2.0,2.0,153.0,99.0,5.0
7171,2019-10-26 19:00:00,338.9,159.0,54.0,2.0,2.0,103.0,99.0,5.0
7172,2019-10-26 20:00:00,369.17,155.0,54.0,2.0,2.0,66.0,97.0,5.0
7173,2019-10-26 21:00:00,392.97,153.0,55.0,2.0,2.0,43.0,95.0,5.0
7174,2019-10-26 22:00:00,404.61,152.0,54.0,2.0,2.0,33.0,94.0,5.0
7175,2019-10-26 23:00:00,427.1,161.0,54.0,2.0,2.0,25.0,91.0,5.0
7176,2019-10-27 00:00:00,438.99,323.0,110.0,2.0,4.0,32.0,184.0,10.0
7177,2019-10-27 01:00:00,394.16,206.0,66.25,1.25,2.5,71.75,114.5,6.25
7178,2019-10-27 02:00:00,444.65,163.0,54.0,1.0,2.0,13.0,92.0,5.0
7179,2019-10-27 03:00:00,402.55,173.5,52.0,1.0,2.0,56.25,92.75,5.0
7180,2019-10-27 04:00:00,433.11,154.0,54.0,1.0,2.0,14.0,93.0,5.0
7181,2019-10-27 05:00:00,435.03,155.0,54.0,1.0,2.0,13.0,93.0,4.0
7182,2019-10-27 06:00:00,415.52,157.0,52.0,1.0,2.0,30.0,93.0,4.0
7183,2019-10-27 07:00:00,393.02,155.0,52.0,1.0,2.0,49.0,92.0,5.0
7184,2019-10-27 08:00:00,372.07,154.0,53.0,1.0,2.0,68.0,92.0,5.0
7185,2019-10-27 09:00:00,323.13,155.0,52.0,1.0,2.0,125.0,93.0,5.0
7186,2019-10-27 10:00:00,283.05,155.0,51.0,1.0,2.0,187.0,92.0,5.0
7187,2019-10-27 11:00:00,267.64,155.0,50.0,1.0,2.0,215.0,92.0,5.0
7188,2019-10-27 12:00:00,262.49,157.0,50.0,1.0,2.0,230.0,91.0,5.0
7189,2019-10-27 13:00:00,266.32,159.0,50.0,2.0,2.0,226.0,90.0,5.0
7190,2019-10-27 14:00:00,272.95,157.0,49.0,1.0,2.0,208.0,91.0,4.0
7191,2019-10-27 15:00:00,280.33,159.0,49.0,1.0,2.0,195.0,95.0,5.0
7192,2019-10-27 16:00:00,286.15,159.0,50.0,1.0,2.0,183.0,97.0,5.0
7193,2019-10-27 17:00:00,285.21,157.0,49.0,1.0,2.0,180.0,98.0,5.0
7194,2019-10-27 18:00:00,287.93,156.0,50.0,1.0,2.0,174.0,98.0,5.0
7195,2019-10-27 19:00:00,303.69,154.0,51.0,1.0,2.0,145.0,99.0,5.0
7196,2019-10-27 20:00:00,335.12,158.0,49.0,1.0,2.0,109.0,97.0,5.0
7197,2019-10-27 21:00:00,354.41,171.0,50.0,1.0,2.0,104.0,94.0,5.0
7198,2019-10-27 22:00:00,363.28,154.0,49.0,1.0,2.0,75.0,94.0,5.0
7199,2019-10-27 23:00:00,395.2,158.0,49.0,1.0,2.0,50.0,92.0,5.0
7200,2019-10-28 00:00:00,433.94,174.0,50.0,1.0,2.0,31.0,91.0,5.0
7201,2019-10-28 01:00:00,459.11,185.0,49.0,1.0,2.0,20.0,90.0,5.0
7202,2019-10-28 02:00:00,485.64,208.0,48.0,1.0,2.0,14.0,90.0,5.0
7203,2019-10-28 03:00:00,497.05,223.0,46.0,1.0,2.0,12.0,92.0,5.0
7204,2019-10-28 04:00:00,556.81,336.0,50.0,1.0,2.0,10.0,93.0,5.0
7205,2019-10-28 05:00:00,597.26,455.0,52.0,1.0,2.0,7.0,94.0,5.0
7206,2019-10-28 06:00:00,599.2,467.0,50.0,1.0,2.0,7.0,96.0,5.0
7207,2019-10-28 07:00:00,594.73,458.0,48.0,1.0,2.0,11.0,95.0,4.0
7208,2019-10-28 08:00:00,585.69,447.0,46.0,1.0,2.0,15.0,98.0,5.0
7209,2019-10-28 09:00:00,589.39,462.0,50.0,1.0,2.0,14.0,98.0,5.0
7210,2019-10-28 10:00:00,588.38,457.0,49.0,1.0,2.0,14.0,98.0,5.0
7211,2019-10-28 11:00:00,585.31,449.0,46.0,1.0,2.0,15.0,99.0,5.0
7212,2019-10-28 12:00:00,590.17,461.0,47.0,1.0,2.0,18.0,94.0,5.0
7213,2019-10-28 13:00:00,598.86,468.0,49.0,1.0,2.0,11.0,93.0,5.0
7214,2019-10-28 14:00:00,597.33,468.0,48.0,1.0,2.0,12.0,94.0,5.0
7215,2019-10-28 15:00:00,589.4,465.0,47.0,1.0,2.0,17.0,97.0,4.0
7216,2019-10-28 16:00:00,588.22,471.0,47.0,1.0,2.0,18.0,99.0,5.0
7217,2019-10-28 17:00:00,586.66,472.0,47.0,1.0,2.0,19.0,100.0,5.0
7218,2019-10-28 18:00:00,582.46,460.0,47.0,1.0,2.0,19.0,101.0,5.0
7219,2019-10-28 19:00:00,501.06,317.0,48.0,1.0,2.0,51.0,98.0,5.0
7220,2019-10-28 20:00:00,478.98,290.0,49.0,1.0,2.0,62.0,95.0,5.0
7221,2019-10-28 21:00:00,475.41,290.0,48.0,1.0,2.0,67.0,94.0,5.0
7222,2019-10-28 22:00:00,472.99,287.0,47.0,1.0,2.0,69.0,93.0,5.0
7223,2019-10-28 23:00:00,462.37,283.0,47.0,1.0,2.0,79.0,92.0,5.0
7224,2019-10-29 00:00:00,481.97,293.0,43.0,1.0,2.0,67.0,90.0,5.0
7225,2019-10-29 01:00:00,480.09,287.0,45.0,1.0,2.0,64.0,91.0,5.0
7226,2019-10-29 02:00:00,481.85,294.0,46.0,1.0,2.0,67.0,90.0,5.0
7227,2019-10-29 03:00:00,493.12,301.0,47.0,1.0,2.0,57.0,92.0,5.0
7228,2019-10-29 04:00:00,520.25,351.0,46.0,1.0,2.0,54.0,92.0,5.0
7229,2019-10-29 05:00:00,561.64,449.0,46.0,1.0,2.0,47.0,93.0,5.0
7230,2019-10-29 06:00:00,560.07,443.0,45.0,1.0,2.0,45.0,95.0,5.0
7231,2019-10-29 07:00:00,565.57,462.0,46.0,1.0,2.0,45.0,95.0,5.0
7232,2019-10-29 08:00:00,556.96,468.0,44.0,1.0,2.0,55.0,98.0,5.0
7233,2019-10-29 09:00:00,543.87,470.0,44.0,1.0,2.0,71.0,99.0,5.0
7234,2019-10-29 10:00:00,543.3,469.0,45.0,1.0,2.0,74.0,96.0,5.0
7235,2019-10-29 11:00:00,549.88,468.0,43.0,1.0,2.0,66.0,96.0,5.0
7236,2019-10-29 12:00:00,551.41,466.0,41.0,1.0,2.0,64.0,96.0,5.0
7237,2019-10-29 13:00:00,556.99,469.0,42.0,1.0,2.0,59.0,95.0,5.0
7238,2019-10-29 14:00:00,559.49,469.0,42.0,1.0,2.0,56.0,95.0,5.0
7239,2019-10-29 15:00:00,556.99,469.0,42.0,1.0,2.0,57.0,97.0,5.0
7240,2019-10-29 16:00:00,551.8,469.0,43.0,1.0,2.0,60.0,100.0,5.0
7241,2019-10-29 17:00:00,545.98,471.0,40.0,1.0,2.0,67.0,102.0,5.0
7242,2019-10-29 18:00:00,556.0,473.0,38.0,1.0,2.0,56.0,102.0,5.0
7243,2019-10-29 19:00:00,547.66,430.0,40.0,1.0,2.0,49.0,102.0,5.0
7244,2019-10-29 20:00:00,513.85,329.0,40.0,1.0,2.0,46.0,98.0,5.0
7245,2019-10-29 21:00:00,507.76,308.0,43.0,1.0,2.0,45.0,94.0,5.0
7246,2019-10-29 22:00:00,508.84,342.0,42.0,1.0,2.0,62.0,93.0,5.0
7247,2019-10-29 23:00:00,492.22,320.0,44.0,1.0,2.0,69.0,92.0,5.0
7248,2019-10-30 00:00:00,488.52,322.0,57.0,1.0,2.0,73.0,90.0,5.0
7249,2019-10-30 01:00:00,479.86,317.0,57.0,1.0,2.0,80.0,90.0,5.0
7250,2019-10-30 02:00:00,480.69,303.0,61.0,1.0,2.0,70.0,90.0,5.0
7251,2019-10-30 03:00:00,479.88,300.0,66.0,1.0,2.0,66.0,92.0,5.0
7252,2019-10-30 04:00:00,524.12,402.0,66.0,1.0,2.0,64.0,95.0,5.0
7253,2019-10-30 05:00:00,550.83,455.0,67.0,1.0,2.0,54.0,94.0,5.0
7254,2019-10-30 06:00:00,556.24,464.0,69.0,1.0,2.0,48.0,96.0,4.0
7255,2019-10-30 07:00:00,564.54,465.0,67.0,1.0,2.0,39.0,96.0,5.0
7256,2019-10-30 08:00:00,562.31,466.0,70.0,1.0,2.0,37.0,100.0,5.0
7257,2019-10-30 09:00:00,564.51,465.0,70.0,1.0,2.0,32.0,102.0,5.0
7258,2019-10-30 10:00:00,569.0,466.0,70.0,1.0,2.0,27.0,102.0,5.0
7259,2019-10-30 11:00:00,570.42,459.0,70.0,1.0,2.0,23.0,102.0,5.0
7260,2019-10-30 12:00:00,576.68,445.0,71.0,1.0,2.0,17.0,96.0,4.0
7261,2019-10-30 13:00:00,583.96,449.0,69.0,1.0,2.0,13.0,94.0,5.0
7262,2019-10-30 14:00:00,583.84,454.0,68.0,1.0,2.0,14.0,95.0,5.0
7263,2019-10-30 15:00:00,580.42,458.0,68.0,1.0,2.0,17.0,97.0,5.0
7264,2019-10-30 16:00:00,563.89,458.0,68.0,1.0,2.0,33.0,100.0,5.0
7265,2019-10-30 17:00:00,556.36,457.0,67.0,1.0,2.0,42.0,100.0,5.0
7266,2019-10-30 18:00:00,550.37,464.0,67.0,1.0,2.0,50.0,102.0,5.0
7267,2019-10-30 19:00:00,533.9,434.0,69.0,1.0,2.0,59.0,101.0,5.0
7268,2019-10-30 20:00:00,513.16,405.0,66.0,1.0,2.0,83.0,91.0,5.0
7269,2019-10-30 21:00:00,496.18,331.0,66.0,1.0,2.0,73.0,84.0,5.0
7270,2019-10-30 22:00:00,476.31,292.0,67.0,1.0,2.0,81.0,76.0,5.0
7271,2019-10-30 23:00:00,466.51,292.0,67.0,1.0,2.0,92.0,76.0,5.0
7272,2019-10-31 00:00:00,456.0,293.0,67.0,1.0,2.0,107.0,74.0,5.0
7273,2019-10-31 01:00:00,479.21,294.0,67.0,1.0,2.0,81.0,74.0,5.0
7274,2019-10-31 02:00:00,470.59,295.0,68.0,1.0,2.0,92.0,73.0,5.0
7275,2019-10-31 03:00:00,463.71,292.0,67.0,1.0,2.0,95.0,76.0,4.0
7276,2019-10-31 04:00:00,481.84,344.0,67.0,1.0,2.0,102.0,79.0,5.0
7277,2019-10-31 05:00:00,522.6,425.0,67.0,1.0,2.0,90.0,81.0,5.0
7278,2019-10-31 06:00:00,540.52,437.0,69.0,1.0,2.0,73.0,80.0,5.0
7279,2019-10-31 07:00:00,530.55,421.0,71.0,1.0,2.0,77.0,81.0,5.0
7280,2019-10-31 08:00:00,526.81,424.0,71.0,1.0,2.0,83.0,81.0,5.0
7281,2019-10-31 09:00:00,543.09,434.0,71.0,1.0,2.0,67.0,81.0,5.0
7282,2019-10-31 10:00:00,537.91,393.0,69.0,1.0,2.0,57.0,81.0,4.0
7283,2019-10-31 11:00:00,541.0,413.0,68.0,1.0,2.0,62.0,81.0,5.0
7284,2019-10-31 12:00:00,530.52,438.0,69.0,1.0,2.0,85.0,81.0,5.0
7285,2019-10-31 13:00:00,514.13,389.0,70.0,1.0,2.0,85.0,79.0,5.0
7286,2019-10-31 14:00:00,494.64,370.0,72.0,1.0,2.0,97.0,81.0,4.0
7287,2019-10-31 15:00:00,496.77,418.0,71.0,1.0,2.0,117.0,84.0,4.0
7288,2019-10-31 16:00:00,482.42,376.0,70.0,1.0,2.0,112.0,86.0,5.0
7289,2019-10-31 17:00:00,476.93,357.0,71.0,1.0,2.0,111.0,83.0,5.0
7290,2019-10-31 18:00:00,493.16,387.0,69.0,1.0,2.0,106.0,84.0,5.0
7291,2019-10-31 19:00:00,476.43,346.0,67.0,1.0,2.0,106.0,83.0,5.0
7292,2019-10-31 20:00:00,470.66,325.0,65.0,1.0,2.0,103.0,81.0,5.0
7293,2019-10-31 21:00:00,453.52,293.0,67.0,1.0,2.0,105.0,79.0,5.0
7294,2019-10-31 22:00:00,458.66,289.0,68.0,1.0,2.0,98.0,77.0,5.0
7295,2019-10-31 23:00:00,459.64,288.0,69.0,1.0,2.0,97.0,76.0,5.0
7296,2019-11-01 00:00:00,466.78,296.0,68.0,1.0,2.0,96.0,74.0,5.0
7297,2019-11-01 01:00:00,468.51,296.0,68.0,1.0,2.0,94.0,74.0,5.0
7298,2019-11-01 02:00:00,468.0,297.0,69.0,1.0,2.0,96.0,73.0,5.0
7299,2019-11-01 03:00:00,469.77,298.0,67.0,1.0,2.0,92.0,76.0,5.0
7300,2019-11-01 04:00:00,531.15,409.0,68.0,1.0,2.0,74.0,79.0,5.0
7301,2019-11-01 05:00:00,552.3,458.0,68.0,1.0,2.0,68.0,79.0,5.0
7302,2019-11-01 06:00:00,555.2,455.0,69.0,1.0,2.0,61.0,81.0,5.0
7303,2019-11-01 07:00:00,543.09,439.0,71.0,1.0,2.0,69.0,81.0,5.0
7304,2019-11-01 08:00:00,526.48,405.0,71.0,1.0,2.0,73.0,83.0,5.0
7305,2019-11-01 09:00:00,510.49,364.0,71.0,1.0,2.0,73.0,83.0,5.0
7306,2019-11-01 10:00:00,508.53,329.0,71.0,1.0,2.0,58.0,83.0,5.0
7307,2019-11-01 11:00:00,527.45,346.0,67.0,1.0,2.0,47.0,83.0,5.0
7308,2019-11-01 12:00:00,552.77,384.0,64.0,1.0,2.0,37.0,83.0,5.0
7309,2019-11-01 13:00:00,583.52,448.0,64.0,1.0,2.0,22.0,87.0,5.0
7310,2019-11-01 14:00:00,584.88,455.0,63.0,1.0,2.0,16.0,94.0,5.0
7311,2019-11-01 15:00:00,584.22,472.0,68.0,1.0,2.0,16.0,98.0,5.0
7312,2019-11-01 16:00:00,587.11,472.0,70.0,1.0,2.0,11.0,99.0,5.0
7313,2019-11-01 17:00:00,584.81,473.0,67.0,1.0,2.0,13.0,101.0,5.0
7314,2019-11-01 18:00:00,559.25,398.0,68.0,1.0,2.0,15.0,102.0,5.0
7315,2019-11-01 19:00:00,521.28,304.0,68.0,1.0,2.0,19.0,98.0,5.0
7316,2019-11-01 20:00:00,504.48,297.0,68.0,1.0,2.0,35.0,95.0,5.0
7317,2019-11-01 21:00:00,493.8,300.0,66.0,1.0,2.0,48.0,95.0,5.0
7318,2019-11-01 22:00:00,465.24,272.0,66.0,1.0,2.0,63.0,94.0,5.0
7319,2019-11-01 23:00:00,405.26,202.0,68.0,1.0,2.0,78.0,92.0,5.0
7320,2019-11-02 00:00:00,414.72,206.0,69.0,1.0,2.0,72.0,91.0,5.0
7321,2019-11-02 01:00:00,416.41,202.0,68.0,1.0,2.0,67.0,91.0,5.0
7322,2019-11-02 02:00:00,406.76,197.0,68.0,1.0,2.0,74.0,90.0,5.0
7323,2019-11-02 03:00:00,404.56,218.0,66.0,1.0,2.0,96.0,89.0,5.0
7324,2019-11-02 04:00:00,368.97,201.0,68.0,1.0,2.0,121.0,92.0,5.0
7325,2019-11-02 05:00:00,358.07,202.0,67.0,1.0,2.0,135.0,94.0,5.0
7326,2019-11-02 06:00:00,367.76,222.0,67.0,1.0,2.0,142.0,95.0,5.0
7327,2019-11-02 07:00:00,354.79,211.0,68.0,1.0,2.0,148.0,96.0,5.0
7328,2019-11-02 08:00:00,359.64,221.0,69.0,1.0,2.0,151.0,97.0,5.0
7329,2019-11-02 09:00:00,369.39,228.0,70.0,1.0,2.0,144.0,97.0,5.0
7330,2019-11-02 10:00:00,362.76,228.0,70.0,1.0,2.0,158.0,93.0,5.0
7331,2019-11-02 11:00:00,353.2,221.0,70.0,1.0,2.0,166.0,92.0,5.0
7332,2019-11-02 12:00:00,353.07,224.0,69.0,1.0,2.0,169.0,92.0,4.0
7333,2019-11-02 13:00:00,334.02,200.0,68.0,1.0,2.0,172.0,91.0,5.0
7334,2019-11-02 14:00:00,316.61,188.0,69.0,1.0,2.0,184.0,92.0,5.0
7335,2019-11-02 15:00:00,340.04,219.0,69.0,1.0,2.0,182.0,95.0,5.0
7336,2019-11-02 16:00:00,357.91,232.0,69.0,1.0,2.0,167.0,96.0,5.0
7337,2019-11-02 17:00:00,366.03,215.0,68.0,1.0,2.0,137.0,95.0,5.0
7338,2019-11-02 18:00:00,347.53,168.0,67.0,1.0,2.0,108.0,96.0,5.0
7339,2019-11-02 19:00:00,355.48,168.0,67.0,1.0,2.0,99.0,95.0,5.0
7340,2019-11-02 20:00:00,369.92,169.0,67.0,1.0,2.0,84.0,94.0,5.0
7341,2019-11-02 21:00:00,378.84,167.0,69.0,1.0,2.0,75.0,91.0,5.0
7342,2019-11-02 22:00:00,392.89,173.0,68.0,1.0,2.0,67.0,90.0,5.0
7343,2019-11-02 23:00:00,416.87,188.0,68.0,1.0,2.0,56.0,90.0,5.0
7344,2019-11-03 00:00:00,427.78,191.0,67.0,1.0,2.0,49.0,89.0,5.0
7345,2019-11-03 01:00:00,415.29,169.0,66.0,1.0,2.0,42.0,90.0,5.0
7346,2019-11-03 02:00:00,427.95,168.0,67.0,1.0,2.0,32.0,88.0,5.0
7347,2019-11-03 03:00:00,434.69,178.0,66.0,1.0,2.0,31.0,91.0,5.0
7348,2019-11-03 04:00:00,446.12,185.0,68.0,1.0,2.0,26.0,91.0,5.0
7349,2019-11-03 05:00:00,463.05,200.0,67.0,1.0,2.0,18.0,95.0,5.0
7350,2019-11-03 06:00:00,461.43,189.0,67.0,1.0,2.0,13.0,94.0,4.0
7351,2019-11-03 07:00:00,458.4,187.0,69.0,1.0,2.0,14.0,94.0,5.0
7352,2019-11-03 08:00:00,494.07,229.0,68.0,1.0,2.0,11.0,93.0,5.0
7353,2019-11-03 09:00:00,504.94,243.0,69.0,1.0,2.0,10.0,92.0,5.0
7354,2019-11-03 10:00:00,515.87,264.0,69.0,1.0,2.0,10.0,93.0,5.0
7355,2019-11-03 11:00:00,507.33,249.0,69.0,1.0,2.0,10.0,93.0,5.0
7356,2019-11-03 12:00:00,507.32,255.0,69.0,1.0,2.0,15.0,91.0,5.0
7357,2019-11-03 13:00:00,501.71,246.0,70.0,1.0,2.0,15.0,91.0,5.0
7358,2019-11-03 14:00:00,500.75,256.0,70.0,1.0,2.0,19.0,93.0,5.0
7359,2019-11-03 15:00:00,478.1,249.0,70.0,1.0,2.0,34.0,95.0,5.0
7360,2019-11-03 16:00:00,485.09,280.0,70.0,1.0,2.0,43.0,97.0,5.0
7361,2019-11-03 17:00:00,467.05,249.0,69.0,1.0,2.0,43.0,97.0,5.0
7362,2019-11-03 18:00:00,437.76,208.0,69.0,1.0,2.0,48.0,93.0,5.0
7363,2019-11-03 19:00:00,430.78,207.0,70.0,1.0,2.0,53.0,94.0,5.0
7364,2019-11-03 20:00:00,420.75,204.0,69.0,1.0,2.0,64.0,91.0,5.0
7365,2019-11-03 21:00:00,409.65,202.0,70.0,1.0,2.0,76.0,89.0,5.0
7366,2019-11-03 22:00:00,395.3,204.0,70.0,1.0,2.0,95.0,88.0,5.0
7367,2019-11-03 23:00:00,406.61,251.0,69.0,1.0,2.0,121.0,90.0,5.0
7368,2019-11-04 00:00:00,391.87,241.0,67.0,1.0,2.0,133.0,89.0,5.0
7369,2019-11-04 01:00:00,379.17,226.0,65.0,1.0,2.0,138.0,87.0,5.0
7370,2019-11-04 02:00:00,391.82,243.0,66.0,1.0,2.0,138.0,86.0,5.0
7371,2019-11-04 03:00:00,394.15,255.0,65.0,1.0,2.0,144.0,88.0,5.0
7372,2019-11-04 04:00:00,412.61,285.0,67.0,1.0,2.0,143.0,89.0,5.0
7373,2019-11-04 05:00:00,435.05,341.0,69.0,1.0,2.0,153.0,90.0,5.0
7374,2019-11-04 06:00:00,439.55,358.0,71.0,1.0,2.0,158.0,90.0,4.0
7375,2019-11-04 07:00:00,451.31,360.0,70.0,1.0,2.0,144.0,88.0,5.0
7376,2019-11-04 08:00:00,461.95,405.0,68.0,1.0,2.0,158.0,88.0,5.0
7377,2019-11-04 09:00:00,462.29,422.0,70.0,1.0,2.0,168.0,88.0,5.0
7378,2019-11-04 10:00:00,473.09,429.0,70.0,1.0,2.0,154.0,89.0,5.0
7379,2019-11-04 11:00:00,465.74,429.0,68.0,1.0,2.0,165.0,90.0,4.0
7380,2019-11-04 12:00:00,451.11,435.0,68.0,1.0,2.0,194.0,90.0,5.0
7381,2019-11-04 13:00:00,439.67,424.0,66.0,1.0,2.0,207.0,90.0,5.0
7382,2019-11-04 14:00:00,433.57,412.0,67.0,1.0,2.0,208.0,91.0,5.0
7383,2019-11-04 15:00:00,429.6,420.0,70.0,1.0,2.0,220.0,92.0,5.0
7384,2019-11-04 16:00:00,419.05,422.0,67.0,1.0,2.0,238.0,96.0,4.0
7385,2019-11-04 17:00:00,400.6,388.0,69.0,1.0,2.0,246.0,96.0,5.0
7386,2019-11-04 18:00:00,365.43,317.0,68.0,1.0,2.0,251.0,92.0,5.0
7387,2019-11-04 19:00:00,374.81,333.0,69.0,1.0,2.0,248.0,93.0,5.0
7388,2019-11-04 20:00:00,377.82,331.0,69.0,1.0,2.0,243.0,90.0,5.0
7389,2019-11-04 21:00:00,375.13,318.0,68.0,1.0,2.0,238.0,87.0,5.0
7390,2019-11-04 22:00:00,380.41,322.0,68.0,1.0,2.0,232.0,87.0,5.0
7391,2019-11-04 23:00:00,394.8,347.0,68.0,1.0,2.0,231.0,85.0,5.0
7392,2019-11-05 00:00:00,386.25,327.0,68.0,1.0,2.0,229.0,84.0,5.0
7393,2019-11-05 01:00:00,379.36,318.0,67.0,1.0,2.0,233.0,84.0,5.0
7394,2019-11-05 02:00:00,380.95,319.0,68.0,1.0,2.0,232.0,83.0,5.0
7395,2019-11-05 03:00:00,397.82,347.0,67.0,1.0,2.0,223.0,87.0,4.0
7396,2019-11-05 04:00:00,415.84,384.0,70.0,1.0,2.0,220.0,89.0,5.0
7397,2019-11-05 05:00:00,422.41,404.0,70.0,1.0,2.0,225.0,88.0,5.0
7398,2019-11-05 06:00:00,417.6,395.0,68.0,1.0,2.0,227.0,88.0,5.0
7399,2019-11-05 07:00:00,413.21,385.0,58.0,1.0,2.0,227.0,89.0,5.0
7400,2019-11-05 08:00:00,415.55,394.0,65.0,1.0,2.0,229.0,89.0,4.0
7401,2019-11-05 09:00:00,429.71,416.0,68.0,1.0,2.0,220.0,89.0,5.0
7402,2019-11-05 10:00:00,431.3,421.0,67.0,1.0,2.0,220.0,90.0,5.0
7403,2019-11-05 11:00:00,432.93,423.0,68.0,1.0,2.0,219.0,89.0,4.0
7404,2019-11-05 12:00:00,431.78,423.0,69.0,1.0,2.0,221.0,89.0,4.0
7405,2019-11-05 13:00:00,431.78,422.0,66.0,1.0,2.0,220.0,90.0,5.0
7406,2019-11-05 14:00:00,427.76,407.0,58.0,1.0,2.0,216.0,91.0,5.0
7407,2019-11-05 15:00:00,414.52,370.0,68.0,1.0,2.0,206.0,94.0,5.0
7408,2019-11-05 16:00:00,423.02,372.0,70.0,1.0,2.0,188.0,98.0,4.0
7409,2019-11-05 17:00:00,431.48,389.0,69.0,1.0,2.0,187.0,98.0,5.0
7410,2019-11-05 18:00:00,415.79,351.0,68.0,1.0,2.0,184.0,98.0,5.0
7411,2019-11-05 19:00:00,412.7,327.0,69.0,1.0,2.0,173.0,94.0,5.0
7412,2019-11-05 20:00:00,412.41,318.0,68.0,1.0,2.0,169.0,91.0,5.0
7413,2019-11-05 21:00:00,404.6,306.0,69.0,1.0,2.0,173.0,89.0,5.0
7414,2019-11-05 22:00:00,396.9,301.0,68.0,1.0,2.0,181.0,89.0,5.0
7415,2019-11-05 23:00:00,400.96,310.0,69.0,1.0,2.0,183.0,88.0,4.0
7416,2019-11-06 00:00:00,420.49,330.0,69.0,1.0,2.0,171.0,86.0,5.0
7417,2019-11-06 01:00:00,423.83,344.0,68.0,1.0,2.0,176.0,87.0,5.0
7418,2019-11-06 02:00:00,432.31,363.0,68.0,1.0,2.0,179.0,85.0,5.0
7419,2019-11-06 03:00:00,429.21,354.0,69.0,1.0,2.0,174.0,88.0,5.0
7420,2019-11-06 04:00:00,506.37,562.0,67.0,1.0,2.0,170.0,91.0,4.0
7421,2019-11-06 05:00:00,522.09,596.0,69.0,1.0,2.0,159.0,90.0,5.0
7422,2019-11-06 06:00:00,524.05,591.0,70.0,1.0,2.0,154.0,89.0,5.0
7423,2019-11-06 07:00:00,521.18,599.0,72.0,1.0,2.0,162.0,89.0,4.0
7424,2019-11-06 08:00:00,518.91,589.0,70.0,1.0,2.0,161.0,90.0,4.0
7425,2019-11-06 09:00:00,526.46,595.0,72.0,1.0,2.0,149.0,91.0,5.0
7426,2019-11-06 10:00:00,530.65,614.0,72.0,1.0,2.0,151.0,90.0,5.0
7427,2019-11-06 11:00:00,522.69,599.0,70.0,1.0,2.0,159.0,90.0,5.0
7428,2019-11-06 12:00:00,530.47,616.0,69.0,1.0,2.0,153.0,90.0,4.0
7429,2019-11-06 13:00:00,530.35,613.0,69.0,1.0,2.0,152.0,90.0,5.0
7430,2019-11-06 14:00:00,528.73,617.0,71.0,1.0,2.0,154.0,92.0,5.0
7431,2019-11-06 15:00:00,528.38,624.0,70.0,1.0,2.0,157.0,93.0,5.0
7432,2019-11-06 16:00:00,524.21,617.0,68.0,1.0,2.0,159.0,96.0,5.0
7433,2019-11-06 17:00:00,518.84,606.0,67.0,1.0,2.0,162.0,98.0,5.0
7434,2019-11-06 18:00:00,527.29,589.0,65.0,1.0,2.0,140.0,98.0,5.0
7435,2019-11-06 19:00:00,539.81,583.0,64.0,1.0,2.0,118.0,97.0,5.0
7436,2019-11-06 20:00:00,496.74,410.0,63.0,1.0,2.0,108.0,91.0,5.0
7437,2019-11-06 21:00:00,500.04,384.0,63.0,1.0,2.0,93.0,88.0,5.0
7438,2019-11-06 22:00:00,499.29,375.0,64.0,1.0,2.0,89.0,88.0,5.0
7439,2019-11-06 23:00:00,516.69,399.0,65.0,1.0,2.0,79.0,88.0,5.0
7440,2019-11-07 00:00:00,520.93,391.0,62.0,1.0,2.0,72.0,87.0,5.0
7441,2019-11-07 01:00:00,529.06,389.0,64.0,1.0,2.0,61.0,87.0,5.0
7442,2019-11-07 02:00:00,538.55,399.0,62.0,1.0,2.0,57.0,85.0,5.0
7443,2019-11-07 03:00:00,547.22,417.0,63.0,1.0,2.0,51.0,88.0,5.0
7444,2019-11-07 04:00:00,597.74,574.0,62.0,1.0,2.0,39.0,90.0,5.0
7445,2019-11-07 05:00:00,617.28,653.0,64.0,1.0,2.0,33.0,89.0,5.0
7446,2019-11-07 06:00:00,622.63,663.0,64.0,1.0,2.0,28.0,89.0,4.0
7447,2019-11-07 07:00:00,621.58,644.0,67.0,1.0,2.0,26.0,87.0,4.0
7448,2019-11-07 08:00:00,629.41,689.0,67.0,1.0,2.0,25.0,87.0,4.0
7449,2019-11-07 09:00:00,636.75,736.0,67.0,1.0,2.0,23.0,88.0,4.0
7450,2019-11-07 10:00:00,635.95,733.0,66.0,1.0,2.0,25.0,87.0,4.0
7451,2019-11-07 11:00:00,638.39,744.0,65.0,1.0,2.0,22.0,89.0,4.0
7452,2019-11-07 12:00:00,639.82,755.0,65.0,1.0,2.0,17.0,94.0,4.0
7453,2019-11-07 13:00:00,641.29,772.0,65.0,1.0,2.0,17.0,95.0,4.0
7454,2019-11-07 14:00:00,639.43,764.0,68.0,1.0,2.0,15.0,97.0,4.0
7455,2019-11-07 15:00:00,636.09,764.0,68.0,1.0,2.0,17.0,100.0,4.0
7456,2019-11-07 16:00:00,632.52,772.0,68.0,1.0,2.0,22.0,102.0,4.0
7457,2019-11-07 17:00:00,630.21,775.0,66.0,1.0,2.0,26.0,103.0,4.0
7458,2019-11-07 18:00:00,627.91,756.0,65.0,1.0,2.0,26.0,103.0,4.0
7459,2019-11-07 19:00:00,632.24,748.0,67.0,1.0,2.0,19.0,101.0,4.0
7460,2019-11-07 20:00:00,614.76,605.0,67.0,1.0,2.0,16.0,97.0,4.0
7461,2019-11-07 21:00:00,597.5,496.0,65.0,1.0,2.0,14.0,93.0,4.0
7462,2019-11-07 22:00:00,588.14,449.0,65.0,1.0,2.0,15.0,89.0,4.0
7463,2019-11-07 23:00:00,587.48,450.0,65.0,1.0,2.0,16.0,89.0,4.0
7464,2019-11-08 00:00:00,586.86,449.0,66.0,1.0,2.0,18.0,87.0,4.0
7465,2019-11-08 01:00:00,589.01,450.0,66.0,1.0,2.0,16.0,87.0,4.0
7466,2019-11-08 02:00:00,591.17,451.0,66.0,1.0,2.0,15.0,86.0,4.0
7467,2019-11-08 03:00:00,588.23,454.0,66.0,1.0,2.0,16.0,89.0,4.0
7468,2019-11-08 04:00:00,628.67,661.0,65.0,1.0,2.0,16.0,92.0,4.0
7469,2019-11-08 05:00:00,638.4,741.0,66.0,1.0,2.0,18.0,92.0,4.0
7470,2019-11-08 06:00:00,638.97,749.0,70.0,1.0,2.0,17.0,92.0,4.0
7471,2019-11-08 07:00:00,642.48,759.0,67.0,1.0,2.0,15.0,92.0,4.0
7472,2019-11-08 08:00:00,640.29,741.0,69.0,1.0,2.0,14.0,92.0,4.0
7473,2019-11-08 09:00:00,641.36,725.0,56.0,1.0,2.0,13.0,94.0,4.0
7474,2019-11-08 10:00:00,648.99,743.0,48.0,1.0,2.0,10.0,93.0,4.0
7475,2019-11-08 11:00:00,647.09,745.0,48.0,1.0,2.0,12.0,94.0,4.0
7476,2019-11-08 12:00:00,647.48,763.0,47.0,1.0,2.0,16.0,93.0,4.0
7477,2019-11-08 13:00:00,632.94,745.0,51.0,1.0,2.0,31.0,94.0,4.0
7478,2019-11-08 14:00:00,611.9,733.0,51.0,1.0,2.0,58.0,96.0,4.0
7479,2019-11-08 15:00:00,602.11,753.0,50.0,1.0,2.0,76.0,99.0,4.0
7480,2019-11-08 16:00:00,599.97,758.0,47.0,1.0,2.0,81.0,100.0,4.0
7481,2019-11-08 17:00:00,590.87,756.0,65.0,1.0,2.0,90.0,99.0,4.0
7482,2019-11-08 18:00:00,551.92,601.0,66.0,1.0,2.0,102.0,100.0,4.0
7483,2019-11-08 19:00:00,471.52,369.0,68.0,1.0,2.0,112.0,97.0,4.0
7484,2019-11-08 20:00:00,462.17,333.0,68.0,1.0,2.0,104.0,95.0,4.0
7485,2019-11-08 21:00:00,450.8,290.0,67.0,1.0,2.0,95.0,90.0,4.0
7486,2019-11-08 22:00:00,464.87,295.0,66.0,1.0,2.0,83.0,89.0,5.0
7487,2019-11-08 23:00:00,466.59,302.0,68.0,1.0,2.0,84.0,90.0,5.0
7488,2019-11-09 00:00:00,467.31,289.0,68.0,1.0,2.0,76.0,89.0,5.0
7489,2019-11-09 01:00:00,478.41,290.0,64.0,1.0,2.0,65.0,89.0,4.0
7490,2019-11-09 02:00:00,482.78,289.0,63.0,1.0,2.0,61.0,88.0,4.0
7491,2019-11-09 03:00:00,491.29,286.0,45.0,1.0,2.0,52.0,91.0,4.0
7492,2019-11-09 04:00:00,487.82,296.0,45.0,1.0,2.0,61.0,91.0,4.0
7493,2019-11-09 05:00:00,487.04,295.0,46.0,1.0,2.0,61.0,91.0,4.0
7494,2019-11-09 06:00:00,490.19,296.0,44.0,1.0,2.0,59.0,91.0,5.0
7495,2019-11-09 07:00:00,497.1,302.0,45.0,1.0,2.0,55.0,91.0,5.0
7496,2019-11-09 08:00:00,510.53,310.0,44.0,1.0,2.0,49.0,88.0,5.0
7497,2019-11-09 09:00:00,539.74,350.0,45.0,1.0,2.0,47.0,79.0,5.0
7498,2019-11-09 10:00:00,550.24,352.0,44.0,1.0,2.0,42.0,75.0,5.0
7499,2019-11-09 11:00:00,536.04,300.0,44.0,1.0,2.0,35.0,74.0,4.0
7500,2019-11-09 12:00:00,524.41,304.0,44.0,1.0,2.0,34.0,87.0,4.0
7501,2019-11-09 13:00:00,522.35,299.0,43.0,1.0,2.0,31.0,90.0,5.0
7502,2019-11-09 14:00:00,514.54,300.0,63.0,1.0,2.0,32.0,91.0,5.0
7503,2019-11-09 15:00:00,527.73,331.0,64.0,1.0,2.0,31.0,93.0,5.0
7504,2019-11-09 16:00:00,531.93,333.0,63.0,1.0,2.0,27.0,94.0,5.0
7505,2019-11-09 17:00:00,523.94,305.0,64.0,1.0,2.0,24.0,92.0,4.0
7506,2019-11-09 18:00:00,526.9,297.0,63.0,1.0,2.0,19.0,91.0,4.0
7507,2019-11-09 19:00:00,528.87,294.0,63.0,1.0,2.0,17.0,90.0,5.0
7508,2019-11-09 20:00:00,527.77,297.0,64.0,1.0,2.0,20.0,89.0,5.0
7509,2019-11-09 21:00:00,531.43,300.0,64.0,1.0,2.0,19.0,88.0,5.0
7510,2019-11-09 22:00:00,525.37,295.0,65.0,1.0,2.0,20.0,90.0,5.0
7511,2019-11-09 23:00:00,518.09,295.0,64.0,1.0,2.0,26.0,91.0,5.0
7512,2019-11-10 00:00:00,503.01,294.0,64.0,1.0,2.0,40.0,91.0,5.0
7513,2019-11-10 01:00:00,503.03,296.0,64.0,1.0,2.0,41.0,91.0,5.0
7514,2019-11-10 02:00:00,506.58,297.0,64.0,1.0,2.0,40.0,89.0,5.0
7515,2019-11-10 03:00:00,484.89,293.0,64.0,1.0,2.0,56.0,93.0,5.0
7516,2019-11-10 04:00:00,465.91,295.0,65.0,1.0,2.0,78.0,93.0,5.0
7517,2019-11-10 05:00:00,441.09,292.0,66.0,1.0,2.0,105.0,94.0,5.0
7518,2019-11-10 06:00:00,436.31,296.0,67.0,1.0,2.0,115.0,93.0,5.0
7519,2019-11-10 07:00:00,433.82,296.0,67.0,1.0,2.0,118.0,93.0,4.0
7520,2019-11-10 08:00:00,431.94,296.0,66.0,1.0,2.0,120.0,94.0,5.0
7521,2019-11-10 09:00:00,433.24,297.0,66.0,1.0,2.0,120.0,93.0,5.0
7522,2019-11-10 10:00:00,423.99,300.0,67.0,1.0,2.0,135.0,93.0,5.0
7523,2019-11-10 11:00:00,423.62,308.0,66.0,1.0,2.0,141.0,94.0,5.0
7524,2019-11-10 12:00:00,431.41,320.0,66.0,1.0,2.0,139.0,94.0,5.0
7525,2019-11-10 13:00:00,436.86,313.0,66.0,1.0,2.0,125.0,95.0,5.0
7526,2019-11-10 14:00:00,422.89,304.0,65.0,1.0,2.0,136.0,97.0,5.0
7527,2019-11-10 15:00:00,405.37,307.0,65.0,1.0,2.0,164.0,98.0,5.0
7528,2019-11-10 16:00:00,434.42,342.0,67.0,1.0,2.0,142.0,103.0,5.0
7529,2019-11-10 17:00:00,426.43,338.0,69.0,1.0,2.0,152.0,102.0,5.0
7530,2019-11-10 18:00:00,420.77,318.0,68.0,1.0,2.0,148.0,99.0,5.0
7531,2019-11-10 19:00:00,432.42,321.0,68.0,1.0,2.0,136.0,96.0,5.0
7532,2019-11-10 20:00:00,451.32,311.0,67.0,1.0,2.0,104.0,95.0,5.0
7533,2019-11-10 21:00:00,450.61,298.0,67.0,1.0,2.0,98.0,93.0,5.0
7534,2019-11-10 22:00:00,466.05,294.0,66.0,1.0,2.0,76.0,94.0,5.0
7535,2019-11-10 23:00:00,474.88,294.0,66.0,1.0,2.0,66.0,94.0,5.0
7536,2019-11-11 00:00:00,499.47,294.0,66.0,1.0,2.0,42.0,92.0,5.0
7537,2019-11-11 01:00:00,510.09,294.0,68.0,1.0,2.0,32.0,91.0,5.0
7538,2019-11-11 02:00:00,515.06,295.0,67.0,1.0,2.0,29.0,90.0,5.0
7539,2019-11-11 03:00:00,515.93,291.0,68.0,1.0,2.0,24.0,92.0,5.0
7540,2019-11-11 04:00:00,531.86,331.0,67.0,1.0,2.0,24.0,95.0,5.0
7541,2019-11-11 05:00:00,551.7,366.0,68.0,1.0,2.0,16.0,97.0,5.0
7542,2019-11-11 06:00:00,552.5,369.0,69.0,1.0,2.0,16.0,97.0,5.0
7543,2019-11-11 07:00:00,555.51,370.0,67.0,1.0,2.0,15.0,96.0,5.0
7544,2019-11-11 08:00:00,545.65,342.0,67.0,1.0,2.0,14.0,96.0,4.0
7545,2019-11-11 09:00:00,545.33,336.0,67.0,1.0,2.0,13.0,95.0,5.0
7546,2019-11-11 10:00:00,541.72,329.0,69.0,1.0,2.0,12.0,96.0,5.0
7547,2019-11-11 11:00:00,535.9,314.0,70.0,1.0,2.0,12.0,95.0,5.0
7548,2019-11-11 12:00:00,553.5,361.0,69.0,1.0,2.0,14.0,95.0,5.0
7549,2019-11-11 13:00:00,551.0,358.0,67.0,1.0,2.0,15.0,96.0,5.0
7550,2019-11-11 14:00:00,549.67,365.0,67.0,1.0,2.0,16.0,99.0,5.0
7551,2019-11-11 15:00:00,550.33,372.0,67.0,1.0,2.0,17.0,100.0,5.0
7552,2019-11-11 16:00:00,547.95,370.0,66.0,1.0,2.0,19.0,100.0,5.0
7553,2019-11-11 17:00:00,563.48,424.0,64.0,1.0,2.0,24.0,99.0,5.0
7554,2019-11-11 18:00:00,541.85,351.0,65.0,1.0,2.0,21.0,97.0,5.0
7555,2019-11-11 19:00:00,546.02,353.0,67.0,1.0,2.0,19.0,95.0,5.0
7556,2019-11-11 20:00:00,542.82,340.0,67.0,1.0,2.0,19.0,93.0,5.0
7557,2019-11-11 21:00:00,540.15,327.0,68.0,1.0,2.0,18.0,91.0,5.0
7558,2019-11-11 22:00:00,537.94,326.0,67.0,1.0,2.0,20.0,91.0,5.0
7559,2019-11-11 23:00:00,547.3,358.0,66.0,1.0,2.0,24.0,91.0,5.0
7560,2019-11-12 00:00:00,554.3,373.0,68.0,1.0,2.0,24.0,89.0,5.0
7561,2019-11-12 01:00:00,553.19,370.0,68.0,1.0,2.0,23.0,90.0,5.0
7562,2019-11-12 02:00:00,553.11,368.0,69.0,1.0,2.0,25.0,87.0,5.0
7563,2019-11-12 03:00:00,558.83,369.0,68.0,1.0,2.0,18.0,89.0,5.0
7564,2019-11-12 04:00:00,556.86,413.0,68.0,1.0,2.0,32.0,93.0,5.0
7565,2019-11-12 05:00:00,556.36,457.0,67.0,1.0,2.0,49.0,93.0,5.0
7566,2019-11-12 06:00:00,549.46,501.0,68.0,1.0,2.0,73.0,94.0,5.0
7567,2019-11-12 07:00:00,565.97,577.0,69.0,1.0,2.0,78.0,93.0,5.0
7568,2019-11-12 08:00:00,562.72,533.0,70.0,1.0,2.0,67.0,93.0,5.0
7569,2019-11-12 09:00:00,540.02,474.0,68.0,1.0,2.0,75.0,94.0,5.0
7570,2019-11-12 10:00:00,534.14,464.0,67.0,1.0,2.0,78.0,95.0,5.0
7571,2019-11-12 11:00:00,563.28,538.0,67.0,1.0,2.0,68.0,94.0,5.0
7572,2019-11-12 12:00:00,562.39,581.0,68.0,1.0,2.0,85.0,93.0,5.0
7573,2019-11-12 13:00:00,538.64,562.0,68.0,1.0,2.0,114.0,93.0,5.0
7574,2019-11-12 14:00:00,518.89,581.0,68.0,1.0,2.0,151.0,97.0,5.0
7575,2019-11-12 15:00:00,521.44,625.0,67.0,1.0,2.0,164.0,100.0,5.0
7576,2019-11-12 16:00:00,506.17,606.0,69.0,1.0,2.0,182.0,101.0,5.0
7577,2019-11-12 17:00:00,483.77,557.0,68.0,1.0,2.0,200.0,100.0,5.0
7578,2019-11-12 18:00:00,430.79,425.0,67.0,1.0,2.0,217.0,97.0,5.0
7579,2019-11-12 19:00:00,407.79,373.0,67.0,1.0,2.0,221.0,94.0,5.0
7580,2019-11-12 20:00:00,413.12,374.0,67.0,1.0,2.0,213.0,93.0,5.0
7581,2019-11-12 21:00:00,425.6,378.0,67.0,1.0,2.0,196.0,91.0,5.0
7582,2019-11-12 22:00:00,435.31,376.0,67.0,1.0,2.0,179.0,90.0,5.0
7583,2019-11-12 23:00:00,452.72,377.0,67.0,1.0,2.0,152.0,90.0,5.0
7584,2019-11-13 00:00:00,467.1,376.0,67.0,1.0,2.0,131.0,89.0,5.0
7585,2019-11-13 01:00:00,479.55,375.0,67.0,1.0,2.0,113.0,89.0,5.0
7586,2019-11-13 02:00:00,479.72,375.0,66.0,1.0,2.0,115.0,87.0,5.0
7587,2019-11-13 03:00:00,478.55,374.0,66.0,1.0,2.0,114.0,89.0,5.0
7588,2019-11-13 04:00:00,491.4,396.0,66.0,1.0,2.0,107.0,91.0,5.0
7589,2019-11-13 05:00:00,539.49,527.0,66.0,1.0,2.0,99.0,93.0,5.0
7590,2019-11-13 06:00:00,542.88,586.0,68.0,1.0,2.0,117.0,93.0,5.0
7591,2019-11-13 07:00:00,530.06,595.0,68.0,1.0,2.0,142.0,93.0,5.0
7592,2019-11-13 08:00:00,522.41,579.0,68.0,1.0,2.0,147.0,94.0,5.0
7593,2019-11-13 09:00:00,526.62,590.0,67.0,1.0,2.0,145.0,94.0,5.0
7594,2019-11-13 10:00:00,523.79,596.0,69.0,1.0,2.0,152.0,94.0,5.0
7595,2019-11-13 11:00:00,516.81,576.0,69.0,1.0,2.0,153.0,96.0,5.0
7596,2019-11-13 12:00:00,531.24,602.0,68.0,1.0,2.0,139.0,97.0,5.0
7597,2019-11-13 13:00:00,524.59,594.0,68.0,1.0,2.0,147.0,97.0,5.0
7598,2019-11-13 14:00:00,529.78,593.0,70.0,1.0,2.0,135.0,99.0,5.0
7599,2019-11-13 15:00:00,543.05,600.0,69.0,1.0,2.0,115.0,100.0,5.0
7600,2019-11-13 16:00:00,542.57,608.0,69.0,1.0,2.0,117.0,102.0,5.0
7601,2019-11-13 17:00:00,543.88,574.0,70.0,1.0,2.0,103.0,100.0,5.0
7602,2019-11-13 18:00:00,540.09,543.0,68.0,1.0,2.0,98.0,99.0,5.0
7603,2019-11-13 19:00:00,479.64,376.0,69.0,1.0,2.0,108.0,94.0,5.0
7604,2019-11-13 20:00:00,483.01,377.0,69.0,1.0,2.0,104.0,94.0,5.0
7605,2019-11-13 21:00:00,486.66,359.0,69.0,1.0,2.0,89.0,94.0,5.0
7606,2019-11-13 22:00:00,492.06,360.0,68.0,1.0,2.0,83.0,94.0,5.0
7607,2019-11-13 23:00:00,490.63,359.0,69.0,1.0,2.0,83.0,95.0,5.0
7608,2019-11-14 00:00:00,501.08,362.0,68.0,1.0,2.0,75.0,92.0,5.0
7609,2019-11-14 01:00:00,507.18,362.0,67.0,1.0,2.0,81.0,79.0,5.0
7610,2019-11-14 02:00:00,507.83,363.0,66.0,1.0,2.0,86.0,74.0,5.0
7611,2019-11-14 03:00:00,473.81,361.0,69.0,1.0,2.0,125.0,76.0,5.0
7612,2019-11-14 04:00:00,457.91,388.0,69.0,1.0,2.0,167.0,74.0,5.0
7613,2019-11-14 05:00:00,488.84,519.0,69.0,1.0,2.0,191.0,78.0,5.0
7614,2019-11-14 06:00:00,498.75,591.0,71.0,1.0,2.0,210.0,79.0,5.0
7615,2019-11-14 07:00:00,494.35,603.0,71.0,1.0,2.0,224.0,80.0,5.0
7616,2019-11-14 08:00:00,485.81,589.0,72.0,1.0,2.0,232.0,81.0,4.0
7617,2019-11-14 09:00:00,484.34,576.0,71.0,1.0,2.0,228.0,81.0,5.0
7618,2019-11-14 10:00:00,477.21,553.0,70.0,1.0,2.0,231.0,79.0,5.0
7619,2019-11-14 11:00:00,481.82,569.0,71.0,1.0,2.0,229.0,81.0,5.0
7620,2019-11-14 12:00:00,487.0,601.0,70.0,1.0,2.0,238.0,80.0,5.0
7621,2019-11-14 13:00:00,488.56,600.0,71.0,1.0,2.0,232.0,82.0,5.0
7622,2019-11-14 14:00:00,502.45,595.0,71.0,1.0,2.0,199.0,85.0,5.0
7623,2019-11-14 15:00:00,516.89,603.0,71.0,1.0,2.0,175.0,86.0,5.0
7624,2019-11-14 16:00:00,521.49,604.0,68.0,1.0,2.0,167.0,87.0,5.0
7625,2019-11-14 17:00:00,535.89,602.0,65.0,1.0,2.0,144.0,85.0,5.0
7626,2019-11-14 18:00:00,535.17,518.0,68.0,1.0,2.0,108.0,86.0,5.0
7627,2019-11-14 19:00:00,503.32,384.0,70.0,1.0,2.0,91.0,84.0,5.0
7628,2019-11-14 20:00:00,508.82,367.0,69.0,1.0,2.0,79.0,81.0,5.0
7629,2019-11-14 21:00:00,535.18,345.0,69.0,1.0,2.0,44.0,77.0,5.0
7630,2019-11-14 22:00:00,568.52,399.0,70.0,1.0,2.0,29.0,78.0,5.0
7631,2019-11-14 23:00:00,591.87,426.0,69.0,1.0,2.0,14.0,78.0,5.0
7632,2019-11-15 00:00:00,595.04,423.0,69.0,1.0,2.0,12.0,76.0,5.0
7633,2019-11-15 01:00:00,594.7,411.0,69.0,1.0,2.0,8.0,77.0,5.0
7634,2019-11-15 02:00:00,593.38,398.0,68.0,1.0,2.0,7.0,76.0,5.0
7635,2019-11-15 03:00:00,594.62,408.0,67.0,1.0,2.0,8.0,77.0,5.0
7636,2019-11-15 04:00:00,606.5,448.0,67.0,1.0,2.0,7.0,77.0,5.0
7637,2019-11-15 05:00:00,624.63,545.0,68.0,1.0,2.0,7.0,80.0,5.0
7638,2019-11-15 06:00:00,634.28,601.0,69.0,1.0,2.0,7.0,80.0,4.0
7639,2019-11-15 07:00:00,632.58,614.0,68.0,1.0,2.0,12.0,80.0,5.0
7640,2019-11-15 08:00:00,624.04,594.0,59.0,1.0,2.0,21.0,81.0,5.0
7641,2019-11-15 09:00:00,608.3,549.0,68.0,1.0,2.0,27.0,80.0,5.0
7642,2019-11-15 10:00:00,607.22,535.0,70.0,1.0,2.0,24.0,80.0,5.0
7643,2019-11-15 11:00:00,614.04,587.0,71.0,1.0,2.0,28.0,80.0,5.0
7644,2019-11-15 12:00:00,620.86,616.0,71.0,1.0,2.0,26.0,80.0,5.0
7645,2019-11-15 13:00:00,613.39,597.0,69.0,1.0,2.0,31.0,81.0,5.0
7646,2019-11-15 14:00:00,597.89,603.0,69.0,1.0,2.0,51.0,83.0,5.0
7647,2019-11-15 15:00:00,574.06,584.0,68.0,1.0,2.0,77.0,85.0,5.0
7648,2019-11-15 16:00:00,564.26,589.0,68.0,1.0,2.0,93.0,85.0,5.0
7649,2019-11-15 17:00:00,558.31,589.0,65.0,1.0,2.0,102.0,86.0,5.0
7650,2019-11-15 18:00:00,510.84,425.0,65.0,1.0,2.0,96.0,91.0,5.0
7651,2019-11-15 19:00:00,475.87,334.0,65.0,1.0,2.0,96.0,87.0,5.0
7652,2019-11-15 20:00:00,473.55,318.0,66.0,1.0,2.0,89.0,87.0,5.0
7653,2019-11-15 21:00:00,482.0,337.0,66.0,1.0,2.0,88.0,89.0,5.0
7654,2019-11-15 22:00:00,466.56,322.0,65.0,1.0,2.0,95.0,92.0,4.0
7655,2019-11-15 23:00:00,471.1,321.0,65.0,1.0,2.0,90.0,91.0,5.0
7656,2019-11-16 00:00:00,494.09,321.0,66.0,1.0,2.0,64.0,90.0,5.0
7657,2019-11-16 01:00:00,495.7,322.0,65.0,1.0,2.0,62.0,91.0,5.0
7658,2019-11-16 02:00:00,493.19,321.0,66.0,1.0,2.0,64.0,91.0,5.0
7659,2019-11-16 03:00:00,504.93,324.0,65.0,1.0,2.0,53.0,91.0,5.0
7660,2019-11-16 04:00:00,511.57,322.0,65.0,1.0,2.0,45.0,91.0,5.0
7661,2019-11-16 05:00:00,512.35,323.0,67.0,1.0,2.0,44.0,91.0,4.0
7662,2019-11-16 06:00:00,518.04,330.0,65.0,1.0,2.0,41.0,92.0,4.0
7663,2019-11-16 07:00:00,534.49,353.0,66.0,1.0,2.0,34.0,92.0,5.0
7664,2019-11-16 08:00:00,541.16,355.0,66.0,1.0,2.0,28.0,92.0,5.0
7665,2019-11-16 09:00:00,551.34,373.0,65.0,1.0,2.0,24.0,93.0,5.0
7666,2019-11-16 10:00:00,554.41,377.0,66.0,1.0,2.0,23.0,92.0,4.0
7667,2019-11-16 11:00:00,549.23,377.0,67.0,1.0,2.0,27.0,93.0,4.0
7668,2019-11-16 12:00:00,543.49,381.0,66.0,1.0,2.0,36.0,92.0,5.0
7669,2019-11-16 13:00:00,530.18,365.0,65.0,1.0,2.0,43.0,93.0,5.0
7670,2019-11-16 14:00:00,527.55,378.0,67.0,1.0,2.0,49.0,95.0,5.0
7671,2019-11-16 15:00:00,528.77,391.0,68.0,1.0,2.0,50.0,98.0,5.0
7672,2019-11-16 16:00:00,507.38,359.0,68.0,1.0,2.0,60.0,98.0,5.0
7673,2019-11-16 17:00:00,494.62,351.0,68.0,1.0,2.0,71.0,98.0,5.0
7674,2019-11-16 18:00:00,494.54,362.0,68.0,1.0,2.0,75.0,100.0,5.0
7675,2019-11-16 19:00:00,500.95,351.0,66.0,1.0,2.0,66.0,96.0,5.0
7676,2019-11-16 20:00:00,496.68,341.0,65.0,1.0,2.0,69.0,93.0,5.0
7677,2019-11-16 21:00:00,481.25,339.0,62.0,1.0,2.0,87.0,93.0,5.0
7678,2019-11-16 22:00:00,495.68,342.0,48.0,1.0,2.0,73.0,95.0,5.0
7679,2019-11-16 23:00:00,476.63,341.0,66.0,1.0,2.0,92.0,94.0,5.0
7680,2019-11-17 00:00:00,471.74,335.0,64.0,1.0,2.0,97.0,92.0,5.0
7681,2019-11-17 01:00:00,472.36,362.0,67.0,1.0,2.0,112.0,92.0,5.0
7682,2019-11-17 02:00:00,469.46,366.0,68.0,1.0,2.0,119.0,91.0,4.0
7683,2019-11-17 03:00:00,467.02,372.0,64.0,1.0,2.0,125.0,93.0,4.0
7684,2019-11-17 04:00:00,455.23,372.0,66.0,1.0,2.0,143.0,92.0,5.0
7685,2019-11-17 05:00:00,455.2,368.0,68.0,1.0,2.0,139.0,93.0,5.0
7686,2019-11-17 06:00:00,461.56,362.0,67.0,1.0,2.0,126.0,93.0,5.0
7687,2019-11-17 07:00:00,463.37,367.0,69.0,1.0,2.0,126.0,93.0,4.0
7688,2019-11-17 08:00:00,477.67,371.0,67.0,1.0,2.0,109.0,93.0,4.0
7689,2019-11-17 09:00:00,476.83,365.0,66.0,1.0,2.0,106.0,94.0,5.0
7690,2019-11-17 10:00:00,461.95,352.0,67.0,1.0,2.0,118.0,94.0,5.0
7691,2019-11-17 11:00:00,443.9,323.0,69.0,1.0,2.0,122.0,95.0,5.0
7692,2019-11-17 12:00:00,445.2,309.0,69.0,1.0,2.0,109.0,96.0,4.0
7693,2019-11-17 13:00:00,457.09,301.0,67.0,1.0,2.0,89.0,96.0,5.0
7694,2019-11-17 14:00:00,448.06,308.0,68.0,1.0,2.0,100.0,101.0,5.0
7695,2019-11-17 15:00:00,437.11,299.0,68.0,1.0,2.0,107.0,102.0,5.0
7696,2019-11-17 16:00:00,458.63,348.0,67.0,1.0,2.0,110.0,104.0,5.0
7697,2019-11-17 17:00:00,450.13,339.0,66.0,1.0,2.0,116.0,104.0,5.0
7698,2019-11-17 18:00:00,443.26,315.0,64.0,1.0,2.0,109.0,104.0,5.0
7699,2019-11-17 19:00:00,459.39,309.0,64.0,1.0,2.0,86.0,102.0,5.0
7700,2019-11-17 20:00:00,486.38,314.0,65.0,1.0,2.0,60.0,99.0,5.0
7701,2019-11-17 21:00:00,510.93,335.0,65.0,1.0,2.0,44.0,99.0,5.0
7702,2019-11-17 22:00:00,521.14,338.0,67.0,1.0,2.0,34.0,99.0,5.0
7703,2019-11-17 23:00:00,508.68,280.0,66.0,1.0,2.0,21.0,97.0,5.0
7704,2019-11-18 00:00:00,503.37,259.0,67.0,1.0,2.0,18.0,94.0,5.0
7705,2019-11-18 01:00:00,501.06,254.0,65.0,1.0,2.0,19.0,93.0,5.0
7706,2019-11-18 02:00:00,498.33,248.0,66.0,1.0,2.0,19.0,92.0,5.0
7707,2019-11-18 03:00:00,498.31,247.0,64.0,1.0,2.0,17.0,94.0,5.0
7708,2019-11-18 04:00:00,542.6,322.0,45.0,1.0,2.0,17.0,95.0,5.0
7709,2019-11-18 05:00:00,545.18,344.0,43.0,1.0,2.0,23.0,96.0,5.0
7710,2019-11-18 06:00:00,536.8,348.0,45.0,1.0,2.0,31.0,97.0,4.0
7711,2019-11-18 07:00:00,535.05,358.0,48.0,1.0,2.0,37.0,96.0,4.0
7712,2019-11-18 08:00:00,539.35,370.0,50.0,1.0,2.0,36.0,97.0,5.0
7713,2019-11-18 09:00:00,540.17,377.0,50.0,1.0,2.0,38.0,97.0,5.0
7714,2019-11-18 10:00:00,558.66,435.0,50.0,1.0,2.0,39.0,98.0,4.0
7715,2019-11-18 11:00:00,544.94,421.0,51.0,1.0,2.0,49.0,98.0,4.0
7716,2019-11-18 12:00:00,535.03,411.0,49.0,1.0,2.0,59.0,96.0,4.0
7717,2019-11-18 13:00:00,521.1,395.0,50.0,1.0,2.0,69.0,95.0,4.0
7718,2019-11-18 14:00:00,517.38,409.0,50.0,1.0,2.0,76.0,99.0,4.0
7719,2019-11-18 15:00:00,526.91,435.0,50.0,1.0,2.0,75.0,100.0,5.0
7720,2019-11-18 16:00:00,529.45,469.0,52.0,1.0,2.0,87.0,99.0,5.0
7721,2019-11-18 17:00:00,513.35,417.0,50.0,1.0,2.0,86.0,98.0,5.0
7722,2019-11-18 18:00:00,489.88,367.0,50.0,1.0,2.0,94.0,94.0,5.0
7723,2019-11-18 19:00:00,500.76,372.0,51.0,1.0,2.0,85.0,92.0,5.0
7724,2019-11-18 20:00:00,502.74,363.0,51.0,1.0,2.0,79.0,91.0,5.0
7725,2019-11-18 21:00:00,502.45,354.0,50.0,1.0,2.0,75.0,91.0,5.0
7726,2019-11-18 22:00:00,519.72,377.0,48.0,1.0,2.0,68.0,90.0,5.0
7727,2019-11-18 23:00:00,520.86,382.0,48.0,1.0,2.0,69.0,90.0,5.0
7728,2019-11-19 00:00:00,526.66,393.0,49.0,1.0,2.0,69.0,88.0,5.0
7729,2019-11-19 01:00:00,525.67,394.0,51.0,1.0,2.0,68.0,90.0,5.0
7730,2019-11-19 02:00:00,517.8,393.0,50.0,1.0,2.0,79.0,88.0,4.0
7731,2019-11-19 03:00:00,499.59,394.0,50.0,1.0,2.0,100.0,90.0,4.0
7732,2019-11-19 04:00:00,486.8,406.0,49.0,1.0,2.0,126.0,88.0,5.0
7733,2019-11-19 05:00:00,481.21,445.0,51.0,1.0,2.0,151.0,93.0,5.0
7734,2019-11-19 06:00:00,479.23,464.0,52.0,1.0,2.0,163.0,95.0,5.0
7735,2019-11-19 07:00:00,483.3,444.0,51.0,1.0,2.0,144.0,96.0,4.0
7736,2019-11-19 08:00:00,472.92,406.0,52.0,1.0,2.0,140.0,93.0,4.0
7737,2019-11-19 09:00:00,479.13,401.0,53.0,1.0,2.0,130.0,91.0,5.0
7738,2019-11-19 10:00:00,489.91,431.0,51.0,1.0,2.0,131.0,92.0,5.0
7739,2019-11-19 11:00:00,487.58,403.0,50.0,1.0,2.0,118.0,93.0,5.0
7740,2019-11-19 12:00:00,501.69,412.0,49.0,1.0,2.0,106.0,91.0,5.0
7741,2019-11-19 13:00:00,501.7,429.0,48.0,1.0,2.0,113.0,93.0,5.0
7742,2019-11-19 14:00:00,503.39,435.0,47.0,1.0,2.0,109.0,98.0,5.0
7743,2019-11-19 15:00:00,496.32,437.0,47.0,1.0,2.0,122.0,96.0,5.0
7744,2019-11-19 16:00:00,484.93,427.0,47.0,1.0,2.0,132.0,97.0,5.0
7745,2019-11-19 17:00:00,495.1,444.0,45.0,1.0,2.0,128.0,96.0,5.0
7746,2019-11-19 18:00:00,506.35,427.0,43.0,1.0,2.0,104.0,96.0,5.0
7747,2019-11-19 19:00:00,508.96,437.0,41.0,1.0,2.0,108.0,94.0,5.0
7748,2019-11-19 20:00:00,511.35,438.0,42.0,1.0,2.0,106.0,93.0,5.0
7749,2019-11-19 21:00:00,507.58,426.0,42.0,1.0,2.0,105.0,93.0,4.0
7750,2019-11-19 22:00:00,513.84,427.0,43.0,1.0,2.0,97.0,93.0,4.0
7751,2019-11-19 23:00:00,524.49,428.0,43.0,1.0,2.0,84.0,93.0,5.0
7752,2019-11-20 00:00:00,524.63,436.0,41.0,1.0,2.0,90.0,91.0,5.0
7753,2019-11-20 01:00:00,535.68,444.0,43.0,1.0,2.0,79.0,91.0,5.0
7754,2019-11-20 02:00:00,540.37,423.0,42.0,1.0,2.0,65.0,91.0,5.0
7755,2019-11-20 03:00:00,553.08,443.0,45.0,1.0,2.0,55.0,93.0,4.0
7756,2019-11-20 04:00:00,566.53,476.0,45.0,1.0,2.0,53.0,91.0,4.0
7757,2019-11-20 05:00:00,573.32,482.0,45.0,1.0,2.0,47.0,91.0,5.0
7758,2019-11-20 06:00:00,596.25,574.0,46.0,1.0,2.0,46.0,91.0,5.0
7759,2019-11-20 07:00:00,600.65,598.0,48.0,1.0,2.0,42.0,95.0,5.0
7760,2019-11-20 08:00:00,602.5,588.0,48.0,1.0,2.0,37.0,95.0,4.0
7761,2019-11-20 09:00:00,605.61,584.0,48.0,1.0,2.0,34.0,93.0,4.0
7762,2019-11-20 10:00:00,606.4,589.0,46.0,1.0,2.0,34.0,94.0,5.0
7763,2019-11-20 11:00:00,600.45,566.0,50.0,1.0,2.0,33.0,95.0,5.0
7764,2019-11-20 12:00:00,607.7,573.0,52.0,1.0,2.0,25.0,95.0,5.0
7765,2019-11-20 13:00:00,607.69,565.0,52.0,1.0,2.0,23.0,95.0,5.0
7766,2019-11-20 14:00:00,605.98,586.0,48.0,1.0,2.0,29.0,98.0,5.0
7767,2019-11-20 15:00:00,603.95,610.0,50.0,1.0,2.0,34.0,101.0,5.0
7768,2019-11-20 16:00:00,600.71,610.0,51.0,1.0,2.0,38.0,101.0,4.0
7769,2019-11-20 17:00:00,588.9,566.0,52.0,1.0,2.0,43.0,99.0,5.0
7770,2019-11-20 18:00:00,563.23,460.0,49.0,1.0,2.0,45.0,96.0,5.0
7771,2019-11-20 19:00:00,553.78,437.0,48.0,1.0,2.0,50.0,94.0,5.0
7772,2019-11-20 20:00:00,557.99,442.0,48.0,1.0,2.0,49.0,92.0,5.0
7773,2019-11-20 21:00:00,558.55,441.0,48.0,1.0,2.0,48.0,92.0,5.0
7774,2019-11-20 22:00:00,564.88,450.0,45.0,1.0,2.0,44.0,93.0,5.0
7775,2019-11-20 23:00:00,558.19,438.0,46.0,1.0,2.0,47.0,93.0,5.0
7776,2019-11-21 00:00:00,552.76,441.0,47.0,1.0,2.0,56.0,91.0,5.0
7777,2019-11-21 01:00:00,545.97,441.0,47.0,1.0,2.0,64.0,91.0,5.0
7778,2019-11-21 02:00:00,536.0,440.0,46.0,1.0,2.0,76.0,91.0,5.0
7779,2019-11-21 03:00:00,524.85,439.0,48.0,1.0,2.0,88.0,92.0,5.0
7780,2019-11-21 04:00:00,530.27,445.0,47.0,1.0,2.0,85.0,91.0,5.0
7781,2019-11-21 05:00:00,549.18,470.0,48.0,1.0,2.0,71.0,91.0,5.0
7782,2019-11-21 06:00:00,550.94,510.0,51.0,1.0,2.0,80.0,94.0,5.0
7783,2019-11-21 07:00:00,554.56,543.0,52.0,1.0,2.0,86.0,95.0,4.0
7784,2019-11-21 08:00:00,546.84,506.0,51.0,1.0,2.0,85.0,93.0,5.0
7785,2019-11-21 09:00:00,533.27,474.0,52.0,1.0,2.0,93.0,90.0,5.0
7786,2019-11-21 10:00:00,540.25,496.0,51.0,1.0,2.0,92.0,91.0,5.0
7787,2019-11-21 11:00:00,541.8,478.0,53.0,1.0,2.0,81.0,92.0,5.0
7788,2019-11-21 12:00:00,560.94,538.0,53.0,1.0,2.0,76.0,94.0,5.0
7789,2019-11-21 13:00:00,556.43,541.0,54.0,1.0,2.0,81.0,96.0,5.0
7790,2019-11-21 14:00:00,550.03,533.0,51.0,1.0,2.0,86.0,98.0,5.0
7791,2019-11-21 15:00:00,539.74,513.0,53.0,1.0,2.0,90.0,100.0,5.0
7792,2019-11-21 16:00:00,533.59,516.0,50.0,1.0,2.0,100.0,101.0,5.0
7793,2019-11-21 17:00:00,528.26,500.0,46.0,1.0,2.0,103.0,100.0,5.0
7794,2019-11-21 18:00:00,502.13,432.0,44.0,1.0,2.0,111.0,97.0,5.0
7795,2019-11-21 19:00:00,485.76,388.0,46.0,1.0,2.0,111.0,95.0,5.0
7796,2019-11-21 20:00:00,501.91,396.0,47.0,1.0,2.0,96.0,93.0,5.0
7797,2019-11-21 21:00:00,499.99,385.0,46.0,1.0,2.0,93.0,93.0,5.0
7798,2019-11-21 22:00:00,498.47,388.0,44.0,1.0,2.0,97.0,93.0,5.0
7799,2019-11-21 23:00:00,496.45,394.0,43.0,1.0,2.0,103.0,93.0,5.0
7800,2019-11-22 00:00:00,489.18,393.0,47.0,1.0,2.0,113.0,91.0,5.0
7801,2019-11-22 01:00:00,487.6,391.0,47.0,1.0,2.0,112.0,93.0,5.0
7802,2019-11-22 02:00:00,492.74,392.0,46.0,1.0,2.0,108.0,91.0,5.0
7803,2019-11-22 03:00:00,469.18,393.0,46.0,1.0,2.0,140.0,92.0,5.0
7804,2019-11-22 04:00:00,471.88,419.0,46.0,1.0,2.0,152.0,92.0,5.0
7805,2019-11-22 05:00:00,509.18,452.0,45.0,1.0,2.0,116.0,92.0,5.0
7806,2019-11-22 06:00:00,530.71,512.0,45.0,1.0,2.0,112.0,93.0,5.0
7807,2019-11-22 07:00:00,535.78,509.0,40.0,1.0,2.0,105.0,93.0,5.0
7808,2019-11-22 08:00:00,539.75,503.0,40.0,1.0,2.0,96.0,94.0,5.0
7809,2019-11-22 09:00:00,535.79,503.0,48.0,1.0,2.0,97.0,96.0,5.0
7810,2019-11-22 10:00:00,540.02,500.0,54.0,1.0,2.0,90.0,94.0,5.0
7811,2019-11-22 11:00:00,541.68,484.0,58.0,1.0,2.0,82.0,92.0,5.0
7812,2019-11-22 12:00:00,544.76,496.0,60.0,1.0,2.0,81.0,93.0,5.0
7813,2019-11-22 13:00:00,550.98,503.0,61.0,1.0,2.0,74.0,94.0,5.0
7814,2019-11-22 14:00:00,546.12,510.0,62.0,1.0,2.0,80.0,97.0,5.0
7815,2019-11-22 15:00:00,547.33,510.0,63.0,1.0,2.0,76.0,99.0,5.0
7816,2019-11-22 16:00:00,547.26,508.0,64.0,1.0,2.0,75.0,99.0,5.0
7817,2019-11-22 17:00:00,547.15,506.0,59.0,1.0,2.0,76.0,99.0,5.0
7818,2019-11-22 18:00:00,532.94,439.0,57.0,1.0,2.0,71.0,96.0,5.0
7819,2019-11-22 19:00:00,540.56,458.0,61.0,1.0,2.0,70.0,94.0,5.0
7820,2019-11-22 20:00:00,540.24,475.0,62.0,1.0,2.0,76.0,95.0,5.0
7821,2019-11-22 21:00:00,529.43,446.0,62.0,1.0,2.0,79.0,94.0,5.0
7822,2019-11-22 22:00:00,528.91,452.0,63.0,1.0,2.0,79.0,97.0,5.0
7823,2019-11-22 23:00:00,524.38,445.0,66.0,1.0,2.0,82.0,96.0,5.0
7824,2019-11-23 00:00:00,533.62,435.0,65.0,1.0,2.0,68.0,94.0,5.0
7825,2019-11-23 01:00:00,533.04,438.0,65.0,1.0,2.0,69.0,95.0,5.0
7826,2019-11-23 02:00:00,538.55,437.0,64.0,1.0,2.0,64.0,93.0,5.0
7827,2019-11-23 03:00:00,520.75,389.0,63.0,1.0,2.0,65.0,93.0,5.0
7828,2019-11-23 04:00:00,520.83,392.0,64.0,1.0,2.0,67.0,92.0,5.0
7829,2019-11-23 05:00:00,523.78,402.0,64.0,1.0,2.0,69.0,91.0,5.0
7830,2019-11-23 06:00:00,518.59,385.0,62.0,1.0,2.0,69.0,90.0,5.0
7831,2019-11-23 07:00:00,520.89,385.0,63.0,1.0,2.0,64.0,92.0,5.0
7832,2019-11-23 08:00:00,541.52,418.0,63.0,1.0,2.0,54.0,92.0,5.0
7833,2019-11-23 09:00:00,545.33,431.0,62.0,1.0,2.0,55.0,92.0,5.0
7834,2019-11-23 10:00:00,540.75,429.0,61.0,1.0,2.0,59.0,93.0,5.0
7835,2019-11-23 11:00:00,539.17,430.0,62.0,1.0,2.0,62.0,92.0,5.0
7836,2019-11-23 12:00:00,542.48,430.0,62.0,1.0,2.0,58.0,92.0,5.0
7837,2019-11-23 13:00:00,550.1,430.0,62.0,1.0,2.0,48.0,93.0,5.0
7838,2019-11-23 14:00:00,545.28,441.0,62.0,1.0,2.0,54.0,97.0,5.0
7839,2019-11-23 15:00:00,540.43,433.0,61.0,1.0,2.0,57.0,97.0,5.0
7840,2019-11-23 16:00:00,535.35,411.0,61.0,1.0,2.0,53.0,98.0,5.0
7841,2019-11-23 17:00:00,536.41,414.0,61.0,1.0,2.0,54.0,97.0,5.0
7842,2019-11-23 18:00:00,548.92,429.0,62.0,1.0,2.0,46.0,96.0,5.0
7843,2019-11-23 19:00:00,543.76,392.0,60.0,1.0,2.0,42.0,92.0,5.0
7844,2019-11-23 20:00:00,554.97,401.0,61.0,1.0,2.0,34.0,91.0,5.0
7845,2019-11-23 21:00:00,564.28,412.0,61.0,1.0,2.0,28.0,91.0,5.0
7846,2019-11-23 22:00:00,556.4,407.0,60.0,1.0,2.0,34.0,92.0,5.0
7847,2019-11-23 23:00:00,549.58,384.0,62.0,1.0,2.0,33.0,91.0,5.0
7848,2019-11-24 00:00:00,552.97,381.0,63.0,1.0,2.0,35.0,84.0,5.0
7849,2019-11-24 01:00:00,559.2,382.0,63.0,1.0,2.0,33.0,80.0,5.0
7850,2019-11-24 02:00:00,565.5,379.0,62.0,1.0,2.0,32.0,74.0,5.0
7851,2019-11-24 03:00:00,567.54,380.0,63.0,1.0,2.0,28.0,76.0,5.0
7852,2019-11-24 04:00:00,568.56,384.0,64.0,1.0,2.0,28.0,76.0,5.0
7853,2019-11-24 05:00:00,562.9,383.0,59.0,1.0,2.0,34.0,77.0,5.0
7854,2019-11-24 06:00:00,571.77,388.0,56.0,1.0,2.0,29.0,76.0,5.0
7855,2019-11-24 07:00:00,580.32,391.0,58.0,1.0,2.0,21.0,76.0,5.0
7856,2019-11-24 08:00:00,582.02,388.0,62.0,1.0,2.0,17.0,76.0,5.0
7857,2019-11-24 09:00:00,596.54,426.0,62.0,1.0,2.0,14.0,76.0,5.0
7858,2019-11-24 10:00:00,597.67,442.0,60.0,2.0,2.0,16.0,77.0,5.0
7859,2019-11-24 11:00:00,595.81,432.0,63.0,1.0,2.0,15.0,77.0,5.0
7860,2019-11-24 12:00:00,599.61,434.0,65.0,1.0,2.0,12.0,76.0,5.0
7861,2019-11-24 13:00:00,599.76,434.0,62.0,1.0,2.0,12.0,77.0,5.0
7862,2019-11-24 14:00:00,589.76,436.0,61.0,1.0,2.0,20.0,80.0,5.0
7863,2019-11-24 15:00:00,583.07,444.0,62.0,1.0,2.0,28.0,81.0,5.0
7864,2019-11-24 16:00:00,577.98,454.0,61.0,1.0,2.0,36.0,82.0,5.0
7865,2019-11-24 17:00:00,583.22,473.0,61.0,1.0,2.0,37.0,81.0,5.0
7866,2019-11-24 18:00:00,570.85,446.0,62.0,1.0,2.0,42.0,81.0,5.0
7867,2019-11-24 19:00:00,560.1,435.0,63.0,1.0,2.0,54.0,77.0,5.0
7868,2019-11-24 20:00:00,557.45,434.0,62.0,1.0,2.0,58.0,76.0,5.0
7869,2019-11-24 21:00:00,558.59,433.0,63.0,1.0,2.0,56.0,76.0,5.0
7870,2019-11-24 22:00:00,568.77,438.0,61.0,1.0,2.0,46.0,77.0,5.0
7871,2019-11-24 23:00:00,563.22,384.0,62.0,1.0,2.0,34.0,76.0,5.0
7872,2019-11-25 00:00:00,556.49,369.0,63.0,1.0,2.0,36.0,75.0,5.0
7873,2019-11-25 01:00:00,555.98,374.0,64.0,1.0,2.0,38.0,75.0,5.0
7874,2019-11-25 02:00:00,567.94,389.0,62.0,1.0,2.0,34.0,73.0,5.0
7875,2019-11-25 03:00:00,562.4,395.0,64.0,1.0,2.0,39.0,75.0,5.0
7876,2019-11-25 04:00:00,579.42,469.0,64.0,1.0,2.0,42.0,78.0,5.0
7877,2019-11-25 05:00:00,591.4,498.0,61.0,1.0,2.0,37.0,79.0,5.0
7878,2019-11-25 06:00:00,590.76,505.0,63.0,1.0,2.0,39.0,79.0,5.0
7879,2019-11-25 07:00:00,589.18,490.0,59.0,1.0,2.0,38.0,79.0,5.0
7880,2019-11-25 08:00:00,593.33,485.0,64.0,2.0,2.0,32.0,76.0,5.0
7881,2019-11-25 09:00:00,613.76,537.0,57.0,2.0,2.0,23.0,78.0,5.0
7882,2019-11-25 10:00:00,620.79,561.0,58.0,2.0,2.0,19.0,79.0,5.0
7883,2019-11-25 11:00:00,623.37,563.0,64.0,2.0,2.0,15.0,78.0,5.0
7884,2019-11-25 12:00:00,626.33,583.0,66.0,2.0,2.0,15.0,78.0,5.0
7885,2019-11-25 13:00:00,629.65,601.0,63.0,2.0,2.0,16.0,78.0,5.0
7886,2019-11-25 14:00:00,618.75,597.0,62.0,2.0,2.0,25.0,82.0,5.0
7887,2019-11-25 15:00:00,616.98,615.0,63.0,2.0,2.0,30.0,83.0,5.0
7888,2019-11-25 16:00:00,614.78,613.0,64.0,2.0,2.0,31.0,84.0,5.0
7889,2019-11-25 17:00:00,615.68,589.0,62.0,2.0,2.0,27.0,82.0,5.0
7890,2019-11-25 18:00:00,603.99,543.0,62.0,2.0,2.0,33.0,79.0,5.0
7891,2019-11-25 19:00:00,611.12,554.0,60.0,2.0,2.0,31.0,76.0,5.0
7892,2019-11-25 20:00:00,612.65,599.0,60.0,1.0,2.0,35.0,82.0,5.0
7893,2019-11-25 21:00:00,598.96,577.0,60.0,1.0,2.0,40.0,89.0,5.0
7894,2019-11-25 22:00:00,579.45,484.0,63.0,1.0,2.0,35.0,90.0,5.0
7895,2019-11-25 23:00:00,602.21,531.0,62.0,1.0,2.0,23.0,89.0,5.0
7896,2019-11-26 00:00:00,605.29,535.0,63.0,1.0,2.0,20.0,89.0,5.0
7897,2019-11-26 01:00:00,604.42,531.0,63.0,1.0,2.0,19.0,90.0,5.0
7898,2019-11-26 02:00:00,606.79,527.0,61.0,1.0,2.0,18.0,88.0,5.0
7899,2019-11-26 03:00:00,606.37,533.0,61.0,1.0,2.0,17.0,91.0,5.0
7900,2019-11-26 04:00:00,614.21,604.0,63.0,1.0,2.0,22.0,93.0,5.0
7901,2019-11-26 05:00:00,612.97,619.0,66.0,1.0,2.0,24.0,95.0,5.0
7902,2019-11-26 06:00:00,611.01,614.0,67.0,1.0,2.0,24.0,96.0,5.0
7903,2019-11-26 07:00:00,609.38,619.0,68.0,1.0,2.0,28.0,95.0,5.0
7904,2019-11-26 08:00:00,609.69,615.0,67.0,1.0,2.0,26.0,96.0,5.0
7905,2019-11-26 09:00:00,611.12,613.0,66.0,1.0,2.0,25.0,95.0,5.0
7906,2019-11-26 10:00:00,601.95,570.0,66.0,1.0,2.0,27.0,94.0,5.0
7907,2019-11-26 11:00:00,609.77,613.0,68.0,1.0,2.0,26.0,95.0,5.0
7908,2019-11-26 12:00:00,609.87,625.0,65.0,2.0,2.0,29.0,95.0,5.0
7909,2019-11-26 13:00:00,606.73,620.0,65.0,2.0,2.0,31.0,96.0,5.0
7910,2019-11-26 14:00:00,599.76,618.0,65.0,2.0,2.0,37.0,99.0,5.0
7911,2019-11-26 15:00:00,594.89,621.0,64.0,2.0,2.0,44.0,100.0,5.0
7912,2019-11-26 16:00:00,584.0,609.0,64.0,2.0,2.0,55.0,101.0,5.0
7913,2019-11-26 17:00:00,585.1,613.0,63.0,2.0,2.0,56.0,100.0,5.0
7914,2019-11-26 18:00:00,579.34,569.0,62.0,2.0,2.0,53.0,98.0,5.0
7915,2019-11-26 19:00:00,589.36,574.0,62.0,2.0,2.0,46.0,93.0,5.0
7916,2019-11-26 20:00:00,593.35,575.0,62.0,2.0,2.0,43.0,91.0,5.0
7917,2019-11-26 21:00:00,581.34,527.0,63.0,2.0,2.0,45.0,90.0,5.0
7918,2019-11-26 22:00:00,571.58,487.0,64.0,2.0,2.0,43.0,91.0,5.0
7919,2019-11-26 23:00:00,574.35,485.0,64.0,2.0,2.0,39.0,91.0,5.0
7920,2019-11-27 00:00:00,585.26,489.0,65.0,2.0,2.0,28.0,90.0,5.0
7921,2019-11-27 01:00:00,602.96,535.0,65.0,1.0,2.0,22.0,89.0,5.0
7922,2019-11-27 02:00:00,611.85,546.0,63.0,1.0,2.0,16.0,88.0,5.0
7923,2019-11-27 03:00:00,607.1,545.0,64.0,1.0,2.0,19.0,90.0,5.0
7924,2019-11-27 04:00:00,609.67,589.0,66.0,1.0,2.0,21.0,95.0,5.0
7925,2019-11-27 05:00:00,603.99,606.0,68.0,1.0,2.0,32.0,95.0,4.0
7926,2019-11-27 06:00:00,597.59,622.0,68.0,1.0,2.0,45.0,95.0,4.0
7927,2019-11-27 07:00:00,595.84,624.0,68.0,1.0,2.0,47.0,96.0,4.0
7928,2019-11-27 08:00:00,591.03,607.0,68.0,1.0,2.0,48.0,97.0,4.0
7929,2019-11-27 09:00:00,591.52,616.0,65.0,1.0,2.0,51.0,97.0,4.0
7930,2019-11-27 10:00:00,588.7,622.0,67.0,1.0,2.0,56.0,97.0,4.0
7931,2019-11-27 11:00:00,579.96,613.0,67.0,1.0,2.0,66.0,97.0,4.0
7932,2019-11-27 12:00:00,579.41,620.0,67.0,1.0,2.0,71.0,95.0,4.0
7933,2019-11-27 13:00:00,584.39,619.0,68.0,1.0,2.0,63.0,95.0,4.0
7934,2019-11-27 14:00:00,580.39,615.0,67.0,1.0,2.0,66.0,97.0,4.0
7935,2019-11-27 15:00:00,574.56,609.0,69.0,1.0,2.0,70.0,99.0,4.0
7936,2019-11-27 16:00:00,566.33,603.0,70.0,1.0,2.0,80.0,99.0,4.0
7937,2019-11-27 17:00:00,554.66,582.0,68.0,1.0,2.0,93.0,97.0,5.0
7938,2019-11-27 18:00:00,546.83,550.0,67.0,1.0,2.0,95.0,95.0,5.0
7939,2019-11-27 19:00:00,555.68,569.0,67.0,1.0,2.0,93.0,91.0,5.0
7940,2019-11-27 20:00:00,555.1,554.0,68.0,1.0,2.0,90.0,89.0,5.0
7941,2019-11-27 21:00:00,537.69,531.0,67.0,1.0,2.0,105.0,91.0,5.0
7942,2019-11-27 22:00:00,535.42,511.0,67.0,1.0,2.0,99.0,92.0,5.0
7943,2019-11-27 23:00:00,524.91,489.0,66.0,1.0,2.0,105.0,92.0,5.0
7944,2019-11-28 00:00:00,521.77,484.0,67.0,1.0,2.0,109.0,90.0,5.0
7945,2019-11-28 01:00:00,531.33,508.0,66.0,2.0,2.0,106.0,89.0,5.0
7946,2019-11-28 02:00:00,538.15,531.0,68.0,2.0,2.0,108.0,86.0,5.0
7947,2019-11-28 03:00:00,542.1,534.0,66.0,2.0,2.0,102.0,88.0,5.0
7948,2019-11-28 04:00:00,544.67,589.0,69.0,2.0,2.0,115.0,92.0,5.0
7949,2019-11-28 05:00:00,533.5,597.0,68.0,2.0,2.0,137.0,92.0,5.0
7950,2019-11-28 06:00:00,541.46,624.0,70.0,2.0,2.0,133.0,93.0,5.0
7951,2019-11-28 07:00:00,531.56,607.0,70.0,2.0,2.0,139.0,97.0,5.0
7952,2019-11-28 08:00:00,504.1,543.0,69.0,2.0,2.0,158.0,96.0,5.0
7953,2019-11-28 09:00:00,492.46,539.0,71.0,2.0,2.0,175.0,97.0,5.0
7954,2019-11-28 10:00:00,506.55,564.0,70.0,2.0,2.0,166.0,94.0,5.0
7955,2019-11-28 11:00:00,509.81,565.0,69.0,2.0,2.0,161.0,94.0,5.0
7956,2019-11-28 12:00:00,521.4,618.0,70.0,2.0,2.0,166.0,93.0,5.0
7957,2019-11-28 13:00:00,511.23,581.0,70.0,2.0,2.0,167.0,93.0,5.0
7958,2019-11-28 14:00:00,512.17,601.0,70.0,1.0,2.0,172.0,97.0,5.0
7959,2019-11-28 15:00:00,501.44,583.0,70.0,1.0,2.0,182.0,98.0,5.0
7960,2019-11-28 16:00:00,493.81,582.0,70.0,1.0,2.0,196.0,98.0,5.0
7961,2019-11-28 17:00:00,485.68,571.0,69.0,1.0,2.0,207.0,97.0,5.0
7962,2019-11-28 18:00:00,483.16,541.0,68.0,1.0,2.0,195.0,97.0,5.0
7963,2019-11-28 19:00:00,473.04,504.0,68.0,1.0,2.0,199.0,90.0,5.0
7964,2019-11-28 20:00:00,468.06,502.0,68.0,1.0,2.0,208.0,89.0,5.0
7965,2019-11-28 21:00:00,455.17,462.0,68.0,1.0,2.0,204.0,91.0,5.0
7966,2019-11-28 22:00:00,453.71,461.0,68.0,1.0,2.0,205.0,92.0,5.0
7967,2019-11-28 23:00:00,441.49,429.0,68.0,1.0,2.0,207.0,90.0,5.0
7968,2019-11-29 00:00:00,443.85,431.0,69.0,1.0,2.0,206.0,88.0,5.0
7969,2019-11-29 01:00:00,442.52,433.0,68.0,1.0,2.0,209.0,89.0,5.0
7970,2019-11-29 02:00:00,439.34,425.0,68.0,1.0,2.0,211.0,87.0,5.0
7971,2019-11-29 03:00:00,440.85,426.0,68.0,1.0,2.0,208.0,88.0,5.0
7972,2019-11-29 04:00:00,453.31,454.0,68.0,1.0,2.0,206.0,87.0,5.0
7973,2019-11-29 05:00:00,468.13,507.0,68.0,1.0,2.0,213.0,87.0,5.0
7974,2019-11-29 06:00:00,478.53,534.0,71.0,1.0,2.0,205.0,91.0,5.0
7975,2019-11-29 07:00:00,477.31,528.0,70.0,2.0,2.0,201.0,93.0,5.0
7976,2019-11-29 08:00:00,481.77,529.0,71.0,2.0,2.0,191.0,95.0,5.0
7977,2019-11-29 09:00:00,486.56,530.0,70.0,2.0,2.0,181.0,97.0,5.0
7978,2019-11-29 10:00:00,497.57,526.0,71.0,2.0,2.0,162.0,94.0,5.0
7979,2019-11-29 11:00:00,510.3,540.0,65.0,2.0,2.0,149.0,94.0,5.0
7980,2019-11-29 12:00:00,523.87,541.0,42.0,2.0,2.0,135.0,93.0,5.0
7981,2019-11-29 13:00:00,538.47,561.0,42.0,2.0,2.0,121.0,93.0,5.0
7982,2019-11-29 14:00:00,545.07,561.0,42.0,2.0,2.0,108.0,96.0,5.0
7983,2019-11-29 15:00:00,537.12,556.0,42.0,2.0,2.0,117.0,97.0,5.0
7984,2019-11-29 16:00:00,490.11,551.0,42.0,2.0,2.0,192.0,98.0,5.0
7985,2019-11-29 17:00:00,460.07,512.0,41.0,2.0,2.0,226.0,97.0,5.0
7986,2019-11-29 18:00:00,476.38,539.0,40.0,1.0,2.0,214.0,96.0,5.0
7987,2019-11-29 19:00:00,492.37,519.0,40.0,1.0,2.0,178.0,92.0,5.0
7988,2019-11-29 20:00:00,497.76,521.0,40.0,1.0,2.0,170.0,92.0,5.0
7989,2019-11-29 21:00:00,461.49,476.0,41.0,1.0,2.0,205.0,93.0,5.0
7990,2019-11-29 22:00:00,442.31,440.0,40.0,1.0,2.0,213.0,95.0,5.0
7991,2019-11-29 23:00:00,432.48,395.0,40.0,1.0,2.0,198.0,94.0,5.0
7992,2019-11-30 00:00:00,438.0,376.0,45.0,1.0,2.0,176.0,92.0,5.0
7993,2019-11-30 01:00:00,455.42,397.0,63.0,1.0,2.0,159.0,93.0,5.0
7994,2019-11-30 02:00:00,465.09,384.0,62.0,1.0,2.0,139.0,90.0,5.0
7995,2019-11-30 03:00:00,471.12,383.0,65.0,1.0,2.0,127.0,92.0,5.0
7996,2019-11-30 04:00:00,478.49,385.0,64.0,1.0,2.0,118.0,92.0,5.0
7997,2019-11-30 05:00:00,485.76,396.0,65.0,1.0,2.0,115.0,91.0,5.0
7998,2019-11-30 06:00:00,514.53,453.0,63.0,1.0,2.0,105.0,91.0,5.0
7999,2019-11-30 07:00:00,540.18,496.0,64.0,1.0,2.0,87.0,92.0,5.0
8000,2019-11-30 08:00:00,561.51,531.0,64.0,1.0,2.0,69.0,94.0,5.0
8001,2019-11-30 09:00:00,559.18,537.0,65.0,1.0,2.0,74.0,94.0,5.0
8002,2019-11-30 10:00:00,541.22,511.0,66.0,1.0,2.0,89.0,94.0,5.0
8003,2019-11-30 11:00:00,537.33,500.0,66.0,1.0,2.0,90.0,94.0,5.0
8004,2019-11-30 12:00:00,521.39,509.0,67.0,1.0,2.0,117.0,94.0,5.0
8005,2019-11-30 13:00:00,549.36,512.0,66.0,1.0,2.0,77.0,95.0,5.0
8006,2019-11-30 14:00:00,556.54,515.0,61.0,1.0,2.0,67.0,98.0,5.0
8007,2019-11-30 15:00:00,573.1,526.0,58.0,1.0,2.0,49.0,99.0,5.0
8008,2019-11-30 16:00:00,580.93,538.0,60.0,1.0,2.0,41.0,100.0,5.0
8009,2019-11-30 17:00:00,562.7,526.0,60.0,1.0,2.0,61.0,100.0,5.0
8010,2019-11-30 18:00:00,538.41,504.0,60.0,1.0,2.0,87.0,99.0,5.0
8011,2019-11-30 19:00:00,516.45,512.0,60.0,1.0,2.0,126.0,96.0,5.0
8012,2019-11-30 20:00:00,501.99,486.0,59.0,1.0,2.0,137.0,95.0,5.0
8013,2019-11-30 21:00:00,524.87,505.0,60.0,1.0,2.0,109.0,97.0,5.0
8014,2019-11-30 22:00:00,533.76,516.0,59.0,1.0,2.0,100.0,98.0,5.0
8015,2019-11-30 23:00:00,517.31,397.0,59.0,1.0,2.0,73.0,94.0,5.0
8016,2019-12-01 00:00:00,507.25,383.0,61.0,1.0,2.0,79.0,93.0,5.0
8017,2019-12-01 01:00:00,495.02,385.0,59.0,1.0,2.0,95.0,94.0,5.0
8018,2019-12-01 02:00:00,464.98,385.0,61.0,1.0,2.0,139.0,91.0,5.0
8019,2019-12-01 03:00:00,462.14,385.0,62.0,1.0,2.0,142.0,92.0,5.0
8020,2019-12-01 04:00:00,442.97,382.0,60.0,2.0,2.0,169.0,92.0,5.0
8021,2019-12-01 05:00:00,442.38,383.0,58.0,2.0,2.0,171.0,92.0,5.0
8022,2019-12-01 06:00:00,454.81,387.0,59.0,2.0,2.0,153.0,93.0,5.0
8023,2019-12-01 07:00:00,458.88,444.0,60.0,2.0,2.0,184.0,93.0,5.0
8024,2019-12-01 08:00:00,467.05,474.0,60.0,2.0,2.0,191.0,91.0,5.0
8025,2019-12-01 09:00:00,477.27,522.0,59.0,2.0,2.0,198.0,95.0,5.0
8026,2019-12-01 10:00:00,475.58,527.0,55.0,2.0,2.0,203.0,97.0,5.0
8027,2019-12-01 11:00:00,478.01,524.0,36.0,2.0,2.0,201.0,97.0,5.0
8028,2019-12-01 12:00:00,482.65,529.0,34.0,2.0,2.0,199.0,94.0,5.0
8029,2019-12-01 13:00:00,479.68,528.0,33.0,1.0,2.0,204.0,95.0,5.0
8030,2019-12-01 14:00:00,467.76,523.0,33.0,1.0,2.0,219.0,99.0,5.0
8031,2019-12-01 15:00:00,458.41,523.0,33.0,1.0,2.0,236.0,100.0,5.0
8032,2019-12-01 16:00:00,461.12,525.0,33.0,1.0,2.0,234.0,98.0,5.0
8033,2019-12-01 17:00:00,461.48,523.0,33.0,1.0,2.0,232.0,98.0,5.0
8034,2019-12-01 18:00:00,469.74,529.0,33.0,1.0,2.0,220.0,98.0,5.0
8035,2019-12-01 19:00:00,475.52,527.0,33.0,1.0,2.0,211.0,95.0,5.0
8036,2019-12-01 20:00:00,470.73,508.0,33.0,1.0,2.0,210.0,93.0,4.0
8037,2019-12-01 21:00:00,451.33,446.0,34.0,1.0,2.0,205.0,92.0,4.0
8038,2019-12-01 22:00:00,475.17,479.0,46.0,1.0,2.0,183.0,92.0,5.0
8039,2019-12-01 23:00:00,486.69,485.0,47.0,1.0,2.0,167.0,92.0,5.0
8040,2019-12-02 00:00:00,495.89,449.0,47.0,1.0,2.0,135.0,90.0,5.0
8041,2019-12-02 01:00:00,484.74,386.0,47.0,1.0,2.0,115.0,91.0,5.0
8042,2019-12-02 02:00:00,500.53,381.0,47.0,1.0,2.0,95.0,88.0,5.0
8043,2019-12-02 03:00:00,513.3,386.0,47.0,1.0,2.0,81.0,89.0,5.0
8044,2019-12-02 04:00:00,554.97,513.0,47.0,1.0,2.0,82.0,89.0,4.0
8045,2019-12-02 05:00:00,566.5,554.0,47.0,1.0,2.0,78.0,92.0,5.0
8046,2019-12-02 06:00:00,563.08,551.0,49.0,1.0,2.0,80.0,93.0,5.0
8047,2019-12-02 07:00:00,558.39,555.0,49.0,1.0,2.0,88.0,93.0,5.0
8048,2019-12-02 08:00:00,568.91,554.0,49.0,1.0,2.0,74.0,92.0,5.0
8049,2019-12-02 09:00:00,563.01,545.0,49.0,1.0,2.0,80.0,91.0,5.0
8050,2019-12-02 10:00:00,564.67,540.0,49.0,1.0,2.0,76.0,91.0,5.0
8051,2019-12-02 11:00:00,573.64,546.0,49.0,1.0,2.0,66.0,91.0,5.0
8052,2019-12-02 12:00:00,569.38,538.0,49.0,1.0,2.0,68.0,92.0,5.0
8053,2019-12-02 13:00:00,567.44,551.0,49.0,1.0,2.0,73.0,94.0,5.0
8054,2019-12-02 14:00:00,570.14,547.0,49.0,1.0,2.0,66.0,96.0,5.0
8055,2019-12-02 15:00:00,563.28,549.0,49.0,1.0,2.0,74.0,98.0,4.0
8056,2019-12-02 16:00:00,559.33,542.0,49.0,1.0,2.0,77.0,98.0,5.0
8057,2019-12-02 17:00:00,562.63,533.0,47.0,1.0,2.0,71.0,97.0,5.0
8058,2019-12-02 18:00:00,565.94,543.0,47.0,1.0,2.0,71.0,96.0,5.0
8059,2019-12-02 19:00:00,572.42,545.0,47.0,1.0,2.0,66.0,93.0,5.0
8060,2019-12-02 20:00:00,565.0,548.0,47.0,1.0,2.0,77.0,93.0,5.0
8061,2019-12-02 21:00:00,560.39,547.0,47.0,1.0,2.0,82.0,94.0,5.0
8062,2019-12-02 22:00:00,541.19,501.0,47.0,1.0,2.0,92.0,93.0,5.0
8063,2019-12-02 23:00:00,542.95,507.0,47.0,1.0,2.0,93.0,92.0,5.0
8064,2019-12-03 00:00:00,554.53,514.0,47.0,1.0,2.0,83.0,89.0,5.0
8065,2019-12-03 01:00:00,549.82,508.0,47.0,1.0,2.0,86.0,90.0,4.0
8066,2019-12-03 02:00:00,554.12,518.0,47.0,1.0,2.0,86.0,88.0,4.0
8067,2019-12-03 03:00:00,562.14,533.0,46.0,1.0,2.0,78.0,91.0,5.0
8068,2019-12-03 04:00:00,564.27,528.0,53.0,1.0,2.0,71.0,91.0,5.0
8069,2019-12-03 05:00:00,557.79,527.0,60.0,2.0,2.0,78.0,89.0,5.0
8070,2019-12-03 06:00:00,542.32,555.0,60.0,2.0,2.0,107.0,93.0,5.0
8071,2019-12-03 07:00:00,522.72,514.0,61.0,2.0,2.0,119.0,93.0,5.0
8072,2019-12-03 08:00:00,534.31,517.0,61.0,2.0,2.0,104.0,92.0,5.0
8073,2019-12-03 09:00:00,542.35,521.0,61.0,2.0,2.0,94.0,92.0,5.0
8074,2019-12-03 10:00:00,532.71,534.0,63.0,2.0,2.0,113.0,92.0,5.0
8075,2019-12-03 11:00:00,528.43,535.0,63.0,2.0,2.0,120.0,92.0,5.0
8076,2019-12-03 12:00:00,524.88,507.0,63.0,2.0,2.0,114.0,91.0,5.0
8077,2019-12-03 13:00:00,529.83,528.0,59.0,2.0,2.0,117.0,91.0,5.0
8078,2019-12-03 14:00:00,521.84,522.0,61.0,2.0,2.0,121.0,96.0,5.0
8079,2019-12-03 15:00:00,521.06,539.0,61.0,2.0,2.0,129.0,97.0,5.0
8080,2019-12-03 16:00:00,510.01,526.0,60.0,1.0,2.0,141.0,98.0,5.0
8081,2019-12-03 17:00:00,515.9,528.0,58.0,1.0,2.0,133.0,98.0,5.0
8082,2019-12-03 18:00:00,498.45,483.0,59.0,1.0,2.0,140.0,96.0,5.0
8083,2019-12-03 19:00:00,493.76,471.0,59.0,1.0,2.0,144.0,93.0,5.0
8084,2019-12-03 20:00:00,493.65,473.0,60.0,1.0,2.0,145.0,93.0,5.0
8085,2019-12-03 21:00:00,455.24,396.0,61.0,1.0,2.0,160.0,92.0,5.0
8086,2019-12-03 22:00:00,414.26,329.0,61.0,1.0,2.0,175.0,92.0,5.0
8087,2019-12-03 23:00:00,459.02,391.0,60.0,1.0,2.0,152.0,91.0,5.0
8088,2019-12-04 00:00:00,456.48,340.0,60.0,1.0,2.0,124.0,89.0,5.0
8089,2019-12-04 01:00:00,450.91,341.0,62.0,1.0,2.0,131.0,90.0,5.0
8090,2019-12-04 02:00:00,444.58,341.0,62.0,1.0,2.0,144.0,86.0,5.0
8091,2019-12-04 03:00:00,439.33,344.0,61.0,1.0,2.0,152.0,88.0,5.0
8092,2019-12-04 04:00:00,471.57,438.0,65.0,1.0,2.0,159.0,93.0,5.0
8093,2019-12-04 05:00:00,488.91,513.0,63.0,1.0,2.0,175.0,92.0,5.0
8094,2019-12-04 06:00:00,481.92,540.0,67.0,1.0,2.0,200.0,94.0,5.0
8095,2019-12-04 07:00:00,491.81,541.0,64.0,1.0,2.0,184.0,93.0,5.0
8096,2019-12-04 08:00:00,494.59,541.0,64.0,1.0,2.0,180.0,92.0,5.0
8097,2019-12-04 09:00:00,494.89,528.0,66.0,2.0,2.0,170.0,93.0,5.0
8098,2019-12-04 10:00:00,505.68,519.0,66.0,2.0,2.0,147.0,93.0,5.0
8099,2019-12-04 11:00:00,507.94,532.0,65.0,2.0,2.0,150.0,93.0,5.0
8100,2019-12-04 12:00:00,491.6,538.0,67.0,2.0,2.0,181.0,93.0,5.0
8101,2019-12-04 13:00:00,489.04,512.0,68.0,2.0,2.0,170.0,94.0,5.0
8102,2019-12-04 14:00:00,513.49,535.0,66.0,2.0,2.0,137.0,98.0,5.0
8103,2019-12-04 15:00:00,522.58,535.0,67.0,2.0,2.0,122.0,98.0,5.0
8104,2019-12-04 16:00:00,509.83,511.0,67.0,2.0,2.0,131.0,98.0,5.0
8105,2019-12-04 17:00:00,501.03,519.0,65.0,2.0,2.0,150.0,98.0,5.0
8106,2019-12-04 18:00:00,489.62,498.0,65.0,2.0,2.0,160.0,96.0,5.0
8107,2019-12-04 19:00:00,481.9,485.0,64.0,2.0,2.0,169.0,93.0,5.0
8108,2019-12-04 20:00:00,482.71,470.0,64.0,2.0,2.0,159.0,93.0,5.0
8109,2019-12-04 21:00:00,462.3,395.0,63.0,1.0,2.0,148.0,92.0,5.0
8110,2019-12-04 22:00:00,439.93,350.0,64.0,1.0,2.0,152.0,91.0,5.0
8111,2019-12-04 23:00:00,427.57,342.0,64.0,1.0,2.0,165.0,91.0,5.0
8112,2019-12-05 00:00:00,431.96,347.0,64.0,1.0,2.0,165.0,88.0,5.0
8113,2019-12-05 01:00:00,427.45,348.0,63.0,1.0,2.0,174.0,87.0,5.0
8114,2019-12-05 02:00:00,431.13,344.0,64.0,1.0,2.0,170.0,82.0,5.0
8115,2019-12-05 03:00:00,421.41,341.0,64.0,1.0,2.0,182.0,83.0,5.0
8116,2019-12-05 04:00:00,448.5,423.0,64.0,1.0,2.0,201.0,80.0,5.0
8117,2019-12-05 05:00:00,469.44,499.0,66.0,1.0,2.0,217.0,76.0,5.0
8118,2019-12-05 06:00:00,464.22,502.0,68.0,1.0,2.0,230.0,74.0,4.0
8119,2019-12-05 07:00:00,464.74,490.0,65.0,1.0,2.0,221.0,75.0,4.0
8120,2019-12-05 08:00:00,471.74,519.0,66.0,1.0,2.0,225.0,76.0,5.0
8121,2019-12-05 09:00:00,470.28,508.0,66.0,1.0,2.0,214.0,83.0,5.0
8122,2019-12-05 10:00:00,465.37,500.0,67.0,1.0,2.0,221.0,80.0,5.0
8123,2019-12-05 11:00:00,473.04,528.0,66.0,1.0,2.0,226.0,78.0,5.0
8124,2019-12-05 12:00:00,466.84,527.0,68.0,1.0,2.0,236.0,79.0,5.0
8125,2019-12-05 13:00:00,455.75,522.0,68.0,1.0,2.0,242.0,92.0,5.0
8126,2019-12-05 14:00:00,455.58,520.0,68.0,1.0,2.0,237.0,96.0,5.0
8127,2019-12-05 15:00:00,455.74,519.0,68.0,1.0,2.0,236.0,96.0,5.0
8128,2019-12-05 16:00:00,458.11,529.0,67.0,1.0,2.0,236.0,98.0,5.0
8129,2019-12-05 17:00:00,453.27,524.0,65.0,1.0,2.0,245.0,96.0,5.0
8130,2019-12-05 18:00:00,431.05,467.0,64.0,1.0,2.0,252.0,94.0,5.0
8131,2019-12-05 19:00:00,426.48,445.0,66.0,1.0,2.0,246.0,92.0,5.0
8132,2019-12-05 20:00:00,405.6,384.0,64.0,1.0,2.0,240.0,89.0,5.0
8133,2019-12-05 21:00:00,385.1,338.0,64.0,1.0,2.0,234.0,92.0,5.0
8134,2019-12-05 22:00:00,383.59,336.0,62.0,1.0,2.0,235.0,92.0,5.0
8135,2019-12-05 23:00:00,316.43,218.0,61.0,1.0,2.0,233.0,84.0,5.0
8136,2019-12-06 00:00:00,294.67,191.0,65.0,1.0,2.0,240.0,80.0,5.0
8137,2019-12-06 01:00:00,303.63,197.0,66.0,1.0,2.0,233.0,79.0,5.0
8138,2019-12-06 02:00:00,299.92,191.0,66.0,1.0,2.0,233.0,77.0,5.0
8139,2019-12-06 03:00:00,296.09,192.0,66.0,1.0,2.0,240.0,79.0,5.0
8140,2019-12-06 04:00:00,297.37,192.0,64.0,1.0,2.0,236.0,80.0,5.0
8141,2019-12-06 05:00:00,294.62,193.0,64.0,1.0,2.0,245.0,78.0,5.0
8142,2019-12-06 06:00:00,302.16,193.0,67.0,1.0,2.0,231.0,78.0,5.0
8143,2019-12-06 07:00:00,295.73,178.0,67.0,1.0,2.0,219.0,79.0,5.0
8144,2019-12-06 08:00:00,293.12,182.0,66.0,1.0,2.0,230.0,79.0,5.0
8145,2019-12-06 09:00:00,298.86,179.0,68.0,1.0,2.0,215.0,79.0,5.0
8146,2019-12-06 10:00:00,302.06,181.0,67.0,1.0,2.0,212.0,79.0,5.0
8147,2019-12-06 11:00:00,281.82,150.0,68.0,1.0,2.0,199.0,79.0,5.0
8148,2019-12-06 12:00:00,296.93,169.0,64.0,1.0,2.0,203.0,78.0,5.0
8149,2019-12-06 13:00:00,229.93,113.0,64.0,1.0,2.0,224.0,80.0,5.0
8150,2019-12-06 14:00:00,254.75,129.0,66.0,1.0,2.0,206.0,83.0,5.0
8151,2019-12-06 15:00:00,318.82,183.0,67.0,1.0,2.0,181.0,84.0,5.0
8152,2019-12-06 16:00:00,326.63,178.0,68.0,1.0,2.0,162.0,84.0,5.0
8153,2019-12-06 17:00:00,275.68,122.0,65.0,1.0,2.0,155.0,84.0,5.0
8154,2019-12-06 18:00:00,231.86,91.0,66.0,1.0,2.0,168.0,83.0,5.0
8155,2019-12-06 19:00:00,217.59,89.0,67.0,1.0,2.0,192.0,82.0,5.0
8156,2019-12-06 20:00:00,223.41,90.0,67.0,1.0,2.0,184.0,81.0,5.0
8157,2019-12-06 21:00:00,225.5,89.0,66.0,1.0,2.0,177.0,81.0,5.0
8158,2019-12-06 22:00:00,243.69,97.0,65.0,1.0,2.0,162.0,81.0,5.0
8159,2019-12-06 23:00:00,268.9,108.0,64.0,1.0,2.0,141.0,83.0,5.0
8160,2019-12-07 00:00:00,278.08,113.0,63.0,1.0,2.0,137.0,82.0,5.0
8161,2019-12-07 01:00:00,247.97,91.0,64.0,1.0,2.0,140.0,83.0,5.0
8162,2019-12-07 02:00:00,251.53,91.0,65.0,1.0,2.0,138.0,80.0,5.0
8163,2019-12-07 03:00:00,239.86,88.0,63.0,1.0,2.0,146.0,83.0,5.0
8164,2019-12-07 04:00:00,222.64,92.0,62.0,1.0,2.0,186.0,82.0,5.0
8165,2019-12-07 05:00:00,215.73,93.0,63.0,1.0,2.0,203.0,82.0,5.0
8166,2019-12-07 06:00:00,215.48,102.0,64.0,1.0,2.0,227.0,82.0,5.0
8167,2019-12-07 07:00:00,212.91,105.0,66.0,1.0,2.0,242.0,82.0,5.0
8168,2019-12-07 08:00:00,196.45,91.0,66.0,1.0,2.0,243.0,83.0,5.0
8169,2019-12-07 09:00:00,217.02,110.0,66.0,1.0,2.0,244.0,83.0,5.0
8170,2019-12-07 10:00:00,225.82,117.0,65.0,1.0,2.0,240.0,83.0,5.0
8171,2019-12-07 11:00:00,221.15,109.0,66.0,1.0,2.0,232.0,83.0,5.0
8172,2019-12-07 12:00:00,239.91,127.0,64.0,1.0,2.0,232.0,82.0,5.0
8173,2019-12-07 13:00:00,269.92,154.0,64.0,1.0,2.0,223.0,83.0,5.0
8174,2019-12-07 14:00:00,287.44,166.0,63.0,1.0,2.0,207.0,86.0,5.0
8175,2019-12-07 15:00:00,353.1,248.0,64.0,1.0,2.0,200.0,89.0,5.0
8176,2019-12-07 16:00:00,383.19,258.0,64.0,1.0,2.0,162.0,89.0,5.0
8177,2019-12-07 17:00:00,384.55,256.0,64.0,1.0,2.0,158.0,89.0,5.0
8178,2019-12-07 18:00:00,314.0,179.0,65.0,1.0,2.0,179.0,88.0,5.0
8179,2019-12-07 19:00:00,289.86,163.0,64.0,1.0,2.0,197.0,87.0,5.0
8180,2019-12-07 20:00:00,300.11,170.0,64.0,1.0,2.0,192.0,85.0,5.0
8181,2019-12-07 21:00:00,308.02,175.0,64.0,1.0,2.0,186.0,85.0,5.0
8182,2019-12-07 22:00:00,306.68,164.0,64.0,1.0,2.0,173.0,84.0,5.0
8183,2019-12-07 23:00:00,299.99,165.0,66.0,1.0,2.0,186.0,84.0,5.0
8184,2019-12-08 00:00:00,294.1,166.0,63.0,1.0,2.0,199.0,82.0,5.0
8185,2019-12-08 01:00:00,275.57,164.0,65.0,1.0,2.0,231.0,82.0,5.0
8186,2019-12-08 02:00:00,280.99,163.0,66.0,1.0,2.0,222.0,79.0,5.0
8187,2019-12-08 03:00:00,293.73,164.0,65.0,1.0,2.0,198.0,81.0,5.0
8188,2019-12-08 04:00:00,313.58,166.0,64.0,1.0,2.0,168.0,81.0,5.0
8189,2019-12-08 05:00:00,314.74,153.0,65.0,1.0,2.0,149.0,80.0,5.0
8190,2019-12-08 06:00:00,322.28,170.0,62.0,1.0,2.0,160.0,81.0,5.0
8191,2019-12-08 07:00:00,332.92,167.0,64.0,1.0,2.0,141.0,81.0,5.0
8192,2019-12-08 08:00:00,340.99,167.0,63.0,1.0,2.0,129.0,82.0,5.0
8193,2019-12-08 09:00:00,329.49,164.0,65.0,1.0,2.0,141.0,82.0,5.0
8194,2019-12-08 10:00:00,336.32,173.0,65.0,1.0,2.0,143.0,82.0,5.0
8195,2019-12-08 11:00:00,326.21,172.0,63.0,1.0,2.0,157.0,81.0,5.0
8196,2019-12-08 12:00:00,327.83,172.0,66.0,1.0,2.0,155.0,81.0,5.0
8197,2019-12-08 13:00:00,323.01,167.0,63.0,1.0,2.0,155.0,81.0,5.0
8198,2019-12-08 14:00:00,299.25,163.0,61.0,1.0,2.0,183.0,84.0,5.0
8199,2019-12-08 15:00:00,288.57,167.0,61.0,1.0,2.0,206.0,86.0,5.0
8200,2019-12-08 16:00:00,273.71,161.0,61.0,1.0,2.0,223.0,87.0,5.0
8201,2019-12-08 17:00:00,263.96,159.0,63.0,1.0,2.0,241.0,86.0,5.0
8202,2019-12-08 18:00:00,260.38,158.0,66.0,1.0,2.0,249.0,85.0,5.0
8203,2019-12-08 19:00:00,257.65,158.0,66.0,1.0,2.0,257.0,83.0,5.0
8204,2019-12-08 20:00:00,258.9,164.0,64.0,1.0,2.0,266.0,82.0,5.0
8205,2019-12-08 21:00:00,258.23,163.0,65.0,1.0,2.0,267.0,81.0,5.0
8206,2019-12-08 22:00:00,267.99,166.0,67.0,1.0,2.0,253.0,80.0,5.0
8207,2019-12-08 23:00:00,277.24,177.0,67.0,1.0,2.0,253.0,80.0,5.0
8208,2019-12-09 00:00:00,285.2,182.0,67.0,1.0,2.0,246.0,79.0,5.0
8209,2019-12-09 01:00:00,277.97,175.0,67.0,1.0,2.0,249.0,79.0,5.0
8210,2019-12-09 02:00:00,263.25,160.0,67.0,1.0,2.0,255.0,77.0,5.0
8211,2019-12-09 03:00:00,265.47,159.0,66.0,1.0,2.0,246.0,79.0,5.0
8212,2019-12-09 04:00:00,277.5,166.0,66.0,1.0,2.0,235.0,78.0,5.0
8213,2019-12-09 05:00:00,398.47,349.0,68.0,1.0,2.0,233.0,78.0,5.0
8214,2019-12-09 06:00:00,417.6,411.0,69.0,1.0,2.0,251.0,77.0,5.0
8215,2019-12-09 07:00:00,360.28,294.0,68.0,1.0,2.0,250.0,78.0,5.0
8216,2019-12-09 08:00:00,355.29,288.0,69.0,1.0,2.0,252.0,79.0,5.0
8217,2019-12-09 09:00:00,360.75,293.0,69.0,1.0,2.0,247.0,79.0,5.0
8218,2019-12-09 10:00:00,349.68,270.0,68.0,1.0,2.0,241.0,80.0,5.0
8219,2019-12-09 11:00:00,369.21,292.0,67.0,1.0,2.0,228.0,81.0,5.0
8220,2019-12-09 12:00:00,382.67,306.0,68.0,1.0,2.0,217.0,82.0,5.0
8221,2019-12-09 13:00:00,389.53,305.0,69.0,1.0,2.0,205.0,81.0,5.0
8222,2019-12-09 14:00:00,384.98,301.0,69.0,1.0,2.0,205.0,85.0,5.0
8223,2019-12-09 15:00:00,388.54,298.0,69.0,1.0,2.0,197.0,84.0,5.0
8224,2019-12-09 16:00:00,384.42,300.0,69.0,1.0,2.0,206.0,84.0,5.0
8225,2019-12-09 17:00:00,392.01,303.0,67.0,1.0,2.0,196.0,84.0,5.0
8226,2019-12-09 18:00:00,391.38,304.0,67.0,1.0,2.0,200.0,82.0,5.0
8227,2019-12-09 19:00:00,393.05,292.0,67.0,1.0,2.0,188.0,80.0,5.0
8228,2019-12-09 20:00:00,355.19,237.0,67.0,1.0,2.0,195.0,78.0,5.0
8229,2019-12-09 21:00:00,373.8,241.0,67.0,1.0,2.0,169.0,79.0,5.0
8230,2019-12-09 22:00:00,380.54,249.0,67.0,1.0,2.0,167.0,79.0,5.0
8231,2019-12-09 23:00:00,314.3,165.0,67.0,1.0,2.0,168.0,79.0,5.0
8232,2019-12-10 00:00:00,321.14,166.0,67.0,1.0,2.0,161.0,77.0,5.0
8233,2019-12-10 01:00:00,322.68,164.0,67.0,1.0,2.0,156.0,77.0,5.0
8234,2019-12-10 02:00:00,324.71,158.0,67.0,1.0,2.0,147.0,75.0,5.0
8235,2019-12-10 03:00:00,325.21,166.0,67.0,1.0,2.0,155.0,77.0,5.0
8236,2019-12-10 04:00:00,378.51,242.0,67.0,1.0,2.0,166.0,76.0,5.0
8237,2019-12-10 05:00:00,408.05,304.0,67.0,1.0,2.0,179.0,76.0,5.0
8238,2019-12-10 06:00:00,445.55,309.0,68.0,1.0,2.0,128.0,77.0,5.0
8239,2019-12-10 07:00:00,451.3,299.0,66.0,1.0,2.0,115.0,76.0,5.0
8240,2019-12-10 08:00:00,474.11,316.0,62.0,1.0,2.0,99.0,76.0,5.0
8241,2019-12-10 09:00:00,469.0,302.0,64.0,1.0,2.0,93.0,79.0,5.0
8242,2019-12-10 10:00:00,477.22,301.0,64.0,1.0,2.0,83.0,79.0,5.0
8243,2019-12-10 11:00:00,472.91,308.0,60.0,1.0,2.0,93.0,79.0,5.0
8244,2019-12-10 12:00:00,438.63,331.25,65.5,1.0,2.0,154.75,76.25,5.0
8245,2019-12-10 13:00:00,513.71,298.0,66.0,1.0,2.0,57.0,65.0,5.0
8246,2019-12-10 14:00:00,531.51,302.0,60.0,1.0,2.0,42.0,67.0,5.0
8247,2019-12-10 15:00:00,533.96,295.0,66.0,1.0,2.0,33.0,69.0,5.0
8248,2019-12-10 16:00:00,544.83,296.0,66.0,1.0,2.0,23.0,70.0,5.0
8249,2019-12-10 17:00:00,548.95,299.0,65.0,1.0,2.0,18.0,73.0,5.0
8250,2019-12-10 18:00:00,546.34,301.0,65.0,1.0,2.0,11.0,83.0,5.0
8251,2019-12-10 19:00:00,550.47,298.0,63.0,1.0,2.0,8.0,82.0,5.0
8252,2019-12-10 20:00:00,501.9,219.0,66.0,1.0,2.0,12.0,81.0,5.0
8253,2019-12-10 21:00:00,453.67,171.0,64.0,1.0,2.0,21.0,81.0,5.0
8254,2019-12-10 22:00:00,450.83,197.0,64.0,1.0,2.0,41.0,81.0,5.0
8255,2019-12-10 23:00:00,469.73,248.0,63.0,1.0,2.0,57.0,81.0,5.0
8256,2019-12-11 00:00:00,469.22,254.0,64.0,1.0,2.0,64.0,78.0,5.0
8257,2019-12-11 01:00:00,446.33,254.0,64.0,1.0,2.0,87.0,79.0,5.0
8258,2019-12-11 02:00:00,425.45,250.0,64.0,1.0,2.0,112.0,75.0,5.0
8259,2019-12-11 03:00:00,414.93,256.0,63.0,1.0,2.0,127.0,78.0,5.0
8260,2019-12-11 04:00:00,412.68,287.0,63.0,1.0,2.0,157.0,77.0,5.0
8261,2019-12-11 05:00:00,452.0,381.0,66.0,1.0,2.0,169.0,77.0,5.0
8262,2019-12-11 06:00:00,448.12,401.0,66.0,1.0,2.0,188.0,78.0,5.0
8263,2019-12-11 07:00:00,440.65,403.0,66.0,1.0,2.0,201.0,79.0,5.0
8264,2019-12-11 08:00:00,431.45,403.0,67.0,1.0,2.0,217.0,79.0,5.0
8265,2019-12-11 09:00:00,427.78,402.0,66.0,1.0,2.0,224.0,78.0,5.0
8266,2019-12-11 10:00:00,424.78,412.0,69.0,1.0,2.0,236.0,79.0,5.0
8267,2019-12-11 11:00:00,417.72,411.0,67.0,1.0,2.0,249.0,79.0,5.0
8268,2019-12-11 12:00:00,416.97,413.0,68.0,1.0,2.0,252.0,79.0,5.0
8269,2019-12-11 13:00:00,416.22,410.0,68.0,1.0,2.0,251.0,79.0,5.0
8270,2019-12-11 14:00:00,412.31,409.0,67.0,1.0,2.0,256.0,81.0,5.0
8271,2019-12-11 15:00:00,413.53,407.0,66.0,1.0,2.0,250.0,83.0,5.0
8272,2019-12-11 16:00:00,420.4,410.0,67.0,1.0,2.0,238.0,84.0,5.0
8273,2019-12-11 17:00:00,434.45,412.0,63.0,1.0,2.0,214.0,84.0,5.0
8274,2019-12-11 18:00:00,432.24,412.0,63.0,1.0,2.0,219.0,83.0,5.0
8275,2019-12-11 19:00:00,394.0,330.0,63.0,1.0,2.0,221.0,81.0,5.0
8276,2019-12-11 20:00:00,379.96,298.0,62.0,1.0,2.0,216.0,80.0,5.0
8277,2019-12-11 21:00:00,356.89,260.0,62.0,1.0,2.0,215.0,81.0,5.0
8278,2019-12-11 22:00:00,354.81,255.0,63.0,1.0,2.0,212.0,82.0,5.0
8279,2019-12-11 23:00:00,355.65,258.0,64.0,1.0,2.0,215.0,81.0,5.0
8280,2019-12-12 00:00:00,365.68,260.0,65.0,1.0,2.0,201.0,80.0,5.0
8281,2019-12-12 01:00:00,370.47,259.0,65.0,1.0,2.0,192.0,80.0,5.0
8282,2019-12-12 02:00:00,372.95,259.0,64.0,1.0,2.0,190.0,78.0,5.0
8283,2019-12-12 03:00:00,368.63,259.0,62.0,1.0,2.0,194.0,81.0,5.0
8284,2019-12-12 04:00:00,373.0,261.0,63.0,1.0,2.0,190.0,80.0,5.0
8285,2019-12-12 05:00:00,429.95,374.0,63.0,1.0,2.0,198.0,79.0,5.0
8286,2019-12-12 06:00:00,446.43,411.0,65.0,1.0,2.0,194.0,82.0,5.0
8287,2019-12-12 07:00:00,451.64,410.0,68.0,1.0,2.0,185.0,81.0,5.0
8288,2019-12-12 08:00:00,475.67,407.0,69.0,1.0,2.0,145.0,81.0,5.0
8289,2019-12-12 09:00:00,494.66,407.0,68.0,1.0,2.0,118.0,81.0,5.0
8290,2019-12-12 10:00:00,506.34,409.0,69.0,1.0,2.0,104.0,80.0,5.0
8291,2019-12-12 11:00:00,512.4,413.0,69.0,1.0,2.0,98.0,80.0,5.0
8292,2019-12-12 12:00:00,525.54,411.0,67.0,1.0,2.0,82.0,79.0,5.0
8293,2019-12-12 13:00:00,523.35,411.0,66.0,1.0,2.0,84.0,80.0,5.0
8294,2019-12-12 14:00:00,499.98,407.0,67.0,1.0,2.0,108.0,84.0,5.0
8295,2019-12-12 15:00:00,477.69,410.0,68.0,1.0,2.0,139.0,86.0,5.0
8296,2019-12-12 16:00:00,466.13,409.0,68.0,1.0,2.0,156.0,86.0,5.0
8297,2019-12-12 17:00:00,463.12,401.0,66.0,1.0,2.0,156.0,86.0,5.0
8298,2019-12-12 18:00:00,473.69,401.0,66.0,1.0,2.0,142.0,84.0,5.0
8299,2019-12-12 19:00:00,474.79,405.0,65.0,1.0,2.0,144.0,83.0,5.0
8300,2019-12-12 20:00:00,475.78,371.0,66.0,1.0,2.0,124.0,81.0,5.0
8301,2019-12-12 21:00:00,445.59,289.0,67.0,1.0,2.0,110.0,81.0,5.0
8302,2019-12-12 22:00:00,439.44,266.0,67.0,1.0,2.0,99.0,83.0,5.0
8303,2019-12-12 23:00:00,433.42,263.0,67.0,1.0,2.0,104.0,83.0,5.0
8304,2019-12-13 00:00:00,415.49,261.0,67.0,1.0,2.0,127.0,81.0,5.0
8305,2019-12-13 01:00:00,422.32,262.0,67.0,1.0,2.0,119.0,81.0,5.0
8306,2019-12-13 02:00:00,416.88,262.0,67.0,1.0,2.0,129.0,78.0,5.0
8307,2019-12-13 03:00:00,430.45,262.0,66.0,1.0,2.0,110.0,80.0,5.0
8308,2019-12-13 04:00:00,466.29,317.0,67.0,1.0,2.0,105.0,79.0,5.0
8309,2019-12-13 05:00:00,505.16,387.0,67.0,1.0,2.0,98.0,77.0,5.0
8310,2019-12-13 06:00:00,512.27,410.0,68.0,1.0,2.0,100.0,77.0,5.0
8311,2019-12-13 07:00:00,519.49,412.0,67.0,1.0,2.0,92.0,77.0,5.0
8312,2019-12-13 08:00:00,524.18,407.0,70.0,1.0,2.0,83.0,77.0,5.0
8313,2019-12-13 09:00:00,521.38,401.0,69.0,1.0,2.0,84.0,77.0,5.0
8314,2019-12-13 10:00:00,525.78,404.0,69.0,1.0,2.0,80.0,77.0,5.0
8315,2019-12-13 11:00:00,533.05,408.0,69.0,1.0,2.0,73.0,77.0,5.0
8316,2019-12-13 12:00:00,527.96,410.0,69.0,1.0,2.0,81.0,76.0,5.0
8317,2019-12-13 13:00:00,522.44,401.0,68.0,1.0,2.0,83.0,77.0,5.0
8318,2019-12-13 14:00:00,523.18,403.0,68.0,1.0,2.0,81.0,79.0,5.0
8319,2019-12-13 15:00:00,533.79,407.0,68.0,1.0,2.0,68.0,81.0,5.0
8320,2019-12-13 16:00:00,524.98,413.0,69.0,1.0,2.0,82.0,80.0,5.0
8321,2019-12-13 17:00:00,525.7,415.0,69.0,1.0,2.0,83.0,79.0,5.0
8322,2019-12-13 18:00:00,517.17,403.0,66.0,1.0,2.0,86.0,82.0,5.0
8323,2019-12-13 19:00:00,490.01,339.0,68.0,1.0,2.0,86.0,82.0,5.0
8324,2019-12-13 20:00:00,454.84,268.0,65.0,1.0,2.0,85.0,81.0,5.0
8325,2019-12-13 21:00:00,443.95,262.0,66.0,1.0,2.0,92.0,82.0,5.0
8326,2019-12-13 22:00:00,457.94,275.0,66.0,1.0,2.0,85.0,82.0,5.0
8327,2019-12-13 23:00:00,452.38,263.0,67.0,1.0,2.0,83.0,82.0,5.0
8328,2019-12-14 00:00:00,449.01,259.0,67.0,1.0,2.0,84.0,82.0,5.0
8329,2019-12-14 01:00:00,448.35,262.0,66.0,1.0,2.0,87.0,82.0,5.0
8330,2019-12-14 02:00:00,456.08,262.0,63.0,1.0,2.0,82.0,79.0,5.0
8331,2019-12-14 03:00:00,443.22,262.0,59.0,1.0,2.0,95.0,81.0,5.0
8332,2019-12-14 04:00:00,429.45,261.0,62.0,1.0,2.0,111.0,80.0,5.0
8333,2019-12-14 05:00:00,413.28,263.0,63.0,1.0,2.0,134.0,79.0,5.0
8334,2019-12-14 06:00:00,405.86,263.0,63.0,1.0,2.0,143.0,80.0,5.0
8335,2019-12-14 07:00:00,405.83,264.0,62.0,1.0,2.0,144.0,80.0,5.0
8336,2019-12-14 08:00:00,397.22,266.0,61.0,1.0,2.0,157.0,81.0,5.0
8337,2019-12-14 09:00:00,391.79,264.0,62.0,1.0,2.0,163.0,81.0,5.0
8338,2019-12-14 10:00:00,395.16,265.0,62.0,1.0,2.0,159.0,81.0,5.0
8339,2019-12-14 11:00:00,389.7,265.0,63.0,1.0,2.0,167.0,81.0,5.0
8340,2019-12-14 12:00:00,391.6,267.0,64.0,1.0,2.0,167.0,80.0,5.0
8341,2019-12-14 13:00:00,382.51,263.0,63.0,1.0,2.0,175.0,82.0,5.0
8342,2019-12-14 14:00:00,374.19,258.0,62.0,1.0,2.0,180.0,85.0,5.0
8343,2019-12-14 15:00:00,381.22,260.0,64.0,1.0,2.0,170.0,86.0,5.0
8344,2019-12-14 16:00:00,385.69,266.0,64.0,1.0,2.0,169.0,86.0,5.0
8345,2019-12-14 17:00:00,384.41,265.0,64.0,1.0,2.0,169.0,87.0,5.0
8346,2019-12-14 18:00:00,379.94,265.0,63.0,1.0,2.0,176.0,87.0,5.0
8347,2019-12-14 19:00:00,384.49,263.0,62.0,1.0,2.0,169.0,85.0,5.0
8348,2019-12-14 20:00:00,396.59,276.0,62.0,1.0,2.0,166.0,82.0,5.0
8349,2019-12-14 21:00:00,406.24,290.0,63.0,1.0,2.0,163.0,83.0,5.0
8350,2019-12-14 22:00:00,397.38,261.0,64.0,1.0,2.0,149.0,84.0,5.0
8351,2019-12-14 23:00:00,411.1,261.0,65.0,1.0,2.0,131.0,83.0,5.0
8352,2019-12-15 00:00:00,421.32,264.0,66.0,1.0,2.0,122.0,81.0,5.0
8353,2019-12-15 01:00:00,424.73,263.0,65.0,1.0,2.0,118.0,80.0,5.0
8354,2019-12-15 02:00:00,431.7,261.0,64.0,1.0,2.0,108.0,80.0,5.0
8355,2019-12-15 03:00:00,432.04,267.0,65.0,1.0,2.0,111.0,81.0,5.0
8356,2019-12-15 04:00:00,444.1,262.0,65.0,1.0,2.0,93.0,81.0,5.0
8357,2019-12-15 05:00:00,457.42,269.0,64.0,1.0,2.0,84.0,80.0,5.0
8358,2019-12-15 06:00:00,451.97,253.0,65.0,1.0,2.0,79.0,80.0,5.0
8359,2019-12-15 07:00:00,465.68,268.0,66.0,1.0,2.0,74.0,80.0,5.0
8360,2019-12-15 08:00:00,468.68,266.0,64.0,1.0,2.0,70.0,80.0,5.0
8361,2019-12-15 09:00:00,471.96,265.0,64.0,1.0,2.0,66.0,80.0,5.0
8362,2019-12-15 10:00:00,474.71,263.0,64.0,1.0,2.0,62.0,80.0,5.0
8363,2019-12-15 11:00:00,472.08,261.0,66.0,1.0,2.0,63.0,80.0,5.0
8364,2019-12-15 12:00:00,475.52,256.0,64.0,1.0,2.0,57.0,80.0,5.0
8365,2019-12-15 13:00:00,472.0,266.0,62.0,1.0,2.0,67.0,80.0,5.0
8366,2019-12-15 14:00:00,444.17,264.0,61.0,1.0,2.0,92.0,84.0,5.0
8367,2019-12-15 15:00:00,438.06,265.0,60.0,1.0,2.0,99.0,85.0,5.0
8368,2019-12-15 16:00:00,455.61,266.0,64.0,1.0,2.0,79.0,85.0,5.0
8369,2019-12-15 17:00:00,447.23,264.0,64.0,1.0,2.0,85.0,87.0,5.0
8370,2019-12-15 18:00:00,436.57,265.0,65.0,1.0,2.0,98.0,87.0,5.0
8371,2019-12-15 19:00:00,440.52,274.0,64.0,1.0,2.0,102.0,85.0,5.0
8372,2019-12-15 20:00:00,428.38,265.0,65.0,1.0,2.0,113.0,82.0,5.0
8373,2019-12-15 21:00:00,440.82,266.0,63.0,1.0,2.0,98.0,83.0,5.0
8374,2019-12-15 22:00:00,444.75,264.0,63.0,1.0,2.0,91.0,84.0,5.0
8375,2019-12-15 23:00:00,455.92,286.0,64.0,1.0,2.0,94.0,83.0,5.0
8376,2019-12-16 00:00:00,465.9,314.0,65.0,1.0,2.0,101.0,82.0,5.0
8377,2019-12-16 01:00:00,484.21,319.0,62.0,1.0,2.0,84.0,81.0,5.0
8378,2019-12-16 02:00:00,518.33,297.0,56.0,1.0,2.0,42.0,78.0,5.0
8379,2019-12-16 03:00:00,541.86,320.0,54.0,1.0,2.0,28.0,81.0,5.0
8380,2019-12-16 04:00:00,570.73,383.0,57.0,1.0,2.0,25.0,79.0,5.0
8381,2019-12-16 05:00:00,593.99,416.0,48.0,1.0,2.0,17.0,78.0,5.0
8382,2019-12-16 06:00:00,598.89,421.0,42.0,1.0,2.0,17.0,77.0,5.0
8383,2019-12-16 07:00:00,594.32,422.0,41.0,1.0,2.0,22.0,77.0,5.0
8384,2019-12-16 08:00:00,580.26,427.0,42.0,1.0,2.0,36.0,78.0,5.0
8385,2019-12-16 09:00:00,532.29,403.0,42.0,1.0,2.0,80.0,77.0,5.0
8386,2019-12-16 10:00:00,530.82,413.0,42.0,1.0,2.0,86.0,77.0,5.0
8387,2019-12-16 11:00:00,529.45,404.0,41.0,1.0,2.0,81.0,80.0,5.0
8388,2019-12-16 12:00:00,533.79,441.0,40.0,1.0,2.0,93.0,79.0,5.0
8389,2019-12-16 13:00:00,509.86,448.0,38.0,1.0,2.0,125.0,82.0,5.0
8390,2019-12-16 14:00:00,518.59,454.0,38.0,1.0,2.0,112.0,86.0,5.0
8391,2019-12-16 15:00:00,526.65,463.0,39.0,1.0,2.0,105.0,86.0,5.0
8392,2019-12-16 16:00:00,536.85,483.0,39.0,1.0,2.0,98.0,88.0,5.0
8393,2019-12-16 17:00:00,520.46,461.0,37.0,1.0,2.0,111.0,88.0,5.0
8394,2019-12-16 18:00:00,502.94,411.0,37.0,1.0,2.0,115.0,83.0,5.0
8395,2019-12-16 19:00:00,495.42,413.0,37.0,1.0,2.0,129.0,80.0,5.0
8396,2019-12-16 20:00:00,477.14,407.0,37.0,1.0,2.0,152.0,79.0,5.0
8397,2019-12-16 21:00:00,441.95,390.0,44.0,1.0,2.0,192.0,80.0,5.0
8398,2019-12-16 22:00:00,424.47,377.0,45.0,1.0,2.0,212.0,79.0,5.0
8399,2019-12-16 23:00:00,370.62,283.0,46.0,1.0,2.0,218.0,79.0,5.0
8400,2019-12-17 00:00:00,356.42,265.0,49.0,1.0,2.0,224.0,78.0,5.0
8401,2019-12-17 01:00:00,363.42,265.0,50.0,1.0,2.0,213.0,77.0,5.0
8402,2019-12-17 02:00:00,387.5,265.0,48.0,1.0,2.0,178.0,74.0,5.0
8403,2019-12-17 03:00:00,405.02,266.0,49.0,1.0,2.0,152.0,76.0,5.0
8404,2019-12-17 04:00:00,454.71,342.0,48.0,1.0,2.0,145.0,74.0,5.0
8405,2019-12-17 05:00:00,471.02,400.0,49.0,1.0,2.0,159.0,74.0,5.0
8406,2019-12-17 06:00:00,489.47,414.0,52.0,1.0,2.0,142.0,72.0,5.0
8407,2019-12-17 07:00:00,500.93,414.0,53.0,1.0,2.0,125.0,73.0,5.0
8408,2019-12-17 08:00:00,520.69,413.0,53.0,1.0,2.0,100.0,72.0,5.0
8409,2019-12-17 09:00:00,538.96,412.0,52.0,1.0,2.0,79.0,71.0,5.0
8410,2019-12-17 10:00:00,538.25,410.0,52.0,1.0,2.0,77.0,73.0,5.0
8411,2019-12-17 11:00:00,537.47,403.0,52.0,1.0,2.0,74.0,74.0,5.0
8412,2019-12-17 12:00:00,531.52,398.0,51.0,1.0,2.0,80.0,73.0,5.0
8413,2019-12-17 13:00:00,534.79,414.0,51.0,1.0,2.0,81.0,75.0,5.0
8414,2019-12-17 14:00:00,548.06,412.0,51.0,1.0,2.0,61.0,79.0,5.0
8415,2019-12-17 15:00:00,547.51,413.0,51.0,1.0,2.0,61.0,80.0,5.0
8416,2019-12-17 16:00:00,543.15,414.0,52.0,1.0,2.0,65.0,81.0,5.0
8417,2019-12-17 17:00:00,546.18,410.0,52.0,1.0,2.0,60.0,81.0,5.0
8418,2019-12-17 18:00:00,537.01,401.0,51.0,1.0,2.0,68.0,80.0,5.0
8419,2019-12-17 19:00:00,535.08,391.0,51.0,1.0,2.0,68.0,78.0,5.0
8420,2019-12-17 20:00:00,540.18,388.0,61.0,1.0,2.0,59.0,77.0,5.0
8421,2019-12-17 21:00:00,532.95,348.0,61.0,1.0,2.0,48.0,79.0,5.0
8422,2019-12-17 22:00:00,495.47,270.0,63.0,1.0,2.0,47.0,79.0,5.0
8423,2019-12-17 23:00:00,486.1,258.0,64.0,1.0,2.0,51.0,77.0,5.0
8424,2019-12-18 00:00:00,466.9,257.0,65.0,1.0,2.0,70.0,76.0,5.0
8425,2019-12-18 01:00:00,464.02,258.0,63.0,1.0,2.0,75.0,75.0,5.0
8426,2019-12-18 02:00:00,459.34,257.0,59.0,1.0,2.0,83.0,72.0,5.0
8427,2019-12-18 03:00:00,441.57,261.0,60.0,1.0,2.0,104.0,73.0,5.0
8428,2019-12-18 04:00:00,460.38,329.0,63.0,1.0,2.0,127.0,73.0,5.0
8429,2019-12-18 05:00:00,492.38,398.0,61.0,1.0,2.0,124.0,75.0,5.0
8430,2019-12-18 06:00:00,484.79,410.0,62.0,1.0,2.0,140.0,76.0,5.0
8431,2019-12-18 07:00:00,482.07,410.0,66.0,1.0,2.0,144.0,75.0,5.0
8432,2019-12-18 08:00:00,442.77,402.0,64.0,1.0,2.0,200.0,76.0,5.0
8433,2019-12-18 09:00:00,414.07,391.0,62.0,1.0,2.0,242.0,77.0,5.0
8434,2019-12-18 10:00:00,411.46,405.0,60.0,1.0,2.0,259.0,77.0,5.0
8435,2019-12-18 11:00:00,412.75,408.0,60.0,1.0,2.0,263.0,73.0,5.0
8436,2019-12-18 12:00:00,410.8,409.0,57.0,1.0,2.0,269.0,72.0,5.0
8437,2019-12-18 13:00:00,408.03,407.0,55.0,1.0,2.0,266.0,79.0,5.0
8438,2019-12-18 14:00:00,415.48,408.0,57.0,1.0,2.0,248.0,83.0,5.0
8439,2019-12-18 15:00:00,422.63,410.0,57.0,1.0,2.0,235.0,84.0,5.0
8440,2019-12-18 16:00:00,420.41,411.0,57.0,1.0,2.0,240.0,84.0,5.0
8441,2019-12-18 17:00:00,421.52,411.0,56.0,1.0,2.0,238.0,84.0,5.0
8442,2019-12-18 18:00:00,411.32,403.0,56.0,1.0,2.0,255.0,80.0,5.0
8443,2019-12-18 19:00:00,406.07,398.0,56.0,1.0,2.0,261.0,80.0,5.0
8444,2019-12-18 20:00:00,398.62,366.0,56.0,1.0,2.0,248.0,79.0,5.0
8445,2019-12-18 21:00:00,341.14,263.0,55.0,1.0,2.0,246.0,82.0,5.0
8446,2019-12-18 22:00:00,334.26,254.0,55.0,1.0,2.0,249.0,81.0,5.0
8447,2019-12-18 23:00:00,344.53,270.0,55.0,1.0,2.0,249.0,81.0,5.0
8448,2019-12-19 00:00:00,342.5,257.0,54.0,1.0,2.0,239.0,79.0,5.0
8449,2019-12-19 01:00:00,355.94,265.0,53.0,1.0,2.0,224.0,79.0,5.0
8450,2019-12-19 02:00:00,352.58,258.0,55.0,1.0,2.0,225.0,76.0,5.0
8451,2019-12-19 03:00:00,380.67,294.0,54.0,1.0,2.0,212.0,79.0,5.0
8452,2019-12-19 04:00:00,440.59,388.0,55.0,1.0,2.0,192.0,79.0,5.0
8453,2019-12-19 05:00:00,468.54,419.0,56.0,1.0,2.0,168.0,79.0,5.0
8454,2019-12-19 06:00:00,466.1,412.0,58.0,1.0,2.0,167.0,79.0,5.0
8455,2019-12-19 07:00:00,468.91,409.0,57.0,1.0,2.0,161.0,79.0,5.0
8456,2019-12-19 08:00:00,477.77,403.0,58.0,1.0,2.0,143.0,80.0,5.0
8457,2019-12-19 09:00:00,485.74,393.0,58.0,1.0,2.0,127.0,79.0,5.0
8458,2019-12-19 10:00:00,485.36,374.0,57.0,1.0,2.0,116.0,80.0,5.0
8459,2019-12-19 11:00:00,510.61,407.0,56.0,1.0,2.0,101.0,80.0,5.0
8460,2019-12-19 12:00:00,530.59,412.0,58.0,1.0,2.0,79.0,79.0,5.0
8461,2019-12-19 13:00:00,543.87,410.0,57.0,1.0,2.0,63.0,79.0,5.0
8462,2019-12-19 14:00:00,541.76,409.0,57.0,1.0,2.0,61.0,83.0,5.0
8463,2019-12-19 15:00:00,537.07,396.0,57.0,1.0,2.0,61.0,83.0,5.0
8464,2019-12-19 16:00:00,532.63,406.0,58.0,1.0,2.0,73.0,80.0,5.0
8465,2019-12-19 17:00:00,533.64,401.0,57.0,1.0,2.0,70.0,80.0,5.0
8466,2019-12-19 18:00:00,528.26,386.0,56.0,1.0,2.0,74.0,76.0,5.0
8467,2019-12-19 19:00:00,523.28,386.0,55.0,1.0,2.0,79.0,77.0,5.0
8468,2019-12-19 20:00:00,504.21,333.0,55.0,1.0,2.0,75.0,77.0,5.0
8469,2019-12-19 21:00:00,472.89,265.0,55.0,1.0,2.0,69.0,78.0,5.0
8470,2019-12-19 22:00:00,460.14,254.0,55.0,1.0,2.0,74.0,79.0,5.0
8471,2019-12-19 23:00:00,459.35,254.0,54.0,1.0,2.0,75.0,79.0,5.0
8472,2019-12-20 00:00:00,438.02,253.0,55.0,1.0,2.0,99.0,77.0,5.0
8473,2019-12-20 01:00:00,429.83,254.0,56.0,1.0,2.0,109.0,77.0,5.0
8474,2019-12-20 02:00:00,418.36,253.0,56.0,1.0,2.0,124.0,75.0,5.0
8475,2019-12-20 03:00:00,425.79,253.0,56.0,1.0,2.0,114.0,76.0,5.0
8476,2019-12-20 04:00:00,456.32,322.0,56.0,1.0,2.0,125.0,77.0,5.0
8477,2019-12-20 05:00:00,497.15,402.0,56.0,1.0,2.0,120.0,76.0,5.0
8478,2019-12-20 06:00:00,498.88,415.0,58.0,1.0,2.0,123.0,77.0,5.0
8479,2019-12-20 07:00:00,504.25,413.0,57.0,1.0,2.0,115.0,77.0,5.0
8480,2019-12-20 08:00:00,518.77,414.0,56.0,1.0,2.0,95.0,79.0,5.0
8481,2019-12-20 09:00:00,517.38,406.0,56.0,1.0,2.0,92.0,80.0,5.0
8482,2019-12-20 10:00:00,524.25,386.0,58.0,1.0,2.0,77.0,77.0,5.0
8483,2019-12-20 11:00:00,524.03,387.0,57.0,1.0,2.0,77.0,78.0,5.0
8484,2019-12-20 12:00:00,526.74,376.0,57.0,1.0,2.0,69.0,78.0,5.0
8485,2019-12-20 13:00:00,534.64,380.0,57.0,1.0,2.0,59.0,81.0,5.0
8486,2019-12-20 14:00:00,539.67,386.0,57.0,1.0,2.0,51.0,86.0,5.0
8487,2019-12-20 15:00:00,526.92,390.0,57.0,1.0,2.0,66.0,87.0,5.0
8488,2019-12-20 16:00:00,507.31,389.0,57.0,1.0,2.0,89.0,87.0,5.0
8489,2019-12-20 17:00:00,510.82,407.0,55.0,1.0,2.0,94.0,87.0,5.0
8490,2019-12-20 18:00:00,483.42,353.0,55.0,1.0,2.0,102.0,85.0,5.0
8491,2019-12-20 19:00:00,457.96,287.0,55.0,1.0,2.0,93.0,84.0,5.0
8492,2019-12-20 20:00:00,468.71,263.0,55.0,1.0,2.0,68.0,82.0,5.0
8493,2019-12-20 21:00:00,465.92,268.0,55.0,1.0,2.0,72.0,84.0,5.0
8494,2019-12-20 22:00:00,464.45,253.0,55.0,1.0,2.0,67.0,81.0,5.0
8495,2019-12-20 23:00:00,457.39,257.0,54.0,1.0,2.0,74.0,84.0,5.0
8496,2019-12-21 00:00:00,468.22,259.0,55.0,1.0,2.0,66.0,82.0,5.0
8497,2019-12-21 01:00:00,471.62,258.0,55.0,1.0,2.0,62.0,82.0,5.0
8498,2019-12-21 02:00:00,465.98,257.0,55.0,1.0,2.0,69.0,80.0,5.0
8499,2019-12-21 03:00:00,456.25,257.0,55.0,1.0,2.0,77.0,82.0,5.0
8500,2019-12-21 04:00:00,456.57,259.0,55.0,1.0,2.0,78.0,82.0,5.0
8501,2019-12-21 05:00:00,447.1,263.0,55.0,1.0,2.0,89.0,84.0,5.0
8502,2019-12-21 06:00:00,440.68,264.0,55.0,1.0,2.0,98.0,83.0,5.0
8503,2019-12-21 07:00:00,435.54,264.0,55.0,1.0,2.0,103.0,84.0,5.0
8504,2019-12-21 08:00:00,431.97,265.0,55.0,1.0,2.0,109.0,83.0,5.0
8505,2019-12-21 09:00:00,437.87,265.0,55.0,1.0,2.0,101.0,84.0,5.0
8506,2019-12-21 10:00:00,440.68,264.0,55.0,1.0,2.0,97.0,84.0,5.0
8507,2019-12-21 11:00:00,457.48,265.0,55.0,1.0,2.0,79.0,84.0,5.0
8508,2019-12-21 12:00:00,463.49,264.0,55.0,1.0,2.0,73.0,83.0,5.0
8509,2019-12-21 13:00:00,465.67,266.0,55.0,1.0,2.0,72.0,83.0,5.0
8510,2019-12-21 14:00:00,467.0,265.0,55.0,1.0,2.0,65.0,88.0,5.0
8511,2019-12-21 15:00:00,475.3,264.0,55.0,1.0,2.0,56.0,88.0,5.0
8512,2019-12-21 16:00:00,478.11,264.0,56.0,1.0,2.0,53.0,88.0,5.0
8513,2019-12-21 17:00:00,490.19,265.0,56.0,1.0,2.0,43.0,87.0,5.0
8514,2019-12-21 18:00:00,496.37,264.0,55.0,1.0,2.0,39.0,85.0,5.0
8515,2019-12-21 19:00:00,502.46,261.0,55.0,1.0,2.0,33.0,84.0,5.0
8516,2019-12-21 20:00:00,501.61,262.0,56.0,1.0,2.0,36.0,82.0,5.0
8517,2019-12-21 21:00:00,498.59,264.0,55.0,1.0,2.0,38.0,84.0,5.0
8518,2019-12-21 22:00:00,498.53,262.0,55.0,1.0,2.0,37.0,84.0,5.0
8519,2019-12-21 23:00:00,496.59,262.0,54.0,1.0,2.0,39.0,84.0,5.0
8520,2019-12-22 00:00:00,500.53,263.0,54.0,1.0,2.0,41.0,79.0,5.0
8521,2019-12-22 01:00:00,493.0,262.0,55.0,1.0,2.0,48.0,78.0,5.0
8522,2019-12-22 02:00:00,505.31,258.0,55.0,1.0,2.0,37.0,76.0,5.0
8523,2019-12-22 03:00:00,494.72,250.0,55.0,1.0,2.0,40.0,78.0,5.0
8524,2019-12-22 04:00:00,492.96,249.0,55.0,1.0,2.0,41.0,78.0,5.0
8525,2019-12-22 05:00:00,501.11,264.0,54.0,1.0,2.0,42.0,78.0,5.0
8526,2019-12-22 06:00:00,506.48,264.0,55.0,1.0,2.0,38.0,77.0,5.0
8527,2019-12-22 07:00:00,507.64,262.0,55.0,1.0,2.0,33.0,80.0,5.0
8528,2019-12-22 08:00:00,499.65,262.0,55.0,1.0,2.0,39.0,81.0,5.0
8529,2019-12-22 09:00:00,494.1,262.0,55.0,1.0,2.0,45.0,80.0,5.0
8530,2019-12-22 10:00:00,503.07,264.0,55.0,1.0,2.0,38.0,80.0,5.0
8531,2019-12-22 11:00:00,500.78,262.0,55.0,1.0,2.0,38.0,81.0,5.0
8532,2019-12-22 12:00:00,509.37,263.0,55.0,1.0,2.0,31.0,81.0,5.0
8533,2019-12-22 13:00:00,522.49,263.0,55.0,1.0,2.0,20.0,81.0,5.0
8534,2019-12-22 14:00:00,526.74,264.0,55.0,1.0,2.0,13.0,85.0,5.0
8535,2019-12-22 15:00:00,528.86,264.0,56.0,1.0,2.0,9.0,87.0,5.0
8536,2019-12-22 16:00:00,528.68,263.0,55.0,1.0,2.0,9.0,87.0,5.0
8537,2019-12-22 17:00:00,532.29,265.0,55.0,1.0,2.0,7.0,87.0,5.0
8538,2019-12-22 18:00:00,532.29,265.0,55.0,1.0,2.0,9.0,85.0,5.0
8539,2019-12-22 19:00:00,537.38,265.0,55.0,1.0,2.0,6.0,84.0,5.0
8540,2019-12-22 20:00:00,536.74,259.0,55.0,1.0,2.0,5.0,83.0,5.0
8541,2019-12-22 21:00:00,534.14,259.0,55.0,1.0,2.0,5.0,85.0,5.0
8542,2019-12-22 22:00:00,532.85,259.0,55.0,1.0,2.0,6.0,85.0,5.0
8543,2019-12-22 23:00:00,534.14,259.0,55.0,1.0,2.0,6.0,84.0,5.0
8544,2019-12-23 00:00:00,536.2,258.0,55.0,1.0,2.0,6.0,82.0,5.0
8545,2019-12-23 01:00:00,535.49,260.0,53.0,1.0,2.0,8.0,82.0,5.0
8546,2019-12-23 02:00:00,531.77,261.0,54.0,1.0,2.0,13.0,80.0,5.0
8547,2019-12-23 03:00:00,531.44,258.0,44.0,1.0,2.0,12.0,83.0,5.0
8548,2019-12-23 04:00:00,533.53,265.0,42.0,1.0,2.0,15.0,82.0,5.0
8549,2019-12-23 05:00:00,565.62,331.0,40.0,1.0,2.0,15.0,82.0,5.0
8550,2019-12-23 06:00:00,590.37,410.0,42.0,1.0,2.0,17.0,82.0,5.0
8551,2019-12-23 07:00:00,601.45,412.0,40.0,1.0,2.0,10.0,80.0,5.0
8552,2019-12-23 08:00:00,596.12,391.0,43.0,1.0,2.0,8.0,80.0,5.0
8553,2019-12-23 09:00:00,592.95,396.0,41.0,1.0,2.0,13.0,80.0,5.0
8554,2019-12-23 10:00:00,593.63,396.0,42.0,1.0,2.0,12.0,80.0,5.0
8555,2019-12-23 11:00:00,602.14,410.0,37.0,1.0,2.0,9.0,81.0,5.0
8556,2019-12-23 12:00:00,589.44,388.0,38.0,1.0,2.0,14.0,81.0,5.0
8557,2019-12-23 13:00:00,579.17,376.0,37.0,1.0,2.0,20.0,81.0,5.0
8558,2019-12-23 14:00:00,576.18,402.0,37.0,1.0,2.0,27.0,85.0,5.0
8559,2019-12-23 15:00:00,583.32,406.0,38.0,1.0,2.0,21.0,85.0,5.0
8560,2019-12-23 16:00:00,583.41,407.0,55.0,1.0,2.0,15.0,85.0,5.0
8561,2019-12-23 17:00:00,578.47,405.0,64.0,1.0,2.0,15.0,86.0,5.0
8562,2019-12-23 18:00:00,547.85,319.0,64.0,1.0,2.0,15.0,85.0,5.0
8563,2019-12-23 19:00:00,526.77,264.0,65.0,1.0,2.0,9.0,86.0,5.0
8564,2019-12-23 20:00:00,528.31,263.0,66.0,1.0,2.0,9.0,84.0,5.0
8565,2019-12-23 21:00:00,528.36,264.0,64.0,1.0,2.0,8.0,86.0,5.0
8566,2019-12-23 22:00:00,529.05,263.0,64.0,1.0,2.0,7.0,86.0,5.0
8567,2019-12-23 23:00:00,526.51,259.0,65.0,1.0,2.0,7.0,86.0,5.0
8568,2019-12-24 00:00:00,532.05,260.0,65.0,1.0,2.0,6.0,83.0,5.0
8569,2019-12-24 01:00:00,528.12,259.0,64.0,1.0,2.0,7.0,85.0,5.0
8570,2019-12-24 02:00:00,530.96,258.0,65.0,1.0,2.0,7.0,82.0,5.0
8571,2019-12-24 03:00:00,528.12,259.0,64.0,1.0,2.0,8.0,84.0,5.0
8572,2019-12-24 04:00:00,535.09,269.0,63.0,1.0,2.0,7.0,84.0,5.0
8573,2019-12-24 05:00:00,531.52,266.0,65.0,1.0,2.0,9.0,83.0,5.0
8574,2019-12-24 06:00:00,532.92,271.0,65.0,1.0,2.0,11.0,82.0,5.0
8575,2019-12-24 07:00:00,529.06,266.0,65.0,1.0,2.0,11.0,83.0,5.0
8576,2019-12-24 08:00:00,528.58,266.0,63.0,1.0,2.0,13.0,82.0,5.0
8577,2019-12-24 09:00:00,526.51,262.0,56.0,1.0,2.0,15.0,82.0,5.0
8578,2019-12-24 10:00:00,525.37,264.0,52.0,1.0,2.0,17.0,83.0,5.0
8579,2019-12-24 11:00:00,551.56,319.0,57.0,1.0,2.0,16.0,83.0,5.0
8580,2019-12-24 12:00:00,580.17,392.0,62.0,1.0,2.0,14.0,82.0,5.0
8581,2019-12-24 13:00:00,583.12,410.0,61.0,1.0,2.0,15.0,84.0,5.0
8582,2019-12-24 14:00:00,580.44,409.0,62.0,1.0,2.0,15.0,86.0,5.0
8583,2019-12-24 15:00:00,583.83,409.0,61.0,1.0,2.0,11.0,87.0,5.0
8584,2019-12-24 16:00:00,549.56,304.0,54.0,1.0,2.0,9.0,87.0,5.0
8585,2019-12-24 17:00:00,433.43,138.0,52.0,1.0,2.0,8.0,87.0,5.0
8586,2019-12-24 18:00:00,429.64,132.0,59.0,1.0,2.0,6.0,86.0,5.0
8587,2019-12-24 19:00:00,429.88,130.0,54.0,1.0,2.0,6.0,85.0,5.0
8588,2019-12-24 20:00:00,428.14,125.0,56.0,1.0,2.0,5.0,83.0,5.0
8589,2019-12-24 21:00:00,432.49,130.0,56.0,1.0,2.0,4.0,85.0,5.0
8590,2019-12-24 22:00:00,431.55,129.0,55.0,1.0,2.0,4.0,85.0,5.0
8591,2019-12-24 23:00:00,427.49,132.0,55.0,1.0,2.0,9.0,85.0,5.0
8592,2019-12-25 00:00:00,415.31,127.0,58.0,1.0,2.0,14.0,84.0,5.0
8593,2019-12-25 01:00:00,412.17,122.0,58.0,1.0,2.0,13.0,83.0,5.0
8594,2019-12-25 02:00:00,415.5,121.0,57.0,1.0,2.0,11.0,82.0,5.0
8595,2019-12-25 03:00:00,424.58,123.0,54.0,1.0,2.0,6.0,83.0,5.0
8596,2019-12-25 04:00:00,433.16,130.0,53.0,1.0,2.0,6.0,83.0,5.0
8597,2019-12-25 05:00:00,428.5,129.0,55.0,1.0,2.0,8.0,83.0,5.0
8598,2019-12-25 06:00:00,423.01,128.0,54.0,1.0,2.0,12.0,82.0,5.0
8599,2019-12-25 07:00:00,419.95,129.0,53.0,1.0,2.0,15.0,82.0,5.0
8600,2019-12-25 08:00:00,422.6,130.0,53.0,1.0,2.0,14.0,82.0,5.0
8601,2019-12-25 09:00:00,422.03,130.0,48.0,1.0,2.0,14.0,83.0,5.0
8602,2019-12-25 10:00:00,400.35,118.0,42.0,1.0,2.0,19.0,83.0,5.0
8603,2019-12-25 11:00:00,408.09,133.0,40.0,1.0,2.0,27.0,83.0,5.0
8604,2019-12-25 12:00:00,391.73,130.0,46.0,1.0,2.0,36.0,83.0,5.0
8605,2019-12-25 13:00:00,402.99,134.0,47.0,1.0,2.0,30.0,84.0,5.0
8606,2019-12-25 14:00:00,393.56,125.0,45.0,1.0,2.0,26.0,87.0,5.0
8607,2019-12-25 15:00:00,401.38,136.0,47.0,1.0,2.0,29.0,88.0,5.0
8608,2019-12-25 16:00:00,380.41,113.0,48.0,1.0,2.0,23.0,88.0,5.0
8609,2019-12-25 17:00:00,398.39,127.0,49.0,1.0,2.0,25.0,86.0,5.0
8610,2019-12-25 18:00:00,402.8,125.0,49.0,1.0,2.0,22.0,84.0,5.0
8611,2019-12-25 19:00:00,405.75,127.0,45.0,1.0,2.0,24.0,82.0,5.0
8612,2019-12-25 20:00:00,404.32,125.0,48.0,1.0,2.0,24.0,81.0,5.0
8613,2019-12-25 21:00:00,409.22,129.0,48.0,1.0,2.0,23.0,82.0,5.0
8614,2019-12-25 22:00:00,405.38,119.0,48.0,1.0,2.0,17.0,82.0,5.0
8615,2019-12-25 23:00:00,407.43,121.0,41.0,1.0,2.0,18.0,82.0,5.0
8616,2019-12-26 00:00:00,404.56,121.0,40.0,1.0,2.0,22.0,80.0,5.0
8617,2019-12-26 01:00:00,412.44,121.0,48.0,1.0,2.0,16.0,80.0,5.0
8618,2019-12-26 02:00:00,406.35,121.0,49.0,1.0,2.0,22.0,78.0,5.0
8619,2019-12-26 03:00:00,400.16,121.0,53.0,1.0,2.0,24.0,80.0,5.0
8620,2019-12-26 04:00:00,400.66,125.0,56.0,1.0,2.0,28.0,79.0,5.0
8621,2019-12-26 05:00:00,399.31,125.0,56.0,1.0,2.0,28.0,80.0,5.0
8622,2019-12-26 06:00:00,394.08,125.0,55.0,1.0,2.0,31.0,81.0,5.0
8623,2019-12-26 07:00:00,399.41,125.0,55.0,1.0,2.0,27.0,81.0,5.0
8624,2019-12-26 08:00:00,405.78,125.0,59.0,1.0,2.0,22.0,81.0,5.0
8625,2019-12-26 09:00:00,408.29,127.0,58.0,1.0,2.0,22.0,81.0,5.0
8626,2019-12-26 10:00:00,411.65,123.0,60.0,1.0,2.0,16.0,81.0,5.0
8627,2019-12-26 11:00:00,413.15,124.0,58.0,1.0,2.0,16.0,81.0,5.0
8628,2019-12-26 12:00:00,410.93,129.0,56.0,1.0,2.0,22.0,81.0,5.0
8629,2019-12-26 13:00:00,406.68,129.0,57.0,1.0,2.0,23.0,83.0,5.0
8630,2019-12-26 14:00:00,393.74,127.0,57.0,1.0,2.0,29.0,85.0,5.0
8631,2019-12-26 15:00:00,376.32,121.0,60.0,1.0,2.0,36.0,86.0,5.0
8632,2019-12-26 16:00:00,358.09,115.0,57.0,1.0,2.0,45.0,86.0,5.0
8633,2019-12-26 17:00:00,363.77,125.0,55.0,1.0,2.0,51.0,86.0,5.0
8634,2019-12-26 18:00:00,381.33,125.0,56.0,1.0,2.0,38.0,84.0,5.0
8635,2019-12-26 19:00:00,379.95,125.0,61.0,1.0,2.0,39.0,84.0,5.0
8636,2019-12-26 20:00:00,387.05,129.0,62.0,1.0,2.0,38.0,83.0,5.0
8637,2019-12-26 21:00:00,384.79,127.0,60.0,1.0,2.0,37.0,84.0,5.0
8638,2019-12-26 22:00:00,378.86,131.0,59.0,1.0,2.0,46.0,84.0,5.0
8639,2019-12-26 23:00:00,358.62,127.0,58.0,1.0,2.0,61.0,83.0,5.0
8640,2019-12-27 00:00:00,361.16,121.0,58.0,1.0,2.0,55.0,80.0,5.0
8641,2019-12-27 01:00:00,355.75,122.0,57.0,1.0,2.0,60.0,81.0,5.0
8642,2019-12-27 02:00:00,348.25,121.0,59.0,1.0,2.0,68.0,79.0,5.0
8643,2019-12-27 03:00:00,321.67,114.0,58.0,1.0,2.0,84.0,81.0,5.0
8644,2019-12-27 04:00:00,328.64,127.0,60.0,1.0,2.0,93.0,82.0,5.0
8645,2019-12-27 05:00:00,309.31,118.0,60.0,1.0,2.0,104.0,81.0,5.0
8646,2019-12-27 06:00:00,308.95,124.0,59.0,1.0,2.0,113.0,81.0,5.0
8647,2019-12-27 07:00:00,298.22,122.0,60.0,1.0,2.0,124.0,81.0,5.0
8648,2019-12-27 08:00:00,297.36,124.0,59.0,1.0,2.0,129.0,80.0,5.0
8649,2019-12-27 09:00:00,294.6,124.0,60.0,1.0,2.0,134.0,79.0,5.0
8650,2019-12-27 10:00:00,283.73,124.0,55.0,1.0,2.0,146.0,81.0,5.0
8651,2019-12-27 11:00:00,283.99,129.0,55.0,1.0,2.0,155.0,80.0,5.0
8652,2019-12-27 12:00:00,287.14,125.0,49.0,1.0,2.0,142.0,80.0,5.0
8653,2019-12-27 13:00:00,284.05,121.0,50.0,1.0,2.0,139.0,81.0,5.0
8654,2019-12-27 14:00:00,275.84,122.0,54.0,1.0,2.0,151.0,84.0,5.0
8655,2019-12-27 15:00:00,278.05,122.0,55.0,1.0,2.0,147.0,85.0,5.0
8656,2019-12-27 16:00:00,276.77,123.0,56.0,1.0,2.0,151.0,85.0,5.0
8657,2019-12-27 17:00:00,268.97,121.0,57.0,1.0,2.0,161.0,84.0,5.0
8658,2019-12-27 18:00:00,266.15,118.0,57.0,1.0,2.0,160.0,84.0,5.0
8659,2019-12-27 19:00:00,250.98,106.0,56.0,1.0,2.0,162.0,83.0,5.0
8660,2019-12-27 20:00:00,244.82,97.0,57.0,1.0,2.0,156.0,81.0,5.0
8661,2019-12-27 21:00:00,264.48,106.0,59.0,1.0,2.0,142.0,83.0,5.0
8662,2019-12-27 22:00:00,259.99,112.0,58.0,1.0,2.0,160.0,83.0,5.0
8663,2019-12-27 23:00:00,224.55,83.0,56.0,1.0,2.0,155.0,84.0,5.0
8664,2019-12-28 00:00:00,233.88,95.0,55.0,1.0,2.0,169.0,81.0,5.0
8665,2019-12-28 01:00:00,253.46,110.0,54.0,1.0,2.0,166.0,82.0,5.0
8666,2019-12-28 02:00:00,260.4,109.0,59.0,1.0,2.0,159.0,78.0,5.0
8667,2019-12-28 03:00:00,329.87,178.0,59.0,1.0,2.0,159.0,81.0,5.0
8668,2019-12-28 04:00:00,369.48,213.0,60.0,1.0,2.0,145.0,80.0,5.0
8669,2019-12-28 05:00:00,412.72,264.0,59.0,1.0,2.0,134.0,81.0,5.0
8670,2019-12-28 06:00:00,435.95,287.0,59.0,1.0,2.0,122.0,81.0,5.0
8671,2019-12-28 07:00:00,440.72,267.0,62.0,1.0,2.0,102.0,80.0,5.0
8672,2019-12-28 08:00:00,448.31,265.0,61.0,1.0,2.0,92.0,80.0,5.0
8673,2019-12-28 09:00:00,476.35,290.0,57.0,1.0,2.0,78.0,80.0,5.0
8674,2019-12-28 10:00:00,483.23,274.0,55.0,1.0,2.0,60.0,82.0,5.0
8675,2019-12-28 11:00:00,515.35,308.0,56.0,1.0,2.0,45.0,83.0,5.0
8676,2019-12-28 12:00:00,518.56,272.0,53.0,1.0,2.0,27.0,82.0,5.0
8677,2019-12-28 13:00:00,526.3,271.0,33.0,1.0,2.0,25.0,83.0,5.0
8678,2019-12-28 14:00:00,550.58,325.0,30.0,1.0,2.0,24.0,87.0,5.0
8679,2019-12-28 15:00:00,573.57,365.0,30.0,1.0,2.0,17.0,88.0,5.0
8680,2019-12-28 16:00:00,574.95,373.0,31.0,1.0,2.0,18.0,88.0,5.0
8681,2019-12-28 17:00:00,590.4,398.0,30.0,1.0,2.0,14.0,86.0,5.0
8682,2019-12-28 18:00:00,577.68,355.0,39.0,1.0,2.0,9.0,86.0,5.0
8683,2019-12-28 19:00:00,551.97,289.0,55.0,1.0,2.0,4.0,84.0,5.0
8684,2019-12-28 20:00:00,580.69,353.0,55.0,1.0,2.0,4.0,82.0,5.0
8685,2019-12-28 21:00:00,581.3,371.0,55.0,1.0,2.0,7.0,84.0,5.0
8686,2019-12-28 22:00:00,580.05,377.0,55.0,1.0,2.0,10.0,84.0,5.0
8687,2019-12-28 23:00:00,535.82,286.0,55.0,1.0,2.0,16.0,84.0,5.0
8688,2019-12-29 00:00:00,518.49,255.0,57.0,1.0,2.0,19.0,81.0,5.0
8689,2019-12-29 01:00:00,499.11,252.0,56.0,1.0,2.0,33.0,82.0,5.0
8690,2019-12-29 02:00:00,483.25,250.0,56.0,1.0,2.0,48.0,80.0,5.0
8691,2019-12-29 03:00:00,452.71,250.0,55.0,1.0,2.0,75.0,83.0,5.0
8692,2019-12-29 04:00:00,452.78,256.0,55.0,1.0,2.0,79.0,83.0,5.0
8693,2019-12-29 05:00:00,425.97,252.0,56.0,1.0,2.0,105.0,84.0,5.0
8694,2019-12-29 06:00:00,401.08,256.0,55.0,1.0,2.0,140.0,84.0,5.0
8695,2019-12-29 07:00:00,375.47,254.0,54.0,1.0,2.0,175.0,84.0,5.0
8696,2019-12-29 08:00:00,362.37,256.0,55.0,1.0,2.0,199.0,83.0,5.0
8697,2019-12-29 09:00:00,357.0,256.0,54.0,1.0,2.0,208.0,83.0,5.0
8698,2019-12-29 10:00:00,352.88,254.0,58.0,1.0,2.0,212.0,84.0,5.0
8699,2019-12-29 11:00:00,339.44,252.0,59.0,1.0,2.0,233.0,85.0,5.0
8700,2019-12-29 12:00:00,339.15,258.0,59.0,1.0,2.0,243.0,83.0,5.0
8701,2019-12-29 13:00:00,337.59,258.0,59.0,1.0,2.0,244.0,85.0,5.0
8702,2019-12-29 14:00:00,333.57,262.0,59.0,1.0,2.0,256.0,86.0,5.0
8703,2019-12-29 15:00:00,329.98,254.0,60.0,1.0,2.0,253.0,86.0,5.0
8704,2019-12-29 16:00:00,337.46,257.0,59.0,1.0,2.0,242.0,86.0,5.0
8705,2019-12-29 17:00:00,342.46,259.0,60.0,1.0,2.0,236.0,85.0,5.0
8706,2019-12-29 18:00:00,349.91,264.0,59.0,1.0,2.0,227.0,86.0,5.0
8707,2019-12-29 19:00:00,353.08,270.0,56.0,1.0,2.0,231.0,83.0,5.0
8708,2019-12-29 20:00:00,345.61,271.0,53.0,1.0,2.0,248.0,81.0,5.0
8709,2019-12-29 21:00:00,346.4,273.0,55.0,1.0,2.0,246.0,84.0,5.0
8710,2019-12-29 22:00:00,347.02,268.0,57.0,1.0,2.0,239.0,84.0,5.0
8711,2019-12-29 23:00:00,365.42,281.0,57.0,1.0,2.0,220.0,84.0,5.0
8712,2019-12-30 00:00:00,382.4,292.0,57.0,1.0,2.0,205.0,81.0,5.0
8713,2019-12-30 01:00:00,362.82,263.0,59.0,1.0,2.0,208.0,81.0,5.0
8714,2019-12-30 02:00:00,359.09,259.0,60.0,1.0,2.0,213.0,78.0,5.0
8715,2019-12-30 03:00:00,372.57,268.0,58.0,1.0,2.0,198.0,80.0,5.0
8716,2019-12-30 04:00:00,382.54,270.0,59.0,1.0,2.0,184.0,80.0,5.0
8717,2019-12-30 05:00:00,381.26,267.0,60.0,1.0,2.0,183.0,80.0,5.0
8718,2019-12-30 06:00:00,374.88,261.0,61.0,1.0,2.0,187.0,80.0,5.0
8719,2019-12-30 07:00:00,362.1,260.0,62.0,1.0,2.0,207.0,80.0,5.0
8720,2019-12-30 08:00:00,369.88,278.0,62.0,1.0,2.0,214.0,79.0,5.0
8721,2019-12-30 09:00:00,375.09,274.0,62.0,1.0,2.0,201.0,79.0,5.0
8722,2019-12-30 10:00:00,365.63,272.0,63.0,1.0,2.0,214.0,80.0,5.0
8723,2019-12-30 11:00:00,359.96,272.0,62.0,1.0,2.0,223.0,81.0,5.0
8724,2019-12-30 12:00:00,349.87,268.0,63.0,1.0,2.0,239.0,79.0,5.0
8725,2019-12-30 13:00:00,348.35,268.0,65.0,1.0,2.0,242.0,79.0,5.0
8726,2019-12-30 14:00:00,351.96,272.0,68.0,1.0,2.0,236.0,83.0,5.0
8727,2019-12-30 15:00:00,356.92,267.0,66.0,1.0,2.0,220.0,84.0,5.0
8728,2019-12-30 16:00:00,358.36,247.0,66.0,1.0,2.0,196.0,83.0,5.0
8729,2019-12-30 17:00:00,363.07,266.0,67.0,1.0,2.0,210.0,82.0,5.0
8730,2019-12-30 18:00:00,283.82,165.0,66.0,1.0,2.0,220.0,79.0,5.0
8731,2019-12-30 19:00:00,247.06,125.0,66.0,1.0,2.0,223.0,73.0,5.0
8732,2019-12-30 20:00:00,224.27,107.0,64.0,1.0,2.0,231.0,71.0,5.0
8733,2019-12-30 21:00:00,249.97,132.0,67.0,1.0,2.0,231.0,74.0,5.0
8734,2019-12-30 22:00:00,241.4,124.0,67.0,1.0,2.0,229.0,77.0,5.0
8735,2019-12-30 23:00:00,247.1,126.0,66.0,1.0,2.0,222.0,76.0,5.0
8736,2019-12-31 00:00:00,252.38,122.0,67.0,1.0,2.0,204.0,76.0,5.0
8737,2019-12-31 01:00:00,252.09,117.0,66.0,1.0,2.0,192.0,78.0,5.0
8738,2019-12-31 02:00:00,260.87,116.0,67.0,1.0,2.0,176.0,77.0,5.0
8739,2019-12-31 03:00:00,247.41,100.0,67.0,1.0,2.0,164.0,80.0,5.0
8740,2019-12-31 04:00:00,255.26,105.0,67.0,1.0,2.0,161.0,80.0,5.0
8741,2019-12-31 05:00:00,242.63,102.0,66.0,1.0,2.0,176.0,80.0,5.0
8742,2019-12-31 06:00:00,248.48,113.0,63.0,1.0,2.0,186.0,81.0,5.0
8743,2019-12-31 07:00:00,239.84,112.0,61.0,1.0,2.0,199.0,81.0,5.0
8744,2019-12-31 08:00:00,232.99,107.0,64.0,1.0,2.0,203.0,81.0,5.0
8745,2019-12-31 09:00:00,225.09,109.0,64.0,1.0,2.0,225.0,80.0,5.0
8746,2019-12-31 10:00:00,214.69,108.0,64.0,1.0,2.0,244.0,82.0,5.0
8747,2019-12-31 11:00:00,237.13,129.0,65.0,1.0,2.0,243.0,82.0,5.0
8748,2019-12-31 12:00:00,216.1,108.0,63.0,1.0,2.0,240.0,82.0,5.0
8749,2019-12-31 13:00:00,211.76,108.0,64.0,1.0,2.0,250.0,83.0,5.0
8750,2019-12-31 14:00:00,269.47,170.0,64.0,1.0,2.0,249.0,87.0,5.0
8751,2019-12-31 15:00:00,324.96,237.0,64.0,1.0,2.0,239.0,88.0,5.0
8752,2019-12-31 16:00:00,327.22,239.0,62.0,1.0,2.0,237.0,88.0,5.0
8753,2019-12-31 17:00:00,336.74,243.0,61.0,1.0,2.0,224.0,88.0,5.0
8754,2019-12-31 18:00:00,285.34,147.0,62.0,1.0,2.0,177.0,88.0,5.0
8755,2019-12-31 19:00:00,254.94,101.0,59.0,1.0,2.0,144.0,86.0,5.0
8756,2019-12-31 20:00:00,293.99,108.0,62.0,1.0,2.0,104.0,85.0,5.0
8757,2019-12-31 21:00:00,284.18,111.0,63.0,1.0,2.0,120.0,87.0,5.0
8758,2019-12-31 22:00:00,241.29,90.0,63.0,1.0,0.0,145.0,88.0,5.0
8759,2019-12-31 23:00:00,267.12,106.0,64.0,1.0,0.0,138.0,87.0,5.0
8760,2020-01-01 00:00:00,247.96,91.0,66.0,1.0,0.0,142.0,84.0,5.0
8761,2020-01-01 01:00:00,238.91,90.0,65.0,1.0,0.0,153.0,85.0,5.0
8762,2020-01-01 02:00:00,253.89,91.0,64.0,1.0,0.0,134.0,82.0,5.0
8763,2020-01-01 03:00:00,265.14,88.0,63.0,1.0,0.0,110.0,84.0,5.0
8764,2020-01-01 04:00:00,267.4,96.0,61.0,1.0,0.0,122.0,83.0,5.0
8765,2020-01-01 05:00:00,249.74,96.0,63.0,1.0,0.0,149.0,83.0,5.0
8766,2020-01-01 06:00:00,256.7,102.0,63.0,1.0,0.0,150.0,83.0,5.0
8767,2020-01-01 07:00:00,265.51,99.0,63.0,1.0,1.0,130.0,83.0,5.0
8768,2020-01-01 08:00:00,253.85,99.0,64.0,1.0,4.0,146.0,82.0,5.0
8769,2020-01-01 09:00:00,268.61,101.0,65.0,1.0,8.0,124.0,82.0,5.0
8770,2020-01-01 10:00:00,265.32,101.0,63.0,1.0,7.0,129.0,82.0,5.0
8771,2020-01-01 11:00:00,251.1,102.0,63.0,1.0,4.0,155.0,83.0,5.0
8772,2020-01-01 12:00:00,238.76,102.0,66.0,1.0,2.0,181.0,82.0,5.0
8773,2020-01-01 13:00:00,234.89,101.0,66.0,1.0,0.0,188.0,82.0,5.0
8774,2020-01-01 14:00:00,229.7,101.0,66.0,1.0,0.0,194.0,86.0,5.0
8775,2020-01-01 15:00:00,240.31,101.0,66.0,1.0,0.0,173.0,87.0,5.0
8776,2020-01-01 16:00:00,245.71,101.0,67.0,1.0,0.0,164.0,87.0,5.0
8777,2020-01-01 17:00:00,253.17,100.0,66.0,1.0,0.0,150.0,86.0,5.0
8778,2020-01-01 18:00:00,249.85,102.0,67.0,1.0,0.0,160.0,86.0,5.0
8779,2020-01-01 19:00:00,258.17,102.0,66.0,1.0,0.0,149.0,83.0,5.0
8780,2020-01-01 20:00:00,258.17,102.0,66.0,1.0,0.0,150.0,82.0,5.0
8781,2020-01-01 21:00:00,252.56,101.0,66.0,1.0,0.0,156.0,83.0,5.0
8782,2020-01-01 22:00:00,250.13,101.0,66.0,1.0,0.0,161.0,82.0,5.0
8783,2020-01-01 23:00:00,253.45,107.0,67.0,1.0,0.0,168.0,82.0,5.0
8784,2020-01-02 00:00:00,244.69,108.0,66.0,1.0,0.0,186.0,81.0,5.0
8785,2020-01-02 01:00:00,244.2,109.0,66.0,1.0,0.0,189.0,81.0,5.0
8786,2020-01-02 02:00:00,246.72,104.0,66.0,1.0,0.0,177.0,78.0,5.0
8787,2020-01-02 03:00:00,250.95,97.0,67.0,1.0,0.0,154.0,80.0,5.0
8788,2020-01-02 04:00:00,248.97,102.0,66.0,1.0,0.0,167.0,80.0,5.0
8789,2020-01-02 05:00:00,267.57,109.0,67.0,1.0,0.0,152.0,79.0,5.0
8790,2020-01-02 06:00:00,278.44,111.0,66.0,1.0,0.0,138.0,80.0,5.0
8791,2020-01-02 07:00:00,274.54,111.0,64.0,1.0,1.0,141.0,81.0,5.0
8792,2020-01-02 08:00:00,279.57,116.0,63.0,1.0,2.0,142.0,80.0,5.0
8793,2020-01-02 09:00:00,276.42,116.0,64.0,1.0,3.0,151.0,75.0,5.0
8794,2020-01-02 10:00:00,279.14,117.0,65.0,1.0,2.0,151.0,74.0,5.0
8795,2020-01-02 11:00:00,277.41,118.0,64.0,1.0,2.0,154.0,75.0,5.0
8796,2020-01-02 12:00:00,269.3,118.0,65.0,1.0,1.0,168.0,75.0,5.0
8797,2020-01-02 13:00:00,267.78,117.0,66.0,1.0,0.0,169.0,76.0,5.0
8798,2020-01-02 14:00:00,262.03,118.0,65.0,1.0,0.0,177.0,79.0,5.0
8799,2020-01-02 15:00:00,247.96,114.0,65.0,1.0,0.0,194.0,79.0,5.0
8800,2020-01-02 16:00:00,252.36,113.0,65.0,1.0,0.0,184.0,79.0,5.0
8801,2020-01-02 17:00:00,262.17,114.0,67.0,1.0,0.0,171.0,78.0,5.0
8802,2020-01-02 18:00:00,266.64,116.0,66.0,1.0,0.0,168.0,77.0,5.0
8803,2020-01-02 19:00:00,264.97,114.0,66.0,1.0,0.0,169.0,75.0,5.0
8804,2020-01-02 20:00:00,252.63,114.0,66.0,1.0,0.0,193.0,72.0,5.0
8805,2020-01-02 21:00:00,254.62,115.0,65.0,1.0,0.0,189.0,74.0,5.0
8806,2020-01-02 22:00:00,251.78,115.0,67.0,1.0,0.0,197.0,72.0,5.0
8807,2020-01-02 23:00:00,252.12,121.0,66.0,1.0,0.0,208.0,72.0,5.0
8808,2020-01-03 00:00:00,255.82,127.0,66.0,1.0,0.0,216.0,69.0,5.0
8809,2020-01-03 01:00:00,265.13,135.0,51.0,1.0,0.0,209.0,68.0,5.0
8810,2020-01-03 02:00:00,239.0,115.0,37.0,1.0,0.0,211.0,66.0,5.0
8811,2020-01-03 03:00:00,220.81,107.0,41.0,1.0,0.0,226.0,70.0,5.0
8812,2020-01-03 04:00:00,214.19,103.0,40.0,1.0,0.0,229.0,70.0,5.0
8813,2020-01-03 05:00:00,213.68,106.0,39.0,1.0,0.0,235.0,72.0,5.0
8814,2020-01-03 06:00:00,213.35,107.0,40.0,1.0,0.0,235.0,76.0,5.0
8815,2020-01-03 07:00:00,206.86,105.0,41.0,1.0,0.0,246.0,75.0,5.0
8816,2020-01-03 08:00:00,200.54,106.0,39.0,1.0,1.0,262.0,74.0,5.0
8817,2020-01-03 09:00:00,195.38,104.0,40.0,1.0,1.0,268.0,76.0,5.0
8818,2020-01-03 10:00:00,201.85,106.0,38.0,1.0,1.0,257.0,75.0,5.0
8819,2020-01-03 11:00:00,197.29,103.0,35.0,1.0,1.0,257.0,75.0,5.0
8820,2020-01-03 12:00:00,197.16,106.0,34.0,1.0,0.0,266.0,75.0,5.0
8821,2020-01-03 13:00:00,193.57,105.0,35.0,1.0,0.0,271.0,77.0,5.0
8822,2020-01-03 14:00:00,194.76,105.0,35.0,1.0,0.0,265.0,80.0,5.0
8823,2020-01-03 15:00:00,197.61,106.0,33.0,1.0,0.0,259.0,80.0,5.0
8824,2020-01-03 16:00:00,203.93,109.0,34.0,1.0,0.0,252.0,81.0,5.0
8825,2020-01-03 17:00:00,203.38,105.0,36.0,1.0,0.0,246.0,79.0,5.0
8826,2020-01-03 18:00:00,200.89,105.0,35.0,1.0,0.0,251.0,79.0,5.0
8827,2020-01-03 19:00:00,207.74,103.0,35.0,1.0,0.0,232.0,77.0,5.0
8828,2020-01-03 20:00:00,215.31,101.0,35.0,1.0,0.0,213.0,75.0,5.0
8829,2020-01-03 21:00:00,232.55,101.0,50.0,1.0,0.0,189.0,76.0,5.0
8830,2020-01-03 22:00:00,239.56,101.0,58.0,1.0,0.0,180.0,77.0,5.0
8831,2020-01-03 23:00:00,250.04,106.0,59.0,1.0,0.0,173.0,77.0,5.0
8832,2020-01-04 00:00:00,269.82,134.0,59.0,1.0,0.0,195.0,75.0,5.0
8833,2020-01-04 01:00:00,272.45,144.0,58.0,1.0,0.0,208.0,75.0,5.0
8834,2020-01-04 02:00:00,248.06,124.0,60.0,1.0,0.0,219.0,72.0,5.0
8835,2020-01-04 03:00:00,232.47,106.0,61.0,1.0,0.0,208.0,75.0,5.0
8836,2020-01-04 04:00:00,221.34,97.0,58.0,1.0,0.0,208.0,74.0,5.0
8837,2020-01-04 05:00:00,219.13,96.0,58.0,1.0,0.0,210.0,74.0,5.0
8838,2020-01-04 06:00:00,235.49,106.0,59.0,1.0,0.0,202.0,74.0,5.0
8839,2020-01-04 07:00:00,240.75,104.0,61.0,1.0,1.0,187.0,75.0,5.0
8840,2020-01-04 08:00:00,229.72,104.0,58.0,1.0,3.0,205.0,74.0,5.0
8841,2020-01-04 09:00:00,228.2,104.0,58.0,1.0,5.0,204.0,76.0,5.0
8842,2020-01-04 10:00:00,226.56,106.0,58.0,1.0,9.0,208.0,76.0,5.0
8843,2020-01-04 11:00:00,214.76,102.0,59.0,1.0,7.0,226.0,76.0,5.0
8844,2020-01-04 12:00:00,251.28,131.0,60.0,1.0,3.0,220.0,76.0,5.0
8845,2020-01-04 13:00:00,245.4,127.0,61.0,1.0,1.0,225.0,77.0,5.0
8846,2020-01-04 14:00:00,299.1,187.0,60.0,1.0,0.0,225.0,81.0,5.0
8847,2020-01-04 15:00:00,311.07,199.0,61.0,1.0,0.0,220.0,82.0,5.0
8848,2020-01-04 16:00:00,285.58,163.0,58.0,1.0,0.0,209.0,83.0,5.0
8849,2020-01-04 17:00:00,255.99,127.0,60.0,1.0,0.0,200.0,82.0,5.0
8850,2020-01-04 18:00:00,279.21,148.0,58.0,1.0,0.0,197.0,81.0,5.0
8851,2020-01-04 19:00:00,285.07,158.0,56.0,1.0,0.0,205.0,79.0,5.0
8852,2020-01-04 20:00:00,248.26,130.0,58.0,1.0,0.0,225.0,77.0,5.0
8853,2020-01-04 21:00:00,255.07,145.0,57.0,1.0,0.0,239.0,79.0,5.0
8854,2020-01-04 22:00:00,250.43,139.0,58.0,1.0,0.0,237.0,79.0,5.0
8855,2020-01-04 23:00:00,257.01,140.0,61.0,1.0,0.0,228.0,78.0,5.0
8856,2020-01-05 00:00:00,253.55,138.0,61.0,1.0,0.0,232.0,77.0,5.0
8857,2020-01-05 01:00:00,241.5,120.0,61.0,1.0,0.0,219.0,77.0,5.0
8858,2020-01-05 02:00:00,242.54,124.0,62.0,1.0,0.0,229.0,74.0,5.0
8859,2020-01-05 03:00:00,238.94,122.0,60.0,1.0,0.0,229.0,76.0,5.0
8860,2020-01-05 04:00:00,243.41,119.0,57.0,1.0,0.0,213.0,75.0,5.0
8861,2020-01-05 05:00:00,252.07,128.0,57.0,1.0,0.0,215.0,75.0,5.0
8862,2020-01-05 06:00:00,263.83,141.0,57.0,1.0,0.0,218.0,75.0,5.0
8863,2020-01-05 07:00:00,277.89,148.0,57.0,1.0,1.0,204.0,75.0,5.0
8864,2020-01-05 08:00:00,335.06,165.0,59.0,1.0,2.0,141.0,75.0,5.0
8865,2020-01-05 09:00:00,363.81,169.0,62.0,1.0,5.0,106.0,76.0,5.0
8866,2020-01-05 10:00:00,397.56,169.0,62.0,1.0,7.0,68.0,76.0,5.0
8867,2020-01-05 11:00:00,419.74,167.0,61.0,1.0,7.0,48.0,74.0,5.0
8868,2020-01-05 12:00:00,432.1,166.0,60.0,1.0,4.0,41.0,73.0,5.0
8869,2020-01-05 13:00:00,442.39,159.0,59.0,1.0,1.0,29.0,75.0,5.0
8870,2020-01-05 14:00:00,496.83,211.0,57.0,1.0,0.0,18.0,79.0,5.0
8871,2020-01-05 15:00:00,516.16,241.0,58.0,1.0,0.0,15.0,82.0,5.0
8872,2020-01-05 16:00:00,517.6,244.0,59.0,1.0,0.0,14.0,83.0,5.0
8873,2020-01-05 17:00:00,480.85,216.0,58.0,1.0,0.0,30.0,82.0,5.0
8874,2020-01-05 18:00:00,360.45,143.0,57.0,1.0,0.0,81.0,81.0,5.0
8875,2020-01-05 19:00:00,284.06,109.0,57.0,1.0,0.0,126.0,78.0,5.0
8876,2020-01-05 20:00:00,251.58,106.0,56.0,1.0,0.0,170.0,76.0,5.0
8877,2020-01-05 21:00:00,235.29,105.0,57.0,1.0,0.0,195.0,78.0,5.0
8878,2020-01-05 22:00:00,231.56,106.0,58.0,1.0,0.0,205.0,78.0,5.0
8879,2020-01-05 23:00:00,232.25,105.0,54.0,1.0,0.0,200.0,77.0,5.0
8880,2020-01-06 00:00:00,262.82,129.0,54.0,1.0,0.0,195.0,76.0,5.0
8881,2020-01-06 01:00:00,270.03,147.0,53.0,1.0,0.0,215.0,76.0,5.0
8882,2020-01-06 02:00:00,287.77,148.0,53.0,1.0,0.0,189.0,73.0,5.0
8883,2020-01-06 03:00:00,322.49,147.0,52.0,1.0,0.0,135.0,75.0,5.0
8884,2020-01-06 04:00:00,360.97,149.0,53.0,1.0,0.0,94.0,74.0,5.0
8885,2020-01-06 05:00:00,366.92,150.0,56.0,1.0,0.0,89.0,74.0,5.0
8886,2020-01-06 06:00:00,383.18,151.0,58.0,1.0,0.0,75.0,73.0,5.0
8887,2020-01-06 07:00:00,394.11,151.0,57.0,1.0,0.0,70.0,68.0,5.0
8888,2020-01-06 08:00:00,397.57,151.0,56.0,1.0,1.0,59.0,75.0,5.0
8889,2020-01-06 09:00:00,420.29,152.0,56.0,1.0,1.0,42.0,74.0,5.0
8890,2020-01-06 10:00:00,417.54,153.0,56.0,1.0,2.0,44.0,74.0,5.0
8891,2020-01-06 11:00:00,423.7,153.0,57.0,1.0,1.0,41.0,73.0,5.0
8892,2020-01-06 12:00:00,399.5,133.0,57.0,1.0,1.0,44.0,72.0,5.0
8893,2020-01-06 13:00:00,376.1,110.0,57.0,1.0,0.0,39.0,74.0,5.0
8894,2020-01-06 14:00:00,372.3,112.0,57.0,1.0,0.0,40.0,78.0,5.0
8895,2020-01-06 15:00:00,378.79,115.0,57.0,1.0,0.0,37.0,79.0,5.0
8896,2020-01-06 16:00:00,352.53,107.0,64.0,1.0,0.0,51.0,78.0,5.0
8897,2020-01-06 17:00:00,345.6,107.0,62.0,1.0,0.0,59.0,76.0,5.0
8898,2020-01-06 18:00:00,390.66,149.0,61.0,1.0,0.0,61.0,78.0,5.0
8899,2020-01-06 19:00:00,394.15,161.0,61.0,1.0,0.0,71.0,76.0,5.0
8900,2020-01-06 20:00:00,384.0,160.0,59.0,1.0,0.0,80.0,76.0,5.0
8901,2020-01-06 21:00:00,326.79,121.0,59.0,1.0,0.0,94.0,77.0,5.0
8902,2020-01-06 22:00:00,308.84,112.0,61.0,1.0,0.0,101.0,78.0,5.0
8903,2020-01-06 23:00:00,301.79,107.0,62.0,1.0,0.0,102.0,78.0,5.0
8904,2020-01-07 00:00:00,301.5,104.0,63.0,1.0,0.0,100.0,76.0,5.0
8905,2020-01-07 01:00:00,296.62,104.0,64.0,1.0,0.0,106.0,76.0,5.0
8906,2020-01-07 02:00:00,292.4,105.0,65.0,1.0,0.0,116.0,73.0,5.0
8907,2020-01-07 03:00:00,284.85,104.0,65.0,1.0,0.0,122.0,75.0,5.0
8908,2020-01-07 04:00:00,289.6,103.0,64.0,1.0,0.0,116.0,73.0,5.0
8909,2020-01-07 05:00:00,289.21,107.0,64.0,1.0,0.0,122.0,74.0,5.0
8910,2020-01-07 06:00:00,389.0,198.0,66.0,1.0,0.0,113.0,74.0,5.0
8911,2020-01-07 07:00:00,416.49,232.0,65.0,1.0,0.0,111.0,74.0,5.0
8912,2020-01-07 08:00:00,427.56,233.0,66.0,1.0,1.0,97.0,75.0,5.0
8913,2020-01-07 09:00:00,425.48,234.0,67.0,1.0,2.0,100.0,74.0,5.0
8914,2020-01-07 10:00:00,408.91,202.0,68.0,1.0,2.0,92.0,74.0,5.0
8915,2020-01-07 11:00:00,312.23,123.0,67.0,1.0,2.0,116.0,74.0,5.0
8916,2020-01-07 12:00:00,299.04,133.0,69.0,1.0,1.0,151.0,73.0,5.0
8917,2020-01-07 13:00:00,269.66,103.0,70.0,1.0,0.0,144.0,74.0,5.0
8918,2020-01-07 14:00:00,257.43,100.0,70.0,1.0,0.0,153.0,78.0,5.0
8919,2020-01-07 15:00:00,266.11,112.0,70.0,1.0,0.0,161.0,79.0,5.0
8920,2020-01-07 16:00:00,241.7,104.0,68.0,1.0,0.0,186.0,79.0,5.0
8921,2020-01-07 17:00:00,224.71,93.0,66.0,1.0,0.0,191.0,80.0,5.0
8922,2020-01-07 18:00:00,228.93,95.0,65.0,1.0,0.0,188.0,79.0,5.0
8923,2020-01-07 19:00:00,215.12,93.0,64.0,1.0,0.0,212.0,77.0,5.0
8924,2020-01-07 20:00:00,209.4,90.0,66.0,1.0,0.0,220.0,75.0,5.0
8925,2020-01-07 21:00:00,214.69,94.0,62.0,1.0,0.0,214.0,77.0,5.0
8926,2020-01-07 22:00:00,219.27,97.0,65.0,1.0,0.0,214.0,77.0,5.0
8927,2020-01-07 23:00:00,219.21,99.0,62.0,1.0,0.0,217.0,77.0,5.0
8928,2020-01-08 00:00:00,176.33,69.0,64.0,1.0,0.0,233.0,76.0,5.0
8929,2020-01-08 01:00:00,172.8,69.0,63.0,1.0,0.0,242.0,75.0,5.0
8930,2020-01-08 02:00:00,171.41,69.0,65.0,1.0,0.0,251.0,72.0,5.0
8931,2020-01-08 03:00:00,189.95,88.0,62.0,1.0,0.0,257.0,75.0,5.0
8932,2020-01-08 04:00:00,241.2,142.0,63.0,1.0,0.0,272.0,73.0,5.0
8933,2020-01-08 05:00:00,251.73,156.0,63.0,1.0,0.0,278.0,72.0,5.0
8934,2020-01-08 06:00:00,284.14,196.0,65.0,1.0,0.0,279.0,73.0,5.0
8935,2020-01-08 07:00:00,282.95,196.0,63.0,1.0,0.0,281.0,73.0,5.0
8936,2020-01-08 08:00:00,287.2,200.0,65.0,1.0,1.0,278.0,73.0,5.0
8937,2020-01-08 09:00:00,266.82,176.0,67.0,1.0,1.0,281.0,74.0,5.0
8938,2020-01-08 10:00:00,201.98,106.0,66.0,1.0,1.0,281.0,74.0,5.0
8939,2020-01-08 11:00:00,201.69,105.0,66.0,1.0,1.0,279.0,74.0,5.0
8940,2020-01-08 12:00:00,199.86,102.0,69.0,1.0,0.0,278.0,75.0,5.0
8941,2020-01-08 13:00:00,217.27,119.0,69.0,1.0,0.0,277.0,76.0,5.0
8942,2020-01-08 14:00:00,243.8,149.0,69.0,1.0,0.0,277.0,80.0,5.0
8943,2020-01-08 15:00:00,258.44,160.0,68.0,1.0,0.0,265.0,80.0,5.0
8944,2020-01-08 16:00:00,279.65,178.0,68.0,1.0,0.0,253.0,79.0,5.0
8945,2020-01-08 17:00:00,270.96,164.0,64.0,1.0,0.0,243.0,81.0,5.0
8946,2020-01-08 18:00:00,260.57,160.0,65.0,1.0,0.0,259.0,80.0,5.0
8947,2020-01-08 19:00:00,272.39,166.0,65.0,1.0,0.0,247.0,78.0,5.0
8948,2020-01-08 20:00:00,274.25,164.0,66.0,1.0,0.0,242.0,76.0,5.0
8949,2020-01-08 21:00:00,279.81,164.0,66.0,1.0,0.0,229.0,78.0,5.0
8950,2020-01-08 22:00:00,280.2,159.0,67.0,1.0,0.0,221.0,77.0,5.0
8951,2020-01-08 23:00:00,288.35,170.0,67.0,1.0,0.0,224.0,77.0,5.0
8952,2020-01-09 00:00:00,292.4,173.0,66.0,1.0,0.0,223.0,75.0,5.0
8953,2020-01-09 01:00:00,312.88,198.0,65.0,1.0,0.0,223.0,75.0,5.0
8954,2020-01-09 02:00:00,325.82,218.0,64.0,1.0,0.0,230.0,72.0,5.0
8955,2020-01-09 03:00:00,300.29,188.0,63.0,1.0,0.0,231.0,75.0,5.0
8956,2020-01-09 04:00:00,319.32,207.0,65.0,1.0,0.0,225.0,74.0,5.0
8957,2020-01-09 05:00:00,347.78,246.0,65.0,1.0,0.0,225.0,73.0,5.0
8958,2020-01-09 06:00:00,386.86,295.0,68.0,1.0,0.0,210.0,73.0,5.0
8959,2020-01-09 07:00:00,403.65,304.0,66.0,1.0,1.0,191.0,72.0,5.0
8960,2020-01-09 08:00:00,408.61,305.0,67.0,1.0,4.0,181.0,72.0,5.0
8961,2020-01-09 09:00:00,403.24,301.0,66.0,1.0,8.0,181.0,73.0,5.0
8962,2020-01-09 10:00:00,424.11,310.0,65.0,1.0,10.0,155.0,73.0,5.0
8963,2020-01-09 11:00:00,430.64,278.0,66.0,1.0,8.0,123.0,73.0,5.0
8964,2020-01-09 12:00:00,447.24,275.0,68.0,1.0,4.0,103.0,74.0,5.0
8965,2020-01-09 13:00:00,468.14,277.0,66.0,1.0,1.0,83.0,75.0,5.0
8966,2020-01-09 14:00:00,475.06,286.0,66.0,1.0,0.0,79.0,78.0,5.0
8967,2020-01-09 15:00:00,519.56,377.0,66.0,1.0,0.0,75.0,80.0,5.0
8968,2020-01-09 16:00:00,526.05,405.0,66.0,1.0,0.0,80.0,80.0,5.0
8969,2020-01-09 17:00:00,503.16,342.0,54.0,1.0,0.0,79.0,81.0,5.0
8970,2020-01-09 18:00:00,470.81,271.0,40.0,1.0,0.0,79.0,79.0,5.0
8971,2020-01-09 19:00:00,467.53,266.0,41.0,1.0,0.0,80.0,78.0,5.0
8972,2020-01-09 20:00:00,484.17,265.0,42.0,1.0,0.0,62.0,79.0,5.0
8973,2020-01-09 21:00:00,502.73,267.0,43.0,1.0,0.0,46.0,79.0,5.0
8974,2020-01-09 22:00:00,505.59,266.0,43.0,1.0,0.0,43.0,79.0,5.0
8975,2020-01-09 23:00:00,519.72,275.0,44.0,1.0,0.0,35.0,79.0,5.0
8976,2020-01-10 00:00:00,537.06,278.0,41.0,1.0,0.0,25.0,77.0,5.0
8977,2020-01-10 01:00:00,537.93,278.0,42.0,1.0,0.0,24.0,77.0,5.0
8978,2020-01-10 02:00:00,545.06,266.0,41.0,1.0,0.0,17.0,74.0,5.0
8979,2020-01-10 03:00:00,553.96,270.0,41.0,1.0,0.0,9.0,77.0,5.0
8980,2020-01-10 04:00:00,562.15,281.0,41.0,1.0,0.0,7.0,77.0,5.0
8981,2020-01-10 05:00:00,598.23,378.0,42.0,1.0,0.0,8.0,77.0,5.0
8982,2020-01-10 06:00:00,606.86,398.0,44.0,1.0,0.0,6.0,76.0,5.0
8983,2020-01-10 07:00:00,607.09,414.0,41.0,1.0,1.0,10.0,76.0,5.0
8984,2020-01-10 08:00:00,602.83,413.0,40.0,1.0,2.0,12.0,77.0,5.0
8985,2020-01-10 09:00:00,599.02,414.0,42.0,2.0,3.0,14.0,76.0,5.0
8986,2020-01-10 10:00:00,597.62,412.0,44.0,2.0,3.0,13.0,77.0,5.0
8987,2020-01-10 11:00:00,599.94,412.0,41.0,2.0,2.0,13.0,77.0,5.0
8988,2020-01-10 12:00:00,604.07,412.0,39.0,2.0,1.0,12.0,76.0,5.0
8989,2020-01-10 13:00:00,599.94,412.0,41.0,2.0,0.0,15.0,77.0,5.0
8990,2020-01-10 14:00:00,594.18,413.0,40.0,1.0,0.0,17.0,82.0,5.0
8991,2020-01-10 15:00:00,590.85,409.0,40.0,1.0,0.0,19.0,82.0,5.0
8992,2020-01-10 16:00:00,594.29,412.0,39.0,1.0,0.0,18.0,81.0,5.0
8993,2020-01-10 17:00:00,596.82,422.0,40.0,1.0,0.0,17.0,82.0,5.0
8994,2020-01-10 18:00:00,510.73,223.0,38.0,1.0,0.0,18.0,80.0,5.0
8995,2020-01-10 19:00:00,442.51,139.0,38.0,1.0,0.0,15.0,79.0,5.0
8996,2020-01-10 20:00:00,478.29,164.0,38.0,1.0,0.0,11.0,77.0,5.0
8997,2020-01-10 21:00:00,550.68,269.0,38.0,1.0,0.0,10.0,79.0,5.0
8998,2020-01-10 22:00:00,554.62,274.0,38.0,1.0,0.0,9.0,79.0,5.0
8999,2020-01-10 23:00:00,546.66,252.0,39.0,1.0,0.0,6.0,79.0,5.0
9000,2020-01-11 00:00:00,533.63,234.0,38.0,1.0,0.0,10.0,77.0,5.0
9001,2020-01-11 01:00:00,522.13,233.0,40.0,1.0,0.0,15.0,79.0,5.0
9002,2020-01-11 02:00:00,514.58,232.0,40.0,1.0,0.0,23.0,76.0,5.0
9003,2020-01-11 03:00:00,519.4,234.0,38.0,1.0,0.0,19.0,78.0,5.0
9004,2020-01-11 04:00:00,523.45,236.0,38.0,1.0,0.0,16.0,79.0,5.0
9005,2020-01-11 05:00:00,515.92,235.0,38.0,1.0,0.0,20.0,80.0,5.0
9006,2020-01-11 06:00:00,511.69,263.0,37.0,1.0,0.0,37.0,80.0,5.0
9007,2020-01-11 07:00:00,472.8,239.0,38.0,1.0,1.0,56.0,80.0,5.0
9008,2020-01-11 08:00:00,446.43,235.0,38.0,1.0,6.0,72.0,81.0,5.0
9009,2020-01-11 09:00:00,436.18,240.0,38.0,1.0,11.0,83.0,79.0,5.0
9010,2020-01-11 10:00:00,418.83,239.0,39.0,1.0,11.0,99.0,81.0,5.0
9011,2020-01-11 11:00:00,407.67,239.0,39.0,1.0,8.0,116.0,80.0,5.0
9012,2020-01-11 12:00:00,403.47,239.0,40.0,1.0,4.0,125.0,80.0,5.0
9013,2020-01-11 13:00:00,383.35,237.0,39.0,1.0,1.0,151.0,81.0,5.0
9014,2020-01-11 14:00:00,367.6,236.0,39.0,1.0,0.0,170.0,84.0,5.0
9015,2020-01-11 15:00:00,336.33,237.0,39.0,1.0,0.0,219.0,86.0,5.0
9016,2020-01-11 16:00:00,323.38,238.0,40.0,1.0,0.0,244.0,86.0,5.0
9017,2020-01-11 17:00:00,311.73,234.0,39.0,1.0,0.0,260.0,87.0,5.0
9018,2020-01-11 18:00:00,307.64,235.0,40.0,1.0,0.0,273.0,84.0,5.0
9019,2020-01-11 19:00:00,305.49,234.0,40.0,1.0,0.0,278.0,82.0,5.0
9020,2020-01-11 20:00:00,303.49,232.0,39.0,1.0,0.0,281.0,80.0,5.0
9021,2020-01-11 21:00:00,304.54,232.0,40.0,1.0,0.0,278.0,81.0,5.0
9022,2020-01-11 22:00:00,305.49,234.0,40.0,1.0,0.0,278.0,82.0,5.0
9023,2020-01-11 23:00:00,305.49,234.0,40.0,1.0,0.0,279.0,81.0,5.0
9024,2020-01-12 00:00:00,305.71,232.0,42.0,1.0,0.0,276.0,81.0,5.0
9025,2020-01-12 01:00:00,305.94,233.0,42.0,1.0,0.0,278.0,80.0,5.0
9026,2020-01-12 02:00:00,307.23,234.0,43.0,1.0,0.0,280.0,77.0,5.0
9027,2020-01-12 03:00:00,309.65,234.0,43.0,1.0,0.0,275.0,77.0,5.0
9028,2020-01-12 04:00:00,312.32,235.0,43.0,1.0,0.0,272.0,76.0,5.0
9029,2020-01-12 05:00:00,311.73,235.0,42.0,1.0,0.0,274.0,75.0,5.0
9030,2020-01-12 06:00:00,315.05,237.0,41.0,1.0,0.0,269.0,76.0,5.0
9031,2020-01-12 07:00:00,313.72,235.0,42.0,1.0,0.0,268.0,77.0,5.0
9032,2020-01-12 08:00:00,310.26,231.0,41.0,1.0,1.0,267.0,78.0,5.0
9033,2020-01-12 09:00:00,313.75,230.0,43.0,1.0,1.0,259.0,78.0,5.0
9034,2020-01-12 10:00:00,315.71,230.0,42.0,1.0,1.0,255.0,78.0,5.0
9035,2020-01-12 11:00:00,323.51,233.0,40.0,1.0,1.0,244.0,78.0,5.0
9036,2020-01-12 12:00:00,331.22,236.0,41.0,1.0,1.0,234.0,78.0,5.0
9037,2020-01-12 13:00:00,339.77,236.0,41.0,1.0,0.0,219.0,79.0,5.0
9038,2020-01-12 14:00:00,359.59,245.0,41.0,1.0,0.0,192.0,84.0,5.0
9039,2020-01-12 15:00:00,346.94,235.0,44.0,1.0,0.0,200.0,85.0,5.0
9040,2020-01-12 16:00:00,349.76,233.0,43.0,1.0,0.0,194.0,84.0,5.0
9041,2020-01-12 17:00:00,345.32,232.0,43.0,1.0,0.0,200.0,84.0,5.0
9042,2020-01-12 18:00:00,340.91,235.0,43.0,1.0,0.0,213.0,82.0,5.0
9043,2020-01-12 19:00:00,346.09,233.0,44.0,1.0,0.0,204.0,80.0,5.0
9044,2020-01-12 20:00:00,355.18,236.0,46.0,1.0,0.0,193.0,80.0,5.0
9045,2020-01-12 21:00:00,365.33,231.0,45.0,1.0,0.0,170.0,82.0,5.0
9046,2020-01-12 22:00:00,375.19,232.0,44.0,1.0,0.0,156.0,83.0,5.0
9047,2020-01-12 23:00:00,411.31,233.0,45.0,1.0,0.0,111.0,83.0,5.0
9048,2020-01-13 00:00:00,419.37,232.0,45.0,1.0,0.0,103.0,81.0,5.0
9049,2020-01-13 01:00:00,431.42,233.0,43.0,1.0,0.0,91.0,81.0,5.0
9050,2020-01-13 02:00:00,447.98,232.0,46.0,1.0,0.0,76.0,78.0,5.0
9051,2020-01-13 03:00:00,444.74,251.0,44.0,1.0,0.0,92.0,79.0,5.0
9052,2020-01-13 04:00:00,443.26,253.0,44.0,1.0,0.0,96.0,78.0,5.0
9053,2020-01-13 05:00:00,467.94,260.0,45.0,1.0,0.0,77.0,76.0,5.0
9054,2020-01-13 06:00:00,493.99,311.0,45.0,1.0,0.0,79.0,77.0,5.0
9055,2020-01-13 07:00:00,502.6,398.0,40.0,1.0,1.0,115.0,77.0,5.0
9056,2020-01-13 08:00:00,516.38,411.0,44.0,1.0,4.0,99.0,78.0,5.0
9057,2020-01-13 09:00:00,518.75,413.0,44.0,1.0,7.0,95.0,77.0,5.0
9058,2020-01-13 10:00:00,495.75,412.0,45.0,1.0,8.0,124.0,76.0,5.0
9059,2020-01-13 11:00:00,487.41,404.0,45.0,1.0,5.0,135.0,75.0,5.0
9060,2020-01-13 12:00:00,483.14,391.0,47.0,1.0,3.0,135.0,75.0,5.0
9061,2020-01-13 13:00:00,500.27,404.0,48.0,1.0,1.0,121.0,75.0,5.0
9062,2020-01-13 14:00:00,512.14,410.0,47.0,1.0,0.0,104.0,81.0,5.0
9063,2020-01-13 15:00:00,514.1,411.0,47.0,1.0,0.0,100.0,83.0,5.0
9064,2020-01-13 16:00:00,522.17,411.0,47.0,1.0,0.0,90.0,83.0,5.0
9065,2020-01-13 17:00:00,525.02,404.0,45.0,1.0,0.0,82.0,85.0,5.0
9066,2020-01-13 18:00:00,493.43,315.0,44.0,1.0,0.0,77.0,82.0,5.0
9067,2020-01-13 19:00:00,439.77,240.0,46.0,1.0,0.0,86.0,82.0,5.0
9068,2020-01-13 20:00:00,431.02,233.0,46.0,1.0,0.0,92.0,80.0,5.0
9069,2020-01-13 21:00:00,419.99,233.0,46.0,1.0,0.0,102.0,82.0,5.0
9070,2020-01-13 22:00:00,425.88,236.0,45.0,1.0,0.0,98.0,82.0,5.0
9071,2020-01-13 23:00:00,408.43,235.0,46.0,1.0,0.0,117.0,82.0,5.0
9072,2020-01-14 00:00:00,421.79,233.0,46.0,1.0,0.0,101.0,81.0,5.0
9073,2020-01-14 01:00:00,401.02,234.0,47.0,1.0,0.0,126.0,81.0,5.0
9074,2020-01-14 02:00:00,441.53,234.0,45.0,1.0,0.0,85.0,77.0,5.0
9075,2020-01-14 03:00:00,426.87,235.0,46.0,1.0,0.0,99.0,79.0,5.0
9076,2020-01-14 04:00:00,435.72,245.0,46.0,1.0,0.0,98.0,78.0,5.0
9077,2020-01-14 05:00:00,421.32,235.0,47.0,1.0,0.0,107.0,77.0,5.0
9078,2020-01-14 06:00:00,440.61,272.0,48.0,1.0,0.0,113.0,77.0,5.0
9079,2020-01-14 07:00:00,445.3,316.0,46.0,1.0,2.0,136.0,78.0,5.0
9080,2020-01-14 08:00:00,415.59,286.0,45.0,1.0,4.0,151.0,78.0,5.0
9081,2020-01-14 09:00:00,397.28,289.0,45.0,1.0,6.0,178.0,78.0,5.0
9082,2020-01-14 10:00:00,386.24,297.0,44.0,1.0,5.0,202.0,80.0,5.0
9083,2020-01-14 11:00:00,360.71,270.0,45.0,1.0,3.0,219.0,80.0,5.0
9084,2020-01-14 12:00:00,331.75,243.0,49.0,1.0,2.0,240.0,80.0,5.0
9085,2020-01-14 13:00:00,321.27,235.0,47.0,1.0,1.0,249.0,81.0,5.0
9086,2020-01-14 14:00:00,315.54,234.0,48.0,1.0,0.0,258.0,83.0,5.0
9087,2020-01-14 15:00:00,306.91,233.0,47.0,1.0,0.0,273.0,84.0,5.0
9088,2020-01-14 16:00:00,306.31,232.0,48.0,1.0,0.0,274.0,83.0,5.0
9089,2020-01-14 17:00:00,302.57,233.0,46.0,1.0,0.0,281.0,85.0,5.0
9090,2020-01-14 18:00:00,306.47,234.0,45.0,1.0,0.0,277.0,82.0,5.0
9091,2020-01-14 19:00:00,307.8,231.0,46.0,1.0,0.0,271.0,81.0,5.0
9092,2020-01-14 20:00:00,308.19,231.0,45.0,1.0,0.0,271.0,80.0,5.0
9093,2020-01-14 21:00:00,316.16,235.0,47.0,1.0,0.0,259.0,82.0,5.0
9094,2020-01-14 22:00:00,323.52,233.0,47.0,1.0,0.0,241.0,83.0,5.0
9095,2020-01-14 23:00:00,335.26,231.0,46.0,1.0,0.0,218.0,82.0,5.0
9096,2020-01-15 00:00:00,344.11,231.0,46.0,1.0,0.0,206.0,79.0,5.0
9097,2020-01-15 01:00:00,333.54,231.0,46.0,1.0,0.0,223.0,80.0,5.0
9098,2020-01-15 02:00:00,335.41,232.0,46.0,1.0,0.0,224.0,77.0,5.0
9099,2020-01-15 03:00:00,323.86,232.0,47.0,1.0,0.0,244.0,78.0,5.0
9100,2020-01-15 04:00:00,320.56,234.0,47.0,1.0,0.0,254.0,77.0,5.0
9101,2020-01-15 05:00:00,323.2,237.0,47.0,1.0,0.0,255.0,75.0,5.0
9102,2020-01-15 06:00:00,328.44,245.0,48.0,1.0,0.0,253.0,77.0,4.0
9103,2020-01-15 07:00:00,320.78,245.0,48.0,1.0,0.0,269.0,76.0,4.0
9104,2020-01-15 08:00:00,316.1,245.0,46.0,1.0,1.0,275.0,79.0,5.0
9105,2020-01-15 09:00:00,315.89,246.0,47.0,1.0,1.0,277.0,79.0,5.0
9106,2020-01-15 10:00:00,314.14,244.0,48.0,1.0,1.0,277.0,80.0,5.0
9107,2020-01-15 11:00:00,313.18,244.0,48.0,1.0,1.0,280.0,79.0,5.0
9108,2020-01-15 12:00:00,325.82,261.0,47.0,1.0,1.0,277.0,79.0,5.0
9109,2020-01-15 13:00:00,321.12,251.0,46.0,1.0,0.0,273.0,80.0,5.0
9110,2020-01-15 14:00:00,319.51,251.0,44.0,1.0,0.0,272.0,84.0,5.0
9111,2020-01-15 15:00:00,320.07,251.0,45.0,1.0,0.0,269.0,86.0,5.0
9112,2020-01-15 16:00:00,319.24,236.0,45.0,1.0,0.0,250.0,86.0,5.0
9113,2020-01-15 17:00:00,324.22,241.0,44.0,1.0,0.0,249.0,84.0,5.0
9114,2020-01-15 18:00:00,336.5,232.0,42.0,1.0,0.0,217.0,81.0,4.0
9115,2020-01-15 19:00:00,350.58,236.0,51.0,1.0,0.0,200.0,80.0,4.0
9116,2020-01-15 20:00:00,374.55,239.0,52.0,1.0,0.0,167.0,80.0,5.0
9117,2020-01-15 21:00:00,370.98,234.0,51.0,1.0,0.0,166.0,81.0,5.0
9118,2020-01-15 22:00:00,370.84,230.0,52.0,1.0,0.0,162.0,81.0,5.0
9119,2020-01-15 23:00:00,393.04,230.0,52.0,1.0,0.0,133.0,80.0,5.0
9120,2020-01-16 00:00:00,433.15,229.0,51.0,1.0,0.0,88.0,78.0,5.0
9121,2020-01-16 01:00:00,475.14,263.0,53.0,1.0,0.0,67.0,79.0,5.0
9122,2020-01-16 02:00:00,452.28,240.0,53.0,1.0,0.0,77.0,77.0,5.0
9123,2020-01-16 03:00:00,412.96,229.0,52.0,1.0,0.0,109.0,79.0,5.0
9124,2020-01-16 04:00:00,428.5,233.0,51.0,1.0,0.0,95.0,79.0,5.0
9125,2020-01-16 05:00:00,411.54,273.0,51.0,1.0,0.0,149.0,78.0,5.0
9126,2020-01-16 06:00:00,410.21,324.0,54.0,1.0,0.0,193.0,79.0,5.0
9127,2020-01-16 07:00:00,427.12,361.0,53.0,1.0,1.0,196.0,78.0,5.0
9128,2020-01-16 08:00:00,436.76,386.0,54.0,1.0,4.0,206.0,68.0,5.0
9129,2020-01-16 09:00:00,431.01,384.0,55.0,1.0,4.0,221.0,61.0,5.0
9130,2020-01-16 10:00:00,408.69,340.0,56.0,1.0,3.0,213.0,72.0,5.0
9131,2020-01-16 11:00:00,384.67,304.0,55.0,1.0,2.0,214.0,80.0,5.0
9132,2020-01-16 12:00:00,412.37,353.0,54.0,1.0,1.0,213.0,79.0,5.0
9133,2020-01-16 13:00:00,421.72,363.0,57.0,1.0,0.0,206.0,79.0,5.0
9134,2020-01-16 14:00:00,418.03,357.0,57.0,1.0,0.0,202.0,84.0,4.0
9135,2020-01-16 15:00:00,441.3,373.0,55.0,1.0,0.0,176.0,85.0,5.0
9136,2020-01-16 16:00:00,452.73,403.0,54.0,1.0,0.0,179.0,85.0,5.0
9137,2020-01-16 17:00:00,438.06,364.0,52.0,1.0,0.0,173.0,87.0,5.0
9138,2020-01-16 18:00:00,387.7,255.0,50.0,1.0,0.0,159.0,85.0,5.0
9139,2020-01-16 19:00:00,364.61,231.0,42.0,1.0,0.0,170.0,83.0,5.0
9140,2020-01-16 20:00:00,366.49,232.0,6.0,1.0,0.0,170.0,81.0,5.0
9141,2020-01-16 21:00:00,362.79,231.0,8.0,1.0,0.0,171.0,84.0,5.0
9142,2020-01-16 22:00:00,362.82,230.0,15.0,1.0,0.0,170.0,84.0,5.0
9143,2020-01-16 23:00:00,385.59,264.0,20.0,1.0,0.0,174.0,83.0,5.0
9144,2020-01-17 00:00:00,388.79,260.0,34.0,1.0,0.0,167.0,81.0,5.0
9145,2020-01-17 01:00:00,390.98,232.0,6.0,1.0,0.0,139.0,81.0,5.0
9146,2020-01-17 02:00:00,402.74,230.0,2.0,1.0,0.0,127.0,78.0,5.0
9147,2020-01-17 03:00:00,384.53,229.0,2.0,1.0,0.0,145.0,80.0,5.0
9148,2020-01-17 04:00:00,387.79,232.0,2.0,1.0,0.0,147.0,77.0,5.0
9149,2020-01-17 05:00:00,426.97,293.0,2.0,1.0,0.0,152.0,77.0,5.0
9150,2020-01-17 06:00:00,476.23,388.0,19.0,1.0,0.0,149.0,78.0,5.0
9151,2020-01-17 07:00:00,468.49,382.0,23.0,1.0,1.0,155.0,77.0,5.0
9152,2020-01-17 08:00:00,468.56,394.0,20.0,1.0,2.0,161.0,78.0,5.0
9153,2020-01-17 09:00:00,468.94,388.0,14.0,1.0,3.0,157.0,78.0,5.0
9154,2020-01-17 10:00:00,473.46,402.0,20.0,1.0,4.0,155.0,80.0,5.0
9155,2020-01-17 11:00:00,470.76,388.0,21.0,1.0,5.0,147.0,82.0,5.0
9156,2020-01-17 12:00:00,476.43,406.0,21.0,1.0,4.0,151.0,82.0,5.0
9157,2020-01-17 13:00:00,465.66,397.0,20.0,1.0,1.0,162.0,84.0,5.0
9158,2020-01-17 14:00:00,453.54,402.0,27.0,1.0,0.0,180.0,87.0,5.0
9159,2020-01-17 15:00:00,445.51,398.0,26.0,1.0,0.0,193.0,84.0,5.0
9160,2020-01-17 16:00:00,438.51,406.0,27.0,1.0,0.0,209.0,85.0,5.0
9161,2020-01-17 17:00:00,434.08,389.0,25.0,1.0,0.0,204.0,85.0,5.0
9162,2020-01-17 18:00:00,338.65,242.0,26.0,1.0,0.0,223.0,83.0,5.0
9163,2020-01-17 19:00:00,276.07,167.0,26.0,1.0,0.0,224.0,82.0,5.0
9164,2020-01-17 20:00:00,204.1,101.0,33.0,1.0,0.0,229.0,81.0,5.0
9165,2020-01-17 21:00:00,248.88,129.0,36.0,1.0,0.0,206.0,82.0,5.0
9166,2020-01-17 22:00:00,208.22,80.0,44.0,1.0,0.0,171.0,83.0,5.0
9167,2020-01-17 23:00:00,187.81,64.0,43.0,1.0,0.0,163.0,83.0,5.0
9168,2020-01-18 00:00:00,200.58,68.0,45.0,1.0,0.0,157.0,79.0,5.0
9169,2020-01-18 01:00:00,199.37,68.0,46.0,1.0,0.0,160.0,79.0,5.0
9170,2020-01-18 02:00:00,191.44,66.0,45.0,1.0,0.0,170.0,77.0,5.0
9171,2020-01-18 03:00:00,194.45,69.0,46.0,1.0,0.0,172.0,79.0,5.0
9172,2020-01-18 04:00:00,198.44,72.0,46.0,1.0,0.0,171.0,81.0,5.0
9173,2020-01-18 05:00:00,217.1,86.0,45.0,1.0,0.0,170.0,84.0,5.0
9174,2020-01-18 06:00:00,194.57,75.0,48.0,1.0,0.0,186.0,84.0,5.0
9175,2020-01-18 07:00:00,189.89,76.0,45.0,1.0,0.0,199.0,81.0,5.0
9176,2020-01-18 08:00:00,183.85,73.0,47.0,1.0,1.0,204.0,81.0,5.0
9177,2020-01-18 09:00:00,183.2,70.0,47.0,1.0,1.0,196.0,81.0,5.0
9178,2020-01-18 10:00:00,190.76,73.0,48.0,1.0,1.0,188.0,81.0,4.0
9179,2020-01-18 11:00:00,197.44,77.0,48.0,1.0,1.0,185.0,82.0,4.0
9180,2020-01-18 12:00:00,193.1,73.0,50.0,1.0,0.0,189.0,80.0,5.0
9181,2020-01-18 13:00:00,184.48,68.0,48.0,1.0,0.0,188.0,82.0,5.0
9182,2020-01-18 14:00:00,176.81,68.0,48.0,1.0,0.0,202.0,85.0,5.0
9183,2020-01-18 15:00:00,168.96,64.0,48.0,1.0,0.0,206.0,86.0,5.0
9184,2020-01-18 16:00:00,180.41,73.0,50.0,1.0,0.0,211.0,86.0,5.0
9185,2020-01-18 17:00:00,183.67,77.0,51.0,1.0,0.0,217.0,86.0,5.0
9186,2020-01-18 18:00:00,178.21,72.0,50.0,1.0,0.0,216.0,83.0,5.0
9187,2020-01-18 19:00:00,187.45,73.0,50.0,1.0,0.0,198.0,83.0,5.0
9188,2020-01-18 20:00:00,184.8,74.0,51.0,1.0,0.0,211.0,80.0,5.0
9189,2020-01-18 21:00:00,205.63,88.0,51.0,1.0,0.0,204.0,82.0,5.0
9190,2020-01-18 22:00:00,189.72,75.0,52.0,1.0,0.0,204.0,80.0,5.0
9191,2020-01-18 23:00:00,195.5,81.0,52.0,1.0,0.0,210.0,79.0,5.0
9192,2020-01-19 00:00:00,175.85,66.0,52.0,1.0,0.0,210.0,77.0,5.0
9193,2020-01-19 01:00:00,171.78,67.0,51.0,1.0,0.0,221.0,78.0,5.0
9194,2020-01-19 02:00:00,169.26,66.0,52.0,1.0,0.0,228.0,75.0,5.0
9195,2020-01-19 03:00:00,172.25,67.0,52.0,1.0,0.0,222.0,77.0,5.0
9196,2020-01-19 04:00:00,233.52,104.0,50.0,1.0,0.0,193.0,77.0,5.0
9197,2020-01-19 05:00:00,234.42,96.0,51.0,1.0,0.0,174.0,77.0,5.0
9198,2020-01-19 06:00:00,249.51,116.0,50.0,1.0,0.0,187.0,80.0,5.0
9199,2020-01-19 07:00:00,310.23,175.0,52.0,1.0,1.0,184.0,82.0,5.0
9200,2020-01-19 08:00:00,302.93,169.0,52.0,1.0,2.0,186.0,82.0,5.0
9201,2020-01-19 09:00:00,320.76,173.0,53.0,1.0,3.0,163.0,82.0,5.0
9202,2020-01-19 10:00:00,359.82,192.0,52.0,1.0,6.0,129.0,82.0,5.0
9203,2020-01-19 11:00:00,376.12,202.0,50.0,1.0,7.0,118.0,82.0,5.0
9204,2020-01-19 12:00:00,343.38,177.0,50.0,1.0,6.0,133.0,82.0,5.0
9205,2020-01-19 13:00:00,354.31,204.0,52.0,1.0,2.0,152.0,84.0,5.0
9206,2020-01-19 14:00:00,368.67,212.0,49.0,1.0,0.0,140.0,87.0,5.0
9207,2020-01-19 15:00:00,401.67,233.0,51.0,1.0,0.0,118.0,87.0,5.0
9208,2020-01-19 16:00:00,395.86,237.0,50.0,1.0,0.0,128.0,88.0,5.0
9209,2020-01-19 17:00:00,394.32,237.0,50.0,1.0,0.0,130.0,88.0,5.0
9210,2020-01-19 18:00:00,397.37,237.0,51.0,1.0,0.0,129.0,85.0,5.0
9211,2020-01-19 19:00:00,390.66,231.0,52.0,1.0,0.0,132.0,85.0,5.0
9212,2020-01-19 20:00:00,378.67,221.0,50.0,1.0,0.0,140.0,83.0,5.0
9213,2020-01-19 21:00:00,361.37,193.0,48.0,1.0,0.0,132.0,84.0,5.0
9214,2020-01-19 22:00:00,335.3,178.0,48.0,1.0,0.0,148.0,85.0,5.0
9215,2020-01-19 23:00:00,222.6,78.0,48.0,1.0,0.0,142.0,85.0,5.0
9216,2020-01-20 00:00:00,240.87,79.0,50.0,1.0,0.0,121.0,82.0,5.0
9217,2020-01-20 01:00:00,265.28,96.0,51.0,1.0,0.0,122.0,82.0,5.0
9218,2020-01-20 02:00:00,286.11,101.0,50.0,1.0,0.0,108.0,78.0,5.0
9219,2020-01-20 03:00:00,327.1,130.0,47.0,1.0,0.0,101.0,80.0,5.0
9220,2020-01-20 04:00:00,318.94,137.0,47.0,1.0,0.0,122.0,78.0,5.0
9221,2020-01-20 05:00:00,318.3,135.0,47.0,1.0,0.0,122.0,76.0,5.0
9222,2020-01-20 06:00:00,384.18,215.0,49.0,1.0,0.0,133.0,77.0,5.0
9223,2020-01-20 07:00:00,463.51,395.0,44.0,1.0,2.0,164.0,78.0,5.0
9224,2020-01-20 08:00:00,464.35,407.0,41.0,1.0,7.0,166.0,78.0,5.0
9225,2020-01-20 09:00:00,452.94,391.0,46.0,1.0,9.0,168.0,80.0,5.0
9226,2020-01-20 10:00:00,439.11,354.0,46.0,1.0,10.0,162.0,80.0,5.0
9227,2020-01-20 11:00:00,445.72,387.0,49.0,1.0,7.0,176.0,82.0,5.0
9228,2020-01-20 12:00:00,423.69,361.0,50.0,1.0,4.0,197.0,80.0,5.0
9229,2020-01-20 13:00:00,447.08,401.0,47.0,1.0,1.0,191.0,81.0,5.0
9230,2020-01-20 14:00:00,437.98,388.0,44.0,1.0,0.0,194.0,85.0,5.0
9231,2020-01-20 15:00:00,434.96,402.0,47.0,1.0,0.0,208.0,86.0,5.0
9232,2020-01-20 16:00:00,433.32,406.0,46.0,1.0,0.0,214.0,86.0,5.0
9233,2020-01-20 17:00:00,408.74,361.0,45.0,1.0,0.0,221.0,86.0,5.0
9234,2020-01-20 18:00:00,378.49,294.0,42.0,1.0,0.0,212.0,85.0,5.0
9235,2020-01-20 19:00:00,341.63,236.0,43.0,1.0,0.0,212.0,83.0,5.0
9236,2020-01-20 20:00:00,336.96,228.0,43.0,1.0,0.0,212.0,81.0,5.0
9237,2020-01-20 21:00:00,335.29,229.0,42.0,1.0,0.0,214.0,83.0,5.0
9238,2020-01-20 22:00:00,330.25,229.0,44.0,1.0,0.0,222.0,84.0,5.0
9239,2020-01-20 23:00:00,340.24,243.0,43.0,1.0,0.0,222.0,84.0,5.0
9240,2020-01-21 00:00:00,337.95,238.0,45.0,1.0,0.0,222.0,82.0,5.0
9241,2020-01-21 01:00:00,336.52,236.0,45.0,1.0,0.0,222.0,82.0,5.0
9242,2020-01-21 02:00:00,342.6,234.0,44.0,1.0,0.0,212.0,79.0,5.0
9243,2020-01-21 03:00:00,333.17,233.0,44.0,1.0,0.0,225.0,81.0,5.0
9244,2020-01-21 04:00:00,334.23,250.0,46.0,1.0,0.0,247.0,79.0,5.0
9245,2020-01-21 05:00:00,347.57,272.0,46.0,1.0,0.0,250.0,78.0,5.0
9246,2020-01-21 06:00:00,370.6,302.0,48.0,1.0,0.0,241.0,78.0,5.0
9247,2020-01-21 07:00:00,386.29,320.0,48.0,1.0,1.0,229.0,79.0,5.0
9248,2020-01-21 08:00:00,347.21,273.0,48.0,1.0,1.0,250.0,79.0,5.0
9249,2020-01-21 09:00:00,344.03,269.0,45.0,1.0,2.0,249.0,80.0,5.0
9250,2020-01-21 10:00:00,346.23,269.0,47.0,1.0,5.0,241.0,81.0,5.0
9251,2020-01-21 11:00:00,352.26,277.0,44.0,1.0,9.0,234.0,82.0,5.0
9252,2020-01-21 12:00:00,323.23,264.0,44.0,1.0,22.0,265.0,79.0,5.0
9253,2020-01-21 13:00:00,306.35,216.0,47.0,1.0,2.0,250.0,81.0,5.0
9254,2020-01-21 14:00:00,342.7,268.0,41.0,1.0,0.0,248.0,84.0,5.0
9255,2020-01-21 15:00:00,345.63,274.0,31.0,1.0,0.0,249.0,84.0,5.0
9256,2020-01-21 16:00:00,352.37,285.0,23.0,1.0,0.0,250.0,83.0,5.0
9257,2020-01-21 17:00:00,355.99,281.0,26.0,1.0,0.0,239.0,83.0,5.0
9258,2020-01-21 18:00:00,354.11,279.0,24.0,1.0,0.0,239.0,84.0,5.0
9259,2020-01-21 19:00:00,363.75,287.0,26.0,1.0,0.0,232.0,83.0,5.0
9260,2020-01-21 20:00:00,392.55,337.0,31.0,1.0,0.0,234.0,81.0,5.0
9261,2020-01-21 21:00:00,345.15,254.0,33.0,1.0,0.0,228.0,82.0,5.0
9262,2020-01-21 22:00:00,333.11,235.0,38.0,1.0,0.0,225.0,83.0,5.0
9263,2020-01-21 23:00:00,315.1,231.0,50.0,1.0,0.0,255.0,83.0,5.0
9264,2020-01-22 00:00:00,318.03,233.0,56.0,1.0,0.0,254.0,82.0,5.0
9265,2020-01-22 01:00:00,323.27,232.0,60.0,1.0,0.0,244.0,81.0,5.0
9266,2020-01-22 02:00:00,324.81,234.0,62.0,1.0,0.0,247.0,78.0,5.0
9267,2020-01-22 03:00:00,325.75,233.0,63.0,1.0,0.0,241.0,81.0,5.0
9268,2020-01-22 04:00:00,321.73,234.0,62.0,1.0,0.0,252.0,79.0,5.0
9269,2020-01-22 05:00:00,351.49,275.0,61.0,1.0,0.0,245.0,80.0,5.0
9270,2020-01-22 06:00:00,398.72,361.0,60.0,1.0,0.0,244.0,80.0,5.0
9271,2020-01-22 07:00:00,415.77,408.0,61.0,1.0,2.0,248.0,82.0,5.0
9272,2020-01-22 08:00:00,410.19,401.0,61.0,1.0,4.0,249.0,84.0,5.0
9273,2020-01-22 09:00:00,410.17,400.0,63.0,1.0,5.0,247.0,84.0,5.0
9274,2020-01-22 10:00:00,378.94,342.0,64.0,1.0,5.0,254.0,85.0,5.0
9275,2020-01-22 11:00:00,408.62,399.0,65.0,1.0,7.0,246.0,85.0,5.0
9276,2020-01-22 12:00:00,418.57,410.0,63.0,1.0,6.0,239.0,83.0,5.0
9277,2020-01-22 13:00:00,416.17,401.0,65.0,1.0,3.0,240.0,82.0,5.0
9278,2020-01-22 14:00:00,419.74,408.0,64.0,1.0,0.0,241.0,83.0,5.0
9279,2020-01-22 15:00:00,428.36,408.0,63.0,1.0,0.0,224.0,84.0,5.0
9280,2020-01-22 16:00:00,433.83,409.0,62.0,1.0,0.0,215.0,84.0,5.0
9281,2020-01-22 17:00:00,438.68,408.0,60.0,1.0,0.0,206.0,84.0,5.0
9282,2020-01-22 18:00:00,415.3,331.0,61.0,1.0,0.0,186.0,83.0,5.0
9283,2020-01-22 19:00:00,367.77,253.0,60.0,1.0,0.0,191.0,81.0,5.0
9284,2020-01-22 20:00:00,365.23,264.0,60.0,1.0,0.0,208.0,80.0,5.0
9285,2020-01-22 21:00:00,336.56,246.0,60.0,1.0,0.0,237.0,81.0,5.0
9286,2020-01-22 22:00:00,333.38,236.0,58.0,1.0,0.0,237.0,74.0,5.0
9287,2020-01-22 23:00:00,354.64,255.0,56.0,1.0,0.0,217.0,79.0,5.0
9288,2020-01-23 00:00:00,394.25,259.0,58.0,1.0,0.0,157.0,81.0,5.0
9289,2020-01-23 01:00:00,419.45,254.0,60.0,1.0,0.0,118.0,82.0,5.0
9290,2020-01-23 02:00:00,446.31,253.0,60.0,1.0,0.0,89.0,79.0,5.0
9291,2020-01-23 03:00:00,450.54,248.0,60.0,1.0,0.0,79.0,81.0,5.0
9292,2020-01-23 04:00:00,510.32,339.0,60.0,1.0,0.0,68.0,81.0,5.0
9293,2020-01-23 05:00:00,542.52,397.0,58.0,1.0,0.0,60.0,80.0,5.0
9294,2020-01-23 06:00:00,517.84,406.0,61.0,1.0,1.0,90.0,81.0,5.0
9295,2020-01-23 07:00:00,509.14,408.0,61.0,1.0,5.0,98.0,81.0,5.0
9296,2020-01-23 08:00:00,503.58,403.0,60.0,1.0,14.0,95.0,80.0,5.0
9297,2020-01-23 09:00:00,490.18,408.0,63.0,1.0,22.0,104.0,83.0,5.0
9298,2020-01-23 10:00:00,479.87,390.0,64.0,1.0,20.0,108.0,85.0,5.0
9299,2020-01-23 11:00:00,465.13,338.0,56.0,1.0,10.0,108.0,85.0,5.0
9300,2020-01-23 12:00:00,471.54,309.0,47.0,1.0,4.0,92.0,83.0,5.0
9301,2020-01-23 13:00:00,488.41,319.0,63.0,1.0,1.0,78.0,83.0,5.0
9302,2020-01-23 14:00:00,502.4,404.0,64.0,1.0,0.0,104.0,86.0,5.0
9303,2020-01-23 15:00:00,473.85,406.0,65.0,1.0,0.0,144.0,87.0,5.0
9304,2020-01-23 16:00:00,440.92,376.0,66.0,1.0,0.0,174.0,88.0,5.0
9305,2020-01-23 17:00:00,439.21,356.0,67.0,1.0,0.0,162.0,88.0,5.0
9306,2020-01-23 18:00:00,393.52,268.0,65.0,1.0,0.0,159.0,88.0,5.0
9307,2020-01-23 19:00:00,380.61,231.0,65.0,1.0,0.0,143.0,87.0,5.0
9308,2020-01-23 20:00:00,366.77,230.0,65.0,1.0,0.0,164.0,85.0,5.0
9309,2020-01-23 21:00:00,364.76,230.0,63.0,1.0,0.0,164.0,88.0,5.0
9310,2020-01-23 22:00:00,382.13,232.0,61.0,1.0,0.0,141.0,88.0,5.0
9311,2020-01-23 23:00:00,383.6,231.0,61.0,1.0,0.0,138.0,88.0,5.0
9312,2020-01-24 00:00:00,386.58,231.0,60.0,1.0,0.0,135.0,87.0,5.0
9313,2020-01-24 01:00:00,380.03,232.0,58.0,1.0,0.0,145.0,87.0,5.0
9314,2020-01-24 02:00:00,386.55,232.0,60.0,1.0,0.0,139.0,84.0,5.0
9315,2020-01-24 03:00:00,374.34,232.0,60.0,1.0,0.0,154.0,86.0,5.0
9316,2020-01-24 04:00:00,387.21,234.0,61.0,1.0,0.0,139.0,85.0,5.0
9317,2020-01-24 05:00:00,440.56,315.0,62.0,1.0,0.0,134.0,85.0,5.0
9318,2020-01-24 06:00:00,471.91,359.0,66.0,1.0,0.0,120.0,85.0,5.0
9319,2020-01-24 07:00:00,463.88,343.0,65.0,1.0,1.0,121.0,84.0,5.0
9320,2020-01-24 08:00:00,455.91,387.0,66.0,1.0,3.0,159.0,84.0,5.0
9321,2020-01-24 09:00:00,473.96,400.0,66.0,1.0,3.0,140.0,84.0,5.0
9322,2020-01-24 10:00:00,490.48,391.0,64.0,1.0,3.0,110.0,86.0,5.0
9323,2020-01-24 11:00:00,451.11,358.0,64.0,1.0,2.0,146.0,86.0,5.0
9324,2020-01-24 12:00:00,447.22,340.0,65.0,1.0,1.0,142.0,84.0,5.0
9325,2020-01-24 13:00:00,485.52,395.0,64.0,1.0,1.0,122.0,85.0,5.0
9326,2020-01-24 14:00:00,521.2,402.0,61.0,1.0,0.0,77.0,89.0,5.0
9327,2020-01-24 15:00:00,524.43,398.0,62.0,1.0,0.0,71.0,89.0,5.0
9328,2020-01-24 16:00:00,513.34,388.0,61.0,1.0,0.0,79.0,90.0,5.0
9329,2020-01-24 17:00:00,506.44,391.0,61.0,1.0,0.0,90.0,89.0,5.0
9330,2020-01-24 18:00:00,388.82,208.0,61.0,1.0,0.0,107.0,90.0,5.0
9331,2020-01-24 19:00:00,259.55,82.0,63.0,1.0,0.0,103.0,87.0,5.0
9332,2020-01-24 20:00:00,226.75,63.0,62.0,1.0,0.0,108.0,86.0,5.0
9333,2020-01-24 21:00:00,225.78,82.0,63.0,1.0,0.0,152.0,89.0,5.0
9334,2020-01-24 22:00:00,180.15,67.0,63.0,1.0,0.0,202.0,90.0,5.0
9335,2020-01-24 23:00:00,198.87,83.0,62.0,1.0,0.0,205.0,91.0,5.0
9336,2020-01-25 00:00:00,178.9,71.0,63.0,1.0,0.0,220.0,88.0,5.0
9337,2020-01-25 01:00:00,175.77,68.0,63.0,1.0,0.0,217.0,89.0,5.0
9338,2020-01-25 02:00:00,182.34,68.0,62.0,1.0,0.0,204.0,85.0,5.0
9339,2020-01-25 03:00:00,185.14,72.0,63.0,1.0,0.0,209.0,87.0,5.0
9340,2020-01-25 04:00:00,185.05,70.0,63.0,1.0,0.0,202.0,88.0,5.0
9341,2020-01-25 05:00:00,176.81,67.0,62.0,1.0,0.0,212.0,87.0,5.0
9342,2020-01-25 06:00:00,169.06,68.0,60.0,1.0,1.0,231.0,88.0,5.0
9343,2020-01-25 07:00:00,165.31,65.0,62.0,1.0,5.0,229.0,88.0,5.0
9344,2020-01-25 08:00:00,166.97,67.0,64.0,1.0,13.0,227.0,87.0,5.0
9345,2020-01-25 09:00:00,161.65,67.0,63.0,1.0,19.0,234.0,88.0,5.0
9346,2020-01-25 10:00:00,171.26,73.0,64.0,1.0,21.0,226.0,89.0,5.0
9347,2020-01-25 11:00:00,167.29,69.0,63.0,1.0,16.0,228.0,88.0,5.0
9348,2020-01-25 12:00:00,179.85,68.0,64.0,1.0,11.0,200.0,86.0,5.0
9349,2020-01-25 13:00:00,192.75,69.0,62.0,1.0,4.0,178.0,87.0,5.0
9350,2020-01-25 14:00:00,202.64,69.0,63.0,1.0,1.0,159.0,90.0,5.0
9351,2020-01-25 15:00:00,208.17,71.0,63.0,1.0,0.0,154.0,91.0,5.0
9352,2020-01-25 16:00:00,292.96,134.0,63.0,1.0,0.0,143.0,91.0,5.0
9353,2020-01-25 17:00:00,242.71,85.0,61.0,1.0,0.0,128.0,91.0,5.0
9354,2020-01-25 18:00:00,208.59,70.0,39.0,1.0,0.0,132.0,91.0,5.0
9355,2020-01-25 19:00:00,204.16,69.0,37.0,1.0,0.0,136.0,90.0,5.0
9356,2020-01-25 20:00:00,216.1,67.0,38.0,1.0,0.0,115.0,88.0,5.0
9357,2020-01-25 21:00:00,230.72,68.0,39.0,1.0,0.0,97.0,89.0,5.0
9358,2020-01-25 22:00:00,253.99,76.0,40.0,1.0,0.0,85.0,90.0,5.0
9359,2020-01-25 23:00:00,290.36,99.0,40.0,1.0,0.0,86.0,89.0,5.0
9360,2020-01-26 00:00:00,302.65,124.0,41.0,1.0,0.0,113.0,87.0,5.0
9361,2020-01-26 01:00:00,214.53,73.0,40.0,1.0,0.0,134.0,88.0,5.0
9362,2020-01-26 02:00:00,190.57,67.0,39.0,1.0,0.0,161.0,85.0,5.0
9363,2020-01-26 03:00:00,181.65,69.0,40.0,1.0,0.0,184.0,87.0,5.0
9364,2020-01-26 04:00:00,191.52,72.0,40.0,1.0,0.0,174.0,86.0,5.0
9365,2020-01-26 05:00:00,181.9,72.0,40.0,1.0,0.0,194.0,86.0,5.0
9366,2020-01-26 06:00:00,175.72,72.0,40.0,1.0,0.0,208.0,86.0,5.0
9367,2020-01-26 07:00:00,171.73,73.0,40.0,1.0,1.0,219.0,87.0,5.0
9368,2020-01-26 08:00:00,165.75,72.0,41.0,1.0,1.0,231.0,88.0,5.0
9369,2020-01-26 09:00:00,164.02,71.0,41.0,1.0,2.0,232.0,87.0,5.0
9370,2020-01-26 10:00:00,164.02,71.0,41.0,1.0,2.0,231.0,88.0,5.0
9371,2020-01-26 11:00:00,169.02,73.0,41.0,1.0,3.0,224.0,88.0,5.0
9372,2020-01-26 12:00:00,172.94,73.0,40.0,1.0,2.0,217.0,85.0,5.0
9373,2020-01-26 13:00:00,174.14,70.0,40.0,1.0,1.0,204.0,86.0,5.0
9374,2020-01-26 14:00:00,173.77,65.0,40.0,1.0,0.0,185.0,90.0,5.0
9375,2020-01-26 15:00:00,182.77,65.0,40.0,1.0,0.0,165.0,91.0,5.0
9376,2020-01-26 16:00:00,223.32,79.0,40.0,1.0,0.0,132.0,91.0,5.0
9377,2020-01-26 17:00:00,216.86,65.0,41.0,1.0,0.0,108.0,91.0,5.0
9378,2020-01-26 18:00:00,246.07,64.0,41.0,1.0,0.0,70.0,90.0,5.0
9379,2020-01-26 19:00:00,263.83,62.0,41.0,1.0,0.0,50.0,88.0,5.0
9380,2020-01-26 20:00:00,302.48,85.0,40.0,1.0,0.0,55.0,86.0,5.0
9381,2020-01-26 21:00:00,345.41,109.0,40.0,1.0,0.0,48.0,88.0,5.0
9382,2020-01-26 22:00:00,378.17,130.0,40.0,1.0,0.0,43.0,89.0,5.0
9383,2020-01-26 23:00:00,390.71,133.0,39.0,1.0,0.0,36.0,89.0,5.0
9384,2020-01-27 00:00:00,390.71,133.0,39.0,1.0,0.0,38.0,87.0,5.0
9385,2020-01-27 01:00:00,394.52,134.0,39.0,1.0,0.0,36.0,87.0,5.0
9386,2020-01-27 02:00:00,412.12,134.0,40.0,1.0,0.0,26.0,84.0,5.0
9387,2020-01-27 03:00:00,413.7,134.0,39.0,1.0,0.0,23.0,86.0,5.0
9388,2020-01-27 04:00:00,413.09,136.0,40.0,1.0,0.0,27.0,84.0,5.0
9389,2020-01-27 05:00:00,483.9,223.0,39.0,1.0,0.0,33.0,85.0,5.0
9390,2020-01-27 06:00:00,559.57,379.0,41.0,1.0,0.0,37.0,84.0,5.0
9391,2020-01-27 07:00:00,564.16,411.0,40.0,1.0,1.0,43.0,84.0,5.0
9392,2020-01-27 08:00:00,567.09,414.0,40.0,1.0,2.0,41.0,83.0,5.0
9393,2020-01-27 09:00:00,569.68,416.0,40.0,1.0,3.0,39.0,82.0,5.0
9394,2020-01-27 10:00:00,572.3,417.0,39.0,1.0,3.0,38.0,81.0,5.0
9395,2020-01-27 11:00:00,562.05,417.0,38.0,1.0,2.0,49.0,82.0,5.0
9396,2020-01-27 12:00:00,562.99,417.0,38.0,1.0,2.0,50.0,80.0,5.0
9397,2020-01-27 13:00:00,566.18,418.0,38.0,1.0,1.0,47.0,81.0,5.0
9398,2020-01-27 14:00:00,564.53,414.0,39.0,1.0,0.0,46.0,83.0,5.0
9399,2020-01-27 15:00:00,560.72,414.0,39.0,1.0,0.0,49.0,84.0,5.0
9400,2020-01-27 16:00:00,548.99,414.0,41.0,1.0,0.0,60.0,85.0,5.0
9401,2020-01-27 17:00:00,550.46,413.0,41.0,1.0,0.0,58.0,85.0,5.0
9402,2020-01-27 18:00:00,529.99,334.0,41.0,1.0,0.0,49.0,83.0,5.0
9403,2020-01-27 19:00:00,482.46,244.0,40.0,1.0,0.0,51.0,80.0,5.0
9404,2020-01-27 20:00:00,480.5,238.0,41.0,1.0,0.0,48.0,81.0,5.0
9405,2020-01-27 21:00:00,474.61,240.0,38.0,1.0,0.0,53.0,83.0,5.0
9406,2020-01-27 22:00:00,468.56,240.0,40.0,1.0,0.0,59.0,82.0,5.0
9407,2020-01-27 23:00:00,463.14,240.0,40.0,1.0,0.0,64.0,82.0,5.0
9408,2020-01-28 00:00:00,466.24,256.0,41.0,1.0,0.0,73.0,80.0,5.0
9409,2020-01-28 01:00:00,450.56,246.0,41.0,1.0,0.0,80.0,82.0,5.0
9410,2020-01-28 02:00:00,455.06,239.0,40.0,1.0,0.0,75.0,78.0,5.0
9411,2020-01-28 03:00:00,454.04,242.0,40.0,1.0,0.0,76.0,80.0,5.0
9412,2020-01-28 04:00:00,498.11,331.0,42.0,1.0,0.0,83.0,80.0,5.0
9413,2020-01-28 05:00:00,527.45,413.0,42.0,1.0,0.0,90.0,79.0,5.0
9414,2020-01-28 06:00:00,521.35,415.0,43.0,1.0,0.0,97.0,80.0,5.0
9415,2020-01-28 07:00:00,513.91,415.0,44.0,1.0,1.0,106.0,79.0,5.0
9416,2020-01-28 08:00:00,505.18,412.0,43.0,1.0,2.0,115.0,79.0,5.0
9417,2020-01-28 09:00:00,503.84,410.0,42.0,1.0,3.0,114.0,80.0,5.0
9418,2020-01-28 10:00:00,505.22,415.0,41.0,1.0,3.0,115.0,80.0,5.0
9419,2020-01-28 11:00:00,507.73,417.0,40.0,1.0,3.0,112.0,81.0,5.0
9420,2020-01-28 12:00:00,510.54,406.0,40.0,1.0,3.0,105.0,79.0,5.0
9421,2020-01-28 13:00:00,522.57,406.0,41.0,1.0,1.0,89.0,82.0,5.0
9422,2020-01-28 14:00:00,523.29,394.0,40.0,1.0,0.0,83.0,83.0,5.0
9423,2020-01-28 15:00:00,509.82,401.0,38.0,1.0,0.0,101.0,85.0,5.0
9424,2020-01-28 16:00:00,516.08,416.0,36.0,1.0,0.0,100.0,86.0,5.0
9425,2020-01-28 17:00:00,503.56,411.0,34.0,1.0,0.0,114.0,86.0,5.0
9426,2020-01-28 18:00:00,464.17,324.0,33.0,1.0,0.0,115.0,85.0,5.0
9427,2020-01-28 19:00:00,433.72,269.0,34.0,1.0,0.0,114.0,84.0,5.0
9428,2020-01-28 20:00:00,437.98,280.0,35.0,1.0,0.0,117.0,84.0,5.0
9429,2020-01-28 21:00:00,421.77,269.0,37.0,1.0,0.0,127.0,85.0,5.0
9430,2020-01-28 22:00:00,410.29,247.0,36.0,1.0,0.0,126.0,82.0,5.0
9431,2020-01-28 23:00:00,410.15,242.0,35.0,1.0,0.0,129.0,75.0,5.0
9432,2020-01-29 00:00:00,415.1,236.0,37.0,1.0,0.0,126.0,67.0,5.0
9433,2020-01-29 01:00:00,412.7,235.0,36.0,1.0,0.0,128.0,67.0,5.0
9434,2020-01-29 02:00:00,409.67,244.0,38.0,1.0,0.0,128.0,78.0,5.0
9435,2020-01-29 03:00:00,413.2,237.0,37.0,1.0,0.0,114.0,82.0,5.0
9436,2020-01-29 04:00:00,480.55,332.0,35.0,1.0,0.0,105.0,80.0,5.0
9437,2020-01-29 05:00:00,521.42,402.0,36.0,1.0,0.0,94.0,79.0,5.0
9438,2020-01-29 06:00:00,534.3,411.0,39.0,1.0,0.0,82.0,79.0,5.0
9439,2020-01-29 07:00:00,528.36,389.0,40.0,1.0,0.0,77.0,81.0,5.0
9440,2020-01-29 08:00:00,531.34,374.0,44.0,1.0,1.0,65.0,81.0,5.0
9441,2020-01-29 09:00:00,530.73,372.0,40.0,1.0,1.0,65.0,82.0,5.0
9442,2020-01-29 10:00:00,534.58,372.0,43.0,1.0,2.0,59.0,82.0,5.0
9443,2020-01-29 11:00:00,551.39,406.0,42.0,1.0,1.0,56.0,82.0,5.0
9444,2020-01-29 12:00:00,561.47,405.0,42.0,1.0,1.0,47.0,80.0,5.0
9445,2020-01-29 13:00:00,561.18,391.0,43.0,1.0,0.0,42.0,81.0,5.0
9446,2020-01-29 14:00:00,539.6,353.0,43.0,1.0,0.0,46.0,84.0,5.0
9447,2020-01-29 15:00:00,538.61,366.0,44.0,1.0,0.0,50.0,86.0,5.0
9448,2020-01-29 16:00:00,560.57,408.0,42.0,1.0,0.0,44.0,86.0,5.0
9449,2020-01-29 17:00:00,562.24,411.0,40.0,1.0,0.0,44.0,86.0,5.0
9450,2020-01-29 18:00:00,541.98,349.0,40.0,1.0,0.0,42.0,85.0,5.0
9451,2020-01-29 19:00:00,489.35,238.0,39.0,1.0,0.0,39.0,83.0,5.0
9452,2020-01-29 20:00:00,504.75,266.0,42.0,1.0,0.0,40.0,83.0,5.0
9453,2020-01-29 21:00:00,494.79,258.0,44.0,1.0,0.0,43.0,84.0,5.0
9454,2020-01-29 22:00:00,488.19,247.0,43.0,1.0,0.0,43.0,84.0,5.0
9455,2020-01-29 23:00:00,488.76,238.0,41.0,1.0,0.0,38.0,84.0,5.0
9456,2020-01-30 00:00:00,493.3,238.0,42.0,1.0,0.0,35.0,83.0,5.0
9457,2020-01-30 01:00:00,489.84,236.0,41.0,1.0,0.0,37.0,83.0,5.0
9458,2020-01-30 02:00:00,496.26,235.0,42.0,1.0,0.0,34.0,80.0,5.0
9459,2020-01-30 03:00:00,503.98,245.0,42.0,1.0,0.0,32.0,81.0,5.0
9460,2020-01-30 04:00:00,527.35,291.0,43.0,1.0,0.0,35.0,80.0,5.0
9461,2020-01-30 05:00:00,563.93,373.0,43.0,1.0,0.0,34.0,80.0,5.0
9462,2020-01-30 06:00:00,576.03,404.0,42.0,1.0,0.0,35.0,78.0,5.0
9463,2020-01-30 07:00:00,574.65,406.0,42.0,1.0,1.0,35.0,79.0,5.0
9464,2020-01-30 08:00:00,568.6,406.0,45.0,1.0,2.0,38.0,80.0,5.0
9465,2020-01-30 09:00:00,557.85,379.0,46.0,1.0,3.0,39.0,79.0,5.0
9466,2020-01-30 10:00:00,555.03,375.0,44.0,1.0,4.0,39.0,80.0,5.0
9467,2020-01-30 11:00:00,557.27,371.0,45.0,1.0,4.0,35.0,80.0,5.0
9468,2020-01-30 12:00:00,572.37,393.0,42.0,1.0,2.0,31.0,80.0,5.0
9469,2020-01-30 13:00:00,571.98,387.0,29.0,1.0,1.0,32.0,83.0,5.0
9470,2020-01-30 14:00:00,566.97,359.0,21.0,1.0,0.0,29.0,85.0,5.0
9471,2020-01-30 15:00:00,579.6,394.0,21.0,1.0,0.0,28.0,86.0,5.0
9472,2020-01-30 16:00:00,572.81,382.0,25.0,1.0,0.0,30.0,85.0,5.0
9473,2020-01-30 17:00:00,562.02,378.0,33.0,1.0,0.0,36.0,85.0,5.0
9474,2020-01-30 18:00:00,527.85,297.0,37.0,1.0,0.0,34.0,85.0,5.0
9475,2020-01-30 19:00:00,501.21,242.0,37.0,1.0,0.0,32.0,83.0,5.0
9476,2020-01-30 20:00:00,495.66,235.0,36.0,1.0,0.0,33.0,83.0,5.0
9477,2020-01-30 21:00:00,494.31,233.0,36.0,1.0,0.0,31.0,85.0,5.0
9478,2020-01-30 22:00:00,499.09,233.0,37.0,1.0,0.0,27.0,85.0,5.0
9479,2020-01-30 23:00:00,523.91,264.0,39.0,1.0,0.0,21.0,86.0,5.0
9480,2020-01-31 00:00:00,517.82,245.0,39.0,1.0,0.0,20.0,83.0,5.0
9481,2020-01-31 01:00:00,505.87,237.0,40.0,1.0,0.0,24.0,84.0,5.0
9482,2020-01-31 02:00:00,502.66,235.0,38.0,1.0,0.0,28.0,82.0,5.0
9483,2020-01-31 03:00:00,495.56,234.0,50.0,1.0,0.0,28.0,84.0,5.0
9484,2020-01-31 04:00:00,496.84,236.0,54.0,1.0,0.0,28.0,83.0,5.0
9485,2020-01-31 05:00:00,538.2,331.0,60.0,1.0,0.0,35.0,82.0,5.0
9486,2020-01-31 06:00:00,560.26,400.0,64.0,1.0,0.0,37.0,83.0,5.0
9487,2020-01-31 07:00:00,564.82,407.0,63.0,1.0,1.0,34.0,83.0,5.0
9488,2020-01-31 08:00:00,563.13,400.0,64.0,1.0,2.0,34.0,81.0,5.0
9489,2020-01-31 09:00:00,563.79,400.0,62.0,1.0,4.0,31.0,82.0,5.0
9490,2020-01-31 10:00:00,564.42,400.0,63.0,1.0,4.0,30.0,82.0,5.0
9491,2020-01-31 11:00:00,567.95,401.0,65.0,1.0,4.0,25.0,83.0,5.0
9492,2020-01-31 12:00:00,570.89,398.0,65.0,1.0,2.0,25.0,81.0,5.0
9493,2020-01-31 13:00:00,576.89,398.0,65.0,1.0,1.0,19.0,82.0,5.0
9494,2020-01-31 14:00:00,574.55,389.0,69.0,1.0,0.0,16.0,84.0,5.0
9495,2020-01-31 15:00:00,575.38,404.0,69.0,1.0,0.0,19.0,85.0,5.0
9496,2020-01-31 16:00:00,575.03,410.0,67.0,1.0,0.0,22.0,85.0,5.0
9497,2020-01-31 17:00:00,549.91,343.0,65.0,1.0,0.0,24.0,85.0,5.0
9498,2020-01-31 18:00:00,518.97,266.0,63.0,1.0,0.0,19.0,86.0,5.0
9499,2020-01-31 19:00:00,497.62,234.0,63.0,1.0,0.0,23.0,84.0,5.0
9500,2020-01-31 20:00:00,501.55,234.0,66.0,1.0,0.0,21.0,82.0,5.0
9501,2020-01-31 21:00:00,501.01,236.0,64.0,1.0,0.0,20.0,85.0,5.0
9502,2020-01-31 22:00:00,440.25,165.0,65.0,1.0,0.0,26.0,84.0,5.0
9503,2020-01-31 23:00:00,341.22,84.0,65.0,1.0,0.0,26.0,85.0,5.0
9504,2020-02-01 00:00:00,326.77,79.0,64.0,1.0,0.0,33.0,83.0,5.0
9505,2020-02-01 01:00:00,300.83,67.0,66.0,1.0,0.0,38.0,83.0,5.0
9506,2020-02-01 02:00:00,301.99,67.0,66.0,1.0,0.0,38.0,82.0,5.0
9507,2020-02-01 03:00:00,295.59,69.0,67.0,1.0,0.0,45.0,84.0,5.0
9508,2020-02-01 04:00:00,302.51,85.0,67.0,1.0,0.0,63.0,84.0,5.0
9509,2020-02-01 05:00:00,274.78,77.0,68.0,1.0,0.0,80.0,84.0,5.0
9510,2020-02-01 06:00:00,259.31,76.0,66.0,1.0,0.0,96.0,84.0,5.0
9511,2020-02-01 07:00:00,241.87,71.0,68.0,1.0,1.0,109.0,84.0,5.0
9512,2020-02-01 08:00:00,224.79,69.0,68.0,1.0,2.0,129.0,84.0,5.0
9513,2020-02-01 09:00:00,215.8,70.0,66.0,1.0,2.0,145.0,84.0,5.0
9514,2020-02-01 10:00:00,211.6,71.0,66.0,1.0,2.0,155.0,84.0,5.0
9515,2020-02-01 11:00:00,217.83,73.0,66.0,1.0,1.0,150.0,84.0,5.0
9516,2020-02-01 12:00:00,230.62,80.0,66.0,1.0,1.0,147.0,82.0,5.0
9517,2020-02-01 13:00:00,203.18,70.0,67.0,1.0,1.0,170.0,84.0,5.0
9518,2020-02-01 14:00:00,199.43,68.0,66.0,1.0,0.0,169.0,87.0,5.0
9519,2020-02-01 15:00:00,222.97,83.0,64.0,1.0,0.0,161.0,88.0,5.0
9520,2020-02-01 16:00:00,257.81,107.0,63.0,1.0,0.0,154.0,87.0,5.0
9521,2020-02-01 17:00:00,211.62,74.0,65.0,1.0,0.0,160.0,88.0,5.0
9522,2020-02-01 18:00:00,210.01,74.0,65.0,1.0,0.0,163.0,88.0,5.0
9523,2020-02-01 19:00:00,212.21,72.0,64.0,1.0,0.0,155.0,86.0,5.0
9524,2020-02-01 20:00:00,223.47,72.0,66.0,1.0,0.0,139.0,84.0,5.0
9525,2020-02-01 21:00:00,232.13,73.0,65.0,1.0,0.0,125.0,86.0,5.0
9526,2020-02-01 22:00:00,212.3,65.0,67.0,1.0,0.0,138.0,87.0,5.0
9527,2020-02-01 23:00:00,228.18,73.0,68.0,1.0,0.0,133.0,86.0,5.0
9528,2020-02-02 00:00:00,220.73,73.0,66.0,1.0,0.0,147.0,83.0,5.0
9529,2020-02-02 01:00:00,220.68,72.0,68.0,1.0,0.0,145.0,84.0,5.0
9530,2020-02-02 02:00:00,217.09,71.0,67.0,1.0,0.0,150.0,82.0,5.0
9531,2020-02-02 03:00:00,214.96,71.0,66.0,1.0,0.0,152.0,83.0,5.0
9532,2020-02-02 04:00:00,221.97,74.0,67.0,1.0,0.0,148.0,83.0,5.0
9533,2020-02-02 05:00:00,215.67,69.0,65.0,1.0,0.0,145.0,83.0,5.0
9534,2020-02-02 06:00:00,247.41,86.0,65.0,1.0,0.0,133.0,83.0,5.0
9535,2020-02-02 07:00:00,233.22,81.0,66.0,1.0,1.0,144.0,83.0,5.0
9536,2020-02-02 08:00:00,246.59,83.0,67.0,1.0,3.0,126.0,83.0,5.0
9537,2020-02-02 09:00:00,250.68,83.0,67.0,1.0,4.0,119.0,83.0,5.0
9538,2020-02-02 10:00:00,249.93,81.0,67.0,1.0,4.0,114.0,85.0,5.0
9539,2020-02-02 11:00:00,243.94,83.0,67.0,1.0,4.0,128.0,84.0,5.0
9540,2020-02-02 12:00:00,216.27,76.0,67.0,1.0,3.0,161.0,82.0,5.0
9541,2020-02-02 13:00:00,213.45,68.0,66.0,1.0,2.0,143.0,85.0,5.0
9542,2020-02-02 14:00:00,234.37,77.0,64.0,1.0,1.0,127.0,88.0,5.0
9543,2020-02-02 15:00:00,206.19,70.0,63.0,1.0,0.0,157.0,89.0,5.0
9544,2020-02-02 16:00:00,228.98,98.0,62.0,1.0,0.0,183.0,89.0,5.0
9545,2020-02-02 17:00:00,206.2,77.0,62.0,1.0,0.0,175.0,89.0,5.0
9546,2020-02-02 18:00:00,198.99,76.0,62.0,1.0,0.0,187.0,89.0,5.0
9547,2020-02-02 19:00:00,192.71,69.0,63.0,1.0,0.0,184.0,86.0,5.0
9548,2020-02-02 20:00:00,188.92,61.0,63.0,1.0,0.0,169.0,85.0,5.0
9549,2020-02-02 21:00:00,192.92,63.0,62.0,1.0,0.0,164.0,87.0,5.0
9550,2020-02-02 22:00:00,192.06,58.0,61.0,1.0,0.0,150.0,87.0,5.0
9551,2020-02-02 23:00:00,209.14,68.0,60.0,1.0,0.0,145.0,88.0,5.0
9552,2020-02-03 00:00:00,244.77,91.0,60.0,1.0,0.0,143.0,85.0,5.0
9553,2020-02-03 01:00:00,278.38,125.0,62.0,1.0,0.0,155.0,86.0,5.0
9554,2020-02-03 02:00:00,293.89,150.0,63.0,1.0,0.0,175.0,83.0,5.0
9555,2020-02-03 03:00:00,286.84,148.0,65.0,1.0,0.0,182.0,85.0,5.0
9556,2020-02-03 04:00:00,296.11,155.0,62.0,1.0,0.0,177.0,85.0,5.0
9557,2020-02-03 05:00:00,331.62,213.0,62.0,1.0,0.0,201.0,84.0,5.0
9558,2020-02-03 06:00:00,403.39,309.0,64.0,1.0,1.0,184.0,84.0,5.0
9559,2020-02-03 07:00:00,438.29,355.0,65.0,1.0,2.0,166.0,83.0,5.0
9560,2020-02-03 08:00:00,447.75,349.0,68.0,1.0,7.0,144.0,81.0,5.0
9561,2020-02-03 09:00:00,390.83,263.0,71.0,1.0,11.0,153.0,82.0,5.0
9562,2020-02-03 10:00:00,359.16,240.0,71.0,1.0,15.0,173.0,84.0,5.0
9563,2020-02-03 11:00:00,382.3,288.0,64.0,1.0,19.0,180.0,85.0,5.0
9564,2020-02-03 12:00:00,384.67,290.0,64.0,1.0,16.0,183.0,83.0,5.0
9565,2020-02-03 13:00:00,404.28,304.0,66.0,1.0,8.0,171.0,84.0,5.0
9566,2020-02-03 14:00:00,407.76,308.0,66.0,1.0,1.0,172.0,88.0,5.0
9567,2020-02-03 15:00:00,432.54,345.0,68.0,1.0,0.0,163.0,89.0,5.0
9568,2020-02-03 16:00:00,448.86,379.0,69.0,1.0,0.0,163.0,88.0,5.0
9569,2020-02-03 17:00:00,430.55,329.0,67.0,1.0,0.0,155.0,88.0,5.0
9570,2020-02-03 18:00:00,451.83,363.0,66.0,1.0,0.0,147.0,89.0,5.0
9571,2020-02-03 19:00:00,449.93,356.0,66.0,1.0,0.0,147.0,87.0,5.0
9572,2020-02-03 20:00:00,409.01,268.0,63.0,1.0,0.0,140.0,85.0,5.0
9573,2020-02-03 21:00:00,390.57,240.0,64.0,1.0,0.0,138.0,87.0,5.0
9574,2020-02-03 22:00:00,408.26,240.0,62.0,1.0,0.0,114.0,88.0,5.0
9575,2020-02-03 23:00:00,430.2,270.0,62.0,1.0,0.0,111.0,88.0,5.0
9576,2020-02-04 00:00:00,413.79,246.0,64.0,1.0,0.0,115.0,85.0,5.0
9577,2020-02-04 01:00:00,436.03,272.0,64.0,1.0,0.0,107.0,86.0,5.0
9578,2020-02-04 02:00:00,428.97,263.0,63.0,1.0,0.0,111.0,84.0,5.0
9579,2020-02-04 03:00:00,447.95,291.0,64.0,1.0,0.0,106.0,86.0,5.0
9580,2020-02-04 04:00:00,475.1,330.0,63.0,1.0,0.0,99.0,85.0,5.0
9581,2020-02-04 05:00:00,513.28,403.0,62.0,1.0,0.0,92.0,84.0,5.0
9582,2020-02-04 06:00:00,524.43,412.0,63.0,1.0,2.0,80.0,84.0,5.0
9583,2020-02-04 07:00:00,518.81,412.0,63.0,1.0,11.0,77.0,85.0,5.0
9584,2020-02-04 08:00:00,496.14,400.0,65.0,1.0,26.0,85.0,85.0,5.0
9585,2020-02-04 09:00:00,484.8,395.0,64.0,1.0,38.0,87.0,84.0,5.0
9586,2020-02-04 10:00:00,477.62,388.0,64.0,1.0,39.0,89.0,87.0,5.0
9587,2020-02-04 11:00:00,478.34,382.0,66.0,1.0,35.0,88.0,87.0,5.0
9588,2020-02-04 12:00:00,492.08,383.0,66.0,1.0,27.0,81.0,84.0,5.0
9589,2020-02-04 13:00:00,509.08,375.0,64.0,1.0,12.0,71.0,84.0,5.0
9590,2020-02-04 14:00:00,530.27,386.0,65.0,1.0,2.0,59.0,86.0,5.0
9591,2020-02-04 15:00:00,520.5,380.0,67.0,1.0,0.0,66.0,89.0,5.0
9592,2020-02-04 16:00:00,521.38,410.0,66.0,1.0,0.0,80.0,88.0,5.0
9593,2020-02-04 17:00:00,522.53,415.0,62.0,1.0,0.0,82.0,88.0,5.0
9594,2020-02-04 18:00:00,509.36,338.0,62.0,1.0,0.0,61.0,88.0,5.0
9595,2020-02-04 19:00:00,494.79,280.0,63.0,1.0,0.0,45.0,89.0,5.0
9596,2020-02-04 20:00:00,490.77,255.0,64.0,1.0,0.0,38.0,86.0,5.0
9597,2020-02-04 21:00:00,510.99,273.0,64.0,1.0,0.0,28.0,87.0,5.0
9598,2020-02-04 22:00:00,518.36,279.0,65.0,1.0,0.0,23.0,88.0,5.0
9599,2020-02-04 23:00:00,505.99,260.0,64.0,1.0,0.0,25.0,88.0,5.0
9600,2020-02-05 00:00:00,491.66,240.0,64.0,1.0,0.0,31.0,84.0,5.0
9601,2020-02-05 01:00:00,488.27,250.0,62.0,1.0,0.0,39.0,85.0,5.0
9602,2020-02-05 02:00:00,498.61,267.0,61.0,1.0,0.0,42.0,82.0,5.0
9603,2020-02-05 03:00:00,510.9,284.0,62.0,1.0,0.0,36.0,85.0,5.0
9604,2020-02-05 04:00:00,493.27,274.0,60.0,1.0,0.0,49.0,84.0,5.0
9605,2020-02-05 05:00:00,501.4,335.0,63.0,1.0,0.0,73.0,83.0,5.0
9606,2020-02-05 06:00:00,504.3,408.0,66.0,1.0,1.0,104.0,84.0,5.0
9607,2020-02-05 07:00:00,502.09,412.0,66.0,1.0,4.0,106.0,84.0,5.0
9608,2020-02-05 08:00:00,490.85,396.0,65.0,1.0,8.0,110.0,83.0,5.0
9609,2020-02-05 09:00:00,491.98,408.0,65.0,1.0,11.0,111.0,84.0,5.0
9610,2020-02-05 10:00:00,461.83,379.0,65.0,1.0,15.0,132.0,85.0,5.0
9611,2020-02-05 11:00:00,440.5,330.0,68.0,1.0,18.0,127.0,84.0,5.0
9612,2020-02-05 12:00:00,429.27,333.0,67.0,1.0,15.0,149.0,84.0,5.0
9613,2020-02-05 13:00:00,447.32,381.0,68.0,1.0,7.0,162.0,86.0,5.0
9614,2020-02-05 14:00:00,414.35,331.0,66.0,1.0,1.0,182.0,87.0,5.0
9615,2020-02-05 15:00:00,381.59,292.0,69.0,1.0,0.0,201.0,88.0,5.0
9616,2020-02-05 16:00:00,377.22,319.0,69.0,1.0,0.0,235.0,89.0,5.0
9617,2020-02-05 17:00:00,363.22,323.0,67.0,1.0,0.0,266.0,90.0,5.0
9618,2020-02-05 18:00:00,317.54,245.0,64.0,1.0,0.0,266.0,89.0,5.0
9619,2020-02-05 19:00:00,308.01,234.0,66.0,1.0,0.0,271.0,89.0,5.0
9620,2020-02-05 20:00:00,313.75,234.0,67.0,1.0,0.0,262.0,86.0,5.0
9621,2020-02-05 21:00:00,322.57,237.0,66.0,1.0,0.0,247.0,87.0,5.0
9622,2020-02-05 22:00:00,326.73,241.0,65.0,1.0,0.0,244.0,87.0,5.0
9623,2020-02-05 23:00:00,328.74,234.0,66.0,1.0,0.0,231.0,87.0,5.0
9624,2020-02-06 00:00:00,331.46,234.0,67.0,1.0,0.0,229.0,84.0,5.0
9625,2020-02-06 01:00:00,330.77,233.0,67.0,1.0,0.0,227.0,86.0,5.0
9626,2020-02-06 02:00:00,326.3,235.0,66.0,1.0,0.0,240.0,84.0,5.0
9627,2020-02-06 03:00:00,318.61,234.0,67.0,1.0,0.0,252.0,86.0,5.0
9628,2020-02-06 04:00:00,320.55,235.0,64.0,1.0,0.0,250.0,85.0,5.0
9629,2020-02-06 05:00:00,325.74,236.0,63.0,1.0,0.0,242.0,84.0,5.0
9630,2020-02-06 06:00:00,339.81,235.0,67.0,1.0,1.0,215.0,83.0,5.0
9631,2020-02-06 07:00:00,370.54,261.0,63.0,1.0,8.0,185.0,83.0,5.0
9632,2020-02-06 08:00:00,381.73,280.0,65.0,1.0,22.0,171.0,84.0,5.0
9633,2020-02-06 09:00:00,366.09,243.0,64.0,1.0,35.0,143.0,86.0,5.0
9634,2020-02-06 10:00:00,381.32,236.0,64.0,1.0,41.0,106.0,87.0,5.0
9635,2020-02-06 11:00:00,374.39,237.0,67.0,1.0,39.0,119.0,87.0,5.0
9636,2020-02-06 12:00:00,373.07,238.0,66.0,1.0,29.0,134.0,85.0,5.0
9637,2020-02-06 13:00:00,370.45,239.0,68.0,1.0,14.0,155.0,84.0,5.0
9638,2020-02-06 14:00:00,369.69,236.0,66.0,1.0,2.0,166.0,83.0,5.0
9639,2020-02-06 15:00:00,353.9,238.0,61.0,1.0,0.0,190.0,88.0,5.0
9640,2020-02-06 16:00:00,383.76,302.0,44.0,1.0,0.0,207.0,89.0,5.0
9641,2020-02-06 17:00:00,385.36,320.0,39.0,1.0,0.0,224.0,87.0,5.0
9642,2020-02-06 18:00:00,351.49,264.0,38.0,1.0,0.0,223.0,88.0,5.0
9643,2020-02-06 19:00:00,359.36,269.0,37.0,1.0,0.0,215.0,88.0,5.0
9644,2020-02-06 20:00:00,379.13,292.0,38.0,1.0,0.0,209.0,85.0,5.0
9645,2020-02-06 21:00:00,383.97,295.0,38.0,1.0,0.0,203.0,86.0,5.0
9646,2020-02-06 22:00:00,385.74,299.0,38.0,1.0,0.0,203.0,87.0,5.0
9647,2020-02-06 23:00:00,388.9,295.0,39.0,1.0,0.0,194.0,87.0,5.0
9648,2020-02-07 00:00:00,402.03,284.0,38.0,1.0,0.0,168.0,83.0,5.0
9649,2020-02-07 01:00:00,422.21,285.0,39.0,1.0,0.0,143.0,81.0,5.0
9650,2020-02-07 02:00:00,432.05,286.0,40.0,1.0,0.0,132.0,80.0,5.0
9651,2020-02-07 03:00:00,445.29,278.0,41.0,1.0,0.0,107.0,83.0,5.0
9652,2020-02-07 04:00:00,510.54,342.0,39.0,1.0,0.0,75.0,81.0,5.0
9653,2020-02-07 05:00:00,562.2,409.0,41.0,1.0,0.0,48.0,81.0,5.0
9654,2020-02-07 06:00:00,579.19,413.0,44.0,1.0,2.0,28.0,82.0,5.0
9655,2020-02-07 07:00:00,578.9,415.0,41.0,1.0,12.0,21.0,81.0,5.0
9656,2020-02-07 08:00:00,565.79,413.0,40.0,1.0,26.0,21.0,80.0,5.0
9657,2020-02-07 09:00:00,551.59,411.0,41.0,1.0,34.0,25.0,82.0,5.0
9658,2020-02-07 10:00:00,531.94,361.0,40.0,1.0,34.0,24.0,84.0,5.0
9659,2020-02-07 11:00:00,554.75,404.0,44.0,1.0,24.0,25.0,85.0,5.0
9660,2020-02-07 12:00:00,561.62,397.0,45.0,1.0,14.0,28.0,82.0,5.0
9661,2020-02-07 13:00:00,558.69,409.0,43.0,1.0,6.0,46.0,80.0,5.0
9662,2020-02-07 14:00:00,542.61,407.0,42.0,1.0,1.0,66.0,82.0,5.0
9663,2020-02-07 15:00:00,533.17,411.0,40.0,1.0,0.0,78.0,84.0,5.0
9664,2020-02-07 16:00:00,523.11,409.0,40.0,1.0,0.0,87.0,86.0,5.0
9665,2020-02-07 17:00:00,511.71,409.0,40.0,1.0,0.0,100.0,87.0,5.0
9666,2020-02-07 18:00:00,484.34,337.0,37.0,1.0,0.0,96.0,87.0,5.0
9667,2020-02-07 19:00:00,402.77,248.0,38.0,1.0,0.0,132.0,86.0,5.0
9668,2020-02-07 20:00:00,392.39,240.0,38.0,1.0,0.0,149.0,75.0,5.0
9669,2020-02-07 21:00:00,390.01,240.0,40.0,1.0,0.0,144.0,83.0,5.0
9670,2020-02-07 22:00:00,397.46,233.0,40.0,1.0,0.0,126.0,85.0,5.0
9671,2020-02-07 23:00:00,278.32,91.0,40.0,1.0,0.0,89.0,86.0,5.0
9672,2020-02-08 00:00:00,296.68,84.0,41.0,1.0,0.0,60.0,85.0,5.0
9673,2020-02-08 01:00:00,318.27,91.0,41.0,1.0,0.0,51.0,85.0,5.0
9674,2020-02-08 02:00:00,339.22,99.0,41.0,1.0,0.0,47.0,82.0,5.0
9675,2020-02-08 03:00:00,336.44,91.0,39.0,1.0,0.0,36.0,85.0,5.0
9676,2020-02-08 04:00:00,364.23,98.0,39.0,1.0,0.0,24.0,85.0,5.0
9677,2020-02-08 05:00:00,356.02,92.0,39.0,1.0,0.0,25.0,83.0,5.0
9678,2020-02-08 06:00:00,367.15,98.0,40.0,1.0,0.0,24.0,83.0,5.0
9679,2020-02-08 07:00:00,383.67,110.0,39.0,1.0,1.0,23.0,84.0,5.0
9680,2020-02-08 08:00:00,393.23,119.0,39.0,1.0,2.0,25.0,83.0,5.0
9681,2020-02-08 09:00:00,410.34,129.0,40.0,1.0,3.0,21.0,83.0,5.0
9682,2020-02-08 10:00:00,415.07,129.0,38.0,1.0,3.0,17.0,84.0,5.0
9683,2020-02-08 11:00:00,395.91,120.0,40.0,1.0,3.0,21.0,85.0,5.0
9684,2020-02-08 12:00:00,404.31,130.0,41.0,1.0,2.0,26.0,84.0,5.0
9685,2020-02-08 13:00:00,402.91,130.0,41.0,1.0,1.0,28.0,84.0,5.0
9686,2020-02-08 14:00:00,385.73,126.0,42.0,1.0,0.0,37.0,85.0,5.0
9687,2020-02-08 15:00:00,310.69,93.0,38.0,1.0,0.0,56.0,89.0,5.0
9688,2020-02-08 16:00:00,289.54,98.0,39.0,1.0,0.0,85.0,89.0,5.0
9689,2020-02-08 17:00:00,304.95,124.0,40.0,1.0,0.0,108.0,89.0,5.0
9690,2020-02-08 18:00:00,295.93,125.0,37.0,1.0,0.0,120.0,89.0,5.0
9691,2020-02-08 19:00:00,271.62,112.0,36.0,1.0,0.0,131.0,88.0,5.0
9692,2020-02-08 20:00:00,245.0,92.0,37.0,1.0,0.0,133.0,85.0,5.0
9693,2020-02-08 21:00:00,252.24,102.0,37.0,1.0,0.0,142.0,86.0,5.0
9694,2020-02-08 22:00:00,266.42,115.0,39.0,1.0,0.0,151.0,82.0,5.0
9695,2020-02-08 23:00:00,230.87,94.0,40.0,1.0,0.0,166.0,80.0,5.0
9696,2020-02-09 00:00:00,230.09,93.0,40.0,1.0,0.0,172.0,73.0,5.0
9697,2020-02-09 01:00:00,223.46,92.0,40.0,1.0,0.0,182.0,72.0,5.0
9698,2020-02-09 02:00:00,230.75,92.0,39.0,1.0,0.0,172.0,69.0,5.0
9699,2020-02-09 03:00:00,224.43,92.0,38.0,1.0,0.0,170.0,81.0,5.0
9700,2020-02-09 04:00:00,209.15,90.0,38.0,1.0,0.0,190.0,84.0,5.0
9701,2020-02-09 05:00:00,209.24,95.0,38.0,1.0,0.0,203.0,84.0,5.0
9702,2020-02-09 06:00:00,199.85,95.0,38.0,1.0,1.0,221.0,85.0,5.0
9703,2020-02-09 07:00:00,213.55,106.0,40.0,1.0,2.0,221.0,85.0,5.0
9704,2020-02-09 08:00:00,234.6,128.0,40.0,1.0,3.0,229.0,84.0,5.0
9705,2020-02-09 09:00:00,230.47,128.0,42.0,1.0,4.0,238.0,84.0,5.0
9706,2020-02-09 10:00:00,220.63,122.0,38.0,1.0,4.0,242.0,85.0,5.0
9707,2020-02-09 11:00:00,189.62,93.0,39.0,1.0,5.0,237.0,84.0,5.0
9708,2020-02-09 12:00:00,192.99,94.0,37.0,1.0,3.0,234.0,82.0,5.0
9709,2020-02-09 13:00:00,200.17,93.0,36.0,1.0,1.0,214.0,84.0,5.0
9710,2020-02-09 14:00:00,195.61,94.0,36.0,1.0,0.0,226.0,86.0,5.0
9711,2020-02-09 15:00:00,188.88,97.0,37.0,1.0,0.0,250.0,88.0,5.0
9712,2020-02-09 16:00:00,203.26,113.0,37.0,1.0,0.0,258.0,90.0,5.0
9713,2020-02-09 17:00:00,177.18,95.0,37.0,1.0,0.0,273.0,90.0,5.0
9714,2020-02-09 18:00:00,189.34,105.0,36.0,1.0,0.0,271.0,89.0,5.0
9715,2020-02-09 19:00:00,187.02,100.0,34.0,1.0,0.0,261.0,88.0,5.0
9716,2020-02-09 20:00:00,183.82,96.0,35.0,1.0,0.0,261.0,85.0,5.0
9717,2020-02-09 21:00:00,202.46,113.0,37.0,1.0,0.0,264.0,86.0,5.0
9718,2020-02-09 22:00:00,198.74,110.0,37.0,1.0,0.0,265.0,86.0,5.0
9719,2020-02-09 23:00:00,180.53,92.0,36.0,1.0,0.0,257.0,86.0,5.0
9720,2020-02-10 00:00:00,194.88,103.0,34.0,1.0,0.0,254.0,84.0,5.0
9721,2020-02-10 01:00:00,204.04,111.0,35.0,1.0,0.0,255.0,84.0,5.0
9722,2020-02-10 02:00:00,210.03,115.0,37.0,1.0,0.0,256.0,81.0,5.0
9723,2020-02-10 03:00:00,215.53,120.0,37.0,1.0,0.0,254.0,83.0,5.0
9724,2020-02-10 04:00:00,207.24,114.0,37.0,1.0,0.0,259.0,82.0,5.0
9725,2020-02-10 05:00:00,191.69,101.0,35.0,1.0,0.0,260.0,81.0,5.0
9726,2020-02-10 06:00:00,211.22,118.0,37.0,1.0,0.0,259.0,83.0,5.0
9727,2020-02-10 07:00:00,223.94,135.0,23.0,1.0,1.0,260.0,84.0,5.0
9728,2020-02-10 08:00:00,198.16,116.0,18.0,1.0,1.0,270.0,82.0,5.0
9729,2020-02-10 09:00:00,182.94,103.0,17.0,1.0,2.0,268.0,82.0,5.0
9730,2020-02-10 10:00:00,213.68,130.0,18.0,1.0,2.0,269.0,82.0,5.0
9731,2020-02-10 11:00:00,215.6,131.0,18.0,1.0,2.0,268.0,81.0,5.0
9732,2020-02-10 12:00:00,223.82,135.0,18.0,1.0,2.0,259.0,81.0,5.0
9733,2020-02-10 13:00:00,201.3,113.0,18.0,1.0,1.0,253.0,83.0,5.0
9734,2020-02-10 14:00:00,198.22,116.0,17.0,1.0,0.0,268.0,84.0,5.0
9735,2020-02-10 15:00:00,172.89,96.0,17.0,1.0,0.0,272.0,84.0,5.0
9736,2020-02-10 16:00:00,187.72,107.0,18.0,1.0,0.0,271.0,82.0,5.0
9737,2020-02-10 17:00:00,174.13,97.0,17.0,1.0,0.0,268.0,88.0,5.0
9738,2020-02-10 18:00:00,173.95,96.0,16.0,1.0,0.0,265.0,87.0,5.0
9739,2020-02-10 19:00:00,176.46,95.0,16.0,1.0,0.0,256.0,86.0,5.0
9740,2020-02-10 20:00:00,180.51,96.0,18.0,1.0,0.0,253.0,84.0,5.0
9741,2020-02-10 21:00:00,185.55,100.0,16.0,1.0,0.0,250.0,85.0,5.0
9742,2020-02-10 22:00:00,187.19,100.0,16.0,1.0,0.0,245.0,86.0,5.0
9743,2020-02-10 23:00:00,181.27,96.0,16.0,1.0,0.0,247.0,86.0,5.0
9744,2020-02-11 00:00:00,186.66,96.0,16.0,1.0,0.0,237.0,83.0,5.0
9745,2020-02-11 01:00:00,189.25,96.0,16.0,1.0,0.0,231.0,83.0,5.0
9746,2020-02-11 02:00:00,204.53,95.0,16.0,1.0,0.0,199.0,80.0,5.0
9747,2020-02-11 03:00:00,220.94,105.0,16.0,1.0,0.0,192.0,82.0,5.0
9748,2020-02-11 04:00:00,233.01,108.0,16.0,1.0,0.0,179.0,81.0,5.0
9749,2020-02-11 05:00:00,251.98,130.0,16.0,1.0,0.0,194.0,81.0,5.0
9750,2020-02-11 06:00:00,269.52,138.0,17.0,1.0,1.0,178.0,82.0,4.0
9751,2020-02-11 07:00:00,271.98,139.0,17.0,1.0,4.0,174.0,81.0,4.0
9752,2020-02-11 08:00:00,250.53,126.0,18.0,1.0,11.0,176.0,82.0,4.0
9753,2020-02-11 09:00:00,220.86,100.0,17.0,1.0,17.0,162.0,82.0,4.0
9754,2020-02-11 10:00:00,245.9,122.0,17.0,1.0,19.0,168.0,81.0,4.0
9755,2020-02-11 11:00:00,263.04,136.0,18.0,1.0,14.0,173.0,81.0,4.0
9756,2020-02-11 12:00:00,271.44,135.0,18.0,1.0,9.0,163.0,81.0,4.0
9757,2020-02-11 13:00:00,295.2,136.0,20.0,1.0,5.0,135.0,82.0,4.0
9758,2020-02-11 14:00:00,306.57,126.0,20.0,1.0,1.0,109.0,83.0,4.0
9759,2020-02-11 15:00:00,315.51,134.0,17.0,1.0,0.0,107.0,87.0,4.0
9760,2020-02-11 16:00:00,309.77,135.0,18.0,1.0,0.0,116.0,87.0,5.0
9761,2020-02-11 17:00:00,306.29,134.0,15.0,1.0,0.0,118.0,87.0,5.0
9762,2020-02-11 18:00:00,308.46,136.0,18.0,1.0,0.0,119.0,87.0,5.0
9763,2020-02-11 19:00:00,311.49,135.0,18.0,1.0,0.0,117.0,84.0,5.0
9764,2020-02-11 20:00:00,264.1,99.0,18.0,1.0,0.0,116.0,82.0,5.0
9765,2020-02-11 21:00:00,249.89,93.0,18.0,1.0,0.0,121.0,83.0,5.0
9766,2020-02-11 22:00:00,251.42,91.0,18.0,1.0,0.0,114.0,84.0,5.0
9767,2020-02-11 23:00:00,304.32,128.0,18.0,1.0,0.0,115.0,84.0,5.0
9768,2020-02-12 00:00:00,274.62,102.0,18.0,1.0,0.0,109.0,82.0,5.0
9769,2020-02-12 01:00:00,294.03,107.0,18.0,1.0,0.0,95.0,83.0,5.0
9770,2020-02-12 02:00:00,292.85,102.0,17.0,1.0,0.0,92.0,79.0,5.0
9771,2020-02-12 03:00:00,334.05,122.0,17.0,1.0,0.0,78.0,82.0,5.0
9772,2020-02-12 04:00:00,320.65,120.0,17.0,1.0,0.0,89.0,81.0,5.0
9773,2020-02-12 05:00:00,330.35,131.0,16.0,1.0,0.0,94.0,81.0,5.0
9774,2020-02-12 06:00:00,337.0,136.0,18.0,1.0,1.0,92.0,82.0,5.0
9775,2020-02-12 07:00:00,338.8,131.0,18.0,1.0,4.0,82.0,81.0,5.0
9776,2020-02-12 08:00:00,332.02,129.0,18.0,1.0,8.0,83.0,80.0,5.0
9777,2020-02-12 09:00:00,332.18,133.0,18.0,1.0,12.0,82.0,82.0,5.0
9778,2020-02-12 10:00:00,317.4,122.0,17.0,1.0,12.0,82.0,82.0,5.0
9779,2020-02-12 11:00:00,269.98,99.0,18.0,1.0,11.0,99.0,81.0,5.0
9780,2020-02-12 12:00:00,268.55,103.0,18.0,1.0,8.0,111.0,81.0,5.0
9781,2020-02-12 13:00:00,287.88,117.0,18.0,1.0,4.0,114.0,83.0,5.0
9782,2020-02-12 14:00:00,265.03,101.0,19.0,1.0,1.0,116.0,84.0,5.0
9783,2020-02-12 15:00:00,270.05,104.0,18.0,1.0,0.0,115.0,85.0,5.0
9784,2020-02-12 16:00:00,295.53,122.0,18.0,1.0,0.0,114.0,86.0,5.0
9785,2020-02-12 17:00:00,261.0,110.0,16.0,1.0,0.0,136.0,86.0,5.0
9786,2020-02-12 18:00:00,272.51,115.0,16.0,1.0,0.0,130.0,86.0,5.0
9787,2020-02-12 19:00:00,259.26,101.0,16.0,1.0,0.0,124.0,83.0,5.0
9788,2020-02-12 20:00:00,258.38,103.0,16.0,1.0,0.0,132.0,80.0,5.0
9789,2020-02-12 21:00:00,248.75,102.0,16.0,1.0,0.0,142.0,81.0,5.0
9790,2020-02-12 22:00:00,239.38,93.0,16.0,1.0,0.0,137.0,80.0,5.0
9791,2020-02-12 23:00:00,260.98,99.0,16.0,1.0,0.0,121.0,80.0,5.0
9792,2020-02-13 00:00:00,264.04,93.0,16.0,1.0,0.0,108.0,78.0,5.0
9793,2020-02-13 01:00:00,255.53,94.0,16.0,1.0,0.0,118.0,80.0,5.0
9794,2020-02-13 02:00:00,281.77,113.0,16.0,1.0,0.0,124.0,77.0,5.0
9795,2020-02-13 03:00:00,320.1,135.0,16.0,1.0,0.0,110.0,81.0,5.0
9796,2020-02-13 04:00:00,338.68,135.0,17.0,1.0,0.0,91.0,81.0,5.0
9797,2020-02-13 05:00:00,325.34,133.0,18.0,1.0,0.0,102.0,81.0,5.0
9798,2020-02-13 06:00:00,318.72,132.0,20.0,1.0,1.0,105.0,83.0,5.0
9799,2020-02-13 07:00:00,318.78,133.0,18.0,1.0,5.0,102.0,83.0,5.0
9800,2020-02-13 08:00:00,309.78,124.0,18.0,1.0,11.0,92.0,84.0,5.0
9801,2020-02-13 09:00:00,317.95,123.0,18.0,1.0,16.0,77.0,84.0,5.0
9802,2020-02-13 10:00:00,285.99,109.0,18.0,1.0,18.0,88.0,84.0,5.0
9803,2020-02-13 11:00:00,285.02,103.0,21.0,1.0,19.0,79.0,84.0,5.0
9804,2020-02-13 12:00:00,293.42,104.0,30.0,1.0,14.0,80.0,83.0,5.0
9805,2020-02-13 13:00:00,301.27,107.0,33.0,1.0,9.0,83.0,82.0,5.0
9806,2020-02-13 14:00:00,310.75,107.0,37.0,1.0,2.0,78.0,85.0,5.0
9807,2020-02-13 15:00:00,331.58,120.0,37.0,1.0,0.0,74.0,88.0,5.0
9808,2020-02-13 16:00:00,351.78,130.0,38.0,1.0,0.0,67.0,88.0,5.0
9809,2020-02-13 17:00:00,360.02,135.0,37.0,1.0,0.0,66.0,87.0,5.0
9810,2020-02-13 18:00:00,324.36,106.0,41.0,1.0,0.0,65.0,86.0,5.0
9811,2020-02-13 19:00:00,318.24,100.0,44.0,1.0,0.0,63.0,86.0,5.0
9812,2020-02-13 20:00:00,326.3,105.0,42.0,1.0,0.0,65.0,83.0,5.0
9813,2020-02-13 21:00:00,333.43,103.0,42.0,1.0,0.0,55.0,84.0,5.0
9814,2020-02-13 22:00:00,324.67,96.0,46.0,1.0,0.0,52.0,86.0,5.0
9815,2020-02-13 23:00:00,348.13,119.0,47.0,1.0,0.0,60.0,86.0,5.0
9816,2020-02-14 00:00:00,347.3,116.0,44.0,1.0,0.0,59.0,84.0,5.0
9817,2020-02-14 01:00:00,354.0,115.0,44.0,1.0,0.0,51.0,85.0,5.0
9818,2020-02-14 02:00:00,370.25,119.0,44.0,1.0,0.0,46.0,81.0,5.0
9819,2020-02-14 03:00:00,371.62,121.0,44.0,1.0,0.0,45.0,83.0,5.0
9820,2020-02-14 04:00:00,390.51,132.0,43.0,1.0,0.0,42.0,82.0,5.0
9821,2020-02-14 05:00:00,399.26,136.0,42.0,1.0,1.0,39.0,81.0,5.0
9822,2020-02-14 06:00:00,401.41,138.0,44.0,1.0,2.0,37.0,82.0,5.0
9823,2020-02-14 07:00:00,395.19,137.0,43.0,1.0,12.0,31.0,82.0,5.0
9824,2020-02-14 08:00:00,384.12,137.0,42.0,1.0,26.0,25.0,83.0,5.0
9825,2020-02-14 09:00:00,376.96,133.0,42.0,1.0,32.0,22.0,82.0,5.0
9826,2020-02-14 10:00:00,351.91,116.0,45.0,1.0,32.0,24.0,83.0,5.0
9827,2020-02-14 11:00:00,384.09,135.0,44.0,1.0,27.0,20.0,85.0,5.0
9828,2020-02-14 12:00:00,394.31,132.0,44.0,1.0,21.0,17.0,83.0,5.0
9829,2020-02-14 13:00:00,417.98,136.0,45.0,1.0,12.0,11.0,84.0,5.0
9830,2020-02-14 14:00:00,426.04,134.0,44.0,1.0,4.0,11.0,85.0,5.0
9831,2020-02-14 15:00:00,418.83,128.0,44.0,1.0,0.0,14.0,86.0,5.0
9832,2020-02-14 16:00:00,435.76,136.0,45.0,1.0,0.0,8.0,87.0,5.0
9833,2020-02-14 17:00:00,447.61,150.0,41.0,1.0,0.0,10.0,88.0,5.0
9834,2020-02-14 18:00:00,439.02,138.0,41.0,1.0,0.0,9.0,86.0,5.0
9835,2020-02-14 19:00:00,411.48,118.0,39.0,1.0,0.0,11.0,86.0,5.0
9836,2020-02-14 20:00:00,432.83,131.0,39.0,1.0,0.0,10.0,84.0,5.0
9837,2020-02-14 21:00:00,410.39,122.0,40.0,1.0,0.0,14.0,87.0,5.0
9838,2020-02-14 22:00:00,377.94,111.0,39.0,1.0,0.0,26.0,87.0,5.0
9839,2020-02-14 23:00:00,387.98,135.0,40.0,1.0,0.0,42.0,87.0,5.0
9840,2020-02-15 00:00:00,379.44,134.0,39.0,1.0,0.0,50.0,85.0,5.0
9841,2020-02-15 01:00:00,360.67,131.0,38.0,1.0,0.0,64.0,84.0,5.0
9842,2020-02-15 02:00:00,351.41,134.0,38.0,1.0,0.0,78.0,82.0,5.0
9843,2020-02-15 03:00:00,336.96,136.0,38.0,1.0,0.0,92.0,85.0,5.0
9844,2020-02-15 04:00:00,310.19,120.0,40.0,1.0,0.0,100.0,85.0,5.0
9845,2020-02-15 05:00:00,259.28,98.0,39.0,1.0,0.0,127.0,84.0,5.0
9846,2020-02-15 06:00:00,240.43,99.0,41.0,1.0,1.0,157.0,84.0,5.0
9847,2020-02-15 07:00:00,228.38,98.0,44.0,1.0,3.0,174.0,85.0,5.0
9848,2020-02-15 08:00:00,214.0,97.0,44.0,1.0,6.0,197.0,84.0,5.0
9849,2020-02-15 09:00:00,200.32,96.0,43.0,1.0,8.0,221.0,84.0,5.0
9850,2020-02-15 10:00:00,214.68,112.0,43.0,1.0,9.0,229.0,85.0,5.0
9851,2020-02-15 11:00:00,233.47,136.0,41.0,1.0,9.0,243.0,85.0,5.0
9852,2020-02-15 12:00:00,190.78,101.0,40.0,1.0,4.0,261.0,83.0,5.0
9853,2020-02-15 13:00:00,185.01,97.0,41.0,1.0,1.0,267.0,84.0,5.0
9854,2020-02-15 14:00:00,185.01,97.0,42.0,1.0,0.0,268.0,85.0,5.0
9855,2020-02-15 15:00:00,188.03,98.0,43.0,1.0,0.0,261.0,88.0,5.0
9856,2020-02-15 16:00:00,221.24,122.0,43.0,1.0,0.0,245.0,88.0,5.0
9857,2020-02-15 17:00:00,232.26,121.0,45.0,1.0,0.0,220.0,88.0,5.0
9858,2020-02-15 18:00:00,207.4,96.0,40.0,1.0,0.0,207.0,88.0,5.0
9859,2020-02-15 19:00:00,208.5,93.0,39.0,1.0,0.0,198.0,86.0,5.0
9860,2020-02-15 20:00:00,217.45,97.0,41.0,1.0,0.0,194.0,84.0,5.0
9861,2020-02-15 21:00:00,227.35,101.0,41.0,1.0,0.0,184.0,85.0,5.0
9862,2020-02-15 22:00:00,237.2,102.0,43.0,1.0,0.0,169.0,86.0,5.0
9863,2020-02-15 23:00:00,236.62,102.0,43.0,1.0,0.0,170.0,86.0,5.0
9864,2020-02-16 00:00:00,237.07,103.0,44.0,1.0,0.0,174.0,84.0,5.0
9865,2020-02-16 01:00:00,237.2,102.0,43.0,1.0,0.0,170.0,85.0,5.0
9866,2020-02-16 02:00:00,229.8,103.0,44.0,1.0,0.0,189.0,82.0,5.0
9867,2020-02-16 03:00:00,216.76,102.0,44.0,1.0,0.0,210.0,84.0,5.0
9868,2020-02-16 04:00:00,221.03,111.0,45.0,1.0,0.0,225.0,83.0,5.0
9869,2020-02-16 05:00:00,198.94,101.0,45.0,1.0,0.0,250.0,82.0,5.0
9870,2020-02-16 06:00:00,193.07,99.0,43.0,1.0,0.0,256.0,83.0,5.0
9871,2020-02-16 07:00:00,184.27,97.0,43.0,1.0,1.0,272.0,83.0,5.0
9872,2020-02-16 08:00:00,188.45,101.0,43.0,1.0,3.0,271.0,83.0,5.0
9873,2020-02-16 09:00:00,184.36,99.0,42.0,1.0,4.0,274.0,83.0,5.0
9874,2020-02-16 10:00:00,183.16,97.0,40.0,1.0,5.0,267.0,84.0,5.0
9875,2020-02-16 11:00:00,185.42,98.0,41.0,1.0,4.0,266.0,84.0,5.0
9876,2020-02-16 12:00:00,182.32,95.0,42.0,1.0,3.0,268.0,83.0,5.0
9877,2020-02-16 13:00:00,195.18,106.0,43.0,1.0,2.0,268.0,84.0,5.0
9878,2020-02-16 14:00:00,189.22,104.0,43.0,1.0,1.0,278.0,85.0,5.0
9879,2020-02-16 15:00:00,185.52,101.0,43.0,1.0,0.0,278.0,87.0,5.0
9880,2020-02-16 16:00:00,185.82,99.0,43.0,1.0,0.0,270.0,88.0,5.0
9881,2020-02-16 17:00:00,185.09,99.0,41.0,1.0,0.0,270.0,88.0,5.0
9882,2020-02-16 18:00:00,186.23,100.0,41.0,1.0,0.0,271.0,87.0,5.0
9883,2020-02-16 19:00:00,185.82,99.0,42.0,1.0,0.0,270.0,87.0,5.0
9884,2020-02-16 20:00:00,188.48,102.0,42.0,1.0,0.0,275.0,84.0,5.0
9885,2020-02-16 21:00:00,198.42,110.0,43.0,1.0,0.0,272.0,85.0,5.0
9886,2020-02-16 22:00:00,196.33,107.0,42.0,1.0,0.0,268.0,85.0,5.0
9887,2020-02-16 23:00:00,204.73,111.0,42.0,1.0,0.0,259.0,84.0,5.0
9888,2020-02-17 00:00:00,204.35,103.0,43.0,1.0,0.0,242.0,81.0,5.0
9889,2020-02-17 01:00:00,198.44,103.0,44.0,1.0,0.0,255.0,83.0,5.0
9890,2020-02-17 02:00:00,193.35,102.0,44.0,1.0,0.0,266.0,82.0,5.0
9891,2020-02-17 03:00:00,195.22,103.0,45.0,1.0,0.0,264.0,83.0,5.0
9892,2020-02-17 04:00:00,193.74,102.0,44.0,1.0,0.0,264.0,83.0,5.0
9893,2020-02-17 05:00:00,202.19,106.0,45.0,1.0,0.0,254.0,84.0,5.0
9894,2020-02-17 06:00:00,194.73,104.0,47.0,1.0,1.0,267.0,83.0,4.0
9895,2020-02-17 07:00:00,192.93,101.0,46.0,1.0,3.0,262.0,81.0,4.0
9896,2020-02-17 08:00:00,210.52,118.0,45.0,1.0,9.0,258.0,81.0,4.0
9897,2020-02-17 09:00:00,188.81,105.0,45.0,1.0,15.0,272.0,81.0,4.0
9898,2020-02-17 10:00:00,218.7,134.0,46.0,1.0,14.0,275.0,80.0,4.0
9899,2020-02-17 11:00:00,216.44,132.0,44.0,1.0,11.0,276.0,83.0,5.0
9900,2020-02-17 12:00:00,206.45,125.0,40.0,1.0,9.0,281.0,83.0,4.0
9901,2020-02-17 13:00:00,209.93,127.0,41.0,1.0,6.0,281.0,83.0,4.0
9902,2020-02-17 14:00:00,209.93,127.0,41.0,1.0,3.0,282.0,85.0,4.0
9903,2020-02-17 15:00:00,208.75,125.0,40.0,1.0,0.0,279.0,88.0,4.0
9904,2020-02-17 16:00:00,216.62,132.0,39.0,1.0,0.0,279.0,87.0,5.0
9905,2020-02-17 17:00:00,216.68,133.0,38.0,1.0,0.0,278.0,88.0,4.0
9906,2020-02-17 18:00:00,214.45,130.0,38.0,1.0,0.0,276.0,88.0,4.0
9907,2020-02-17 19:00:00,216.15,131.0,39.0,1.0,0.0,275.0,88.0,4.0
9908,2020-02-17 20:00:00,214.99,129.0,42.0,1.0,0.0,278.0,85.0,4.0
9909,2020-02-17 21:00:00,211.25,126.0,41.0,1.0,0.0,279.0,85.0,4.0
9910,2020-02-17 22:00:00,212.89,128.0,41.0,1.0,0.0,280.0,85.0,4.0
9911,2020-02-17 23:00:00,214.78,127.0,40.0,1.0,0.0,272.0,85.0,4.0
9912,2020-02-18 00:00:00,217.7,128.0,48.0,1.0,0.0,276.0,82.0,4.0
9913,2020-02-18 01:00:00,221.28,128.0,58.0,1.0,0.0,273.0,83.0,4.0
9914,2020-02-18 02:00:00,223.58,128.0,62.0,1.0,0.0,273.0,80.0,4.0
9915,2020-02-18 03:00:00,224.37,128.0,65.0,1.0,0.0,271.0,82.0,4.0
9916,2020-02-18 04:00:00,225.75,129.0,65.0,1.0,0.0,271.0,81.0,4.0
9917,2020-02-18 05:00:00,229.34,131.0,65.0,1.0,0.0,267.0,81.0,4.0
9918,2020-02-18 06:00:00,232.64,131.0,68.0,1.0,1.0,260.0,81.0,4.0
9919,2020-02-18 07:00:00,235.09,134.0,68.0,1.0,4.0,258.0,81.0,4.0
9920,2020-02-18 08:00:00,233.34,128.0,67.0,1.0,7.0,244.0,82.0,4.0
9921,2020-02-18 09:00:00,230.32,126.0,68.0,1.0,8.0,246.0,82.0,4.0
9922,2020-02-18 10:00:00,229.36,124.0,67.0,1.0,8.0,243.0,82.0,4.0
9923,2020-02-18 11:00:00,233.24,126.0,65.0,1.0,9.0,237.0,83.0,5.0
9924,2020-02-18 12:00:00,237.4,126.0,60.0,1.0,6.0,228.0,83.0,5.0
9925,2020-02-18 13:00:00,246.93,128.0,67.0,1.0,4.0,220.0,81.0,5.0
9926,2020-02-18 14:00:00,239.08,119.0,67.0,1.0,2.0,216.0,84.0,5.0
9927,2020-02-18 15:00:00,234.25,120.0,68.0,1.0,0.0,229.0,86.0,5.0
9928,2020-02-18 16:00:00,242.41,121.0,68.0,1.0,0.0,214.0,86.0,5.0
9929,2020-02-18 17:00:00,243.84,116.0,67.0,1.0,0.0,201.0,85.0,5.0
9930,2020-02-18 18:00:00,238.37,116.0,69.0,1.0,0.0,213.0,85.0,5.0
9931,2020-02-18 19:00:00,241.23,115.0,67.0,1.0,0.0,204.0,85.0,5.0
9932,2020-02-18 20:00:00,232.84,109.0,66.0,1.0,0.0,210.0,82.0,5.0
9933,2020-02-18 21:00:00,229.67,104.0,66.0,1.0,0.0,202.0,85.0,5.0
9934,2020-02-18 22:00:00,220.46,104.0,67.0,1.0,0.0,222.0,85.0,5.0
9935,2020-02-18 23:00:00,224.88,107.0,66.0,1.0,0.0,220.0,84.0,5.0
9936,2020-02-19 00:00:00,223.26,105.0,68.0,1.0,0.0,221.0,83.0,5.0
9937,2020-02-19 01:00:00,227.32,101.0,68.0,1.0,0.0,203.0,83.0,5.0
9938,2020-02-19 02:00:00,228.5,101.0,67.0,1.0,0.0,203.0,80.0,5.0
9939,2020-02-19 03:00:00,271.52,142.0,66.0,1.0,0.0,202.0,82.0,5.0
9940,2020-02-19 04:00:00,354.38,235.0,66.0,1.0,0.0,195.0,79.0,5.0
9941,2020-02-19 05:00:00,387.3,278.0,66.0,1.0,0.0,187.0,79.0,5.0
9942,2020-02-19 06:00:00,425.62,372.0,69.0,1.0,2.0,203.0,79.0,5.0
9943,2020-02-19 07:00:00,449.3,408.0,71.0,1.0,6.0,185.0,79.0,5.0
9944,2020-02-19 08:00:00,446.75,404.0,74.0,1.0,9.0,182.0,80.0,5.0
9945,2020-02-19 09:00:00,449.74,403.0,70.0,1.0,11.0,172.0,83.0,5.0
9946,2020-02-19 10:00:00,456.24,409.0,72.0,1.0,14.0,161.0,84.0,5.0
9947,2020-02-19 11:00:00,455.0,400.0,72.0,1.0,17.0,157.0,81.0,5.0
9948,2020-02-19 12:00:00,472.29,403.0,72.0,1.0,15.0,134.0,81.0,5.0
9949,2020-02-19 13:00:00,491.83,403.0,71.0,1.0,8.0,112.0,82.0,5.0
9950,2020-02-19 14:00:00,506.16,404.0,68.0,1.0,2.0,98.0,84.0,5.0
9951,2020-02-19 15:00:00,516.09,395.0,68.0,1.0,0.0,81.0,86.0,5.0
9952,2020-02-19 16:00:00,522.31,411.0,67.0,1.0,0.0,80.0,87.0,5.0
9953,2020-02-19 17:00:00,542.16,409.0,65.0,1.0,0.0,57.0,86.0,5.0
9954,2020-02-19 18:00:00,555.34,403.0,65.0,1.0,0.0,39.0,87.0,5.0
9955,2020-02-19 19:00:00,534.62,317.0,65.0,1.0,0.0,28.0,85.0,5.0
9956,2020-02-19 20:00:00,515.59,259.0,65.0,1.0,0.0,23.0,81.0,5.0
9957,2020-02-19 21:00:00,508.67,243.0,65.0,1.0,0.0,19.0,83.0,5.0
9958,2020-02-19 22:00:00,506.55,231.0,64.0,1.0,0.0,14.0,84.0,5.0
9959,2020-02-19 23:00:00,514.15,246.0,65.0,1.0,0.0,15.0,84.0,5.0
9960,2020-02-20 00:00:00,531.85,272.0,66.0,1.0,0.0,14.0,82.0,5.0
9961,2020-02-20 01:00:00,517.22,247.0,65.0,1.0,0.0,16.0,81.0,5.0
9962,2020-02-20 02:00:00,517.37,236.0,64.0,1.0,0.0,13.0,79.0,5.0
9963,2020-02-20 03:00:00,565.31,334.0,64.0,1.0,0.0,11.0,81.0,5.0
9964,2020-02-20 04:00:00,587.15,409.0,63.0,1.0,0.0,15.0,81.0,5.0
9965,2020-02-20 05:00:00,591.03,413.0,64.0,1.0,0.0,12.0,81.0,5.0
9966,2020-02-20 06:00:00,592.7,413.0,65.0,1.0,2.0,8.0,81.0,5.0
9967,2020-02-20 07:00:00,589.41,408.0,59.0,1.0,5.0,9.0,81.0,5.0
9968,2020-02-20 08:00:00,580.84,410.0,59.0,1.0,10.0,12.0,82.0,5.0
9969,2020-02-20 09:00:00,573.14,410.0,64.0,1.0,16.0,12.0,82.0,5.0
9970,2020-02-20 10:00:00,545.28,368.0,69.0,1.0,20.0,19.0,83.0,5.0
9971,2020-02-20 11:00:00,546.81,402.0,68.0,1.0,25.0,26.0,83.0,5.0
9972,2020-02-20 12:00:00,540.67,408.0,66.0,1.0,23.0,39.0,82.0,5.0
9973,2020-02-20 13:00:00,548.09,410.0,67.0,1.0,17.0,37.0,82.0,5.0
9974,2020-02-20 14:00:00,562.02,411.0,67.0,1.0,5.0,32.0,84.0,5.0
9975,2020-02-20 15:00:00,547.37,408.0,64.0,1.0,0.0,51.0,86.0,5.0
9976,2020-02-20 16:00:00,517.43,411.0,64.0,1.0,0.0,87.0,87.0,5.0
9977,2020-02-20 17:00:00,498.4,411.0,64.0,1.0,0.0,113.0,86.0,5.0
9978,2020-02-20 18:00:00,486.6,403.0,64.0,1.0,0.0,124.0,87.0,5.0
9979,2020-02-20 19:00:00,444.19,317.0,65.0,1.0,0.0,130.0,85.0,5.0
9980,2020-02-20 20:00:00,375.16,241.0,64.0,1.0,0.0,166.0,82.0,5.0
9981,2020-02-20 21:00:00,253.23,114.0,64.0,1.0,0.0,180.0,83.0,5.0
9982,2020-02-20 22:00:00,233.56,116.0,62.0,1.0,0.0,220.0,84.0,5.0
9983,2020-02-20 23:00:00,230.81,118.0,63.0,1.0,0.0,232.0,83.0,5.0
9984,2020-02-21 00:00:00,235.51,120.0,64.0,1.0,0.0,228.0,82.0,5.0
9985,2020-02-21 01:00:00,227.91,115.0,64.0,1.0,0.0,233.0,82.0,5.0
9986,2020-02-21 02:00:00,232.61,122.0,61.0,1.0,0.0,241.0,78.0,5.0
9987,2020-02-21 03:00:00,230.13,123.0,63.0,1.0,0.0,247.0,81.0,5.0
9988,2020-02-21 04:00:00,224.26,124.0,63.0,1.0,0.0,262.0,82.0,5.0
9989,2020-02-21 05:00:00,226.36,126.0,65.0,1.0,1.0,263.0,81.0,5.0
9990,2020-02-21 06:00:00,230.19,132.0,67.0,1.0,3.0,265.0,83.0,5.0
9991,2020-02-21 07:00:00,223.29,129.0,64.0,1.0,7.0,269.0,83.0,5.0
9992,2020-02-21 08:00:00,218.35,129.0,66.0,1.0,11.0,279.0,83.0,5.0
9993,2020-02-21 09:00:00,216.25,129.0,68.0,1.0,12.0,284.0,84.0,5.0
9994,2020-02-21 10:00:00,216.92,130.0,67.0,1.0,9.0,288.0,83.0,5.0
9995,2020-02-21 11:00:00,220.92,132.0,68.0,1.0,8.0,284.0,83.0,5.0
9996,2020-02-21 12:00:00,225.19,133.0,69.0,1.0,5.0,281.0,81.0,5.0
9997,2020-02-21 13:00:00,233.38,136.0,68.0,1.0,3.0,267.0,83.0,5.0
9998,2020-02-21 14:00:00,235.99,135.0,67.0,1.0,2.0,257.0,85.0,5.0
9999,2020-02-21 15:00:00,242.14,136.0,63.0,1.0,0.0,243.0,87.0,5.0
10000,2020-02-21 16:00:00,253.47,136.0,65.0,1.0,0.0,219.0,88.0,5.0
10001,2020-02-21 17:00:00,251.59,141.0,63.0,1.0,0.0,233.0,87.0,5.0
10002,2020-02-21 18:00:00,246.71,141.0,64.0,1.0,0.0,244.0,87.0,5.0
10003,2020-02-21 19:00:00,244.4,140.0,64.0,1.0,0.0,248.0,86.0,5.0
10004,2020-02-21 20:00:00,246.59,138.0,64.0,1.0,0.0,242.0,83.0,5.0
10005,2020-02-21 21:00:00,236.08,132.0,65.0,1.0,0.0,251.0,85.0,5.0
10006,2020-02-21 22:00:00,237.61,135.0,63.0,1.0,0.0,253.0,85.0,5.0
10007,2020-02-21 23:00:00,230.81,131.0,65.0,1.0,0.0,261.0,85.0,5.0
10008,2020-02-22 00:00:00,223.61,131.0,64.0,1.0,0.0,280.0,83.0,5.0
10009,2020-02-22 01:00:00,223.87,131.0,65.0,1.0,0.0,280.0,83.0,5.0
10010,2020-02-22 02:00:00,223.87,131.0,65.0,1.0,0.0,283.0,80.0,5.0
10011,2020-02-22 03:00:00,222.68,131.0,65.0,1.0,0.0,283.0,83.0,5.0
10012,2020-02-22 04:00:00,227.76,137.0,66.0,1.0,0.0,284.0,84.0,5.0
10013,2020-02-22 05:00:00,217.41,128.0,66.0,1.0,0.0,289.0,84.0,5.0
10014,2020-02-22 06:00:00,219.38,129.0,67.0,1.0,1.0,286.0,84.0,5.0
10015,2020-02-22 07:00:00,220.66,129.0,66.0,1.0,1.0,282.0,84.0,5.0
10016,2020-02-22 08:00:00,217.75,127.0,68.0,1.0,2.0,284.0,85.0,5.0
10017,2020-02-22 09:00:00,220.06,127.0,68.0,1.0,3.0,277.0,85.0,5.0
10018,2020-02-22 10:00:00,224.78,131.0,67.0,1.0,3.0,274.0,85.0,5.0
10019,2020-02-22 11:00:00,231.9,136.0,67.0,1.0,2.0,269.0,85.0,5.0
10020,2020-02-22 12:00:00,230.35,136.0,64.0,1.0,2.0,271.0,85.0,5.0
10021,2020-02-22 13:00:00,226.68,131.0,65.0,1.0,1.0,269.0,86.0,5.0
10022,2020-02-22 14:00:00,223.33,126.0,66.0,1.0,0.0,266.0,87.0,5.0
10023,2020-02-22 15:00:00,225.68,127.0,65.0,1.0,0.0,261.0,88.0,5.0
10024,2020-02-22 16:00:00,225.26,127.0,65.0,1.0,0.0,263.0,87.0,5.0
10025,2020-02-22 17:00:00,223.51,127.0,63.0,1.0,0.0,266.0,87.0,5.0
10026,2020-02-22 18:00:00,224.48,128.0,63.0,1.0,0.0,266.0,87.0,5.0
10027,2020-02-22 19:00:00,221.49,127.0,63.0,1.0,0.0,273.0,85.0,5.0
10028,2020-02-22 20:00:00,225.98,128.0,64.0,1.0,0.0,265.0,85.0,5.0
10029,2020-02-22 21:00:00,229.5,132.0,61.0,1.0,0.0,262.0,87.0,5.0
10030,2020-02-22 22:00:00,231.27,132.0,63.0,1.0,0.0,260.0,86.0,5.0
10031,2020-02-22 23:00:00,227.08,127.0,64.0,1.0,0.0,259.0,86.0,5.0
10032,2020-02-23 00:00:00,226.66,126.0,63.0,1.0,0.0,259.0,84.0,5.0
10033,2020-02-23 01:00:00,227.76,127.0,65.0,1.0,0.0,260.0,84.0,5.0
10034,2020-02-23 02:00:00,227.77,126.0,64.0,1.0,0.0,260.0,81.0,5.0
10035,2020-02-23 03:00:00,233.8,127.0,65.0,1.0,0.0,245.0,85.0,5.0
10036,2020-02-23 04:00:00,239.31,131.0,64.0,1.0,0.0,242.0,84.0,5.0
10037,2020-02-23 05:00:00,241.89,128.0,66.0,1.0,0.0,231.0,84.0,5.0
10038,2020-02-23 06:00:00,240.74,128.0,67.0,1.0,2.0,232.0,84.0,5.0
10039,2020-02-23 07:00:00,238.15,127.0,68.0,1.0,5.0,234.0,83.0,5.0
10040,2020-02-23 08:00:00,244.9,131.0,68.0,1.0,7.0,228.0,81.0,5.0
10041,2020-02-23 09:00:00,242.84,128.0,66.0,1.0,9.0,223.0,81.0,5.0
10042,2020-02-23 10:00:00,241.89,128.0,66.0,1.0,10.0,223.0,82.0,5.0
10043,2020-02-23 11:00:00,236.74,127.0,66.0,1.0,12.0,228.0,84.0,5.0
10044,2020-02-23 12:00:00,240.24,128.0,65.0,1.0,14.0,220.0,84.0,5.0
10045,2020-02-23 13:00:00,240.78,129.0,65.0,1.0,11.0,224.0,84.0,5.0
10046,2020-02-23 14:00:00,238.86,128.0,65.0,1.0,6.0,229.0,86.0,5.0
10047,2020-02-23 15:00:00,254.05,126.0,63.0,1.0,1.0,195.0,89.0,5.0
10048,2020-02-23 16:00:00,266.28,131.0,65.0,1.0,0.0,185.0,88.0,5.0
10049,2020-02-23 17:00:00,277.45,128.0,66.0,1.0,0.0,160.0,89.0,5.0
10050,2020-02-23 18:00:00,295.87,131.0,63.0,1.0,0.0,136.0,89.0,5.0
10051,2020-02-23 19:00:00,291.43,122.0,63.0,1.0,0.0,129.0,88.0,5.0
10052,2020-02-23 20:00:00,294.73,120.0,58.0,1.0,0.0,124.0,84.0,5.0
10053,2020-02-23 21:00:00,311.12,122.0,62.0,1.0,0.0,106.0,85.0,5.0
10054,2020-02-23 22:00:00,307.2,121.0,65.0,1.0,0.0,108.0,87.0,5.0
10055,2020-02-23 23:00:00,289.81,117.0,66.0,1.0,0.0,126.0,86.0,5.0
10056,2020-02-24 00:00:00,261.95,111.0,63.0,1.0,0.0,157.0,85.0,5.0
10057,2020-02-24 01:00:00,262.39,110.0,62.0,1.0,0.0,154.0,85.0,5.0
10058,2020-02-24 02:00:00,254.98,111.0,64.0,1.0,0.0,172.0,82.0,5.0
10059,2020-02-24 03:00:00,257.89,115.0,62.0,1.0,0.0,172.0,84.0,5.0
10060,2020-02-24 04:00:00,242.43,115.0,62.0,1.0,0.0,201.0,83.0,5.0
10061,2020-02-24 05:00:00,259.93,143.0,61.0,1.0,1.0,222.0,83.0,5.0
10062,2020-02-24 06:00:00,225.14,118.0,62.0,1.0,6.0,237.0,84.0,5.0
10063,2020-02-24 07:00:00,216.78,119.0,63.0,1.0,20.0,245.0,85.0,5.0
10064,2020-02-24 08:00:00,201.58,117.0,63.0,1.0,37.0,263.0,85.0,5.0
10065,2020-02-24 09:00:00,188.63,111.0,64.0,1.0,46.0,272.0,89.0,5.0
10066,2020-02-24 10:00:00,181.53,111.0,64.0,1.0,51.0,289.0,90.0,5.0
10067,2020-02-24 11:00:00,181.64,107.0,67.0,1.0,48.0,286.0,86.0,5.0
10068,2020-02-24 12:00:00,184.17,101.0,65.0,1.0,41.0,264.0,86.0,5.0
10069,2020-02-24 13:00:00,125.25,44.0,64.0,1.0,29.0,251.0,85.0,5.0
10070,2020-02-24 14:00:00,217.91,111.0,64.0,1.0,10.0,234.0,84.0,5.0
10071,2020-02-24 15:00:00,302.76,202.0,65.0,1.0,1.0,236.0,86.0,5.0
10072,2020-02-24 16:00:00,374.69,287.0,64.0,1.0,0.0,209.0,87.0,5.0
10073,2020-02-24 17:00:00,411.22,314.0,63.0,1.0,0.0,175.0,86.0,5.0
10074,2020-02-24 18:00:00,427.29,313.0,63.0,1.0,0.0,150.0,86.0,5.0
10075,2020-02-24 19:00:00,395.97,238.0,62.0,1.0,0.0,132.0,84.0,5.0
10076,2020-02-24 20:00:00,432.2,252.0,61.0,1.0,0.0,103.0,80.0,5.0
10077,2020-02-24 21:00:00,478.18,283.0,61.0,1.0,0.0,72.0,81.0,5.0
10078,2020-02-24 22:00:00,471.05,253.0,62.0,1.0,0.0,59.0,83.0,5.0
10079,2020-02-24 23:00:00,353.41,106.0,62.0,1.0,0.0,44.0,83.0,5.0
10080,2020-02-25 00:00:00,352.44,94.0,63.0,1.0,0.0,32.0,82.0,5.0
10081,2020-02-25 01:00:00,345.44,92.0,60.0,1.0,0.0,34.0,83.0,5.0
10082,2020-02-25 02:00:00,369.05,102.0,62.0,1.0,0.0,30.0,80.0,5.0
10083,2020-02-25 03:00:00,365.14,102.0,62.0,1.0,0.0,30.0,83.0,5.0
10084,2020-02-25 04:00:00,456.11,181.0,63.0,1.0,0.0,27.0,82.0,5.0
10085,2020-02-25 05:00:00,490.82,230.0,65.0,1.0,1.0,28.0,81.0,5.0
10086,2020-02-25 06:00:00,488.86,232.0,64.0,1.0,6.0,25.0,82.0,5.0
10087,2020-02-25 07:00:00,488.49,231.0,63.0,1.0,16.0,18.0,79.0,5.0
10088,2020-02-25 08:00:00,473.72,231.0,67.0,1.0,23.0,24.0,78.0,5.0
10089,2020-02-25 09:00:00,464.73,234.0,68.0,1.0,29.0,27.0,79.0,5.0
10090,2020-02-25 10:00:00,441.82,222.0,70.0,1.0,31.0,38.0,80.0,5.0
10091,2020-02-25 11:00:00,436.54,212.0,70.0,1.0,25.0,37.0,85.0,5.0
10092,2020-02-25 12:00:00,450.42,229.0,70.0,1.0,19.0,42.0,84.0,4.0
10093,2020-02-25 13:00:00,468.95,234.0,67.0,1.0,10.0,42.0,79.0,4.0
10094,2020-02-25 14:00:00,466.64,235.0,66.0,1.0,3.0,50.0,81.0,4.0
10095,2020-02-25 15:00:00,432.45,209.0,62.0,1.0,1.0,63.0,86.0,5.0
10096,2020-02-25 16:00:00,422.09,207.0,61.0,1.0,0.0,73.0,86.0,5.0
10097,2020-02-25 17:00:00,420.46,233.0,50.0,1.0,0.0,96.0,87.0,5.0
10098,2020-02-25 18:00:00,405.8,232.0,52.0,1.0,0.0,112.0,87.0,5.0
10099,2020-02-25 19:00:00,351.89,168.0,58.0,1.0,0.0,115.0,85.0,5.0
10100,2020-02-25 20:00:00,335.5,148.0,60.0,1.0,0.0,114.0,82.0,5.0
10101,2020-02-25 21:00:00,336.81,164.0,62.0,1.0,0.0,131.0,83.0,4.0
10102,2020-02-25 22:00:00,261.88,106.0,62.0,1.0,0.0,147.0,84.0,4.0
10103,2020-02-25 23:00:00,250.9,99.0,61.0,1.0,0.0,151.0,83.0,4.0
10104,2020-02-26 00:00:00,247.44,98.0,62.0,1.0,0.0,156.0,82.0,4.0
10105,2020-02-26 01:00:00,272.01,112.0,60.0,1.0,0.0,144.0,82.0,4.0
10106,2020-02-26 02:00:00,236.42,83.0,61.0,1.0,0.0,143.0,80.0,4.0
10107,2020-02-26 03:00:00,312.82,151.0,59.0,1.0,0.0,147.0,82.0,4.0
10108,2020-02-26 04:00:00,346.96,197.0,58.0,1.0,0.0,158.0,82.0,4.0
10109,2020-02-26 05:00:00,372.18,229.0,59.0,1.0,0.0,158.0,82.0,5.0
10110,2020-02-26 06:00:00,366.65,228.0,60.0,1.0,1.0,164.0,82.0,5.0
10111,2020-02-26 07:00:00,370.25,233.0,63.0,1.0,2.0,162.0,83.0,5.0
10112,2020-02-26 08:00:00,376.53,244.0,65.0,1.0,4.0,161.0,84.0,5.0
10113,2020-02-26 09:00:00,396.62,262.0,64.0,1.0,6.0,147.0,84.0,5.0
10114,2020-02-26 10:00:00,400.5,275.0,66.0,1.0,6.0,152.0,85.0,5.0
10115,2020-02-26 11:00:00,415.19,303.0,66.0,1.0,6.0,153.0,86.0,4.0
10116,2020-02-26 12:00:00,448.1,381.0,65.0,1.0,4.0,166.0,84.0,4.0
10117,2020-02-26 13:00:00,459.76,406.0,57.0,1.0,2.0,169.0,83.0,4.0
10118,2020-02-26 14:00:00,457.66,410.0,62.0,1.0,1.0,173.0,85.0,4.0
10119,2020-02-26 15:00:00,450.95,396.0,64.0,1.0,0.0,174.0,86.0,4.0
10120,2020-02-26 16:00:00,450.52,402.0,63.0,1.0,0.0,178.0,87.0,4.0
10121,2020-02-26 17:00:00,454.2,418.0,62.0,1.0,0.0,183.0,87.0,4.0
10122,2020-02-26 18:00:00,442.05,404.0,60.0,1.0,0.0,193.0,88.0,4.0
10123,2020-02-26 19:00:00,391.75,309.0,60.0,1.0,0.0,201.0,87.0,4.0
10124,2020-02-26 20:00:00,376.75,290.0,62.0,1.0,0.0,211.0,84.0,4.0
10125,2020-02-26 21:00:00,373.09,279.0,61.0,1.0,0.0,201.0,89.0,4.0
10126,2020-02-26 22:00:00,378.47,283.0,61.0,1.0,0.0,193.0,92.0,4.0
10127,2020-02-26 23:00:00,390.36,296.0,61.0,1.0,0.0,185.0,93.0,4.0
10128,2020-02-27 00:00:00,400.98,306.0,61.0,1.0,0.0,179.0,91.0,4.0
10129,2020-02-27 01:00:00,390.62,289.0,60.0,1.0,0.0,179.0,92.0,4.0
10130,2020-02-27 02:00:00,401.02,300.0,61.0,1.0,0.0,176.0,89.0,5.0
10131,2020-02-27 03:00:00,433.35,365.0,60.0,1.0,0.0,177.0,90.0,5.0
10132,2020-02-27 04:00:00,403.26,320.0,58.0,1.0,0.0,189.0,90.0,4.0
10133,2020-02-27 05:00:00,444.3,419.0,61.0,1.0,0.0,193.0,95.0,5.0
10134,2020-02-27 06:00:00,453.09,453.0,61.0,1.0,1.0,200.0,95.0,5.0
10135,2020-02-27 07:00:00,429.44,392.0,61.0,1.0,1.0,199.0,94.0,5.0
10136,2020-02-27 08:00:00,425.15,379.0,56.0,1.0,2.0,195.0,95.0,5.0
10137,2020-02-27 09:00:00,436.21,386.0,60.0,1.0,4.0,186.0,88.0,5.0
10138,2020-02-27 10:00:00,447.94,389.0,64.0,1.0,5.0,174.0,81.0,4.0
10139,2020-02-27 11:00:00,456.01,391.0,62.0,1.0,6.0,161.0,82.0,4.0
10140,2020-02-27 12:00:00,453.88,378.0,61.0,1.0,5.0,158.0,81.0,5.0
10141,2020-02-27 13:00:00,452.35,391.0,62.0,1.0,4.0,170.0,81.0,5.0
10142,2020-02-27 14:00:00,457.03,396.0,62.0,1.0,2.0,167.0,82.0,5.0
10143,2020-02-27 15:00:00,454.36,388.0,61.0,1.0,0.0,167.0,83.0,5.0
10144,2020-02-27 16:00:00,453.39,389.0,62.0,1.0,0.0,168.0,84.0,5.0
10145,2020-02-27 17:00:00,442.68,389.0,63.0,1.0,0.0,185.0,84.0,5.0
10146,2020-02-27 18:00:00,453.38,384.0,60.0,1.0,0.0,165.0,84.0,5.0
10147,2020-02-27 19:00:00,457.96,360.0,61.0,1.0,0.0,142.0,84.0,5.0
10148,2020-02-27 20:00:00,449.21,298.0,60.0,1.0,0.0,117.0,79.0,5.0
10149,2020-02-27 21:00:00,421.21,218.0,59.0,1.0,0.0,89.0,80.0,5.0
10150,2020-02-27 22:00:00,437.08,212.0,60.0,1.0,0.0,67.0,81.0,5.0
10151,2020-02-27 23:00:00,454.6,229.0,60.0,1.0,0.0,62.0,81.0,5.0
10152,2020-02-28 00:00:00,478.39,246.0,61.0,1.0,0.0,53.0,78.0,5.0
10153,2020-02-28 01:00:00,456.15,209.0,61.0,1.0,0.0,49.0,79.0,5.0
10154,2020-02-28 02:00:00,450.7,215.0,61.0,1.0,0.0,60.0,77.0,5.0
10155,2020-02-28 03:00:00,461.03,293.0,62.0,1.0,0.0,99.0,79.0,5.0
10156,2020-02-28 04:00:00,516.42,388.0,62.0,1.0,0.0,84.0,81.0,5.0
10157,2020-02-28 05:00:00,526.75,390.0,61.0,1.0,0.0,73.0,81.0,5.0
10158,2020-02-28 06:00:00,545.34,392.0,64.0,1.0,1.0,51.0,81.0,5.0
10159,2020-02-28 07:00:00,563.32,392.0,64.0,1.0,1.0,32.0,81.0,5.0
10160,2020-02-28 08:00:00,571.22,391.0,66.0,1.0,3.0,19.0,83.0,5.0
10161,2020-02-28 09:00:00,577.08,388.0,64.0,1.0,5.0,11.0,83.0,5.0
10162,2020-02-28 10:00:00,550.05,332.0,64.0,1.0,9.0,13.0,83.0,5.0
10163,2020-02-28 11:00:00,525.82,302.0,64.0,1.0,10.0,23.0,82.0,5.0
10164,2020-02-28 12:00:00,535.9,339.0,65.0,1.0,9.0,31.0,81.0,5.0
10165,2020-02-28 13:00:00,552.97,381.0,63.0,1.0,7.0,33.0,81.0,5.0
10166,2020-02-28 14:00:00,548.5,362.0,64.0,1.0,3.0,33.0,82.0,5.0
10167,2020-02-28 15:00:00,544.72,365.0,64.0,1.0,1.0,38.0,84.0,5.0
10168,2020-02-28 16:00:00,531.67,382.0,64.0,1.0,0.0,59.0,85.0,5.0
10169,2020-02-28 17:00:00,534.77,384.0,62.0,1.0,0.0,57.0,85.0,5.0
10170,2020-02-28 18:00:00,511.45,323.0,60.0,1.0,0.0,59.0,81.0,5.0
10171,2020-02-28 19:00:00,501.98,287.0,58.0,1.0,0.0,59.0,73.0,5.0
10172,2020-02-28 20:00:00,539.09,330.0,56.0,1.0,0.0,58.0,59.0,5.0
10173,2020-02-28 21:00:00,518.16,293.0,57.0,1.0,0.0,55.0,65.0,5.0
10174,2020-02-28 22:00:00,468.82,222.0,57.0,1.0,0.0,51.0,75.0,5.0
10175,2020-02-28 23:00:00,365.98,111.0,58.0,1.0,0.0,51.0,71.0,5.0
10176,2020-02-29 00:00:00,364.2,106.0,57.0,1.0,0.0,49.0,69.0,5.0
10177,2020-02-29 01:00:00,396.88,144.0,59.0,1.0,0.0,59.0,70.0,5.0
10178,2020-02-29 02:00:00,362.91,116.0,59.0,1.0,0.0,63.0,67.0,5.0
10179,2020-02-29 03:00:00,450.91,195.0,60.0,1.0,0.0,54.0,69.0,4.0
10180,2020-02-29 04:00:00,390.72,151.0,58.0,1.0,0.0,72.0,69.0,5.0
10181,2020-02-29 05:00:00,329.15,122.0,59.0,1.0,1.0,99.0,69.0,4.0
10182,2020-02-29 06:00:00,332.32,139.0,57.0,1.0,3.0,116.0,69.0,5.0
10183,2020-02-29 07:00:00,380.13,184.0,54.0,1.0,7.0,104.0,73.0,5.0
10184,2020-02-29 08:00:00,397.11,209.0,62.0,1.0,11.0,103.0,74.0,5.0
10185,2020-02-29 09:00:00,410.03,210.0,64.0,1.0,13.0,90.0,71.0,5.0
10186,2020-02-29 10:00:00,407.12,188.0,66.0,1.0,14.0,71.0,73.0,5.0
10187,2020-02-29 11:00:00,396.29,181.0,66.0,1.0,13.0,77.0,73.0,5.0
10188,2020-02-29 12:00:00,409.02,180.0,68.0,1.0,9.0,69.0,71.0,5.0
10189,2020-02-29 13:00:00,405.17,180.0,66.0,1.0,6.0,76.0,71.0,5.0
10190,2020-02-29 14:00:00,387.9,182.0,65.0,1.0,3.0,99.0,71.0,5.0
10191,2020-02-29 15:00:00,379.04,187.0,64.0,1.0,0.0,116.0,72.0,5.0
10192,2020-02-29 16:00:00,377.28,184.0,66.0,1.0,0.0,114.0,73.0,5.0
10193,2020-02-29 17:00:00,396.25,205.0,67.0,1.0,0.0,111.0,74.0,5.0
10194,2020-02-29 18:00:00,361.7,223.0,65.0,1.0,52.0,123.0,74.0,5.0
10195,2020-02-29 19:00:00,372.52,192.0,63.0,1.0,0.0,129.0,72.0,5.0
10196,2020-02-29 20:00:00,387.25,201.0,65.0,1.0,0.0,121.0,71.0,5.0
10197,2020-02-29 21:00:00,439.41,271.0,65.0,1.0,0.0,116.0,72.0,5.0
10198,2020-02-29 22:00:00,455.19,285.0,65.0,1.0,0.0,108.0,71.0,5.0
10199,2020-02-29 23:00:00,447.93,268.0,64.0,1.0,0.0,99.0,77.0,5.0
10200,2020-03-01 00:00:00,444.18,268.0,66.0,1.0,0.0,97.0,83.0,5.0
10201,2020-03-01 01:00:00,432.93,266.0,66.0,1.0,0.0,105.0,87.0,5.0
10202,2020-03-01 02:00:00,435.1,268.0,65.0,1.0,0.0,108.0,83.0,5.0
10203,2020-03-01 03:00:00,436.75,268.0,65.0,1.0,0.0,104.0,85.0,5.0
10204,2020-03-01 04:00:00,434.98,268.0,66.0,1.0,0.0,106.0,85.0,5.0
10205,2020-03-01 05:00:00,431.23,267.0,65.0,1.0,0.0,110.0,85.0,5.0
10206,2020-03-01 06:00:00,418.8,266.0,65.0,1.0,0.0,125.0,85.0,5.0
10207,2020-03-01 07:00:00,401.83,267.0,65.0,1.0,1.0,148.0,85.0,5.0
10208,2020-03-01 08:00:00,394.97,267.0,64.0,1.0,2.0,158.0,84.0,5.0
10209,2020-03-01 09:00:00,401.84,276.0,65.0,1.0,5.0,151.0,86.0,5.0
10210,2020-03-01 10:00:00,365.78,275.0,65.0,1.0,9.0,204.0,86.0,5.0
10211,2020-03-01 11:00:00,345.78,263.0,66.0,1.0,13.0,223.0,86.0,5.0
10212,2020-03-01 12:00:00,347.78,273.0,65.0,1.0,18.0,226.0,86.0,5.0
10213,2020-03-01 13:00:00,337.24,272.0,67.0,1.0,18.0,244.0,88.0,5.0
10214,2020-03-01 14:00:00,345.29,268.0,67.0,1.0,8.0,233.0,88.0,5.0
10215,2020-03-01 15:00:00,343.42,270.0,66.0,1.0,1.0,245.0,89.0,5.0
10216,2020-03-01 16:00:00,340.53,275.0,67.0,1.0,0.0,257.0,90.0,5.0
10217,2020-03-01 17:00:00,361.19,321.0,66.0,1.0,0.0,268.0,90.0,5.0
10218,2020-03-01 18:00:00,358.09,309.0,65.0,1.0,0.0,262.0,89.0,5.0
10219,2020-03-01 19:00:00,340.09,271.0,64.0,1.0,0.0,254.0,88.0,4.0
10220,2020-03-01 20:00:00,345.01,275.0,63.0,1.0,0.0,251.0,86.0,4.0
10221,2020-03-01 21:00:00,348.64,275.0,64.0,1.0,0.0,243.0,87.0,4.0
10222,2020-03-01 22:00:00,357.57,274.0,63.0,1.0,0.0,225.0,87.0,4.0
10223,2020-03-01 23:00:00,377.24,280.0,62.0,1.0,0.0,198.0,86.0,4.0
10224,2020-03-02 00:00:00,375.32,273.0,66.0,1.0,0.0,196.0,84.0,4.0
10225,2020-03-02 01:00:00,402.13,306.0,63.0,1.0,0.0,181.0,87.0,4.0
10226,2020-03-02 02:00:00,414.56,314.0,67.0,1.0,0.0,170.0,85.0,4.0
10227,2020-03-02 03:00:00,435.71,337.0,67.0,1.0,0.0,155.0,86.0,4.0
10228,2020-03-02 04:00:00,466.4,397.0,67.0,1.0,0.0,150.0,86.0,4.0
10229,2020-03-02 05:00:00,481.88,402.0,68.0,1.0,1.0,129.0,86.0,4.0
10230,2020-03-02 06:00:00,494.16,413.0,67.0,1.0,7.0,114.0,84.0,4.0
10231,2020-03-02 07:00:00,494.9,428.0,67.0,1.0,16.0,111.0,85.0,4.0
10232,2020-03-02 08:00:00,489.11,448.0,65.0,1.0,29.0,114.0,89.0,4.0
10233,2020-03-02 09:00:00,479.84,439.0,66.0,1.0,42.0,110.0,89.0,4.0
10234,2020-03-02 10:00:00,492.66,481.0,67.0,1.0,53.0,99.0,92.0,4.0
10235,2020-03-02 11:00:00,500.66,495.0,69.0,1.0,49.0,95.0,94.0,4.0
10236,2020-03-02 12:00:00,534.05,533.0,71.0,1.0,41.0,70.0,92.0,4.0
10237,2020-03-02 13:00:00,562.25,554.0,70.0,1.0,27.0,53.0,90.0,4.0
10238,2020-03-02 14:00:00,571.97,506.0,69.0,1.0,11.0,40.0,90.0,4.0
10239,2020-03-02 15:00:00,587.52,528.0,70.0,1.0,1.0,38.0,89.0,4.0
10240,2020-03-02 16:00:00,590.48,566.0,68.0,1.0,0.0,43.0,93.0,4.0
10241,2020-03-02 17:00:00,590.26,579.0,68.0,1.0,0.0,46.0,94.0,5.0
10242,2020-03-02 18:00:00,574.93,506.0,67.0,1.0,0.0,42.0,96.0,5.0
10243,2020-03-02 19:00:00,566.15,455.0,66.0,1.0,0.0,37.0,95.0,5.0
10244,2020-03-02 20:00:00,544.05,380.0,66.0,1.0,0.0,36.0,93.0,5.0
10245,2020-03-02 21:00:00,533.62,369.0,65.0,1.0,0.0,40.0,96.0,5.0
10246,2020-03-02 22:00:00,529.19,371.0,64.0,1.0,0.0,46.0,96.0,5.0
10247,2020-03-02 23:00:00,535.1,403.0,64.0,1.0,0.0,54.0,95.0,5.0
10248,2020-03-03 00:00:00,548.61,428.0,65.0,1.0,0.0,51.0,92.0,5.0
10249,2020-03-03 01:00:00,521.91,372.0,66.0,1.0,0.0,56.0,94.0,5.0
10250,2020-03-03 02:00:00,537.43,411.0,66.0,1.0,0.0,57.0,92.0,5.0
10251,2020-03-03 03:00:00,534.55,429.0,66.0,1.0,0.0,66.0,94.0,5.0
10252,2020-03-03 04:00:00,555.86,498.0,66.0,1.0,0.0,68.0,92.0,5.0
10253,2020-03-03 05:00:00,563.48,554.0,65.0,1.0,1.0,73.0,96.0,5.0
10254,2020-03-03 06:00:00,582.29,575.0,67.0,1.0,2.0,52.0,96.0,5.0
10255,2020-03-03 07:00:00,590.89,561.0,68.0,1.0,4.0,36.0,94.0,5.0
10256,2020-03-03 08:00:00,591.44,560.0,68.0,1.0,7.0,32.0,94.0,5.0
10257,2020-03-03 09:00:00,588.35,559.0,70.0,1.0,10.0,30.0,96.0,5.0
10258,2020-03-03 10:00:00,591.64,553.0,70.0,1.0,10.0,23.0,97.0,5.0
10259,2020-03-03 11:00:00,598.95,554.0,70.0,1.0,9.0,15.0,97.0,5.0
10260,2020-03-03 12:00:00,605.65,560.0,68.0,1.0,8.0,11.0,96.0,5.0
10261,2020-03-03 13:00:00,602.71,556.0,67.0,1.0,5.0,17.0,96.0,5.0
10262,2020-03-03 14:00:00,596.1,560.0,68.0,1.0,2.0,28.0,97.0,5.0
10263,2020-03-03 15:00:00,580.39,546.0,66.0,1.0,1.0,46.0,97.0,5.0
10264,2020-03-03 16:00:00,576.71,557.0,67.0,1.0,0.0,55.0,97.0,5.0
10265,2020-03-03 17:00:00,577.23,561.0,63.0,1.0,0.0,59.0,95.0,5.0
10266,2020-03-03 18:00:00,562.62,541.0,64.0,1.0,0.0,71.0,96.0,5.0
10267,2020-03-03 19:00:00,571.12,557.0,66.0,1.0,0.0,66.0,94.0,5.0
10268,2020-03-03 20:00:00,543.92,461.0,67.0,1.0,0.0,70.0,91.0,5.0
10269,2020-03-03 21:00:00,491.73,318.0,66.0,1.0,0.0,81.0,76.0,5.0
10270,2020-03-03 22:00:00,454.96,253.0,64.0,1.0,0.0,81.0,77.0,5.0
10271,2020-03-03 23:00:00,441.2,238.0,65.0,1.0,0.0,83.0,79.0,5.0
10272,2020-03-04 00:00:00,416.79,235.0,66.0,1.0,0.0,108.0,79.0,5.0
10273,2020-03-04 01:00:00,403.81,234.0,66.0,1.0,0.0,120.0,82.0,5.0
10274,2020-03-04 02:00:00,381.31,239.0,64.0,1.0,0.0,156.0,81.0,5.0
10275,2020-03-04 03:00:00,362.34,243.0,65.0,1.0,0.0,187.0,83.0,5.0
10276,2020-03-04 04:00:00,337.45,230.0,64.0,1.0,0.0,214.0,82.0,4.0
10277,2020-03-04 05:00:00,385.94,317.0,65.0,1.0,0.0,225.0,81.0,5.0
10278,2020-03-04 06:00:00,428.29,410.0,68.0,1.0,1.0,226.0,82.0,5.0
10279,2020-03-04 07:00:00,436.82,412.0,68.0,1.0,1.0,212.0,82.0,5.0
10280,2020-03-04 08:00:00,427.05,412.0,67.0,1.0,2.0,228.0,83.0,5.0
10281,2020-03-04 09:00:00,427.38,417.0,69.0,1.0,2.0,231.0,83.0,5.0
10282,2020-03-04 10:00:00,444.53,417.0,68.0,1.0,2.0,201.0,82.0,5.0
10283,2020-03-04 11:00:00,445.54,411.0,68.0,1.0,3.0,193.0,83.0,5.0
10284,2020-03-04 12:00:00,444.38,415.0,67.0,1.0,3.0,199.0,82.0,5.0
10285,2020-03-04 13:00:00,454.43,418.0,56.0,1.0,2.0,187.0,82.0,5.0
10286,2020-03-04 14:00:00,466.63,416.0,42.0,1.0,1.0,169.0,83.0,5.0
10287,2020-03-04 15:00:00,468.46,415.0,40.0,1.0,0.0,168.0,82.0,5.0
10288,2020-03-04 16:00:00,475.95,417.0,40.0,1.0,0.0,156.0,84.0,5.0
10289,2020-03-04 17:00:00,481.62,418.0,37.0,1.0,0.0,146.0,87.0,5.0
10290,2020-03-04 18:00:00,491.64,410.0,39.0,1.0,0.0,126.0,88.0,5.0
10291,2020-03-04 19:00:00,506.97,409.0,40.0,1.0,0.0,106.0,87.0,5.0
10292,2020-03-04 20:00:00,487.74,335.0,41.0,1.0,0.0,91.0,86.0,5.0
10293,2020-03-04 21:00:00,453.07,263.0,41.0,1.0,0.0,85.0,86.0,5.0
10294,2020-03-04 22:00:00,468.73,276.0,41.0,1.0,0.0,77.0,86.0,5.0
10295,2020-03-04 23:00:00,445.32,233.0,42.0,1.0,0.0,73.0,85.0,5.0
10296,2020-03-05 00:00:00,472.59,258.0,46.0,1.0,0.0,63.0,84.0,5.0
10297,2020-03-05 01:00:00,476.22,237.0,55.0,1.0,0.0,48.0,81.0,5.0
10298,2020-03-05 02:00:00,485.79,239.0,58.0,1.0,0.0,42.0,79.0,5.0
10299,2020-03-05 03:00:00,485.72,241.0,42.0,1.0,0.0,43.0,83.0,5.0
10300,2020-03-05 04:00:00,532.7,323.0,40.0,1.0,0.0,41.0,84.0,5.0
10301,2020-03-05 05:00:00,565.13,410.0,39.0,1.0,1.0,43.0,83.0,5.0
10302,2020-03-05 06:00:00,565.82,417.0,41.0,1.0,2.0,43.0,83.0,5.0
10303,2020-03-05 07:00:00,555.8,407.0,41.0,1.0,4.0,48.0,83.0,5.0
10304,2020-03-05 08:00:00,553.81,404.0,44.0,1.0,6.0,47.0,82.0,5.0
10305,2020-03-05 09:00:00,557.72,397.0,45.0,1.0,9.0,38.0,81.0,5.0
10306,2020-03-05 10:00:00,553.64,399.0,51.0,1.0,12.0,37.0,82.0,5.0
10307,2020-03-05 11:00:00,540.92,399.0,66.0,1.0,12.0,48.0,80.0,4.0
10308,2020-03-05 12:00:00,532.05,397.0,64.0,1.0,14.0,61.0,75.0,5.0
10309,2020-03-05 13:00:00,525.48,390.0,66.0,1.0,12.0,61.0,81.0,5.0
10310,2020-03-05 14:00:00,525.21,360.0,42.0,1.0,8.0,55.0,85.0,5.0
10311,2020-03-05 15:00:00,528.34,399.0,38.0,1.0,2.0,75.0,86.0,5.0
10312,2020-03-05 16:00:00,512.04,414.0,40.0,1.0,0.0,102.0,87.0,5.0
10313,2020-03-05 17:00:00,485.6,400.0,46.0,1.0,0.0,127.0,88.0,5.0
10314,2020-03-05 18:00:00,490.51,403.0,54.0,1.0,0.0,120.0,88.0,5.0
10315,2020-03-05 19:00:00,481.6,383.0,62.0,1.0,0.0,121.0,86.0,5.0
10316,2020-03-05 20:00:00,468.08,324.0,63.0,1.0,0.0,105.0,84.0,5.0
10317,2020-03-05 21:00:00,408.87,234.0,63.0,1.0,0.0,111.0,85.0,5.0
10318,2020-03-05 22:00:00,415.97,249.0,62.0,1.0,0.0,116.0,84.0,5.0
10319,2020-03-05 23:00:00,436.55,274.0,63.0,1.0,0.0,110.0,84.0,5.0
10320,2020-03-06 00:00:00,412.27,246.0,63.0,1.0,0.0,119.0,83.0,5.0
10321,2020-03-06 01:00:00,444.31,279.0,64.0,1.0,0.0,104.0,84.0,5.0
10322,2020-03-06 02:00:00,431.0,273.0,64.0,1.0,0.0,119.0,81.0,5.0
10323,2020-03-06 03:00:00,428.73,249.0,64.0,1.0,0.0,102.0,82.0,4.0
10324,2020-03-06 04:00:00,473.61,322.0,62.0,1.0,0.0,101.0,80.0,4.0
10325,2020-03-06 05:00:00,513.25,396.0,64.0,1.0,2.0,89.0,81.0,4.0
10326,2020-03-06 06:00:00,530.46,411.0,67.0,1.0,10.0,65.0,82.0,5.0
10327,2020-03-06 07:00:00,535.53,411.0,70.0,1.0,19.0,47.0,84.0,5.0
10328,2020-03-06 08:00:00,527.78,402.0,68.0,1.0,30.0,38.0,88.0,5.0
10329,2020-03-06 09:00:00,522.12,408.0,70.0,1.0,37.0,41.0,87.0,5.0
10330,2020-03-06 10:00:00,511.64,370.0,69.0,1.0,40.0,36.0,84.0,4.0
10331,2020-03-06 11:00:00,533.69,398.0,72.0,1.0,37.0,28.0,81.0,4.0
10332,2020-03-06 12:00:00,527.05,362.0,72.0,1.0,33.0,25.0,80.0,5.0
10333,2020-03-06 13:00:00,559.04,403.0,71.0,1.0,23.0,15.0,82.0,5.0
10334,2020-03-06 14:00:00,570.51,394.0,68.0,1.0,12.0,10.0,84.0,5.0
10335,2020-03-06 15:00:00,578.11,383.0,68.0,1.0,3.0,7.0,85.0,5.0
10336,2020-03-06 16:00:00,589.05,408.0,68.0,1.0,0.0,7.0,85.0,5.0
10337,2020-03-06 17:00:00,591.97,414.0,65.0,1.0,0.0,6.0,86.0,5.0
10338,2020-03-06 18:00:00,577.76,367.0,66.0,1.0,0.0,6.0,85.0,5.0
10339,2020-03-06 19:00:00,567.24,330.0,61.0,1.0,0.0,7.0,83.0,5.0
10340,2020-03-06 20:00:00,560.23,307.0,43.0,1.0,0.0,11.0,83.0,5.0
10341,2020-03-06 21:00:00,527.59,269.0,40.0,1.0,0.0,21.0,85.0,5.0
10342,2020-03-06 22:00:00,499.22,240.0,43.0,1.0,0.0,31.0,83.0,5.0
10343,2020-03-06 23:00:00,514.1,271.0,40.0,1.0,0.0,35.0,83.0,5.0
10344,2020-03-07 00:00:00,517.21,279.0,44.0,1.0,0.0,34.0,84.0,5.0
10345,2020-03-07 01:00:00,507.08,256.0,42.0,1.0,0.0,31.0,85.0,5.0
10346,2020-03-07 02:00:00,514.29,271.0,43.0,1.0,0.0,36.0,81.0,5.0
10347,2020-03-07 03:00:00,504.79,272.0,42.0,1.0,0.0,43.0,83.0,5.0
10348,2020-03-07 04:00:00,486.66,266.0,43.0,1.0,0.0,55.0,84.0,5.0
10349,2020-03-07 05:00:00,469.76,248.0,44.0,1.0,1.0,60.0,83.0,5.0
10350,2020-03-07 06:00:00,471.35,239.0,44.0,1.0,5.0,50.0,82.0,5.0
10351,2020-03-07 07:00:00,469.07,236.0,45.0,1.0,9.0,45.0,83.0,5.0
10352,2020-03-07 08:00:00,485.5,241.0,47.0,1.0,14.0,27.0,84.0,5.0
10353,2020-03-07 09:00:00,493.61,238.0,49.0,1.0,16.0,17.0,83.0,5.0
10354,2020-03-07 10:00:00,520.96,282.0,48.0,1.0,18.0,16.0,81.0,5.0
10355,2020-03-07 11:00:00,536.26,292.0,49.0,1.0,18.0,15.0,73.0,5.0
10356,2020-03-07 12:00:00,534.42,275.0,47.0,1.0,16.0,15.0,70.0,5.0
10357,2020-03-07 13:00:00,519.35,262.0,45.0,1.0,10.0,21.0,77.0,5.0
10358,2020-03-07 14:00:00,504.84,237.0,43.0,1.0,5.0,21.0,82.0,5.0
10359,2020-03-07 15:00:00,500.74,239.0,44.0,1.0,1.0,24.0,87.0,5.0
10360,2020-03-07 16:00:00,515.39,254.0,43.0,1.0,0.0,20.0,88.0,5.0
10361,2020-03-07 17:00:00,524.13,267.0,43.0,1.0,0.0,19.0,88.0,5.0
10362,2020-03-07 18:00:00,517.03,251.0,44.0,1.0,0.0,17.0,88.0,5.0
10363,2020-03-07 19:00:00,513.18,239.0,45.0,1.0,0.0,14.0,88.0,5.0
10364,2020-03-07 20:00:00,520.04,240.0,46.0,1.0,0.0,11.0,86.0,5.0
10365,2020-03-07 21:00:00,521.61,236.0,46.0,1.0,0.0,8.0,86.0,5.0
10366,2020-03-07 22:00:00,528.16,237.0,45.0,1.0,0.0,5.0,85.0,5.0
10367,2020-03-07 23:00:00,528.6,240.0,45.0,1.0,0.0,5.0,86.0,5.0
10368,2020-03-08 00:00:00,530.83,240.0,43.0,1.0,0.0,6.0,84.0,5.0
10369,2020-03-08 01:00:00,533.27,241.0,42.0,1.0,0.0,5.0,84.0,5.0
10370,2020-03-08 02:00:00,533.86,238.0,43.0,1.0,0.0,5.0,82.0,5.0
10371,2020-03-08 03:00:00,532.67,240.0,42.0,1.0,0.0,5.0,84.0,5.0
10372,2020-03-08 04:00:00,535.82,242.0,44.0,1.0,0.0,5.0,82.0,5.0
10373,2020-03-08 05:00:00,531.38,240.0,45.0,1.0,2.0,5.0,82.0,5.0
10374,2020-03-08 06:00:00,517.76,240.0,45.0,1.0,10.0,8.0,81.0,5.0
10375,2020-03-08 07:00:00,490.35,239.0,46.0,1.0,24.0,12.0,84.0,5.0
10376,2020-03-08 08:00:00,488.16,268.0,46.0,1.0,36.0,15.0,87.0,5.0
10377,2020-03-08 09:00:00,455.77,242.0,47.0,1.0,45.0,20.0,88.0,5.0
10378,2020-03-08 10:00:00,436.32,238.0,47.0,1.0,56.0,26.0,88.0,5.0
10379,2020-03-08 11:00:00,429.17,241.0,47.0,1.0,59.0,34.0,87.0,5.0
10380,2020-03-08 12:00:00,423.53,237.0,48.0,1.0,49.0,46.0,88.0,5.0
10381,2020-03-08 13:00:00,437.02,239.0,47.0,1.0,34.0,49.0,87.0,5.0
10382,2020-03-08 14:00:00,459.72,239.0,48.0,1.0,17.0,45.0,85.0,5.0
10383,2020-03-08 15:00:00,469.73,238.0,48.0,1.0,4.0,46.0,87.0,5.0
10384,2020-03-08 16:00:00,458.19,238.0,47.0,1.0,0.0,60.0,88.0,5.0
10385,2020-03-08 17:00:00,456.65,272.0,46.0,1.0,0.0,83.0,89.0,4.0
10386,2020-03-08 18:00:00,424.08,239.0,45.0,1.0,0.0,96.0,88.0,4.0
10387,2020-03-08 19:00:00,414.49,241.0,45.0,1.0,0.0,110.0,87.0,5.0
10388,2020-03-08 20:00:00,392.32,237.0,43.0,1.0,0.0,136.0,85.0,5.0
10389,2020-03-08 21:00:00,390.01,238.0,42.0,1.0,0.0,138.0,87.0,5.0
10390,2020-03-08 22:00:00,385.53,236.0,42.0,1.0,1.0,142.0,86.0,5.0
10391,2020-03-08 23:00:00,386.13,241.0,43.0,1.0,0.0,149.0,84.0,5.0
10392,2020-03-09 00:00:00,389.59,246.0,45.0,1.0,0.0,150.0,83.0,5.0
10393,2020-03-09 01:00:00,343.64,195.0,44.0,1.0,0.0,158.0,84.0,5.0
10394,2020-03-09 02:00:00,282.91,132.0,43.0,1.0,0.0,160.0,80.0,5.0
10395,2020-03-09 03:00:00,282.61,130.0,46.0,1.0,0.0,155.0,83.0,5.0
10396,2020-03-09 04:00:00,285.72,133.0,48.0,1.0,1.0,156.0,82.0,5.0
10397,2020-03-09 05:00:00,275.15,129.0,50.0,1.0,4.0,163.0,82.0,5.0
10398,2020-03-09 06:00:00,271.17,129.0,49.0,1.0,14.0,158.0,83.0,5.0
10399,2020-03-09 07:00:00,261.11,128.0,49.0,1.0,27.0,156.0,87.0,5.0
10400,2020-03-09 08:00:00,253.08,129.0,46.0,1.0,40.0,158.0,87.0,5.0
10401,2020-03-09 09:00:00,250.42,132.0,48.0,1.0,43.0,167.0,87.0,5.0
10402,2020-03-09 10:00:00,345.9,234.0,51.0,1.0,43.0,155.0,88.0,5.0
10403,2020-03-09 11:00:00,394.59,299.0,51.0,1.0,38.0,148.0,89.0,5.0
10404,2020-03-09 12:00:00,431.09,346.0,47.0,1.0,28.0,144.0,86.0,5.0
10405,2020-03-09 13:00:00,458.02,350.0,47.0,1.0,17.0,126.0,79.0,5.0
10406,2020-03-09 14:00:00,443.66,309.0,47.0,1.0,8.0,126.0,79.0,5.0
10407,2020-03-09 15:00:00,471.87,344.0,47.0,1.0,2.0,115.0,83.0,5.0
10408,2020-03-09 16:00:00,476.87,342.0,45.0,1.0,0.0,108.0,85.0,5.0
10409,2020-03-09 17:00:00,468.29,342.0,39.0,1.0,0.0,120.0,85.0,5.0
10410,2020-03-09 18:00:00,452.44,325.0,40.0,1.0,0.0,129.0,85.0,5.0
10411,2020-03-09 19:00:00,407.19,242.0,41.0,1.0,0.0,122.0,85.0,5.0
10412,2020-03-09 20:00:00,405.41,234.0,43.0,1.0,0.0,120.0,82.0,5.0
10413,2020-03-09 21:00:00,395.5,236.0,43.0,1.0,0.0,133.0,83.0,5.0
10414,2020-03-09 22:00:00,389.36,236.0,41.0,1.0,0.0,141.0,83.0,5.0
10415,2020-03-09 23:00:00,399.39,238.0,42.0,1.0,0.0,129.0,84.0,5.0
10416,2020-03-10 00:00:00,421.06,239.0,43.0,1.0,0.0,105.0,83.0,5.0
10417,2020-03-10 01:00:00,422.71,236.0,41.0,1.0,0.0,101.0,83.0,5.0
10418,2020-03-10 02:00:00,423.54,237.0,40.0,1.0,0.0,104.0,80.0,5.0
10419,2020-03-10 03:00:00,436.69,251.0,42.0,1.0,0.0,97.0,83.0,5.0
10420,2020-03-10 04:00:00,426.83,237.0,43.0,1.0,0.0,99.0,81.0,5.0
10421,2020-03-10 05:00:00,470.88,323.0,44.0,1.0,3.0,106.0,80.0,5.0
10422,2020-03-10 06:00:00,473.72,358.0,43.0,1.0,10.0,115.0,82.0,5.0
10423,2020-03-10 07:00:00,453.23,337.0,46.0,1.0,17.0,115.0,88.0,5.0
10424,2020-03-10 08:00:00,444.66,343.0,40.0,1.0,22.0,129.0,86.0,5.0
10425,2020-03-10 09:00:00,461.27,392.0,46.0,1.0,21.0,136.0,88.0,5.0
10426,2020-03-10 10:00:00,461.44,393.0,48.0,1.0,14.0,141.0,90.0,5.0
10427,2020-03-10 11:00:00,463.77,385.0,50.0,1.0,8.0,140.0,88.0,5.0
10428,2020-03-10 12:00:00,478.32,389.0,49.0,1.0,5.0,128.0,85.0,5.0
10429,2020-03-10 13:00:00,490.43,396.0,51.0,1.0,4.0,118.0,83.0,5.0
10430,2020-03-10 14:00:00,466.17,374.0,48.0,1.0,2.0,138.0,86.0,5.0
10431,2020-03-10 15:00:00,486.28,391.0,46.0,1.0,1.0,120.0,88.0,5.0
10432,2020-03-10 16:00:00,496.34,382.0,46.0,1.0,0.0,103.0,88.0,5.0
10433,2020-03-10 17:00:00,524.47,399.0,43.0,1.0,0.0,79.0,87.0,5.0
10434,2020-03-10 18:00:00,503.13,322.0,42.0,1.0,0.0,65.0,88.0,5.0
10435,2020-03-10 19:00:00,458.31,273.0,57.0,1.0,0.0,81.0,88.0,5.0
10436,2020-03-10 20:00:00,428.23,241.0,62.0,1.0,0.0,93.0,86.0,5.0
10437,2020-03-10 21:00:00,413.1,232.0,65.0,1.0,0.0,103.0,86.0,5.0
10438,2020-03-10 22:00:00,400.51,235.0,67.0,1.0,0.0,122.0,85.0,5.0
10439,2020-03-10 23:00:00,394.65,243.0,68.0,1.0,0.0,137.0,85.0,5.0
10440,2020-03-11 00:00:00,396.37,238.0,69.0,1.0,0.0,133.0,82.0,5.0
10441,2020-03-11 01:00:00,390.62,234.0,69.0,1.0,0.0,137.0,82.0,5.0
10442,2020-03-11 02:00:00,392.85,233.0,70.0,1.0,0.0,135.0,80.0,5.0
10443,2020-03-11 03:00:00,380.51,232.0,70.0,1.0,0.0,148.0,83.0,5.0
10444,2020-03-11 04:00:00,369.23,224.0,70.0,1.0,0.0,157.0,82.0,5.0
10445,2020-03-11 05:00:00,375.65,232.0,68.0,1.0,1.0,157.0,80.0,5.0
10446,2020-03-11 06:00:00,427.39,303.0,71.0,1.0,3.0,143.0,81.0,5.0
10447,2020-03-11 07:00:00,479.19,400.0,72.0,1.0,6.0,131.0,81.0,5.0
10448,2020-03-11 08:00:00,480.89,378.0,71.0,1.0,7.0,116.0,80.0,5.0
10449,2020-03-11 09:00:00,460.46,323.0,68.0,1.0,5.0,112.0,80.0,5.0
10450,2020-03-11 10:00:00,445.52,308.0,70.0,1.0,6.0,120.0,80.0,5.0
10451,2020-03-11 11:00:00,451.26,347.0,71.0,1.0,7.0,136.0,82.0,5.0
10452,2020-03-11 12:00:00,430.35,323.0,72.0,1.0,6.0,151.0,81.0,5.0
10453,2020-03-11 13:00:00,397.0,275.0,69.0,1.0,4.0,165.0,79.0,5.0
10454,2020-03-11 14:00:00,397.56,288.0,69.0,1.0,2.0,176.0,81.0,5.0
10455,2020-03-11 15:00:00,412.24,342.0,73.0,1.0,1.0,198.0,83.0,5.0
10456,2020-03-11 16:00:00,367.26,283.0,71.0,1.0,0.0,221.0,84.0,5.0
10457,2020-03-11 17:00:00,248.79,134.0,70.0,1.0,0.0,231.0,84.0,5.0
10458,2020-03-11 18:00:00,252.43,137.0,69.0,1.0,0.0,229.0,84.0,5.0
10459,2020-03-11 19:00:00,245.85,131.0,68.0,1.0,0.0,230.0,84.0,5.0
10460,2020-03-11 20:00:00,247.12,120.0,67.0,1.0,0.0,207.0,81.0,5.0
10461,2020-03-11 21:00:00,245.18,127.0,66.0,1.0,0.0,224.0,82.0,5.0
10462,2020-03-11 22:00:00,235.31,115.0,67.0,1.0,0.0,219.0,82.0,5.0
10463,2020-03-11 23:00:00,241.42,128.0,66.0,1.0,0.0,235.0,81.0,5.0
10464,2020-03-12 00:00:00,238.27,116.0,65.0,1.0,0.0,218.0,78.0,5.0
10465,2020-03-12 01:00:00,230.5,113.0,66.0,1.0,0.0,228.0,78.0,5.0
10466,2020-03-12 02:00:00,240.8,116.0,67.0,1.0,0.0,214.0,78.0,5.0
10467,2020-03-12 03:00:00,255.7,115.0,67.0,1.0,0.0,181.0,81.0,5.0
10468,2020-03-12 04:00:00,263.39,119.0,66.0,1.0,0.0,178.0,78.0,5.0
10469,2020-03-12 05:00:00,253.91,113.0,65.0,1.0,2.0,178.0,79.0,4.0
10470,2020-03-12 06:00:00,270.5,134.0,68.0,1.0,4.0,188.0,79.0,4.0
10471,2020-03-12 07:00:00,284.39,140.0,69.0,1.0,7.0,175.0,76.0,4.0
10472,2020-03-12 08:00:00,304.1,155.0,70.0,1.0,11.0,164.0,76.0,5.0
10473,2020-03-12 09:00:00,329.73,182.0,72.0,1.0,14.0,158.0,77.0,5.0
10474,2020-03-12 10:00:00,307.61,179.0,71.0,1.0,14.0,190.0,77.0,5.0
10475,2020-03-12 11:00:00,360.67,235.0,71.0,1.0,18.0,169.0,77.0,5.0
10476,2020-03-12 12:00:00,390.9,277.0,73.0,1.0,12.0,167.0,80.0,5.0
10477,2020-03-12 13:00:00,397.06,284.0,71.0,1.0,7.0,170.0,79.0,5.0
10478,2020-03-12 14:00:00,408.02,295.0,70.0,1.0,3.0,168.0,78.0,5.0
10479,2020-03-12 15:00:00,379.23,269.0,69.0,1.0,1.0,185.0,84.0,5.0
10480,2020-03-12 16:00:00,361.58,250.0,68.0,1.0,0.0,193.0,86.0,5.0
10481,2020-03-12 17:00:00,376.82,269.0,65.0,1.0,0.0,186.0,88.0,5.0
10482,2020-03-12 18:00:00,402.64,267.0,63.0,1.0,0.0,147.0,86.0,5.0
10483,2020-03-12 19:00:00,413.48,236.0,64.0,1.0,0.0,106.0,86.0,5.0
10484,2020-03-12 20:00:00,403.36,241.0,63.0,1.0,0.0,126.0,83.0,5.0
10485,2020-03-12 21:00:00,362.25,252.0,64.0,1.0,0.0,196.0,84.0,5.0
10486,2020-03-12 22:00:00,311.31,201.0,64.0,1.0,0.0,222.0,83.0,5.0
10487,2020-03-12 23:00:00,252.47,126.0,63.0,1.0,0.0,208.0,80.0,5.0
10488,2020-03-13 00:00:00,251.49,131.0,63.0,1.0,0.0,222.0,78.0,5.0
10489,2020-03-13 01:00:00,250.01,131.0,61.0,1.0,0.0,223.0,79.0,5.0
10490,2020-03-13 02:00:00,245.87,132.0,58.0,1.0,0.0,234.0,77.0,5.0
10491,2020-03-13 03:00:00,237.2,130.0,56.0,1.0,0.0,243.0,81.0,5.0
10492,2020-03-13 04:00:00,232.19,123.0,59.0,1.0,0.0,241.0,80.0,5.0
10493,2020-03-13 05:00:00,236.7,121.0,61.0,1.0,3.0,224.0,81.0,5.0
10494,2020-03-13 06:00:00,256.71,127.0,63.0,1.0,8.0,193.0,81.0,5.0
10495,2020-03-13 07:00:00,266.33,132.0,63.0,1.0,16.0,177.0,81.0,5.0
10496,2020-03-13 08:00:00,257.48,127.0,64.0,1.0,21.0,178.0,82.0,5.0
10497,2020-03-13 09:00:00,263.1,127.0,67.0,1.0,26.0,159.0,87.0,5.0
10498,2020-03-13 10:00:00,256.58,130.0,65.0,1.0,30.0,170.0,89.0,5.0
10499,2020-03-13 11:00:00,255.74,132.0,66.0,1.0,29.0,177.0,89.0,5.0
10500,2020-03-13 12:00:00,248.4,127.0,61.0,1.0,28.0,180.0,89.0,5.0
10501,2020-03-13 13:00:00,247.53,131.0,61.0,1.0,21.0,200.0,86.0,5.0
10502,2020-03-13 14:00:00,252.55,134.0,61.0,1.0,9.0,209.0,85.0,5.0
10503,2020-03-13 15:00:00,262.08,129.0,63.0,1.0,2.0,188.0,86.0,5.0
10504,2020-03-13 16:00:00,296.06,135.0,63.0,1.0,0.0,145.0,86.0,5.0
10505,2020-03-13 17:00:00,297.83,136.0,59.0,1.0,0.0,143.0,86.0,5.0
10506,2020-03-13 18:00:00,285.24,138.0,58.0,1.0,0.0,167.0,84.0,5.0
10507,2020-03-13 19:00:00,281.32,138.0,57.0,1.0,0.0,174.0,83.0,5.0
10508,2020-03-13 20:00:00,266.68,119.0,57.0,1.0,0.0,168.0,79.0,5.0
10509,2020-03-13 21:00:00,285.48,128.0,58.0,1.0,0.0,154.0,80.0,5.0
10510,2020-03-13 22:00:00,286.65,123.0,58.0,1.0,0.0,143.0,81.0,5.0
10511,2020-03-13 23:00:00,292.79,122.0,55.0,1.0,0.0,132.0,81.0,5.0
10512,2020-03-14 00:00:00,340.26,126.0,55.0,1.0,0.0,84.0,78.0,4.0
10513,2020-03-14 01:00:00,367.17,125.0,56.0,1.0,0.0,57.0,79.0,5.0
10514,2020-03-14 02:00:00,332.87,124.0,56.0,1.0,0.0,92.0,76.0,5.0
10515,2020-03-14 03:00:00,301.26,128.0,55.0,1.0,0.0,133.0,78.0,5.0
10516,2020-03-14 04:00:00,300.84,131.0,54.0,1.0,1.0,134.0,80.0,4.0
10517,2020-03-14 05:00:00,276.53,136.0,53.0,1.0,5.0,174.0,80.0,4.0
10518,2020-03-14 06:00:00,258.16,124.0,55.0,1.0,17.0,172.0,81.0,5.0
10519,2020-03-14 07:00:00,244.07,130.0,57.0,1.0,33.0,192.0,85.0,5.0
10520,2020-03-14 08:00:00,226.66,130.0,56.0,1.0,52.0,209.0,87.0,5.0
10521,2020-03-14 09:00:00,217.67,130.0,57.0,1.0,61.0,224.0,86.0,5.0
10522,2020-03-14 10:00:00,222.4,130.0,57.0,1.0,60.0,212.0,87.0,5.0
10523,2020-03-14 11:00:00,225.53,131.0,59.0,1.0,58.0,211.0,86.0,5.0
10524,2020-03-14 12:00:00,221.86,130.0,58.0,1.0,46.0,230.0,85.0,5.0
10525,2020-03-14 13:00:00,223.48,130.0,58.0,1.0,30.0,242.0,85.0,5.0
10526,2020-03-14 14:00:00,233.55,133.0,58.0,1.0,15.0,241.0,84.0,5.0
10527,2020-03-14 15:00:00,247.65,134.0,57.0,1.0,4.0,222.0,85.0,5.0
10528,2020-03-14 16:00:00,246.64,133.0,59.0,1.0,0.0,227.0,85.0,5.0
10529,2020-03-14 17:00:00,239.99,129.0,60.0,1.0,0.0,233.0,85.0,5.0
10530,2020-03-14 18:00:00,246.1,126.0,60.0,1.0,0.0,214.0,85.0,5.0
10531,2020-03-14 19:00:00,259.46,124.0,58.0,1.0,0.0,186.0,83.0,5.0
10532,2020-03-14 20:00:00,280.8,126.0,59.0,1.0,0.0,158.0,80.0,5.0
10533,2020-03-14 21:00:00,300.41,126.0,59.0,1.0,0.0,130.0,80.0,5.0
10534,2020-03-14 22:00:00,328.58,128.0,57.0,1.0,0.0,98.0,80.0,5.0
10535,2020-03-14 23:00:00,366.2,127.0,56.0,1.0,0.0,59.0,80.0,5.0
10536,2020-03-15 00:00:00,402.07,133.0,57.0,1.0,0.0,39.0,76.0,5.0
10537,2020-03-15 01:00:00,415.71,137.0,58.0,1.0,0.0,32.0,76.0,5.0
10538,2020-03-15 02:00:00,397.67,126.0,58.0,1.0,0.0,40.0,72.0,5.0
10539,2020-03-15 03:00:00,355.16,125.0,58.0,1.0,0.0,71.0,76.0,5.0
10540,2020-03-15 04:00:00,334.43,126.0,57.0,1.0,1.0,91.0,77.0,5.0
10541,2020-03-15 05:00:00,301.57,126.0,57.0,1.0,9.0,120.0,79.0,5.0
10542,2020-03-15 06:00:00,283.2,124.0,59.0,1.0,29.0,123.0,79.0,5.0
10543,2020-03-15 07:00:00,260.42,126.0,60.0,1.0,49.0,141.0,82.0,5.0
10544,2020-03-15 08:00:00,230.2,129.0,57.0,1.0,65.0,187.0,86.0,5.0
10545,2020-03-15 09:00:00,212.09,129.0,58.0,1.0,72.0,227.0,85.0,5.0
10546,2020-03-15 10:00:00,214.48,135.0,61.0,1.0,73.0,236.0,86.0,5.0
10547,2020-03-15 11:00:00,201.34,129.0,63.0,1.0,72.0,260.0,87.0,5.0
10548,2020-03-15 12:00:00,201.32,130.0,62.0,1.0,64.0,271.0,86.0,5.0
10549,2020-03-15 13:00:00,210.01,133.0,63.0,1.0,47.0,271.0,86.0,5.0
10550,2020-03-15 14:00:00,214.04,127.0,64.0,1.0,26.0,269.0,83.0,5.0
10551,2020-03-15 15:00:00,222.53,126.0,60.0,1.0,7.0,258.0,86.0,5.0
10552,2020-03-15 16:00:00,222.84,127.0,59.0,1.0,1.0,264.0,87.0,5.0
10553,2020-03-15 17:00:00,218.8,129.0,59.0,1.0,0.0,280.0,87.0,5.0
10554,2020-03-15 18:00:00,220.38,132.0,60.0,1.0,0.0,284.0,87.0,5.0
10555,2020-03-15 19:00:00,216.79,130.0,58.0,1.0,0.0,288.0,86.0,5.0
10556,2020-03-15 20:00:00,218.71,130.0,58.0,1.0,0.0,285.0,84.0,5.0
10557,2020-03-15 21:00:00,219.76,130.0,59.0,1.0,0.0,281.0,86.0,5.0
10558,2020-03-15 22:00:00,226.12,135.0,59.0,1.0,0.0,276.0,87.0,5.0
10559,2020-03-15 23:00:00,219.76,130.0,59.0,1.0,0.0,282.0,85.0,5.0
10560,2020-03-16 00:00:00,218.68,129.0,60.0,1.0,0.0,285.0,83.0,5.0
10561,2020-03-16 01:00:00,215.89,126.0,59.0,1.0,0.0,284.0,83.0,5.0
10562,2020-03-16 02:00:00,223.45,134.0,57.0,1.0,0.0,286.0,80.0,5.0
10563,2020-03-16 03:00:00,226.26,136.0,59.0,1.0,0.0,283.0,82.0,5.0
10564,2020-03-16 04:00:00,221.9,131.0,59.0,1.0,0.0,283.0,81.0,5.0
10565,2020-03-16 05:00:00,221.7,129.0,61.0,1.0,2.0,278.0,81.0,5.0
10566,2020-03-16 06:00:00,223.56,129.0,62.0,1.0,5.0,271.0,81.0,5.0
10567,2020-03-16 07:00:00,231.38,135.0,62.0,1.0,13.0,257.0,82.0,5.0
10568,2020-03-16 08:00:00,232.01,126.0,62.0,1.0,17.0,225.0,88.0,5.0
10569,2020-03-16 09:00:00,257.12,132.0,63.0,1.0,14.0,188.0,89.0,5.0
10570,2020-03-16 10:00:00,290.06,135.0,63.0,1.0,8.0,146.0,86.0,5.0
10571,2020-03-16 11:00:00,303.01,126.0,61.0,1.0,7.0,117.0,83.0,5.0
10572,2020-03-16 12:00:00,333.0,130.0,60.0,1.0,5.0,88.0,83.0,5.0
10573,2020-03-16 13:00:00,359.3,132.0,60.0,1.0,3.0,66.0,82.0,5.0
10574,2020-03-16 14:00:00,355.23,132.0,60.0,1.0,2.0,69.0,84.0,5.0
10575,2020-03-16 15:00:00,344.86,129.0,60.0,1.0,2.0,74.0,86.0,5.0
10576,2020-03-16 16:00:00,348.03,130.0,61.0,1.0,0.0,74.0,86.0,5.0
10577,2020-03-16 17:00:00,343.73,138.0,59.0,1.0,0.0,87.0,87.0,5.0
10578,2020-03-16 18:00:00,309.62,132.0,60.0,1.0,0.0,120.0,87.0,5.0
10579,2020-03-16 19:00:00,321.01,128.0,59.0,1.0,0.0,101.0,86.0,5.0
10580,2020-03-16 20:00:00,331.48,128.0,59.0,1.0,0.0,92.0,83.0,5.0
10581,2020-03-16 21:00:00,343.55,128.0,58.0,1.0,0.0,78.0,84.0,5.0
10582,2020-03-16 22:00:00,364.4,131.0,58.0,1.0,0.0,60.0,85.0,5.0
10583,2020-03-16 23:00:00,384.73,129.0,60.0,1.0,0.0,40.0,85.0,5.0
10584,2020-03-17 00:00:00,404.04,128.0,58.0,1.0,0.0,26.0,83.0,5.0
10585,2020-03-17 01:00:00,419.71,132.0,58.0,1.0,0.0,17.0,84.0,5.0
10586,2020-03-17 02:00:00,428.64,135.0,59.0,1.0,0.0,16.0,81.0,5.0
10587,2020-03-17 03:00:00,416.18,135.0,58.0,1.0,0.0,23.0,83.0,5.0
10588,2020-03-17 04:00:00,400.62,135.0,56.0,1.0,1.0,36.0,81.0,5.0
10589,2020-03-17 05:00:00,359.63,127.0,56.0,1.0,6.0,57.0,82.0,5.0
10590,2020-03-17 06:00:00,348.35,127.0,59.0,1.0,18.0,55.0,83.0,5.0
10591,2020-03-17 07:00:00,331.8,125.0,61.0,1.0,25.0,62.0,84.0,5.0
10592,2020-03-17 08:00:00,314.68,128.0,61.0,1.0,40.0,72.0,83.0,5.0
10593,2020-03-17 09:00:00,271.86,127.0,62.0,1.0,55.0,111.0,89.0,5.0
10594,2020-03-17 10:00:00,249.62,126.0,64.0,1.0,56.0,150.0,88.0,5.0
10595,2020-03-17 11:00:00,249.91,128.0,65.0,1.0,45.0,168.0,85.0,5.0
10596,2020-03-17 12:00:00,248.58,125.0,64.0,1.0,29.0,181.0,84.0,5.0
10597,2020-03-17 13:00:00,248.92,128.0,63.0,1.0,15.0,200.0,84.0,5.0
10598,2020-03-17 14:00:00,252.45,129.0,65.0,1.0,7.0,206.0,82.0,5.0
10599,2020-03-17 15:00:00,245.61,126.0,64.0,1.0,2.0,215.0,85.0,5.0
10600,2020-03-17 16:00:00,249.21,130.0,64.0,1.0,0.0,217.0,86.0,5.0
10601,2020-03-17 17:00:00,252.02,134.0,63.0,1.0,0.0,219.0,86.0,5.0
10602,2020-03-17 18:00:00,251.52,128.0,59.0,1.0,0.0,207.0,85.0,5.0
10603,2020-03-17 19:00:00,253.65,128.0,57.0,1.0,0.0,202.0,85.0,5.0
10604,2020-03-17 20:00:00,259.8,133.0,61.0,1.0,0.0,206.0,81.0,5.0
10605,2020-03-17 21:00:00,257.31,127.0,61.0,1.0,0.0,197.0,83.0,5.0
10606,2020-03-17 22:00:00,249.2,128.0,60.0,1.0,0.0,212.0,85.0,5.0
10607,2020-03-17 23:00:00,245.9,127.0,63.0,1.0,0.0,218.0,85.0,5.0
10608,2020-03-18 00:00:00,255.65,126.0,63.0,1.0,0.0,199.0,83.0,5.0
10609,2020-03-18 01:00:00,266.44,128.0,62.0,1.0,0.0,183.0,83.0,5.0
10610,2020-03-18 02:00:00,271.03,127.0,61.0,1.0,0.0,176.0,80.0,5.0
10611,2020-03-18 03:00:00,266.61,126.0,62.0,1.0,0.0,180.0,82.0,5.0
10612,2020-03-18 04:00:00,259.97,127.0,63.0,1.0,0.0,195.0,81.0,5.0
10613,2020-03-18 05:00:00,255.09,128.0,63.0,1.0,1.0,204.0,82.0,5.0
10614,2020-03-18 06:00:00,260.43,129.0,63.0,1.0,3.0,194.0,82.0,5.0
10615,2020-03-18 07:00:00,266.26,126.0,63.0,1.0,6.0,177.0,80.0,5.0
10616,2020-03-18 08:00:00,273.68,136.0,62.0,1.0,6.0,181.0,81.0,5.0
10617,2020-03-18 09:00:00,272.81,129.0,62.0,1.0,6.0,171.0,80.0,5.0
10618,2020-03-18 10:00:00,280.38,135.0,62.0,1.0,6.0,166.0,83.0,5.0
10619,2020-03-18 11:00:00,295.53,138.0,65.0,1.0,14.0,140.0,83.0,5.0
10620,2020-03-18 12:00:00,295.01,131.0,66.0,1.0,5.0,139.0,83.0,5.0
10621,2020-03-18 13:00:00,287.7,128.0,66.0,1.0,3.0,147.0,83.0,5.0
10622,2020-03-18 14:00:00,263.7,128.0,65.0,1.0,2.0,186.0,84.0,5.0
10623,2020-03-18 15:00:00,238.9,126.0,64.0,1.0,1.0,228.0,87.0,5.0
10624,2020-03-18 16:00:00,233.87,126.0,64.0,1.0,0.0,239.0,88.0,5.0
10625,2020-03-18 17:00:00,238.73,127.0,63.0,1.0,0.0,230.0,88.0,5.0
10626,2020-03-18 18:00:00,242.7,127.0,60.0,1.0,0.0,220.0,88.0,5.0
10627,2020-03-18 19:00:00,234.39,129.0,63.0,1.0,1.0,245.0,86.0,5.0
10628,2020-03-18 20:00:00,238.23,129.0,64.0,1.0,0.0,241.0,83.0,5.0
10629,2020-03-18 21:00:00,241.31,130.0,65.0,1.0,0.0,234.0,86.0,5.0
10630,2020-03-18 22:00:00,244.93,132.0,64.0,1.0,0.0,230.0,86.0,5.0
10631,2020-03-18 23:00:00,248.3,132.0,62.0,1.0,0.0,223.0,85.0,5.0
10632,2020-03-19 00:00:00,259.27,131.0,63.0,1.0,0.0,201.0,84.0,5.0
10633,2020-03-19 01:00:00,274.02,129.0,62.0,1.0,0.0,171.0,84.0,5.0
10634,2020-03-19 02:00:00,297.01,133.0,61.0,1.0,0.0,144.0,82.0,5.0
10635,2020-03-19 03:00:00,309.32,136.0,64.0,1.0,0.0,130.0,84.0,5.0
10636,2020-03-19 04:00:00,310.63,131.0,64.0,1.0,1.0,122.0,82.0,5.0
10637,2020-03-19 05:00:00,302.98,127.0,63.0,1.0,10.0,118.0,81.0,5.0
10638,2020-03-19 06:00:00,280.08,125.0,64.0,1.0,28.0,128.0,83.0,5.0
10639,2020-03-19 07:00:00,256.83,132.0,64.0,1.0,47.0,159.0,86.0,5.0
10640,2020-03-19 08:00:00,247.39,134.0,66.0,1.0,60.0,169.0,87.0,5.0
10641,2020-03-19 09:00:00,227.04,126.0,66.0,1.0,65.0,191.0,88.0,5.0
10642,2020-03-19 10:00:00,226.24,126.0,63.0,1.0,65.0,191.0,88.0,5.0
10643,2020-03-19 11:00:00,233.03,128.0,65.0,1.0,59.0,188.0,87.0,5.0
10644,2020-03-19 12:00:00,237.38,129.0,66.0,1.0,53.0,189.0,85.0,5.0
10645,2020-03-19 13:00:00,247.46,129.0,65.0,1.0,42.0,182.0,81.0,5.0
10646,2020-03-19 14:00:00,261.92,132.0,63.0,1.0,26.0,175.0,81.0,5.0
10647,2020-03-19 15:00:00,280.5,132.0,63.0,1.0,8.0,159.0,83.0,5.0
10648,2020-03-19 16:00:00,290.61,134.0,61.0,1.0,1.0,151.0,85.0,5.0
10649,2020-03-19 17:00:00,302.02,137.0,61.0,1.0,0.0,140.0,85.0,5.0
10650,2020-03-19 18:00:00,309.34,136.0,59.0,1.0,0.0,128.0,85.0,5.0
10651,2020-03-19 19:00:00,304.71,135.0,60.0,1.0,0.0,133.0,85.0,5.0
10652,2020-03-19 20:00:00,331.93,137.0,58.0,1.0,0.0,105.0,81.0,5.0
10653,2020-03-19 21:00:00,338.14,139.0,54.0,1.0,0.0,98.0,83.0,5.0
10654,2020-03-19 22:00:00,348.85,141.0,59.0,1.0,0.0,89.0,83.0,5.0
10655,2020-03-19 23:00:00,352.43,140.0,59.0,1.0,0.0,84.0,83.0,5.0
10656,2020-03-20 00:00:00,357.23,140.0,59.0,1.0,0.0,82.0,80.0,5.0
10657,2020-03-20 01:00:00,373.48,139.0,59.0,1.0,0.0,64.0,81.0,5.0
10658,2020-03-20 02:00:00,387.94,140.0,58.0,1.0,0.0,54.0,79.0,5.0
10659,2020-03-20 03:00:00,402.5,139.0,57.0,1.0,0.0,40.0,80.0,5.0
10660,2020-03-20 04:00:00,398.71,129.0,57.0,1.0,1.0,32.0,81.0,5.0
10661,2020-03-20 05:00:00,400.85,131.0,59.0,1.0,7.0,26.0,81.0,5.0
10662,2020-03-20 06:00:00,378.81,128.0,60.0,1.0,18.0,30.0,81.0,5.0
10663,2020-03-20 07:00:00,368.87,133.0,60.0,1.0,29.0,31.0,83.0,5.0
10664,2020-03-20 08:00:00,349.56,140.0,58.0,1.0,42.0,42.0,86.0,5.0
10665,2020-03-20 09:00:00,330.82,139.0,59.0,1.0,51.0,51.0,88.0,5.0
10666,2020-03-20 10:00:00,314.74,133.0,61.0,1.0,55.0,59.0,88.0,5.0
10667,2020-03-20 11:00:00,312.02,135.0,59.0,1.0,51.0,69.0,88.0,5.0
10668,2020-03-20 12:00:00,321.13,133.0,61.0,1.0,40.0,73.0,81.0,5.0
10669,2020-03-20 13:00:00,327.99,131.0,60.0,1.0,32.0,67.0,84.0,5.0
10670,2020-03-20 14:00:00,334.39,132.0,60.0,1.0,20.0,73.0,84.0,5.0
10671,2020-03-20 15:00:00,343.93,135.0,57.0,1.0,7.0,75.0,88.0,5.0
10672,2020-03-20 16:00:00,354.3,140.0,58.0,1.0,1.0,77.0,87.0,5.0
10673,2020-03-20 17:00:00,335.48,137.0,59.0,1.0,0.0,95.0,87.0,5.0
10674,2020-03-20 18:00:00,314.58,141.0,58.0,1.0,0.0,125.0,88.0,5.0
10675,2020-03-20 19:00:00,301.39,140.0,59.0,1.0,0.0,143.0,87.0,5.0
10676,2020-03-20 20:00:00,319.67,137.0,59.0,1.0,0.0,117.0,84.0,5.0
10677,2020-03-20 21:00:00,319.32,131.0,58.0,1.0,0.0,107.0,86.0,5.0
10678,2020-03-20 22:00:00,335.81,135.0,58.0,1.0,0.0,93.0,86.0,5.0
10679,2020-03-20 23:00:00,334.99,129.0,55.0,1.0,0.0,86.0,86.0,5.0
10680,2020-03-21 00:00:00,353.28,127.0,56.0,1.0,0.0,67.0,84.0,5.0
10681,2020-03-21 01:00:00,360.76,127.0,58.0,1.0,0.0,59.0,85.0,5.0
10682,2020-03-21 02:00:00,375.34,127.0,57.0,1.0,0.0,49.0,82.0,5.0
10683,2020-03-21 03:00:00,393.82,127.0,56.0,1.0,0.0,32.0,84.0,5.0
10684,2020-03-21 04:00:00,419.22,137.0,36.0,1.0,2.0,22.0,84.0,5.0
10685,2020-03-21 05:00:00,399.73,129.0,33.0,1.0,12.0,19.0,84.0,5.0
10686,2020-03-21 06:00:00,369.76,130.0,34.0,1.0,33.0,21.0,85.0,5.0
10687,2020-03-21 07:00:00,334.71,125.0,34.0,1.0,48.0,28.0,89.0,5.0
10688,2020-03-21 08:00:00,333.81,129.0,34.0,1.0,53.0,30.0,88.0,5.0
10689,2020-03-21 09:00:00,344.99,134.0,34.0,1.0,49.0,32.0,85.0,5.0
10690,2020-03-21 10:00:00,352.51,135.0,36.0,1.0,42.0,29.0,89.0,5.0
10691,2020-03-21 11:00:00,367.19,142.0,34.0,1.0,36.0,27.0,91.0,5.0
10692,2020-03-21 12:00:00,359.9,144.0,33.0,1.0,35.0,38.0,90.0,5.0
10693,2020-03-21 13:00:00,376.29,147.0,32.0,1.0,30.0,31.0,90.0,5.0
10694,2020-03-21 14:00:00,386.69,146.0,32.0,1.0,20.0,37.0,84.0,5.0
10695,2020-03-21 15:00:00,365.47,135.0,32.0,1.0,7.0,54.0,87.0,5.0
10696,2020-03-21 16:00:00,383.36,138.0,31.0,1.0,1.0,48.0,87.0,5.0
10697,2020-03-21 17:00:00,390.69,142.0,30.0,1.0,0.0,47.0,87.0,5.0
10698,2020-03-21 18:00:00,383.12,148.0,32.0,1.0,0.0,59.0,87.0,5.0
10699,2020-03-21 19:00:00,360.29,139.0,30.0,1.0,0.0,70.0,87.0,5.0
10700,2020-03-21 20:00:00,373.78,138.0,28.0,1.0,0.0,59.0,85.0,5.0
10701,2020-03-21 21:00:00,364.12,133.0,31.0,1.0,0.0,62.0,85.0,5.0
10702,2020-03-21 22:00:00,369.62,128.0,32.0,1.0,0.0,52.0,85.0,5.0
10703,2020-03-21 23:00:00,398.02,133.0,31.0,1.0,0.0,35.0,85.0,5.0
10704,2020-03-22 00:00:00,399.95,139.0,31.0,1.0,0.0,42.0,82.0,5.0
10705,2020-03-22 01:00:00,396.86,132.0,30.0,1.0,0.0,38.0,82.0,5.0
10706,2020-03-22 02:00:00,405.48,131.0,30.0,1.0,0.0,34.0,79.0,5.0
10707,2020-03-22 03:00:00,406.24,134.0,31.0,1.0,0.0,33.0,82.0,5.0
10708,2020-03-22 04:00:00,401.07,131.0,31.0,1.0,2.0,33.0,81.0,5.0
10709,2020-03-22 05:00:00,385.82,129.0,38.0,1.0,12.0,32.0,81.0,5.0
10710,2020-03-22 06:00:00,372.27,133.0,41.0,1.0,30.0,26.0,84.0,5.0
10711,2020-03-22 07:00:00,335.29,123.0,35.0,1.0,48.0,24.0,90.0,5.0
10712,2020-03-22 08:00:00,330.45,130.0,36.0,1.0,57.0,31.0,88.0,5.0
10713,2020-03-22 09:00:00,314.19,130.0,36.0,1.0,66.0,37.0,91.0,5.0
10714,2020-03-22 10:00:00,313.52,132.0,38.0,1.0,71.0,36.0,91.0,5.0
10715,2020-03-22 11:00:00,310.28,130.0,38.0,1.0,72.0,36.0,91.0,5.0
10716,2020-03-22 12:00:00,304.79,120.0,39.0,1.0,66.0,35.0,90.0,5.0
10717,2020-03-22 13:00:00,328.8,126.0,40.0,1.0,52.0,32.0,89.0,5.0
10718,2020-03-22 14:00:00,361.88,130.0,46.0,1.0,31.0,28.0,87.0,5.0
10719,2020-03-22 15:00:00,401.22,132.0,54.0,1.0,10.0,18.0,87.0,5.0
10720,2020-03-22 16:00:00,417.11,135.0,52.0,1.0,1.0,18.0,87.0,5.0
10721,2020-03-22 17:00:00,425.14,137.0,36.0,1.0,0.0,17.0,87.0,5.0
10722,2020-03-22 18:00:00,431.89,140.0,35.0,1.0,0.0,14.0,88.0,5.0
10723,2020-03-22 19:00:00,430.62,132.0,33.0,1.0,0.0,10.0,87.0,5.0
10724,2020-03-22 20:00:00,441.03,135.0,32.0,1.0,0.0,8.0,85.0,5.0
10725,2020-03-22 21:00:00,446.75,137.0,32.0,1.0,0.0,7.0,84.0,5.0
10726,2020-03-22 22:00:00,442.97,135.0,31.0,1.0,0.0,8.0,84.0,5.0
10727,2020-03-22 23:00:00,435.83,139.0,33.0,1.0,0.0,15.0,84.0,5.0
10728,2020-03-23 00:00:00,414.47,128.0,34.0,1.0,0.0,22.0,82.0,5.0
10729,2020-03-23 01:00:00,402.94,135.0,46.0,1.0,0.0,34.0,83.0,5.0
10730,2020-03-23 02:00:00,397.01,135.0,54.0,1.0,0.0,41.0,80.0,5.0
10731,2020-03-23 03:00:00,388.46,135.0,53.0,1.0,0.0,46.0,82.0,5.0
10732,2020-03-23 04:00:00,377.82,129.0,53.0,1.0,2.0,47.0,82.0,5.0
10733,2020-03-23 05:00:00,358.58,128.0,53.0,1.0,13.0,51.0,83.0,5.0
10734,2020-03-23 06:00:00,343.8,134.0,58.0,1.0,31.0,52.0,86.0,5.0
10735,2020-03-23 07:00:00,310.75,129.0,59.0,1.0,49.0,63.0,89.0,5.0
10736,2020-03-23 08:00:00,299.92,137.0,61.0,1.0,63.0,75.0,90.0,5.0
10737,2020-03-23 09:00:00,279.97,135.0,63.0,1.0,68.0,99.0,89.0,5.0
10738,2020-03-23 10:00:00,270.09,134.0,63.0,1.0,69.0,113.0,89.0,5.0
10739,2020-03-23 11:00:00,264.46,130.0,64.0,1.0,68.0,116.0,90.0,5.0
10740,2020-03-23 12:00:00,272.89,132.0,67.0,1.0,59.0,118.0,87.0,5.0
10741,2020-03-23 13:00:00,280.89,132.0,65.0,1.0,43.0,119.0,88.0,5.0
10742,2020-03-23 14:00:00,293.69,132.0,64.0,1.0,24.0,119.0,87.0,5.0
10743,2020-03-23 15:00:00,315.29,131.0,64.0,1.0,9.0,104.0,86.0,5.0
10744,2020-03-23 16:00:00,348.2,131.0,61.0,1.0,1.0,73.0,87.0,5.0
10745,2020-03-23 17:00:00,343.14,135.0,59.0,1.0,0.0,85.0,86.0,5.0
10746,2020-03-23 18:00:00,327.8,137.0,59.0,1.0,0.0,104.0,87.0,5.0
10747,2020-03-23 19:00:00,311.24,130.0,60.0,1.0,0.0,116.0,86.0,5.0
10748,2020-03-23 20:00:00,298.87,130.0,58.0,1.0,0.0,136.0,82.0,5.0
10749,2020-03-23 21:00:00,289.46,133.0,57.0,1.0,0.0,152.0,84.0,5.0
10750,2020-03-23 22:00:00,285.23,130.0,59.0,1.0,0.0,154.0,84.0,5.0
10751,2020-03-23 23:00:00,280.06,130.0,59.0,1.0,0.0,163.0,83.0,5.0
10752,2020-03-24 00:00:00,275.32,131.0,58.0,1.0,0.0,174.0,81.0,5.0
10753,2020-03-24 01:00:00,271.7,131.0,58.0,1.0,0.0,179.0,82.0,5.0
10754,2020-03-24 02:00:00,270.51,131.0,58.0,1.0,0.0,184.0,79.0,5.0
10755,2020-03-24 03:00:00,265.3,131.0,58.0,1.0,0.0,191.0,81.0,5.0
10756,2020-03-24 04:00:00,265.52,131.0,59.0,1.0,2.0,189.0,81.0,5.0
10757,2020-03-24 05:00:00,254.62,128.0,61.0,1.0,11.0,195.0,81.0,5.0
10758,2020-03-24 06:00:00,249.45,129.0,63.0,1.0,24.0,192.0,84.0,5.0
10759,2020-03-24 07:00:00,250.05,135.0,65.0,1.0,34.0,191.0,87.0,5.0
10760,2020-03-24 08:00:00,231.6,127.0,65.0,1.0,48.0,197.0,90.0,5.0
10761,2020-03-24 09:00:00,223.49,127.0,66.0,1.0,58.0,207.0,90.0,5.0
10762,2020-03-24 10:00:00,221.35,130.0,65.0,1.0,65.0,214.0,88.0,5.0
10763,2020-03-24 11:00:00,221.46,133.0,65.0,1.0,68.0,216.0,90.0,5.0
10764,2020-03-24 12:00:00,225.83,137.0,63.0,1.0,64.0,218.0,89.0,5.0
10765,2020-03-24 13:00:00,226.09,127.0,65.0,1.0,49.0,210.0,89.0,5.0
10766,2020-03-24 14:00:00,244.5,128.0,65.0,1.0,27.0,192.0,90.0,5.0
10767,2020-03-24 15:00:00,261.35,128.0,62.0,1.0,8.0,179.0,88.0,5.0
10768,2020-03-24 16:00:00,259.8,133.0,61.0,1.0,1.0,197.0,89.0,5.0
10769,2020-03-24 17:00:00,252.34,133.0,58.0,1.0,0.0,211.0,89.0,5.0
10770,2020-03-24 18:00:00,254.96,128.0,58.0,1.0,0.0,197.0,88.0,5.0
10771,2020-03-24 19:00:00,252.55,126.0,59.0,1.0,0.0,199.0,87.0,5.0
10772,2020-03-24 20:00:00,253.81,127.0,62.0,1.0,0.0,203.0,84.0,5.0
10773,2020-03-24 21:00:00,271.44,130.0,59.0,1.0,0.0,178.0,82.0,5.0
10774,2020-03-24 22:00:00,275.24,133.0,59.0,1.0,0.0,176.0,83.0,5.0
10775,2020-03-24 23:00:00,268.61,131.0,60.0,1.0,0.0,184.0,83.0,5.0
10776,2020-03-25 00:00:00,268.73,132.0,61.0,1.0,0.0,189.0,80.0,5.0
10777,2020-03-25 01:00:00,265.21,132.0,63.0,1.0,0.0,195.0,81.0,5.0
10778,2020-03-25 02:00:00,259.31,132.0,61.0,1.0,0.0,209.0,77.0,5.0
10779,2020-03-25 03:00:00,243.08,129.0,61.0,1.0,0.0,232.0,80.0,5.0
10780,2020-03-25 04:00:00,239.82,130.0,59.0,1.0,2.0,239.0,79.0,5.0
10781,2020-03-25 05:00:00,240.11,130.0,62.0,1.0,13.0,228.0,80.0,5.0
10782,2020-03-25 06:00:00,229.3,131.0,64.0,1.0,31.0,232.0,86.0,5.0
10783,2020-03-25 07:00:00,231.34,141.0,64.0,1.0,50.0,229.0,88.0,5.0
10784,2020-03-25 08:00:00,209.19,130.0,65.0,1.0,66.0,246.0,88.0,5.0
10785,2020-03-25 09:00:00,199.6,125.0,64.0,1.0,73.0,254.0,87.0,5.0
10786,2020-03-25 10:00:00,198.28,126.0,63.0,1.0,76.0,257.0,87.0,5.0
10787,2020-03-25 11:00:00,203.0,132.0,64.0,1.0,71.0,265.0,87.0,5.0
10788,2020-03-25 12:00:00,204.21,131.0,67.0,1.0,63.0,269.0,87.0,5.0
10789,2020-03-25 13:00:00,205.23,128.0,66.0,1.0,48.0,272.0,87.0,5.0
10790,2020-03-25 14:00:00,210.38,127.0,64.0,2.0,28.0,271.0,88.0,5.0
10791,2020-03-25 15:00:00,217.29,127.0,62.0,1.0,10.0,269.0,89.0,5.0
10792,2020-03-25 16:00:00,220.9,129.0,61.0,1.0,2.0,273.0,88.0,5.0
10793,2020-03-25 17:00:00,229.79,131.0,61.0,1.0,0.0,259.0,87.0,5.0
10794,2020-03-25 18:00:00,244.33,139.0,60.0,1.0,0.0,243.0,87.0,5.0
10795,2020-03-25 19:00:00,253.83,135.0,60.0,1.0,0.0,216.0,86.0,5.0
10796,2020-03-25 20:00:00,262.37,137.0,59.0,1.0,0.0,206.0,83.0,5.0
10797,2020-03-25 21:00:00,267.32,135.0,61.0,1.0,0.0,197.0,80.0,5.0
10798,2020-03-25 22:00:00,267.93,126.0,60.0,1.0,0.0,179.0,80.0,5.0
10799,2020-03-25 23:00:00,288.67,135.0,59.0,1.0,0.0,161.0,80.0,5.0
10800,2020-03-26 00:00:00,290.01,133.0,60.0,1.0,0.0,158.0,78.0,5.0
10801,2020-03-26 01:00:00,293.72,130.0,61.0,1.0,0.0,147.0,79.0,5.0
10802,2020-03-26 02:00:00,297.95,130.0,61.0,1.0,0.0,141.0,79.0,5.0
10803,2020-03-26 03:00:00,300.37,132.0,58.0,1.0,0.0,137.0,82.0,5.0
10804,2020-03-26 04:00:00,303.46,132.0,59.0,1.0,2.0,131.0,82.0,5.0
10805,2020-03-26 05:00:00,299.27,132.0,60.0,1.0,12.0,126.0,83.0,5.0
10806,2020-03-26 06:00:00,292.2,130.0,64.0,1.0,31.0,112.0,86.0,5.0
10807,2020-03-26 07:00:00,285.96,129.0,65.0,1.0,50.0,98.0,89.0,5.0
10808,2020-03-26 08:00:00,273.06,129.0,66.0,1.0,66.0,103.0,89.0,5.0
10809,2020-03-26 09:00:00,257.11,127.0,67.0,1.0,74.0,121.0,88.0,5.0
10810,2020-03-26 10:00:00,253.43,135.0,67.0,1.0,77.0,140.0,89.0,5.0
10811,2020-03-26 11:00:00,244.23,136.0,68.0,1.0,75.0,164.0,89.0,5.0
10812,2020-03-26 12:00:00,258.25,140.0,69.0,1.0,67.0,152.0,88.0,5.0
10813,2020-03-26 13:00:00,255.99,131.0,67.0,1.0,51.0,154.0,88.0,5.0
10814,2020-03-26 14:00:00,279.56,135.0,64.0,1.0,31.0,138.0,88.0,5.0
10815,2020-03-26 15:00:00,305.63,130.0,68.0,1.0,11.0,112.0,88.0,5.0
10816,2020-03-26 16:00:00,326.67,130.0,66.0,1.0,1.0,95.0,88.0,5.0
10817,2020-03-26 17:00:00,334.45,134.0,65.0,1.0,0.0,92.0,88.0,5.0
10818,2020-03-26 18:00:00,325.37,133.0,62.0,1.0,0.0,100.0,89.0,5.0
10819,2020-03-26 19:00:00,346.95,134.0,63.0,1.0,0.0,78.0,88.0,5.0
10820,2020-03-26 20:00:00,351.46,133.0,61.0,1.0,0.0,75.0,85.0,5.0
10821,2020-03-26 21:00:00,342.04,133.0,62.0,1.0,0.0,86.0,84.0,5.0
10822,2020-03-26 22:00:00,350.54,133.0,62.0,1.0,0.0,77.0,84.0,5.0
10823,2020-03-26 23:00:00,365.84,135.0,61.0,1.0,0.0,62.0,86.0,5.0
10824,2020-03-27 00:00:00,357.63,135.0,60.0,1.0,0.0,72.0,84.0,5.0
10825,2020-03-27 01:00:00,360.83,137.0,58.0,1.0,0.0,71.0,84.0,5.0
10826,2020-03-27 02:00:00,376.72,137.0,57.0,1.0,0.0,58.0,82.0,5.0
10827,2020-03-27 03:00:00,386.84,140.0,57.0,1.0,0.0,60.0,74.0,5.0
10828,2020-03-27 04:00:00,363.62,134.0,58.0,1.0,3.0,64.0,82.0,5.0
10829,2020-03-27 05:00:00,348.88,130.0,59.0,1.0,13.0,64.0,82.0,5.0
10830,2020-03-27 06:00:00,342.04,133.0,62.0,1.0,28.0,55.0,87.0,5.0
10831,2020-03-27 07:00:00,321.28,131.0,67.0,1.0,41.0,61.0,90.0,5.0
10832,2020-03-27 08:00:00,321.18,133.0,68.0,1.0,48.0,57.0,90.0,5.0
10833,2020-03-27 09:00:00,330.58,137.0,70.0,1.0,51.0,49.0,89.0,5.0
10834,2020-03-27 10:00:00,332.55,136.0,67.0,1.0,52.0,45.0,88.0,5.0
10835,2020-03-27 11:00:00,338.36,131.0,67.0,1.0,47.0,39.0,86.0,5.0
10836,2020-03-27 12:00:00,357.96,136.0,66.0,1.0,42.0,29.0,86.0,5.0
10837,2020-03-27 13:00:00,368.83,132.0,66.0,1.0,33.0,22.0,87.0,5.0
10838,2020-03-27 14:00:00,396.0,136.0,65.0,1.0,19.0,17.0,86.0,5.0
10839,2020-03-27 15:00:00,419.6,138.0,66.0,1.0,7.0,12.0,86.0,5.0
10840,2020-03-27 16:00:00,427.16,136.0,65.0,1.0,1.0,10.0,87.0,5.0
10841,2020-03-27 17:00:00,423.07,137.0,63.0,1.0,0.0,16.0,86.0,5.0
10842,2020-03-27 18:00:00,417.62,142.0,64.0,1.0,0.0,24.0,86.0,5.0
10843,2020-03-27 19:00:00,409.03,141.0,63.0,1.0,0.0,29.0,87.0,5.0
10844,2020-03-27 20:00:00,406.38,142.0,63.0,1.0,0.0,34.0,85.0,5.0
10845,2020-03-27 21:00:00,411.62,142.0,61.0,1.0,0.0,31.0,84.0,5.0
10846,2020-03-27 22:00:00,412.08,141.0,59.0,1.0,0.0,30.0,84.0,5.0
10847,2020-03-27 23:00:00,403.4,140.0,59.0,1.0,0.0,36.0,84.0,5.0
10848,2020-03-28 00:00:00,379.99,134.0,60.0,1.0,0.0,51.0,83.0,5.0
10849,2020-03-28 01:00:00,363.43,132.0,58.0,1.0,0.0,62.0,85.0,5.0
10850,2020-03-28 02:00:00,358.04,131.0,57.0,1.0,0.0,67.0,84.0,5.0
10851,2020-03-28 03:00:00,353.38,134.0,57.0,1.0,0.0,72.0,87.0,5.0
10852,2020-03-28 04:00:00,358.73,136.0,59.0,1.0,3.0,66.0,87.0,5.0
10853,2020-03-28 05:00:00,357.63,135.0,60.0,1.0,13.0,57.0,86.0,5.0
10854,2020-03-28 06:00:00,349.29,132.0,60.0,1.0,33.0,40.0,88.0,5.0
10855,2020-03-28 07:00:00,329.23,132.0,61.0,1.0,53.0,40.0,90.0,5.0
10856,2020-03-28 08:00:00,308.55,132.0,63.0,1.0,68.0,50.0,91.0,5.0
10857,2020-03-28 09:00:00,287.28,131.0,64.0,1.0,75.0,72.0,91.0,5.0
10858,2020-03-28 10:00:00,287.93,131.0,64.0,1.0,73.0,74.0,90.0,5.0
10859,2020-03-28 11:00:00,310.77,131.0,65.0,1.0,69.0,46.0,90.0,5.0
10860,2020-03-28 12:00:00,322.67,131.0,65.0,1.0,55.0,48.0,87.0,5.0
10861,2020-03-28 13:00:00,323.91,130.0,64.0,1.0,41.0,58.0,88.0,5.0
10862,2020-03-28 14:00:00,352.33,131.0,65.0,1.0,25.0,42.0,90.0,5.0
10863,2020-03-28 15:00:00,369.78,130.0,63.0,1.0,8.0,40.0,91.0,5.0
10864,2020-03-28 16:00:00,342.35,130.0,62.0,1.0,1.0,73.0,92.0,5.0
10865,2020-03-28 17:00:00,304.83,132.0,63.0,1.0,0.0,122.0,92.0,5.0
10866,2020-03-28 18:00:00,302.35,139.0,63.0,1.0,0.0,136.0,92.0,5.0
10867,2020-03-28 19:00:00,275.15,131.0,63.0,1.0,0.0,167.0,90.0,5.0
10868,2020-03-28 20:00:00,257.47,130.0,62.0,1.0,0.0,199.0,87.0,5.0
10869,2020-03-28 21:00:00,260.7,130.0,62.0,1.0,0.0,195.0,85.0,5.0
10870,2020-03-28 22:00:00,256.92,131.0,62.0,1.0,0.0,203.0,86.0,5.0
10871,2020-03-28 23:00:00,262.99,134.0,61.0,1.0,0.0,198.0,85.0,5.0
10872,2020-03-29 00:00:00,273.19,132.0,60.0,1.0,0.0,178.0,83.0,5.0
10873,2020-03-29 01:00:00,274.46,130.0,59.0,1.0,0.0,172.0,83.0,5.0
10874,2020-03-29 02:00:00,354.53,144.33333333333334,57.0,1.0,0.0,84.33333333333333,85.33333333333333,5.0
10875,2020-03-29 03:00:00,391.61,154.11111111111111,56.0,1.0,0.0,56.11111111111111,87.1111111111111,5.0
10876,2020-03-29 04:00:00,371.51,153.77777777777777,57.75,1.0,2.0,73.52777777777777,86.77777777777777,5.0
10877,2020-03-29 05:00:00,280.54,133.0,61.0,1.0,9.0,158.0,84.0,5.0
10878,2020-03-29 06:00:00,265.25,133.0,61.0,1.0,26.0,165.0,86.0,5.0
10879,2020-03-29 07:00:00,268.18,140.0,62.0,1.0,43.0,154.0,88.0,5.0
10880,2020-03-29 08:00:00,264.43,140.0,62.0,1.0,59.0,142.0,91.0,5.0
10881,2020-03-29 09:00:00,260.61,134.0,60.0,1.0,65.0,130.0,92.0,5.0
10882,2020-03-29 10:00:00,266.42,135.0,62.0,1.0,63.0,123.0,93.0,5.0
10883,2020-03-29 11:00:00,266.46,136.0,60.0,1.0,64.0,125.0,91.0,5.0
10884,2020-03-29 12:00:00,275.39,136.0,56.0,1.0,59.0,113.0,91.0,5.0
10885,2020-03-29 13:00:00,287.31,138.0,45.0,1.0,49.0,103.0,92.0,5.0
10886,2020-03-29 14:00:00,295.61,137.0,36.0,1.0,31.0,105.0,92.0,5.0
10887,2020-03-29 15:00:00,314.27,135.0,36.0,1.0,12.0,97.0,92.0,5.0
10888,2020-03-29 16:00:00,366.64,135.0,35.0,1.0,2.0,52.0,93.0,5.0
10889,2020-03-29 17:00:00,393.09,148.0,34.0,1.0,0.0,44.0,93.0,4.0
10890,2020-03-29 18:00:00,394.84,143.0,33.0,1.0,0.0,38.0,93.0,4.0
10891,2020-03-29 19:00:00,410.05,146.0,37.0,1.0,0.0,30.0,92.0,5.0
10892,2020-03-29 20:00:00,415.76,140.0,53.0,1.0,0.0,23.0,88.0,5.0
10893,2020-03-29 21:00:00,416.91,137.0,59.0,1.0,0.0,19.0,88.0,5.0
10894,2020-03-29 22:00:00,427.55,139.0,58.0,1.0,0.0,14.0,87.0,5.0
10895,2020-03-29 23:00:00,439.55,141.0,59.0,1.0,0.0,9.0,85.0,5.0
10896,2020-03-30 00:00:00,441.74,141.0,56.0,1.0,0.0,7.0,86.0,5.0
10897,2020-03-30 01:00:00,459.48,160.0,56.0,1.0,0.0,7.0,87.0,5.0
10898,2020-03-30 02:00:00,458.17,172.0,55.0,1.0,0.0,14.0,89.0,5.0
10899,2020-03-30 03:00:00,471.58,184.0,54.0,1.0,0.0,12.0,89.0,5.0
10900,2020-03-30 04:00:00,471.16,192.0,55.0,1.0,3.0,14.0,89.0,5.0
10901,2020-03-30 05:00:00,464.99,211.0,59.0,1.0,12.0,19.0,91.0,5.0
10902,2020-03-30 06:00:00,474.45,284.0,59.0,1.0,25.0,32.0,101.0,5.0
10903,2020-03-30 07:00:00,443.39,283.0,62.0,1.0,37.0,53.0,102.0,4.0
10904,2020-03-30 08:00:00,429.76,283.0,61.0,1.0,39.0,69.0,101.0,3.0
10905,2020-03-30 09:00:00,419.73,284.0,62.0,1.0,41.0,80.0,102.0,3.0
10906,2020-03-30 10:00:00,421.5,287.0,62.0,1.0,39.0,82.0,102.0,3.0
10907,2020-03-30 11:00:00,425.72,289.0,61.0,1.0,36.0,82.0,101.0,3.0
10908,2020-03-30 12:00:00,425.24,282.0,62.0,1.0,31.0,82.0,101.0,3.0
10909,2020-03-30 13:00:00,432.46,281.0,61.0,1.0,28.0,74.0,102.0,3.0
10910,2020-03-30 14:00:00,439.31,282.0,62.0,1.0,19.0,75.0,102.0,3.0
10911,2020-03-30 15:00:00,427.69,281.0,62.0,1.0,8.0,98.0,104.0,3.0
10912,2020-03-30 16:00:00,454.28,282.0,57.0,1.0,1.0,74.0,104.0,3.0
10913,2020-03-30 17:00:00,457.66,283.0,56.0,1.0,0.0,71.0,105.0,3.0
10914,2020-03-30 18:00:00,446.13,281.0,56.0,1.0,0.0,82.0,106.0,3.0
10915,2020-03-30 19:00:00,451.88,285.0,56.0,1.0,0.0,80.0,104.0,3.0
10916,2020-03-30 20:00:00,463.22,279.0,57.0,1.0,0.0,66.0,101.0,3.0
10917,2020-03-30 21:00:00,447.12,236.0,58.0,1.0,0.0,57.0,98.0,3.0
10918,2020-03-30 22:00:00,468.71,239.0,58.0,1.0,0.0,40.0,96.0,3.0
10919,2020-03-30 23:00:00,473.04,237.0,57.0,1.0,0.0,36.0,95.0,3.0
10920,2020-03-31 00:00:00,478.62,237.0,57.0,1.0,0.0,32.0,94.0,3.0
10921,2020-03-31 01:00:00,489.82,236.0,56.0,1.0,0.0,25.0,91.0,3.0
10922,2020-03-31 02:00:00,497.65,236.0,58.0,1.0,0.0,16.0,93.0,3.0
10923,2020-03-31 03:00:00,516.33,256.0,57.0,1.0,0.0,10.0,94.0,3.0
10924,2020-03-31 04:00:00,502.5,249.0,57.0,1.0,4.0,15.0,93.0,3.0
10925,2020-03-31 05:00:00,480.1,261.0,60.0,1.0,17.0,27.0,94.0,3.0
10926,2020-03-31 06:00:00,462.76,286.0,62.0,1.0,36.0,35.0,100.0,3.0
10927,2020-03-31 07:00:00,410.26,253.0,60.0,1.0,54.0,57.0,99.0,3.0
10928,2020-03-31 08:00:00,386.18,250.0,59.0,1.0,59.0,83.0,98.0,3.0
10929,2020-03-31 09:00:00,372.99,262.0,59.0,1.0,63.0,112.0,97.0,3.0
10930,2020-03-31 10:00:00,359.4,265.0,62.0,1.0,67.0,132.0,99.0,3.0
10931,2020-03-31 11:00:00,359.24,288.0,64.0,1.0,65.0,160.0,99.0,3.0
10932,2020-03-31 12:00:00,347.74,280.0,64.0,1.0,50.0,188.0,99.0,3.0
10933,2020-03-31 13:00:00,335.14,251.0,64.0,1.0,29.0,199.0,98.0,3.0
10934,2020-03-31 14:00:00,335.97,246.0,63.0,1.0,12.0,209.0,97.0,3.0
10935,2020-03-31 15:00:00,341.93,246.0,63.0,1.0,4.0,205.0,98.0,3.0
10936,2020-03-31 16:00:00,335.61,245.0,59.0,1.0,1.0,219.0,97.0,3.0
10937,2020-03-31 17:00:00,336.51,255.0,60.0,1.0,0.0,231.0,97.0,3.0
10938,2020-03-31 18:00:00,330.59,240.0,59.0,1.0,0.0,224.0,96.0,3.0
10939,2020-03-31 19:00:00,338.08,244.0,57.0,1.0,0.0,214.0,97.0,3.0
10940,2020-03-31 20:00:00,340.27,240.0,56.0,1.0,0.0,207.0,95.0,3.0
10941,2020-03-31 21:00:00,343.34,241.0,58.0,1.0,0.0,204.0,94.0,3.0
10942,2020-03-31 22:00:00,359.21,272.0,57.0,1.0,0.0,210.0,96.0,3.0
10943,2020-03-31 23:00:00,341.02,241.0,57.0,1.0,0.0,209.0,93.0,3.0
10944,2020-04-01 00:00:00,336.54,237.0,57.0,1.0,0.0,212.0,93.0,3.0
10945,2020-04-01 01:00:00,350.69,239.0,57.0,1.0,0.0,191.0,92.0,3.0
10946,2020-04-01 02:00:00,356.51,235.0,58.0,1.0,0.0,175.0,94.0,3.0
10947,2020-04-01 03:00:00,361.75,237.0,58.0,1.0,0.0,170.0,93.0,3.0
10948,2020-04-01 04:00:00,385.72,237.0,60.0,1.0,2.0,133.0,93.0,3.0
10949,2020-04-01 05:00:00,386.99,243.0,61.0,1.0,13.0,127.0,92.0,3.0
10950,2020-04-01 06:00:00,376.11,263.0,63.0,1.0,34.0,139.0,95.0,3.0
10951,2020-04-01 07:00:00,364.68,290.0,62.0,1.0,50.0,167.0,99.0,3.0
10952,2020-04-01 08:00:00,350.35,283.0,63.0,1.0,57.0,179.0,100.0,4.0
10953,2020-04-01 09:00:00,337.23,273.0,64.0,1.0,64.0,188.0,99.0,5.0
10954,2020-04-01 10:00:00,337.9,287.0,63.0,1.0,68.0,197.0,102.0,5.0
10955,2020-04-01 11:00:00,327.96,277.0,65.0,1.0,68.0,209.0,99.0,5.0
10956,2020-04-01 12:00:00,307.57,243.0,65.0,1.0,64.0,212.0,98.0,5.0
10957,2020-04-01 13:00:00,310.33,238.0,67.0,1.0,50.0,212.0,99.0,5.0
10958,2020-04-01 14:00:00,327.83,238.0,66.0,1.0,26.0,201.0,98.0,5.0
10959,2020-04-01 15:00:00,357.65,237.0,68.0,1.0,8.0,164.0,99.0,5.0
10960,2020-04-01 16:00:00,393.02,243.0,64.0,1.0,1.0,125.0,98.0,4.0
10961,2020-04-01 17:00:00,436.47,280.0,60.0,1.0,0.0,99.0,100.0,5.0
10962,2020-04-01 18:00:00,436.9,267.0,59.0,1.0,0.0,90.0,99.0,5.0
10963,2020-04-01 19:00:00,418.01,237.0,59.0,1.0,0.0,90.0,98.0,5.0
10964,2020-04-01 20:00:00,424.44,241.0,57.0,1.0,0.0,89.0,95.0,5.0
10965,2020-04-01 21:00:00,426.99,242.0,56.0,1.0,0.0,88.0,94.0,5.0
10966,2020-04-01 22:00:00,349.45,139.0,59.0,1.0,0.0,84.0,85.0,5.0
10967,2020-04-01 23:00:00,318.95,129.0,60.0,1.0,0.0,108.0,83.0,5.0
10968,2020-04-02 00:00:00,313.59,128.0,59.0,1.0,0.0,114.0,82.0,5.0
10969,2020-04-02 01:00:00,313.18,133.0,61.0,1.0,0.0,124.0,80.0,5.0
10970,2020-04-02 02:00:00,292.06,129.0,58.0,1.0,0.0,144.0,82.0,5.0
10971,2020-04-02 03:00:00,305.95,141.0,59.0,1.0,0.0,143.0,82.0,5.0
10972,2020-04-02 04:00:00,304.59,127.0,59.0,1.0,1.0,121.0,84.0,5.0
10973,2020-04-02 05:00:00,323.26,142.0,64.0,1.0,4.0,116.0,84.0,5.0
10974,2020-04-02 06:00:00,315.4,148.0,65.0,1.0,7.0,133.0,83.0,5.0
10975,2020-04-02 07:00:00,296.45,148.0,64.0,1.0,10.0,157.0,84.0,5.0
10976,2020-04-02 08:00:00,280.22,143.0,59.0,1.0,14.0,170.0,84.0,5.0
10977,2020-04-02 09:00:00,253.59,137.0,59.0,1.0,19.0,203.0,84.0,5.0
10978,2020-04-02 10:00:00,239.13,140.0,64.0,1.0,29.0,233.0,84.0,5.0
10979,2020-04-02 11:00:00,230.91,138.0,62.0,1.0,39.0,238.0,83.0,5.0
10980,2020-04-02 12:00:00,217.94,129.0,63.0,1.0,44.0,242.0,86.0,5.0
10981,2020-04-02 13:00:00,221.7,136.0,61.0,1.0,36.0,255.0,87.0,5.0
10982,2020-04-02 14:00:00,224.65,130.0,64.0,1.0,17.0,252.0,89.0,5.0
10983,2020-04-02 15:00:00,232.34,131.0,66.0,1.0,5.0,249.0,89.0,5.0
10984,2020-04-02 16:00:00,226.6,132.0,61.0,1.0,1.0,268.0,87.0,5.0
10985,2020-04-02 17:00:00,226.95,132.0,56.0,1.0,0.0,265.0,87.0,5.0
10986,2020-04-02 18:00:00,225.05,133.0,56.0,1.0,0.0,271.0,88.0,5.0
10987,2020-04-02 19:00:00,228.97,135.0,59.0,1.0,0.0,269.0,87.0,5.0
10988,2020-04-02 20:00:00,233.76,132.0,61.0,1.0,0.0,254.0,85.0,5.0
10989,2020-04-02 21:00:00,228.66,132.0,61.0,1.0,0.0,266.0,85.0,5.0
10990,2020-04-02 22:00:00,241.24,140.0,60.0,1.0,0.0,254.0,85.0,5.0
10991,2020-04-02 23:00:00,236.48,134.0,57.0,1.0,0.0,252.0,83.0,5.0
10992,2020-04-03 00:00:00,237.51,130.0,59.0,1.0,0.0,240.0,85.0,5.0
10993,2020-04-03 01:00:00,241.73,131.0,57.0,1.0,0.0,234.0,83.0,5.0
10994,2020-04-03 02:00:00,230.42,130.0,59.0,1.0,0.0,256.0,85.0,5.0
10995,2020-04-03 03:00:00,233.32,131.0,58.0,1.0,0.0,251.0,85.0,5.0
10996,2020-04-03 04:00:00,235.08,129.0,57.0,1.0,2.0,241.0,84.0,5.0
10997,2020-04-03 05:00:00,239.93,131.0,61.0,1.0,9.0,230.0,84.0,5.0
10998,2020-04-03 06:00:00,226.71,132.0,63.0,1.0,18.0,251.0,88.0,5.0
10999,2020-04-03 07:00:00,220.73,128.0,61.0,1.0,22.0,248.0,91.0,5.0
11000,2020-04-03 08:00:00,217.06,132.0,59.0,1.0,23.0,269.0,87.0,5.0
11001,2020-04-03 09:00:00,224.16,143.0,62.0,1.0,24.0,274.0,91.0,5.0
11002,2020-04-03 10:00:00,218.96,134.0,62.0,1.0,18.0,275.0,88.0,5.0
11003,2020-04-03 11:00:00,211.01,127.0,61.0,1.0,20.0,281.0,83.0,5.0
11004,2020-04-03 12:00:00,210.8,131.0,61.0,1.0,27.0,282.0,86.0,5.0
11005,2020-04-03 13:00:00,213.76,134.0,59.0,1.0,22.0,283.0,88.0,5.0
11006,2020-04-03 14:00:00,224.83,131.0,61.0,1.0,11.0,263.0,84.0,5.0
11007,2020-04-03 15:00:00,245.11,136.0,62.0,1.0,5.0,230.0,88.0,5.0
11008,2020-04-03 16:00:00,262.18,133.0,62.0,1.0,1.0,192.0,90.0,5.0
11009,2020-04-03 17:00:00,268.1,134.0,59.0,1.0,0.0,183.0,90.0,5.0
11010,2020-04-03 18:00:00,288.43,136.0,59.0,1.0,0.0,155.0,88.0,5.0
11011,2020-04-03 19:00:00,305.64,136.0,59.0,1.0,0.0,131.0,87.0,5.0
11012,2020-04-03 20:00:00,313.56,135.0,59.0,1.0,0.0,120.0,86.0,5.0
11013,2020-04-03 21:00:00,313.35,132.0,59.0,1.0,0.0,116.0,86.0,5.0
11014,2020-04-03 22:00:00,303.99,131.0,60.0,1.0,0.0,128.0,85.0,5.0
11015,2020-04-03 23:00:00,312.67,130.0,59.0,1.0,0.0,116.0,84.0,5.0
11016,2020-04-04 00:00:00,330.23,130.0,59.0,1.0,0.0,95.0,84.0,5.0
11017,2020-04-04 01:00:00,332.04,134.0,58.0,1.0,0.0,99.0,83.0,5.0
11018,2020-04-04 02:00:00,333.84,137.0,60.0,1.0,0.0,99.0,85.0,5.0
11019,2020-04-04 03:00:00,338.68,131.0,60.0,1.0,1.0,85.0,85.0,5.0
11020,2020-04-04 04:00:00,329.45,130.0,60.0,1.0,4.0,91.0,85.0,5.0
11021,2020-04-04 05:00:00,320.79,130.0,59.0,1.0,20.0,84.0,86.0,5.0
11022,2020-04-04 06:00:00,294.94,130.0,60.0,1.0,46.0,87.0,91.0,5.0
11023,2020-04-04 07:00:00,270.57,131.0,61.0,1.0,66.0,106.0,92.0,5.0
11024,2020-04-04 08:00:00,248.75,131.0,64.0,1.0,77.0,137.0,92.0,5.0
11025,2020-04-04 09:00:00,247.53,131.0,63.0,1.0,79.0,137.0,92.0,5.0
11026,2020-04-04 10:00:00,262.31,129.0,64.0,1.0,71.0,114.0,91.0,5.0
11027,2020-04-04 11:00:00,269.43,128.0,65.0,1.0,60.0,113.0,89.0,5.0
11028,2020-04-04 12:00:00,260.89,129.0,65.0,1.0,58.0,130.0,91.0,5.0
11029,2020-04-04 13:00:00,252.46,130.0,65.0,1.0,47.0,158.0,92.0,5.0
11030,2020-04-04 14:00:00,247.0,130.0,67.0,1.0,31.0,188.0,90.0,5.0
11031,2020-04-04 15:00:00,261.81,128.0,64.0,1.0,14.0,169.0,92.0,5.0
11032,2020-04-04 16:00:00,288.28,128.0,62.0,1.0,2.0,138.0,91.0,5.0
11033,2020-04-04 17:00:00,308.83,125.0,61.0,1.0,0.0,107.0,91.0,5.0
11034,2020-04-04 18:00:00,310.48,126.0,59.0,1.0,0.0,106.0,91.0,5.0
11035,2020-04-04 19:00:00,304.47,130.0,56.0,1.0,0.0,121.0,89.0,5.0
11036,2020-04-04 20:00:00,309.66,129.0,57.0,1.0,0.0,114.0,88.0,5.0
11037,2020-04-04 21:00:00,321.34,124.0,58.0,1.0,0.0,94.0,87.0,5.0
11038,2020-04-04 22:00:00,356.73,136.0,59.0,1.0,0.0,72.0,86.0,5.0
11039,2020-04-04 23:00:00,373.56,141.0,59.0,1.0,0.0,62.0,85.0,5.0
11040,2020-04-05 00:00:00,369.31,140.0,58.0,1.0,0.0,65.0,85.0,5.0
11041,2020-04-05 01:00:00,362.17,140.0,59.0,1.0,0.0,74.0,83.0,5.0
11042,2020-04-05 02:00:00,359.16,140.0,58.0,1.0,0.0,76.0,84.0,5.0
11043,2020-04-05 03:00:00,351.34,131.0,58.0,1.0,1.0,72.0,84.0,4.0
11044,2020-04-05 04:00:00,358.2,132.0,58.0,1.0,5.0,63.0,84.0,5.0
11045,2020-04-05 05:00:00,352.92,130.0,60.0,1.0,20.0,50.0,85.0,5.0
11046,2020-04-05 06:00:00,318.42,132.0,60.0,1.0,46.0,60.0,89.0,4.0
11047,2020-04-05 07:00:00,285.83,132.0,61.0,1.0,69.0,81.0,91.0,5.0
11048,2020-04-05 08:00:00,270.69,130.0,61.0,1.0,80.0,91.0,91.0,5.0
11049,2020-04-05 09:00:00,269.15,130.0,62.0,1.0,83.0,91.0,91.0,5.0
11050,2020-04-05 10:00:00,256.37,132.0,62.0,1.0,87.0,115.0,90.0,5.0
11051,2020-04-05 11:00:00,259.0,132.0,62.0,1.0,85.0,115.0,87.0,5.0
11052,2020-04-05 12:00:00,266.54,131.0,61.0,1.0,79.0,102.0,90.0,5.0
11053,2020-04-05 13:00:00,287.09,133.0,62.0,1.0,64.0,86.0,91.0,5.0
11054,2020-04-05 14:00:00,314.17,130.0,63.0,1.0,40.0,67.0,91.0,4.0
11055,2020-04-05 15:00:00,362.48,132.0,63.0,1.0,15.0,42.0,91.0,5.0
11056,2020-04-05 16:00:00,401.81,132.0,61.0,1.0,2.0,20.0,92.0,5.0
11057,2020-04-05 17:00:00,403.24,131.0,61.0,1.0,0.0,20.0,92.0,5.0
11058,2020-04-05 18:00:00,410.86,140.0,60.0,1.0,0.0,24.0,90.0,5.0
11059,2020-04-05 19:00:00,404.86,140.0,57.0,1.0,0.0,29.0,90.0,5.0
11060,2020-04-05 20:00:00,389.61,132.0,57.0,1.0,0.0,36.0,88.0,5.0
11061,2020-04-05 21:00:00,385.95,130.0,59.0,1.0,0.0,37.0,88.0,5.0
11062,2020-04-05 22:00:00,390.77,130.0,60.0,1.0,0.0,33.0,88.0,5.0
11063,2020-04-05 23:00:00,393.33,130.0,59.0,1.0,0.0,34.0,85.0,5.0
11064,2020-04-06 00:00:00,385.84,129.0,62.0,1.0,0.0,38.0,86.0,5.0
11065,2020-04-06 01:00:00,384.54,131.0,63.0,1.0,0.0,43.0,84.0,5.0
11066,2020-04-06 02:00:00,391.73,130.0,64.0,1.0,0.0,36.0,84.0,5.0
11067,2020-04-06 03:00:00,402.71,131.0,66.0,1.0,0.0,29.0,83.0,5.0
11068,2020-04-06 04:00:00,383.33,129.0,65.0,1.0,2.0,41.0,83.0,5.0
11069,2020-04-06 05:00:00,375.8,129.0,65.0,1.0,6.0,43.0,83.0,4.0
11070,2020-04-06 06:00:00,378.72,137.0,66.0,1.0,14.0,41.0,83.0,5.0
11071,2020-04-06 07:00:00,370.01,134.0,68.0,1.0,23.0,34.0,86.0,5.0
11072,2020-04-06 08:00:00,361.18,138.0,68.0,1.0,29.0,39.0,88.0,5.0
11073,2020-04-06 09:00:00,334.99,131.0,69.0,1.0,42.0,45.0,89.0,5.0
11074,2020-04-06 10:00:00,326.98,133.0,69.0,1.0,51.0,49.0,88.0,5.0
11075,2020-04-06 11:00:00,321.07,136.0,73.0,1.0,61.0,53.0,86.0,5.0
11076,2020-04-06 12:00:00,318.83,131.0,73.0,1.0,59.0,50.0,87.0,5.0
11077,2020-04-06 13:00:00,330.27,132.0,71.0,1.0,49.0,46.0,88.0,5.0
11078,2020-04-06 14:00:00,340.34,126.0,71.0,1.0,32.0,48.0,84.0,5.0
11079,2020-04-06 15:00:00,364.25,127.0,71.0,1.0,14.0,43.0,84.0,5.0
11080,2020-04-06 16:00:00,373.99,127.0,72.0,1.0,3.0,43.0,86.0,5.0
11081,2020-04-06 17:00:00,353.31,127.0,70.0,1.0,0.0,65.0,86.0,4.0
11082,2020-04-06 18:00:00,341.19,130.0,71.0,1.0,0.0,81.0,87.0,5.0
11083,2020-04-06 19:00:00,332.13,130.0,69.0,1.0,0.0,91.0,87.0,5.0
11084,2020-04-06 20:00:00,319.53,131.0,66.0,1.0,0.0,109.0,85.0,5.0
11085,2020-04-06 21:00:00,303.64,133.0,67.0,1.0,0.0,133.0,85.0,5.0
11086,2020-04-06 22:00:00,274.05,129.0,65.0,1.0,0.0,171.0,85.0,5.0
11087,2020-04-06 23:00:00,256.64,127.0,65.0,1.0,0.0,202.0,81.0,5.0
11088,2020-04-07 00:00:00,251.46,131.0,65.0,1.0,0.0,219.0,82.0,5.0
11089,2020-04-07 01:00:00,254.26,131.0,64.0,1.0,0.0,215.0,80.0,5.0
11090,2020-04-07 02:00:00,258.43,131.0,64.0,1.0,0.0,206.0,81.0,5.0
11091,2020-04-07 03:00:00,256.33,131.0,64.0,1.0,1.0,207.0,83.0,5.0
11092,2020-04-07 04:00:00,257.96,129.0,64.0,1.0,5.0,197.0,82.0,5.0
11093,2020-04-07 05:00:00,263.06,133.0,66.0,1.0,21.0,178.0,84.0,5.0
11094,2020-04-07 06:00:00,259.16,134.0,70.0,1.0,43.0,162.0,89.0,5.0
11095,2020-04-07 07:00:00,258.74,140.0,69.0,1.0,62.0,155.0,89.0,5.0
11096,2020-04-07 08:00:00,244.45,131.0,70.0,1.0,74.0,156.0,88.0,5.0
11097,2020-04-07 09:00:00,234.66,129.0,71.0,1.0,81.0,167.0,88.0,5.0
11098,2020-04-07 10:00:00,224.95,129.0,58.0,1.0,82.0,182.0,87.0,5.0
11099,2020-04-07 11:00:00,213.18,128.0,56.0,1.0,78.0,214.0,85.0,5.0
11100,2020-04-07 12:00:00,210.44,129.0,56.0,1.0,63.0,238.0,86.0,5.0
11101,2020-04-07 13:00:00,237.62,129.0,58.0,1.0,39.0,195.0,88.0,5.0
11102,2020-04-07 14:00:00,253.13,134.0,57.0,1.0,17.0,196.0,87.0,5.0
11103,2020-04-07 15:00:00,264.88,129.0,58.0,1.0,6.0,177.0,86.0,5.0
11104,2020-04-07 16:00:00,253.16,128.0,55.0,1.0,1.0,200.0,86.0,5.0
11105,2020-04-07 17:00:00,256.64,131.0,54.0,1.0,0.0,199.0,87.0,5.0
11106,2020-04-07 18:00:00,242.22,132.0,53.0,1.0,0.0,228.0,88.0,5.0
11107,2020-04-07 19:00:00,235.8,131.0,52.0,1.0,0.0,240.0,87.0,5.0
11108,2020-04-07 20:00:00,242.1,131.0,49.0,1.0,0.0,228.0,84.0,5.0
11109,2020-04-07 21:00:00,241.36,132.0,44.0,1.0,0.0,231.0,82.0,5.0
11110,2020-04-07 22:00:00,234.7,130.0,43.0,1.0,0.0,241.0,81.0,5.0
11111,2020-04-07 23:00:00,239.61,131.0,45.0,1.0,0.0,235.0,80.0,5.0
11112,2020-04-08 00:00:00,249.59,130.0,49.0,1.0,0.0,214.0,81.0,5.0
11113,2020-04-08 01:00:00,270.55,131.0,50.0,1.0,0.0,181.0,79.0,5.0
11114,2020-04-08 02:00:00,303.46,139.0,52.0,1.0,0.0,143.0,81.0,5.0
11115,2020-04-08 03:00:00,324.54,135.0,50.0,1.0,1.0,109.0,81.0,5.0
11116,2020-04-08 04:00:00,350.98,133.0,52.0,1.0,6.0,72.0,82.0,5.0
11117,2020-04-08 05:00:00,354.22,132.0,60.0,1.0,23.0,49.0,84.0,5.0
11118,2020-04-08 06:00:00,340.43,138.0,63.0,1.0,46.0,44.0,88.0,5.0
11119,2020-04-08 07:00:00,326.36,138.0,66.0,1.0,66.0,41.0,88.0,5.0
11120,2020-04-08 08:00:00,303.65,135.0,67.0,1.0,78.0,57.0,86.0,5.0
11121,2020-04-08 09:00:00,280.16,136.0,68.0,1.0,84.0,87.0,88.0,5.0
11122,2020-04-08 10:00:00,246.4,133.0,70.0,1.0,85.0,145.0,88.0,5.0
11123,2020-04-08 11:00:00,236.63,132.0,69.0,1.0,80.0,171.0,86.0,5.0
11124,2020-04-08 12:00:00,237.26,132.0,68.0,1.0,73.0,183.0,79.0,5.0
11125,2020-04-08 13:00:00,235.37,133.0,67.0,1.0,60.0,193.0,88.0,5.0
11126,2020-04-08 14:00:00,248.24,131.0,68.0,1.0,39.0,184.0,86.0,5.0
11127,2020-04-08 15:00:00,259.27,133.0,68.0,1.0,16.0,190.0,85.0,5.0
11128,2020-04-08 16:00:00,268.45,132.0,65.0,1.0,3.0,183.0,85.0,5.0
11129,2020-04-08 17:00:00,264.58,133.0,63.0,1.0,0.0,192.0,87.0,5.0
11130,2020-04-08 18:00:00,265.95,134.0,62.0,1.0,0.0,192.0,86.0,5.0
11131,2020-04-08 19:00:00,269.0,135.0,61.0,1.0,0.0,188.0,86.0,5.0
11132,2020-04-08 20:00:00,273.45,133.0,59.0,1.0,0.0,179.0,83.0,5.0
11133,2020-04-08 21:00:00,275.79,132.0,58.0,1.0,0.0,174.0,82.0,5.0
11134,2020-04-08 22:00:00,268.47,128.0,58.0,1.0,2.0,178.0,81.0,5.0
11135,2020-04-08 23:00:00,270.1,128.0,60.0,1.0,0.0,182.0,77.0,5.0
11136,2020-04-09 00:00:00,273.72,128.0,60.0,1.0,0.0,177.0,76.0,5.0
11137,2020-04-09 01:00:00,272.9,128.0,59.0,1.0,0.0,179.0,75.0,5.0
11138,2020-04-09 02:00:00,271.46,128.0,58.0,1.0,0.0,177.0,79.0,5.0
11139,2020-04-09 03:00:00,266.03,129.0,58.0,1.0,1.0,185.0,81.0,5.0
11140,2020-04-09 04:00:00,292.3,132.0,60.0,1.0,3.0,146.0,82.0,5.0
11141,2020-04-09 05:00:00,309.15,132.0,62.0,1.0,10.0,114.0,84.0,5.0
11142,2020-04-09 06:00:00,322.0,130.0,62.0,1.0,16.0,85.0,88.0,5.0
11143,2020-04-09 07:00:00,320.14,131.0,58.0,1.0,20.0,84.0,88.0,5.0
11144,2020-04-09 08:00:00,304.51,129.0,40.0,1.0,29.0,87.0,89.0,5.0
11145,2020-04-09 09:00:00,278.53,127.0,37.0,1.0,48.0,99.0,89.0,5.0
11146,2020-04-09 10:00:00,268.63,129.0,38.0,1.0,57.0,111.0,87.0,5.0
11147,2020-04-09 11:00:00,238.89,128.0,36.0,1.0,64.0,159.0,82.0,5.0
11148,2020-04-09 12:00:00,216.69,127.0,40.0,1.0,66.0,203.0,85.0,5.0
11149,2020-04-09 13:00:00,209.59,128.0,42.0,1.0,56.0,230.0,90.0,5.0
11150,2020-04-09 14:00:00,216.16,127.0,41.0,1.0,37.0,231.0,88.0,5.0
11151,2020-04-09 15:00:00,226.9,128.0,39.0,1.0,15.0,229.0,88.0,5.0
11152,2020-04-09 16:00:00,250.79,128.0,35.0,1.0,3.0,192.0,87.0,5.0
11153,2020-04-09 17:00:00,273.43,128.0,36.0,1.0,0.0,159.0,86.0,5.0
11154,2020-04-09 18:00:00,283.68,129.0,37.0,1.0,0.0,146.0,86.0,5.0
11155,2020-04-09 19:00:00,286.04,128.0,37.0,1.0,0.0,140.0,87.0,5.0
11156,2020-04-09 20:00:00,308.56,132.0,53.0,1.0,0.0,123.0,84.0,5.0
11157,2020-04-09 21:00:00,316.57,128.0,57.0,1.0,0.0,107.0,85.0,5.0
11158,2020-04-09 22:00:00,326.64,127.0,58.0,1.0,0.0,94.0,85.0,5.0
11159,2020-04-09 23:00:00,336.88,128.0,58.0,1.0,0.0,87.0,82.0,5.0
11160,2020-04-10 00:00:00,341.54,128.0,57.0,1.0,0.0,81.0,83.0,5.0
11161,2020-04-10 01:00:00,351.04,125.0,59.0,1.0,0.0,71.0,80.0,5.0
11162,2020-04-10 02:00:00,356.68,128.0,59.0,1.0,0.0,65.0,84.0,5.0
11163,2020-04-10 03:00:00,367.18,139.0,60.0,1.0,1.0,65.0,85.0,5.0
11164,2020-04-10 04:00:00,357.47,134.0,59.0,1.0,7.0,62.0,86.0,5.0
11165,2020-04-10 05:00:00,345.25,131.0,60.0,1.0,26.0,60.0,78.0,5.0
11166,2020-04-10 06:00:00,331.07,135.0,63.0,1.0,50.0,65.0,70.0,5.0
11167,2020-04-10 07:00:00,291.08,131.0,63.0,1.0,70.0,92.0,70.0,5.0
11168,2020-04-10 08:00:00,277.4,127.0,62.0,1.0,75.0,101.0,70.0,5.0
11169,2020-04-10 09:00:00,259.73,127.0,62.0,1.0,77.0,129.0,70.0,5.0
11170,2020-04-10 10:00:00,258.5,129.0,64.0,1.0,79.0,134.0,70.0,5.0
11171,2020-04-10 11:00:00,254.33,127.0,62.0,1.0,82.0,136.0,68.0,5.0
11172,2020-04-10 12:00:00,253.04,126.0,61.0,1.0,76.0,142.0,68.0,5.0
11173,2020-04-10 13:00:00,268.6,126.0,63.0,1.0,59.0,132.0,68.0,5.0
11174,2020-04-10 14:00:00,289.6,132.0,60.0,1.0,38.0,130.0,67.0,5.0
11175,2020-04-10 15:00:00,317.34,135.0,58.0,1.0,17.0,117.0,67.0,5.0
11176,2020-04-10 16:00:00,321.22,131.0,60.0,1.0,3.0,122.0,66.0,5.0
11177,2020-04-10 17:00:00,300.46,127.0,57.0,1.0,0.0,145.0,66.0,5.0
11178,2020-04-10 18:00:00,309.61,128.0,59.0,1.0,0.0,134.0,67.0,5.0
11179,2020-04-10 19:00:00,306.31,130.0,58.0,2.0,0.0,139.0,68.0,5.0
11180,2020-04-10 20:00:00,285.92,129.0,58.0,2.0,0.0,167.0,67.0,5.0
11181,2020-04-10 21:00:00,284.39,129.0,57.0,2.0,9.0,159.0,68.0,5.0
11182,2020-04-10 22:00:00,318.82,129.0,59.0,2.0,0.0,124.0,66.0,5.0
11183,2020-04-10 23:00:00,351.65,129.0,58.0,2.0,0.0,91.0,63.0,5.0
11184,2020-04-11 00:00:00,381.23,129.0,58.0,1.0,0.0,65.0,63.0,5.0
11185,2020-04-11 01:00:00,404.72,132.0,58.0,1.0,0.0,48.0,64.0,5.0
11186,2020-04-11 02:00:00,412.83,133.0,56.0,1.0,0.0,43.0,64.0,5.0
11187,2020-04-11 03:00:00,389.73,130.0,57.0,1.0,1.0,57.0,64.0,5.0
11188,2020-04-11 04:00:00,350.31,128.0,55.0,1.0,6.0,84.0,65.0,5.0
11189,2020-04-11 05:00:00,323.88,127.0,57.0,1.0,20.0,92.0,70.0,5.0
11190,2020-04-11 06:00:00,297.88,128.0,61.0,1.0,40.0,104.0,73.0,5.0
11191,2020-04-11 07:00:00,271.73,128.0,62.0,1.0,58.0,123.0,76.0,5.0
11192,2020-04-11 08:00:00,250.93,129.0,65.0,1.0,69.0,144.0,85.0,5.0
11193,2020-04-11 09:00:00,255.55,129.0,65.0,1.0,60.0,139.0,90.0,5.0
11194,2020-04-11 10:00:00,258.53,128.0,64.0,1.0,59.0,130.0,92.0,5.0
11195,2020-04-11 11:00:00,248.32,125.0,65.0,1.0,61.0,145.0,89.0,5.0
11196,2020-04-11 12:00:00,252.77,130.0,62.0,1.0,57.0,149.0,89.0,5.0
11197,2020-04-11 13:00:00,262.1,128.0,58.0,1.0,48.0,134.0,90.0,5.0
11198,2020-04-11 14:00:00,282.37,127.0,58.0,1.0,35.0,113.0,89.0,5.0
11199,2020-04-11 15:00:00,324.56,133.0,55.0,1.0,16.0,84.0,89.0,5.0
11200,2020-04-11 16:00:00,367.06,138.0,55.0,1.0,3.0,60.0,87.0,5.0
11201,2020-04-11 17:00:00,390.69,138.0,53.0,1.0,0.0,42.0,87.0,5.0
11202,2020-04-11 18:00:00,388.3,136.0,55.0,1.0,0.0,41.0,88.0,5.0
11203,2020-04-11 19:00:00,383.7,131.0,55.0,1.0,0.0,39.0,89.0,5.0
11204,2020-04-11 20:00:00,384.78,132.0,57.0,1.0,0.0,41.0,87.0,5.0
11205,2020-04-11 21:00:00,388.44,131.0,57.0,1.0,0.0,37.0,87.0,5.0
11206,2020-04-11 22:00:00,379.1,130.0,50.0,1.0,0.0,45.0,86.0,5.0
11207,2020-04-11 23:00:00,352.91,131.0,36.0,1.0,0.0,72.0,83.0,5.0
11208,2020-04-12 00:00:00,325.51,130.0,34.0,1.0,0.0,97.0,84.0,5.0
11209,2020-04-12 01:00:00,308.8,130.0,34.0,1.0,0.0,119.0,81.0,5.0
11210,2020-04-12 02:00:00,299.1,130.0,34.0,1.0,0.0,128.0,84.0,5.0
11211,2020-04-12 03:00:00,281.9,131.0,34.0,1.0,1.0,152.0,84.0,5.0
11212,2020-04-12 04:00:00,258.46,131.0,34.0,1.0,3.0,187.0,84.0,5.0
11213,2020-04-12 05:00:00,242.78,129.0,35.0,1.0,6.0,208.0,85.0,5.0
11214,2020-04-12 06:00:00,241.08,130.0,36.0,1.0,8.0,212.0,85.0,5.0
11215,2020-04-12 07:00:00,237.77,129.0,37.0,1.0,10.0,216.0,84.0,5.0
11216,2020-04-12 08:00:00,233.37,128.0,39.0,1.0,8.0,225.0,85.0,5.0
11217,2020-04-12 09:00:00,230.83,130.0,39.0,1.0,7.0,235.0,86.0,5.0
11218,2020-04-12 10:00:00,228.14,131.0,37.0,1.0,7.0,244.0,84.0,5.0
11219,2020-04-12 11:00:00,227.36,131.0,39.0,1.0,7.0,249.0,82.0,5.0
11220,2020-04-12 12:00:00,221.79,132.0,37.0,1.0,8.0,262.0,82.0,5.0
11221,2020-04-12 13:00:00,218.98,131.0,38.0,1.0,8.0,267.0,82.0,5.0
11222,2020-04-12 14:00:00,220.92,131.0,39.0,1.0,6.0,263.0,84.0,5.0
11223,2020-04-12 15:00:00,223.77,132.0,38.0,1.0,4.0,257.0,87.0,5.0
11224,2020-04-12 16:00:00,225.3,131.0,41.0,1.0,1.0,258.0,85.0,5.0
11225,2020-04-12 17:00:00,222.6,131.0,39.0,1.0,0.0,263.0,86.0,5.0
11226,2020-04-12 18:00:00,227.96,135.0,39.0,1.0,0.0,260.0,86.0,5.0
11227,2020-04-12 19:00:00,227.23,133.0,39.0,1.0,0.0,257.0,86.0,5.0
11228,2020-04-12 20:00:00,227.2,131.0,40.0,1.0,0.0,255.0,84.0,5.0
11229,2020-04-12 21:00:00,252.16,132.0,38.0,1.0,0.0,206.0,83.0,5.0
11230,2020-04-12 22:00:00,260.69,131.0,55.0,1.0,0.0,196.0,83.0,5.0
11231,2020-04-12 23:00:00,254.32,130.0,62.0,1.0,0.0,211.0,81.0,5.0
11232,2020-04-13 00:00:00,247.05,131.0,61.0,1.0,0.0,225.0,83.0,5.0
11233,2020-04-13 01:00:00,262.72,133.0,62.0,1.0,0.0,201.0,81.0,5.0
11234,2020-04-13 02:00:00,273.74,131.0,62.0,1.0,0.0,176.0,83.0,5.0
11235,2020-04-13 03:00:00,303.94,132.0,62.0,1.0,1.0,131.0,83.0,5.0
11236,2020-04-13 04:00:00,305.66,129.0,61.0,1.0,2.0,122.0,84.0,5.0
11237,2020-04-13 05:00:00,299.89,129.0,62.0,1.0,5.0,128.0,83.0,5.0
11238,2020-04-13 06:00:00,308.25,129.0,63.0,1.0,9.0,116.0,80.0,5.0
11239,2020-04-13 07:00:00,314.87,129.0,60.0,1.0,19.0,103.0,74.0,5.0
11240,2020-04-13 08:00:00,312.47,129.0,60.0,1.0,30.0,92.0,77.0,5.0
11241,2020-04-13 09:00:00,301.06,130.0,58.0,1.0,42.0,94.0,79.0,5.0
11242,2020-04-13 10:00:00,271.24,128.0,57.0,1.0,50.0,127.0,79.0,5.0
11243,2020-04-13 11:00:00,254.14,128.0,59.0,1.0,52.0,155.0,80.0,5.0
11244,2020-04-13 12:00:00,247.98,129.0,57.0,1.0,51.0,168.0,81.0,5.0
11245,2020-04-13 13:00:00,254.7,130.0,57.0,1.0,46.0,161.0,82.0,5.0
11246,2020-04-13 14:00:00,255.48,129.0,58.0,1.0,32.0,172.0,82.0,5.0
11247,2020-04-13 15:00:00,275.28,130.0,60.0,1.0,14.0,158.0,82.0,5.0
11248,2020-04-13 16:00:00,297.24,130.0,61.0,1.0,3.0,137.0,81.0,5.0
11249,2020-04-13 17:00:00,294.53,129.0,60.0,1.0,0.0,142.0,81.0,5.0
11250,2020-04-13 18:00:00,288.07,134.0,58.0,1.0,0.0,158.0,82.0,5.0
11251,2020-04-13 19:00:00,291.99,138.0,56.0,1.0,0.0,157.0,83.0,5.0
11252,2020-04-13 20:00:00,300.88,138.0,56.0,1.0,0.0,146.0,81.0,5.0
11253,2020-04-13 21:00:00,275.58,132.0,57.0,1.0,0.0,176.0,80.0,5.0
11254,2020-04-13 22:00:00,273.42,130.0,57.0,1.0,0.0,177.0,79.0,5.0
11255,2020-04-13 23:00:00,275.47,130.0,58.0,1.0,0.0,176.0,77.0,5.0
11256,2020-04-14 00:00:00,295.17,131.0,59.0,1.0,0.0,148.0,77.0,5.0
11257,2020-04-14 01:00:00,294.58,130.0,58.0,1.0,0.0,148.0,76.0,5.0
11258,2020-04-14 02:00:00,275.47,130.0,58.0,1.0,0.0,175.0,78.0,5.0
11259,2020-04-14 03:00:00,276.34,131.0,57.0,1.0,1.0,175.0,77.0,5.0
11260,2020-04-14 04:00:00,267.58,135.0,57.0,1.0,2.0,196.0,77.0,5.0
11261,2020-04-14 05:00:00,265.51,134.0,60.0,1.0,3.0,197.0,78.0,5.0
11262,2020-04-14 06:00:00,273.81,135.0,62.0,1.0,6.0,183.0,77.0,5.0
11263,2020-04-14 07:00:00,269.78,135.0,62.0,1.0,11.0,183.0,79.0,5.0
11264,2020-04-14 08:00:00,270.2,135.0,64.0,1.0,18.0,176.0,79.0,5.0
11265,2020-04-14 09:00:00,264.88,135.0,65.0,1.0,26.0,178.0,79.0,5.0
11266,2020-04-14 10:00:00,263.68,147.0,63.0,1.0,36.0,189.0,82.0,5.0
11267,2020-04-14 11:00:00,258.73,138.0,64.0,1.0,40.0,179.0,81.0,5.0
11268,2020-04-14 12:00:00,255.22,133.0,66.0,1.0,37.0,179.0,82.0,5.0
11269,2020-04-14 13:00:00,251.71,132.0,66.0,1.0,29.0,191.0,83.0,5.0
11270,2020-04-14 14:00:00,252.46,123.0,63.0,1.0,20.0,181.0,81.0,5.0
11271,2020-04-14 15:00:00,268.47,134.0,66.0,1.0,10.0,182.0,83.0,5.0
11272,2020-04-14 16:00:00,274.98,135.0,62.0,1.0,3.0,179.0,82.0,5.0
11273,2020-04-14 17:00:00,290.76,136.0,61.0,1.0,0.0,158.0,82.0,5.0
11274,2020-04-14 18:00:00,278.84,126.0,62.0,1.0,0.0,160.0,82.0,5.0
11275,2020-04-14 19:00:00,304.74,129.0,60.0,1.0,0.0,127.0,82.0,5.0
11276,2020-04-14 20:00:00,335.2,135.0,61.0,1.0,0.0,100.0,80.0,5.0
11277,2020-04-14 21:00:00,361.27,140.0,63.0,1.0,0.0,78.0,80.0,5.0
11278,2020-04-14 22:00:00,349.18,125.0,62.0,1.0,0.0,74.0,79.0,5.0
11279,2020-04-14 23:00:00,348.83,129.0,61.0,1.0,0.0,82.0,76.0,5.0
11280,2020-04-15 00:00:00,361.34,131.0,63.0,1.0,0.0,71.0,77.0,5.0
11281,2020-04-15 01:00:00,382.35,126.0,61.0,1.0,0.0,49.0,75.0,5.0
11282,2020-04-15 02:00:00,388.17,133.0,60.0,1.0,0.0,49.0,77.0,5.0
11283,2020-04-15 03:00:00,361.76,126.0,59.0,1.0,1.0,64.0,77.0,5.0
11284,2020-04-15 04:00:00,346.31,136.0,62.0,1.0,2.0,90.0,77.0,5.0
11285,2020-04-15 05:00:00,319.89,133.0,64.0,1.0,3.0,117.0,76.0,5.0
11286,2020-04-15 06:00:00,321.45,136.0,63.0,1.0,5.0,117.0,76.0,5.0
11287,2020-04-15 07:00:00,337.08,154.0,64.0,1.0,9.0,118.0,75.0,5.0
11288,2020-04-15 08:00:00,309.09,151.0,63.0,1.0,18.0,142.0,76.0,5.0
11289,2020-04-15 09:00:00,287.52,144.0,64.0,1.0,28.0,153.0,78.0,5.0
11290,2020-04-15 10:00:00,284.06,138.0,65.0,1.0,34.0,141.0,80.0,5.0
11291,2020-04-15 11:00:00,272.52,135.0,67.0,1.0,40.0,149.0,81.0,5.0
11292,2020-04-15 12:00:00,252.18,129.0,66.0,1.0,43.0,172.0,81.0,5.0
11293,2020-04-15 13:00:00,248.84,135.0,66.0,1.0,40.0,194.0,81.0,5.0
11294,2020-04-15 14:00:00,237.51,116.0,64.0,1.0,29.0,188.0,80.0,5.0
11295,2020-04-15 15:00:00,288.57,135.0,62.0,1.0,13.0,148.0,81.0,5.0
11296,2020-04-15 16:00:00,317.02,134.0,58.0,1.0,4.0,116.0,80.0,5.0
11297,2020-04-15 17:00:00,374.4,133.0,56.0,1.0,1.0,58.0,79.0,5.0
11298,2020-04-15 18:00:00,370.07,135.0,61.0,1.0,0.0,65.0,79.0,5.0
11299,2020-04-15 19:00:00,360.98,128.0,62.0,1.0,0.0,66.0,79.0,5.0
11300,2020-04-15 20:00:00,354.5,127.0,60.0,1.0,0.0,73.0,77.0,5.0
11301,2020-04-15 21:00:00,334.21,128.0,59.0,1.0,0.0,95.0,77.0,5.0
11302,2020-04-15 22:00:00,313.91,127.0,58.0,1.0,0.0,117.0,77.0,5.0
11303,2020-04-15 23:00:00,295.8,126.0,62.0,1.0,0.0,142.0,75.0,5.0
11304,2020-04-16 00:00:00,311.14,127.0,61.0,1.0,0.0,123.0,75.0,5.0
11305,2020-04-16 01:00:00,292.11,127.0,59.0,1.0,0.0,150.0,73.0,5.0
11306,2020-04-16 02:00:00,259.82,127.0,60.0,1.0,0.0,203.0,72.0,5.0
11307,2020-04-16 03:00:00,263.88,127.0,58.0,1.0,0.0,207.0,60.0,5.0
11308,2020-04-16 04:00:00,269.19,136.0,57.0,1.0,2.0,212.0,60.0,5.0
11309,2020-04-16 05:00:00,270.14,135.0,61.0,1.0,6.0,207.0,59.0,5.0
11310,2020-04-16 06:00:00,270.14,135.0,61.0,1.0,12.0,200.0,60.0,5.0
11311,2020-04-16 07:00:00,267.02,137.0,63.0,1.0,18.0,204.0,60.0,5.0
11312,2020-04-16 08:00:00,277.26,133.0,60.0,1.0,24.0,169.0,63.0,5.0
11313,2020-04-16 09:00:00,281.17,133.0,61.0,1.0,23.0,164.0,63.0,5.0
11314,2020-04-16 10:00:00,302.58,144.0,62.0,1.0,19.0,162.0,54.0,5.0
11315,2020-04-16 11:00:00,287.97,136.0,60.0,1.0,18.0,170.0,56.0,5.0
11316,2020-04-16 12:00:00,280.24,130.0,63.0,1.0,22.0,163.0,62.0,5.0
11317,2020-04-16 13:00:00,275.7,126.0,65.0,1.0,29.0,156.0,63.0,5.0
11318,2020-04-16 14:00:00,272.81,126.0,63.0,1.0,25.0,164.0,63.0,5.0
11319,2020-04-16 15:00:00,268.05,127.0,61.0,1.0,15.0,181.0,65.0,5.0
11320,2020-04-16 16:00:00,266.61,129.0,58.0,1.0,4.0,197.0,65.0,5.0
11321,2020-04-16 17:00:00,271.56,134.0,59.0,1.0,1.0,201.0,65.0,5.0
11322,2020-04-16 18:00:00,284.38,137.0,59.0,1.0,0.0,186.0,65.0,5.0
11323,2020-04-16 19:00:00,262.65,136.0,60.0,1.0,0.0,222.0,65.0,5.0
11324,2020-04-16 20:00:00,263.83,136.0,58.0,1.0,0.0,221.0,63.0,5.0
11325,2020-04-16 21:00:00,262.94,131.0,60.0,1.0,0.0,214.0,63.0,5.0
11326,2020-04-16 22:00:00,266.97,130.0,60.0,1.0,0.0,206.0,62.0,5.0
11327,2020-04-16 23:00:00,274.85,133.0,60.0,1.0,0.0,199.0,61.0,5.0
11328,2020-04-17 00:00:00,271.79,132.0,59.0,1.0,0.0,203.0,60.0,5.0
11329,2020-04-17 01:00:00,286.32,131.0,59.0,1.0,0.0,180.0,58.0,5.0
11330,2020-04-17 02:00:00,280.06,130.0,59.0,1.0,0.0,186.0,60.0,5.0
11331,2020-04-17 03:00:00,274.38,129.0,58.0,1.0,2.0,191.0,60.0,5.0
11332,2020-04-17 04:00:00,269.35,128.0,62.0,1.0,7.0,194.0,60.0,5.0
11333,2020-04-17 05:00:00,253.52,133.0,63.0,1.0,20.0,216.0,64.0,5.0
11334,2020-04-17 06:00:00,236.86,131.0,65.0,1.0,37.0,228.0,67.0,5.0
11335,2020-04-17 07:00:00,226.78,131.0,67.0,1.0,51.0,239.0,67.0,5.0
11336,2020-04-17 08:00:00,219.74,134.0,65.0,1.0,59.0,256.0,66.0,5.0
11337,2020-04-17 09:00:00,206.92,127.0,63.0,1.0,59.0,272.0,66.0,5.0
11338,2020-04-17 10:00:00,208.19,131.0,63.0,1.0,56.0,283.0,65.0,5.0
11339,2020-04-17 11:00:00,218.25,139.0,63.0,1.0,54.0,278.0,64.0,5.0
11340,2020-04-17 12:00:00,218.65,135.0,63.0,1.0,55.0,265.0,65.0,5.0
11341,2020-04-17 13:00:00,227.79,135.0,64.0,1.0,46.0,250.0,66.0,5.0
11342,2020-04-17 14:00:00,233.32,129.0,64.0,1.0,30.0,239.0,66.0,5.0
11343,2020-04-17 15:00:00,260.83,135.0,66.0,1.0,13.0,213.0,65.0,5.0
11344,2020-04-17 16:00:00,262.62,133.0,64.0,1.0,4.0,214.0,65.0,5.0
11345,2020-04-17 17:00:00,273.95,137.0,64.0,1.0,1.0,204.0,65.0,5.0
11346,2020-04-17 18:00:00,271.01,136.0,63.0,1.0,0.0,208.0,65.0,5.0
11347,2020-04-17 19:00:00,264.99,129.0,61.0,1.0,0.0,204.0,66.0,5.0
11348,2020-04-17 20:00:00,278.12,129.0,61.0,1.0,0.0,183.0,65.0,5.0
11349,2020-04-17 21:00:00,280.44,130.0,64.0,1.0,0.0,183.0,64.0,5.0
11350,2020-04-17 22:00:00,292.21,135.0,64.0,1.0,0.0,174.0,63.0,5.0
11351,2020-04-17 23:00:00,291.33,137.0,62.0,1.0,0.0,179.0,62.0,5.0
11352,2020-04-18 00:00:00,298.58,133.0,62.0,1.0,0.0,163.0,61.0,5.0
11353,2020-04-18 01:00:00,319.01,134.0,61.0,1.0,0.0,139.0,59.0,5.0
11354,2020-04-18 02:00:00,317.54,131.0,63.0,1.0,0.0,135.0,61.0,5.0
11355,2020-04-18 03:00:00,312.66,131.0,62.0,1.0,2.0,139.0,61.0,5.0
11356,2020-04-18 04:00:00,318.32,136.0,62.0,1.0,8.0,132.0,61.0,4.0
11357,2020-04-18 05:00:00,311.83,135.0,63.0,1.0,26.0,118.0,65.0,5.0
11358,2020-04-18 06:00:00,290.43,138.0,62.0,1.0,48.0,129.0,67.0,5.0
11359,2020-04-18 07:00:00,274.33,137.0,63.0,1.0,62.0,140.0,67.0,5.0
11360,2020-04-18 08:00:00,266.39,138.0,63.0,1.0,60.0,158.0,67.0,5.0
11361,2020-04-18 09:00:00,251.53,135.0,63.0,1.0,57.0,184.0,67.0,5.0
11362,2020-04-18 10:00:00,240.15,139.0,65.0,1.0,58.0,217.0,67.0,5.0
11363,2020-04-18 11:00:00,233.42,140.0,63.0,1.0,52.0,241.0,66.0,5.0
11364,2020-04-18 12:00:00,232.67,141.0,67.0,1.0,47.0,251.0,66.0,4.0
11365,2020-04-18 13:00:00,230.23,131.0,66.0,1.0,39.0,243.0,66.0,5.0
11366,2020-04-18 14:00:00,240.75,129.0,63.0,1.0,27.0,226.0,65.0,5.0
11367,2020-04-18 15:00:00,259.85,132.0,61.0,1.0,13.0,205.0,67.0,5.0
11368,2020-04-18 16:00:00,262.62,131.0,61.0,1.0,4.0,208.0,66.0,5.0
11369,2020-04-18 17:00:00,264.15,128.0,57.0,1.0,1.0,201.0,66.0,5.0
11370,2020-04-18 18:00:00,273.91,128.0,58.0,1.0,0.0,185.0,67.0,5.0
11371,2020-04-18 19:00:00,284.15,132.0,59.0,1.0,0.0,177.0,66.0,5.0
11372,2020-04-18 20:00:00,292.93,134.0,59.0,1.0,0.0,169.0,64.0,5.0
11373,2020-04-18 21:00:00,292.43,134.0,60.0,1.0,0.0,170.0,64.0,5.0
11374,2020-04-18 22:00:00,302.48,132.0,62.0,1.0,0.0,154.0,63.0,5.0
11375,2020-04-18 23:00:00,319.08,129.0,61.0,1.0,0.0,130.0,61.0,5.0
11376,2020-04-19 00:00:00,318.71,130.0,62.0,1.0,0.0,132.0,61.0,5.0
11377,2020-04-19 01:00:00,332.21,130.0,61.0,1.0,0.0,119.0,58.0,5.0
11378,2020-04-19 02:00:00,280.69,91.0,64.0,1.0,0.0,119.0,61.0,5.0
11379,2020-04-19 03:00:00,218.07,50.0,62.0,1.0,2.0,110.0,61.0,4.0
11380,2020-04-19 04:00:00,233.89,50.0,64.0,1.0,8.0,87.0,61.0,5.0
11381,2020-04-19 05:00:00,228.69,55.0,65.0,1.0,22.0,90.0,61.0,4.0
11382,2020-04-19 06:00:00,222.65,50.0,68.0,1.0,39.0,74.0,58.0,4.0
11383,2020-04-19 07:00:00,206.46,49.0,65.0,1.0,52.0,75.0,62.0,4.0
11384,2020-04-19 08:00:00,166.62,31.0,65.0,1.0,59.0,82.0,60.0,5.0
11385,2020-04-19 09:00:00,143.08,20.0,66.0,1.0,57.0,86.0,62.0,5.0
11386,2020-04-19 10:00:00,193.42,44.0,66.0,1.0,57.0,78.0,63.0,5.0
11387,2020-04-19 11:00:00,196.6,44.0,66.0,1.0,61.0,69.0,61.0,4.0
11388,2020-04-19 12:00:00,195.74,47.0,66.0,1.0,59.0,80.0,62.0,4.0
11389,2020-04-19 13:00:00,217.04,53.0,65.0,1.0,44.0,78.0,62.0,4.0
11390,2020-04-19 14:00:00,232.8,52.0,66.0,1.0,29.0,73.0,61.0,5.0
11391,2020-04-19 15:00:00,261.82,54.0,66.0,1.0,13.0,59.0,63.0,5.0
11392,2020-04-19 16:00:00,267.86,50.0,64.0,1.0,4.0,54.0,63.0,5.0
11393,2020-04-19 17:00:00,259.32,43.0,63.0,1.0,1.0,51.0,63.0,5.0
11394,2020-04-19 18:00:00,254.54,36.0,60.0,1.0,0.0,41.0,63.0,5.0
11395,2020-04-19 19:00:00,303.65,49.0,59.0,1.0,0.0,28.0,62.0,5.0
11396,2020-04-19 20:00:00,297.76,44.0,62.0,1.0,0.0,27.0,60.0,5.0
11397,2020-04-19 21:00:00,306.3,48.0,65.0,1.0,0.0,28.0,60.0,5.0
11398,2020-04-19 22:00:00,299.38,46.0,62.0,1.0,0.0,30.0,59.0,5.0
11399,2020-04-19 23:00:00,300.87,46.0,62.0,1.0,0.0,31.0,57.0,5.0
11400,2020-04-20 00:00:00,295.48,47.0,61.0,1.0,0.0,36.0,57.0,5.0
11401,2020-04-20 01:00:00,286.28,46.0,61.0,1.0,0.0,44.0,54.0,5.0
11402,2020-04-20 02:00:00,275.43,46.0,63.0,1.0,0.0,51.0,56.0,5.0
11403,2020-04-20 03:00:00,285.19,43.0,65.0,1.0,1.0,38.0,56.0,5.0
11404,2020-04-20 04:00:00,299.74,47.0,65.0,1.0,4.0,32.0,55.0,5.0
11405,2020-04-20 05:00:00,299.84,49.0,65.0,1.0,12.0,27.0,55.0,5.0
11406,2020-04-20 06:00:00,263.62,49.0,64.0,1.0,31.0,36.0,56.0,5.0
11407,2020-04-20 07:00:00,236.47,50.0,64.0,1.0,52.0,40.0,61.0,5.0
11408,2020-04-20 08:00:00,212.87,50.0,65.0,1.0,66.0,53.0,65.0,5.0
11409,2020-04-20 09:00:00,200.48,50.0,64.0,1.0,64.0,67.0,71.0,5.0
11410,2020-04-20 10:00:00,204.29,50.0,64.0,1.0,55.0,68.0,73.0,5.0
11411,2020-04-20 11:00:00,203.27,47.0,66.0,1.0,49.0,71.0,71.0,5.0
11412,2020-04-20 12:00:00,211.5,50.0,66.0,1.0,41.0,69.0,75.0,4.0
11413,2020-04-20 13:00:00,226.45,49.0,63.0,1.0,33.0,48.0,78.0,3.0
11414,2020-04-20 14:00:00,236.28,49.0,63.0,1.0,27.0,44.0,78.0,4.0
11415,2020-04-20 15:00:00,256.78,49.0,63.0,1.0,15.0,35.0,79.0,5.0
11416,2020-04-20 16:00:00,276.56,49.0,62.0,1.0,4.0,31.0,76.0,5.0
11417,2020-04-20 17:00:00,284.89,50.0,62.0,1.0,1.0,29.0,76.0,5.0
11418,2020-04-20 18:00:00,283.02,48.0,65.0,1.0,0.0,28.0,76.0,4.0
11419,2020-04-20 19:00:00,283.91,48.0,64.0,1.0,0.0,27.0,76.0,4.0
11420,2020-04-20 20:00:00,289.14,50.0,63.0,1.0,0.0,28.0,74.0,4.0
11421,2020-04-20 21:00:00,303.73,54.0,61.0,1.0,0.0,22.0,75.0,4.0
11422,2020-04-20 22:00:00,278.59,50.0,62.0,1.0,0.0,36.0,74.0,4.0
11423,2020-04-20 23:00:00,255.49,49.0,63.0,1.0,0.0,57.0,72.0,4.0
11424,2020-04-21 00:00:00,248.0,50.0,62.0,1.0,0.0,67.0,71.0,4.0
11425,2020-04-21 01:00:00,256.49,50.0,63.0,1.0,0.0,58.0,72.0,4.0
11426,2020-04-21 02:00:00,257.4,50.0,65.0,1.0,0.0,55.0,75.0,4.0
11427,2020-04-21 03:00:00,237.63,51.0,65.0,1.0,1.0,76.0,76.0,4.0
11428,2020-04-21 04:00:00,238.57,52.0,63.0,1.0,5.0,70.0,78.0,4.0
11429,2020-04-21 05:00:00,243.12,50.0,63.0,1.0,17.0,52.0,76.0,5.0
11430,2020-04-21 06:00:00,236.65,51.0,64.0,1.0,35.0,44.0,76.0,5.0
11431,2020-04-21 07:00:00,209.1,48.0,66.0,1.0,51.0,56.0,78.0,5.0
11432,2020-04-21 08:00:00,194.38,49.0,66.0,1.0,59.0,70.0,82.0,5.0
11433,2020-04-21 09:00:00,195.03,49.0,65.0,1.0,59.0,68.0,82.0,5.0
11434,2020-04-21 10:00:00,193.32,48.0,65.0,1.0,66.0,60.0,81.0,4.0
11435,2020-04-21 11:00:00,178.66,49.0,66.0,1.0,74.0,83.0,81.0,4.0
11436,2020-04-21 12:00:00,179.76,49.0,66.0,1.0,70.0,85.0,83.0,5.0
11437,2020-04-21 13:00:00,189.23,49.0,67.0,1.0,62.0,76.0,83.0,5.0
11438,2020-04-21 14:00:00,193.21,48.0,67.0,1.0,43.0,85.0,83.0,5.0
11439,2020-04-21 15:00:00,207.74,48.0,66.0,1.0,21.0,84.0,82.0,5.0
11440,2020-04-21 16:00:00,228.7,48.0,63.0,1.0,5.0,70.0,82.0,5.0
11441,2020-04-21 17:00:00,230.81,49.0,65.0,1.0,1.0,75.0,82.0,5.0
11442,2020-04-21 18:00:00,244.08,50.0,65.0,1.0,0.0,62.0,83.0,5.0
11443,2020-04-21 19:00:00,246.94,51.0,65.0,1.0,0.0,60.0,84.0,5.0
11444,2020-04-21 20:00:00,245.73,48.0,61.0,1.0,0.0,56.0,81.0,5.0
11445,2020-04-21 21:00:00,249.79,51.0,63.0,1.0,0.0,59.0,81.0,5.0
11446,2020-04-21 22:00:00,253.69,52.0,63.0,1.0,0.0,57.0,81.0,5.0
11447,2020-04-21 23:00:00,261.0,51.0,61.0,1.0,0.0,49.0,79.0,5.0
11448,2020-04-22 00:00:00,267.58,54.0,65.0,1.0,0.0,51.0,78.0,5.0
11449,2020-04-22 01:00:00,260.19,44.0,65.0,1.0,0.0,40.0,77.0,5.0
11450,2020-04-22 02:00:00,287.28,52.0,64.0,1.0,0.0,30.0,78.0,5.0
11451,2020-04-22 03:00:00,277.06,50.0,64.0,1.0,2.0,33.0,78.0,5.0
11452,2020-04-22 04:00:00,258.3,51.0,62.0,1.0,9.0,45.0,77.0,5.0
11453,2020-04-22 05:00:00,247.87,51.0,65.0,1.0,28.0,33.0,82.0,5.0
11454,2020-04-22 06:00:00,229.18,51.0,64.0,1.0,51.0,30.0,83.0,5.0
11455,2020-04-22 07:00:00,205.18,48.0,60.0,1.0,70.0,33.0,83.0,5.0
11456,2020-04-22 08:00:00,194.29,47.0,59.0,1.0,81.0,36.0,82.0,5.0
11457,2020-04-22 09:00:00,187.08,48.0,61.0,1.0,86.0,48.0,82.0,5.0
11458,2020-04-22 10:00:00,179.0,49.0,58.0,1.0,85.0,63.0,83.0,5.0
11459,2020-04-22 11:00:00,176.17,47.0,59.0,1.0,83.0,66.0,82.0,5.0
11460,2020-04-22 12:00:00,191.14,50.0,60.0,1.0,76.0,56.0,82.0,5.0
11461,2020-04-22 13:00:00,210.29,50.0,62.0,1.0,60.0,39.0,83.0,3.0
11462,2020-04-22 14:00:00,240.17,49.0,61.0,1.0,40.0,22.0,83.0,5.0
11463,2020-04-22 15:00:00,274.7,50.0,64.0,1.0,19.0,13.0,83.0,5.0
11464,2020-04-22 16:00:00,294.74,50.0,60.0,1.0,5.0,11.0,82.0,5.0
11465,2020-04-22 17:00:00,291.39,50.0,62.0,1.0,1.0,17.0,83.0,5.0
11466,2020-04-22 18:00:00,270.19,49.0,61.0,1.0,0.0,33.0,83.0,5.0
11467,2020-04-22 19:00:00,246.23,48.0,62.0,1.0,0.0,53.0,84.0,5.0
11468,2020-04-22 20:00:00,235.54,44.0,61.0,1.0,0.0,58.0,81.0,5.0
11469,2020-04-22 21:00:00,244.68,52.0,60.0,1.0,0.0,66.0,80.0,5.0
11470,2020-04-22 22:00:00,221.06,50.0,61.0,1.0,0.0,90.0,80.0,5.0
11471,2020-04-22 23:00:00,220.98,49.0,60.0,1.0,0.0,89.0,78.0,5.0
11472,2020-04-23 00:00:00,234.11,50.0,61.0,1.0,0.0,76.0,78.0,5.0
11473,2020-04-23 01:00:00,242.6,50.0,60.0,1.0,0.0,69.0,75.0,5.0
11474,2020-04-23 02:00:00,241.97,49.0,59.0,1.0,0.0,65.0,77.0,5.0
11475,2020-04-23 03:00:00,257.45,50.0,60.0,1.0,3.0,48.0,78.0,5.0
11476,2020-04-23 04:00:00,270.19,49.0,61.0,1.0,11.0,27.0,78.0,5.0
11477,2020-04-23 05:00:00,258.22,50.0,64.0,1.0,29.0,18.0,83.0,5.0
11478,2020-04-23 06:00:00,235.48,50.0,62.0,1.0,48.0,22.0,83.0,5.0
11479,2020-04-23 07:00:00,217.94,51.0,63.0,1.0,66.0,29.0,83.0,5.0
11480,2020-04-23 08:00:00,204.11,51.0,64.0,1.0,80.0,37.0,82.0,5.0
11481,2020-04-23 09:00:00,196.89,50.0,63.0,1.0,87.0,38.0,82.0,5.0
11482,2020-04-23 10:00:00,195.15,51.0,61.0,1.0,88.0,40.0,83.0,5.0
11483,2020-04-23 11:00:00,199.71,52.0,63.0,1.0,83.0,43.0,82.0,5.0
11484,2020-04-23 12:00:00,209.19,51.0,65.0,1.0,72.0,39.0,81.0,5.0
11485,2020-04-23 13:00:00,225.17,51.0,67.0,1.0,56.0,33.0,82.0,5.0
11486,2020-04-23 14:00:00,239.76,48.0,66.0,1.0,36.0,30.0,80.0,5.0
11487,2020-04-23 15:00:00,253.99,49.0,68.0,1.0,17.0,36.0,81.0,5.0
11488,2020-04-23 16:00:00,252.62,49.0,65.0,1.0,5.0,48.0,81.0,5.0
11489,2020-04-23 17:00:00,241.4,44.0,63.0,1.0,1.0,51.0,82.0,5.0
11490,2020-04-23 18:00:00,195.02,24.0,61.0,1.0,0.0,51.0,82.0,5.0
11491,2020-04-23 19:00:00,252.74,46.0,61.0,1.0,0.0,43.0,83.0,5.0
11492,2020-04-23 20:00:00,268.92,51.0,59.0,1.0,0.0,40.0,80.0,5.0
11493,2020-04-23 21:00:00,288.73,52.0,61.0,1.0,0.0,25.0,81.0,5.0
11494,2020-04-23 22:00:00,153.68,3.0,60.0,1.0,0.0,43.0,66.0,5.0
11495,2020-04-23 23:00:00,142.03,3.0,59.0,1.0,0.0,45.0,77.0,5.0
11496,2020-04-24 00:00:00,117.84,3.0,59.0,1.0,0.0,84.0,77.0,5.0
11497,2020-04-24 01:00:00,126.02,3.0,61.0,1.0,0.0,75.0,75.0,5.0
11498,2020-04-24 02:00:00,125.48,3.0,60.0,1.0,0.0,71.0,78.0,5.0
11499,2020-04-24 03:00:00,126.64,3.0,60.0,1.0,3.0,66.0,78.0,5.0
11500,2020-04-24 04:00:00,127.83,3.0,60.0,1.0,9.0,59.0,77.0,5.0
11501,2020-04-24 05:00:00,124.85,3.0,63.0,1.0,22.0,55.0,79.0,5.0
11502,2020-04-24 06:00:00,111.05,3.0,65.0,1.0,39.0,69.0,81.0,5.0
11503,2020-04-24 07:00:00,105.14,4.0,65.0,1.0,53.0,74.0,83.0,5.0
11504,2020-04-24 08:00:00,100.78,4.0,63.0,1.0,60.0,75.0,82.0,5.0
11505,2020-04-24 09:00:00,98.0,4.0,64.0,1.0,60.0,85.0,83.0,5.0
11506,2020-04-24 10:00:00,98.32,4.0,64.0,1.0,56.0,89.0,82.0,5.0
11507,2020-04-24 11:00:00,102.62,4.0,65.0,1.0,51.0,85.0,81.0,5.0
11508,2020-04-24 12:00:00,105.15,4.0,67.0,1.0,45.0,88.0,82.0,5.0
11509,2020-04-24 13:00:00,111.25,4.0,67.0,1.0,32.0,85.0,82.0,5.0
11510,2020-04-24 14:00:00,120.71,3.0,66.0,1.0,20.0,70.0,80.0,5.0
11511,2020-04-24 15:00:00,137.26,4.0,66.0,1.0,10.0,53.0,82.0,5.0
11512,2020-04-24 16:00:00,145.46,4.0,65.0,1.0,3.0,46.0,82.0,5.0
11513,2020-04-24 17:00:00,144.49,3.0,63.0,1.0,1.0,43.0,81.0,5.0
11514,2020-04-24 18:00:00,155.22,3.0,62.0,1.0,0.0,28.0,82.0,5.0
11515,2020-04-24 19:00:00,158.43,3.0,64.0,1.0,0.0,27.0,82.0,5.0
11516,2020-04-24 20:00:00,142.32,3.0,63.0,1.0,0.0,47.0,81.0,5.0
11517,2020-04-24 21:00:00,117.48,3.0,61.0,1.0,0.0,85.0,81.0,5.0
11518,2020-04-24 22:00:00,113.04,3.0,60.0,1.0,0.0,93.0,80.0,5.0
11519,2020-04-24 23:00:00,100.81,3.0,58.0,1.0,0.0,120.0,77.0,5.0
11520,2020-04-25 00:00:00,92.73,3.0,60.0,1.0,0.0,149.0,77.0,5.0
11521,2020-04-25 01:00:00,98.21,3.0,58.0,1.0,0.0,129.0,75.0,5.0
11522,2020-04-25 02:00:00,106.04,3.0,58.0,1.0,0.0,106.0,78.0,5.0
11523,2020-04-25 03:00:00,106.92,3.0,56.0,1.0,3.0,96.0,78.0,5.0
11524,2020-04-25 04:00:00,108.26,3.0,56.0,1.0,12.0,82.0,80.0,5.0
11525,2020-04-25 05:00:00,103.07,4.0,57.0,1.0,30.0,82.0,83.0,5.0
11526,2020-04-25 06:00:00,101.73,4.0,61.0,1.0,51.0,74.0,84.0,5.0
11527,2020-04-25 07:00:00,96.45,4.0,63.0,1.0,70.0,75.0,85.0,5.0
11528,2020-04-25 08:00:00,90.74,4.0,62.0,1.0,82.0,80.0,84.0,5.0
11529,2020-04-25 09:00:00,87.97,4.0,62.0,1.0,87.0,85.0,84.0,5.0
11530,2020-04-25 10:00:00,84.22,4.0,63.0,1.0,88.0,100.0,86.0,5.0
11531,2020-04-25 11:00:00,83.98,4.0,63.0,1.0,87.0,104.0,84.0,5.0
11532,2020-04-25 12:00:00,84.62,4.0,62.0,1.0,80.0,104.0,85.0,5.0
11533,2020-04-25 13:00:00,83.67,4.0,62.0,1.0,66.0,115.0,86.0,4.0
11534,2020-04-25 14:00:00,90.66,4.0,63.0,1.0,44.0,116.0,84.0,4.0
11535,2020-04-25 15:00:00,104.22,4.0,65.0,1.0,20.0,105.0,83.0,4.0
11536,2020-04-25 16:00:00,113.5,4.0,65.0,1.0,6.0,100.0,83.0,5.0
11537,2020-04-25 17:00:00,115.97,4.0,63.0,2.0,1.0,94.0,83.0,5.0
11538,2020-04-25 18:00:00,114.6,4.0,63.0,2.0,0.0,94.0,83.0,4.0
11539,2020-04-25 19:00:00,104.52,4.0,60.0,2.0,0.0,113.0,85.0,5.0
11540,2020-04-25 20:00:00,102.69,3.0,61.0,2.0,0.0,117.0,82.0,5.0
11541,2020-04-25 21:00:00,103.0,3.0,60.0,2.0,0.0,109.0,82.0,4.0
11542,2020-04-25 22:00:00,116.43,3.0,60.0,2.0,0.0,80.0,81.0,4.0
11543,2020-04-25 23:00:00,128.83,3.0,59.0,1.0,0.0,60.0,78.0,4.0
11544,2020-04-26 00:00:00,135.25,3.0,60.0,1.0,0.0,52.0,78.0,4.0
11545,2020-04-26 01:00:00,151.78,3.0,59.0,1.0,0.0,31.0,76.0,4.0
11546,2020-04-26 02:00:00,163.55,3.0,61.0,1.0,0.0,18.0,79.0,4.0
11547,2020-04-26 03:00:00,169.88,3.0,62.0,1.0,3.0,10.0,79.0,4.0
11548,2020-04-26 04:00:00,158.76,3.0,64.0,1.0,12.0,14.0,80.0,4.0
11549,2020-04-26 05:00:00,136.99,3.0,65.0,1.0,30.0,23.0,83.0,4.0
11550,2020-04-26 06:00:00,125.35,4.0,66.0,1.0,51.0,30.0,85.0,5.0
11551,2020-04-26 07:00:00,116.31,4.0,67.0,1.0,64.0,37.0,86.0,5.0
11552,2020-04-26 08:00:00,116.31,4.0,67.0,1.0,64.0,39.0,84.0,5.0
11553,2020-04-26 09:00:00,115.0,4.0,67.0,1.0,61.0,44.0,85.0,5.0
11554,2020-04-26 10:00:00,111.88,4.0,66.0,1.0,57.0,50.0,84.0,4.0
11555,2020-04-26 11:00:00,115.71,4.0,65.0,1.0,49.0,49.0,82.0,4.0
11556,2020-04-26 12:00:00,113.46,4.0,61.0,1.0,44.0,49.0,83.0,4.0
11557,2020-04-26 13:00:00,114.42,4.0,57.0,1.0,34.0,45.0,86.0,4.0
11558,2020-04-26 14:00:00,126.21,4.0,63.0,1.0,26.0,44.0,85.0,4.0
11559,2020-04-26 15:00:00,131.91,4.0,64.0,1.0,15.0,48.0,84.0,4.0
11560,2020-04-26 16:00:00,138.85,4.0,67.0,1.0,5.0,52.0,84.0,4.0
11561,2020-04-26 17:00:00,149.08,4.0,65.0,1.0,1.0,42.0,83.0,5.0
11562,2020-04-26 18:00:00,154.14,4.0,64.0,1.0,0.0,35.0,83.0,5.0
11563,2020-04-26 19:00:00,162.36,4.0,63.0,1.0,0.0,24.0,83.0,5.0
11564,2020-04-26 20:00:00,156.96,3.0,62.0,1.0,0.0,27.0,81.0,5.0
11565,2020-04-26 21:00:00,149.09,3.0,59.0,1.0,0.0,33.0,80.0,5.0
11566,2020-04-26 22:00:00,147.07,3.0,60.0,1.0,0.0,37.0,80.0,5.0
11567,2020-04-26 23:00:00,151.32,3.0,65.0,1.0,0.0,41.0,78.0,5.0
11568,2020-04-27 00:00:00,148.25,3.0,65.0,1.0,0.0,45.0,78.0,5.0
11569,2020-04-27 01:00:00,147.96,3.0,66.0,1.0,0.0,46.0,76.0,4.0
11570,2020-04-27 02:00:00,139.66,3.0,65.0,1.0,0.0,54.0,78.0,4.0
11571,2020-04-27 03:00:00,143.03,3.0,63.0,1.0,3.0,44.0,77.0,4.0
11572,2020-04-27 04:00:00,140.15,3.0,63.0,1.0,12.0,37.0,79.0,4.0
11573,2020-04-27 05:00:00,127.96,4.0,62.0,1.0,31.0,36.0,83.0,4.0
11574,2020-04-27 06:00:00,117.02,4.0,64.0,1.0,51.0,39.0,85.0,4.0
11575,2020-04-27 07:00:00,108.45,4.0,65.0,1.0,64.0,49.0,84.0,4.0
11576,2020-04-27 08:00:00,109.56,4.0,67.0,1.0,62.0,54.0,83.0,4.0
11577,2020-04-27 09:00:00,110.77,4.0,67.0,1.0,59.0,53.0,84.0,4.0
11578,2020-04-27 10:00:00,107.74,4.0,67.0,1.0,64.0,59.0,85.0,5.0
11579,2020-04-27 11:00:00,112.71,4.0,69.0,1.0,66.0,52.0,82.0,5.0
11580,2020-04-27 12:00:00,115.0,4.0,67.0,1.0,61.0,46.0,83.0,5.0
11581,2020-04-27 13:00:00,119.94,4.0,67.0,1.0,53.0,41.0,85.0,5.0
11582,2020-04-27 14:00:00,136.29,4.0,68.0,1.0,35.0,32.0,83.0,5.0
11583,2020-04-27 15:00:00,153.08,4.0,68.0,1.0,20.0,22.0,83.0,5.0
11584,2020-04-27 16:00:00,171.38,4.0,66.0,1.0,6.0,12.0,83.0,5.0
11585,2020-04-27 17:00:00,174.76,3.0,64.0,1.0,1.0,9.0,82.0,5.0
11586,2020-04-27 18:00:00,171.14,3.0,61.0,1.0,0.0,10.0,82.0,5.0
11587,2020-04-27 19:00:00,169.25,3.0,62.0,1.0,0.0,12.0,83.0,5.0
11588,2020-04-27 20:00:00,163.09,3.0,61.0,1.0,0.0,21.0,79.0,5.0
11589,2020-04-27 21:00:00,158.43,3.0,61.0,1.0,0.0,25.0,80.0,5.0
11590,2020-04-27 22:00:00,159.31,3.0,64.0,1.0,0.0,28.0,80.0,5.0
11591,2020-04-27 23:00:00,160.26,3.0,61.0,1.0,0.0,27.0,76.0,5.0
11592,2020-04-28 00:00:00,156.64,3.0,61.0,1.0,0.0,30.0,77.0,5.0
11593,2020-04-28 01:00:00,152.16,3.0,60.0,1.0,0.0,32.0,76.0,4.0
11594,2020-04-28 02:00:00,156.31,3.0,60.0,1.0,0.0,29.0,77.0,5.0
11595,2020-04-28 03:00:00,153.52,3.0,62.0,1.0,3.0,32.0,77.0,5.0
11596,2020-04-28 04:00:00,158.14,3.0,63.0,1.0,7.0,24.0,77.0,5.0
11597,2020-04-28 05:00:00,151.86,3.0,62.0,1.0,12.0,25.0,77.0,5.0
11598,2020-04-28 06:00:00,147.14,3.0,66.0,1.0,17.0,28.0,81.0,5.0
11599,2020-04-28 07:00:00,144.58,3.0,65.0,1.0,17.0,30.0,81.0,5.0
11600,2020-04-28 08:00:00,142.32,3.0,63.0,1.0,17.0,33.0,78.0,5.0
11601,2020-04-28 09:00:00,136.66,3.0,64.0,1.0,18.0,40.0,80.0,5.0
11602,2020-04-28 10:00:00,143.48,4.0,67.0,1.0,15.0,39.0,83.0,5.0
11603,2020-04-28 11:00:00,138.97,3.0,68.0,1.0,11.0,51.0,76.0,4.0
11604,2020-04-28 12:00:00,136.66,3.0,64.0,1.0,8.0,55.0,75.0,5.0
11605,2020-04-28 13:00:00,130.07,3.0,62.0,1.0,6.0,62.0,77.0,5.0
11606,2020-04-28 14:00:00,125.4,3.0,63.0,1.0,4.0,73.0,78.0,5.0
11607,2020-04-28 15:00:00,118.11,3.0,63.0,1.0,3.0,86.0,80.0,5.0
11608,2020-04-28 16:00:00,110.46,3.0,61.0,1.0,2.0,98.0,81.0,5.0
11609,2020-04-28 17:00:00,112.51,3.0,63.0,1.0,0.0,100.0,81.0,5.0
11610,2020-04-28 18:00:00,97.66,3.0,51.0,1.0,0.0,104.0,82.0,5.0
11611,2020-04-28 19:00:00,73.29,3.0,34.0,1.0,0.0,117.0,82.0,5.0
11612,2020-04-28 20:00:00,65.16,3.0,32.0,1.0,0.0,132.0,80.0,4.0
11613,2020-04-28 21:00:00,70.66,3.0,34.0,1.0,0.0,127.0,81.0,5.0
11614,2020-04-28 22:00:00,73.29,3.0,34.0,1.0,0.0,120.0,79.0,5.0
11615,2020-04-28 23:00:00,77.3,3.0,36.0,1.0,0.0,117.0,77.0,5.0
11616,2020-04-29 00:00:00,77.37,3.0,35.0,1.0,0.0,113.0,77.0,5.0
11617,2020-04-29 01:00:00,78.0,3.0,34.0,1.0,0.0,103.0,75.0,4.0
11618,2020-04-29 02:00:00,83.05,3.0,35.0,1.0,0.0,97.0,77.0,5.0
11619,2020-04-29 03:00:00,85.65,3.0,36.0,1.0,1.0,87.0,77.0,4.0
11620,2020-04-29 04:00:00,99.34,8.0,34.0,1.0,4.0,84.0,76.0,4.0
11621,2020-04-29 05:00:00,142.65,21.0,37.0,1.0,7.0,82.0,75.0,5.0
11622,2020-04-29 06:00:00,177.43,34.0,37.0,1.0,14.0,72.0,76.0,5.0
11623,2020-04-29 07:00:00,216.6,46.0,40.0,1.0,23.0,51.0,77.0,5.0
11624,2020-04-29 08:00:00,222.11,50.0,39.0,1.0,34.0,43.0,77.0,5.0
11625,2020-04-29 09:00:00,213.14,50.0,37.0,1.0,43.0,43.0,77.0,5.0
11626,2020-04-29 10:00:00,221.92,55.0,40.0,1.0,49.0,41.0,77.0,5.0
11627,2020-04-29 11:00:00,207.3,53.0,38.0,1.0,50.0,54.0,75.0,5.0
11628,2020-04-29 12:00:00,203.48,53.0,39.0,1.0,52.0,56.0,77.0,5.0
11629,2020-04-29 13:00:00,207.56,53.0,41.0,1.0,47.0,55.0,79.0,5.0
11630,2020-04-29 14:00:00,216.2,54.0,42.0,1.0,36.0,60.0,77.0,5.0
11631,2020-04-29 15:00:00,233.92,54.0,40.0,1.0,19.0,55.0,77.0,5.0
11632,2020-04-29 16:00:00,273.73,56.0,37.0,1.0,6.0,33.0,78.0,5.0
11633,2020-04-29 17:00:00,302.55,58.0,35.0,1.0,1.0,20.0,78.0,5.0
11634,2020-04-29 18:00:00,301.41,57.0,34.0,1.0,0.0,20.0,78.0,5.0
11635,2020-04-29 19:00:00,285.43,55.0,32.0,1.0,0.0,26.0,79.0,5.0
11636,2020-04-29 20:00:00,284.23,49.0,36.0,1.0,0.0,20.0,77.0,5.0
11637,2020-04-29 21:00:00,279.36,44.0,37.0,1.0,0.0,16.0,76.0,5.0
11638,2020-04-29 22:00:00,299.54,52.0,36.0,1.0,0.0,16.0,76.0,5.0
11639,2020-04-29 23:00:00,303.98,53.0,37.0,1.0,0.0,17.0,74.0,5.0
11640,2020-04-30 00:00:00,308.9,53.0,47.0,1.0,0.0,16.0,74.0,5.0
11641,2020-04-30 01:00:00,300.39,46.0,52.0,1.0,0.0,16.0,70.0,5.0
11642,2020-04-30 02:00:00,315.4,53.0,53.0,1.0,1.0,14.0,72.0,5.0
11643,2020-04-30 03:00:00,310.07,53.0,56.0,1.0,4.0,14.0,73.0,5.0
11644,2020-04-30 04:00:00,294.39,53.0,60.0,1.0,13.0,17.0,73.0,5.0
11645,2020-04-30 05:00:00,282.2,60.0,65.0,1.0,31.0,17.0,78.0,5.0
11646,2020-04-30 06:00:00,254.95,56.0,66.0,1.0,46.0,21.0,79.0,5.0
11647,2020-04-30 07:00:00,261.75,59.0,67.0,1.0,47.0,19.0,79.0,5.0
11648,2020-04-30 08:00:00,257.98,60.0,67.0,1.0,51.0,23.0,77.0,5.0
11649,2020-04-30 09:00:00,257.93,61.0,67.0,1.0,48.0,28.0,77.0,5.0
11650,2020-04-30 10:00:00,250.91,60.0,67.0,1.0,47.0,35.0,77.0,5.0
11651,2020-04-30 11:00:00,244.93,59.0,65.0,1.0,49.0,40.0,74.0,5.0
11652,2020-04-30 12:00:00,234.29,56.0,64.0,1.0,47.0,43.0,79.0,5.0
11653,2020-04-30 13:00:00,234.22,58.0,63.0,1.0,42.0,49.0,82.0,5.0
11654,2020-04-30 14:00:00,247.91,59.0,62.0,1.0,33.0,45.0,80.0,5.0
11655,2020-04-30 15:00:00,265.35,61.0,62.0,1.0,21.0,42.0,80.0,5.0
11656,2020-04-30 16:00:00,289.85,60.0,57.0,1.0,6.0,31.0,80.0,5.0
11657,2020-04-30 17:00:00,300.15,60.0,58.0,1.0,1.0,29.0,79.0,5.0
11658,2020-04-30 18:00:00,282.26,56.0,58.0,1.0,0.0,38.0,79.0,5.0
11659,2020-04-30 19:00:00,271.71,57.0,58.0,1.0,0.0,48.0,80.0,5.0
11660,2020-04-30 20:00:00,241.16,57.0,57.0,1.0,0.0,80.0,79.0,5.0
11661,2020-04-30 21:00:00,233.5,58.0,58.0,1.0,0.0,92.0,79.0,5.0
11662,2020-04-30 22:00:00,226.76,56.0,58.0,1.0,0.0,97.0,78.0,5.0
11663,2020-04-30 23:00:00,218.9,57.0,55.0,1.0,0.0,110.0,76.0,5.0
11664,2020-05-01 00:00:00,218.18,57.0,55.0,1.0,0.0,111.0,76.0,5.0
11665,2020-05-01 01:00:00,220.05,56.0,58.0,1.0,0.0,111.0,73.0,5.0
11666,2020-05-01 02:00:00,216.35,57.0,57.0,1.0,1.0,115.0,75.0,5.0
11667,2020-05-01 03:00:00,225.52,58.0,59.0,1.0,4.0,103.0,75.0,5.0
11668,2020-05-01 04:00:00,232.75,56.0,59.0,1.0,14.0,78.0,76.0,5.0
11669,2020-05-01 05:00:00,225.2,57.0,62.0,1.0,34.0,69.0,79.0,5.0
11670,2020-05-01 06:00:00,205.15,57.0,62.0,1.0,53.0,79.0,80.0,5.0
11671,2020-05-01 07:00:00,187.38,57.0,60.0,1.0,66.0,96.0,80.0,5.0
11672,2020-05-01 08:00:00,177.35,57.0,64.0,1.0,77.0,111.0,79.0,5.0
11673,2020-05-01 09:00:00,175.08,57.0,63.0,1.0,80.0,113.0,78.0,5.0
11674,2020-05-01 10:00:00,173.48,56.0,61.0,1.0,80.0,111.0,78.0,5.0
11675,2020-05-01 11:00:00,178.97,55.0,50.0,1.0,72.0,94.0,76.0,5.0
11676,2020-05-01 12:00:00,189.98,56.0,41.0,1.0,60.0,79.0,77.0,5.0
11677,2020-05-01 13:00:00,190.08,56.0,38.0,1.0,42.0,92.0,79.0,5.0
11678,2020-05-01 14:00:00,191.38,54.0,37.0,1.0,30.0,94.0,80.0,5.0
11679,2020-05-01 15:00:00,196.91,57.0,38.0,1.0,16.0,109.0,80.0,5.0
11680,2020-05-01 16:00:00,217.6,58.0,56.0,1.0,6.0,108.0,77.0,5.0
11681,2020-05-01 17:00:00,213.55,59.0,54.0,1.0,2.0,119.0,77.0,5.0
11682,2020-05-01 18:00:00,197.92,60.0,53.0,1.0,0.0,148.0,77.0,5.0
11683,2020-05-01 19:00:00,185.01,60.0,51.0,1.0,0.0,169.0,78.0,5.0
11684,2020-05-01 20:00:00,179.22,56.0,54.0,1.0,0.0,173.0,76.0,5.0
11685,2020-05-01 21:00:00,180.49,58.0,57.0,1.0,0.0,180.0,76.0,5.0
11686,2020-05-01 22:00:00,185.92,58.0,56.0,1.0,0.0,168.0,76.0,5.0
11687,2020-05-01 23:00:00,186.37,57.0,59.0,1.0,0.0,169.0,74.0,5.0
11688,2020-05-02 00:00:00,189.93,57.0,62.0,1.0,0.0,167.0,72.0,5.0
11689,2020-05-02 01:00:00,190.54,58.0,59.0,1.0,0.0,169.0,69.0,5.0
11690,2020-05-02 02:00:00,189.7,58.0,51.0,1.0,1.0,160.0,71.0,5.0
11691,2020-05-02 03:00:00,182.58,57.0,37.0,1.0,5.0,152.0,71.0,5.0
11692,2020-05-02 04:00:00,192.01,56.0,36.0,1.0,13.0,122.0,73.0,5.0
11693,2020-05-02 05:00:00,198.21,57.0,38.0,1.0,30.0,95.0,78.0,5.0
11694,2020-05-02 06:00:00,188.82,56.0,40.0,1.0,48.0,91.0,78.0,5.0
11695,2020-05-02 07:00:00,191.22,61.0,38.0,1.0,59.0,88.0,79.0,5.0
11696,2020-05-02 08:00:00,184.66,63.0,38.0,1.0,61.0,104.0,79.0,5.0
11697,2020-05-02 09:00:00,182.29,60.0,36.0,1.0,57.0,103.0,77.0,5.0
11698,2020-05-02 10:00:00,186.53,56.0,35.0,1.0,47.0,91.0,78.0,5.0
11699,2020-05-02 11:00:00,187.56,51.0,36.0,1.0,36.0,88.0,76.0,5.0
11700,2020-05-02 12:00:00,196.53,50.0,34.0,1.0,25.0,80.0,77.0,5.0
11701,2020-05-02 13:00:00,210.42,46.0,53.0,1.0,15.0,75.0,78.0,5.0
11702,2020-05-02 14:00:00,239.79,54.0,55.0,1.0,8.0,69.0,76.0,5.0
11703,2020-05-02 15:00:00,250.06,54.0,55.0,1.0,5.0,57.0,80.0,5.0
11704,2020-05-02 16:00:00,282.94,51.0,58.0,1.0,2.0,28.0,78.0,5.0
11705,2020-05-02 17:00:00,300.61,55.0,58.0,1.0,1.0,24.0,76.0,5.0
11706,2020-05-02 18:00:00,283.43,51.0,56.0,1.0,0.0,31.0,76.0,5.0
11707,2020-05-02 19:00:00,280.02,51.0,57.0,1.0,0.0,33.0,77.0,5.0
11708,2020-05-02 20:00:00,298.36,57.0,59.0,1.0,0.0,30.0,76.0,5.0
11709,2020-05-02 21:00:00,292.89,54.0,61.0,1.0,0.0,30.0,76.0,5.0
11710,2020-05-02 22:00:00,291.17,53.0,62.0,1.0,0.0,31.0,75.0,5.0
11711,2020-05-02 23:00:00,299.7,52.0,62.0,1.0,0.0,25.0,73.0,5.0
11712,2020-05-03 00:00:00,316.24,53.0,62.0,1.0,0.0,16.0,72.0,5.0
11713,2020-05-03 01:00:00,326.99,53.0,61.0,1.0,0.0,11.0,70.0,5.0
11714,2020-05-03 02:00:00,314.73,51.0,61.0,1.0,0.0,13.0,73.0,5.0
11715,2020-05-03 03:00:00,313.29,52.0,59.0,1.0,2.0,13.0,73.0,5.0
11716,2020-05-03 04:00:00,302.48,52.0,62.0,1.0,5.0,19.0,72.0,5.0
11717,2020-05-03 05:00:00,291.51,53.0,63.0,1.0,11.0,21.0,74.0,5.0
11718,2020-05-03 06:00:00,282.37,53.0,65.0,1.0,20.0,20.0,74.0,5.0
11719,2020-05-03 07:00:00,261.67,53.0,63.0,1.0,34.0,24.0,74.0,5.0
11720,2020-05-03 08:00:00,241.35,54.0,62.0,1.0,50.0,26.0,79.0,5.0
11721,2020-05-03 09:00:00,236.06,55.0,63.0,1.0,58.0,27.0,79.0,5.0
11722,2020-05-03 10:00:00,222.27,45.0,65.0,1.0,58.0,22.0,79.0,5.0
11723,2020-05-03 11:00:00,234.91,49.0,63.0,1.0,52.0,22.0,78.0,5.0
11724,2020-05-03 12:00:00,252.22,54.0,64.0,1.0,42.0,24.0,78.0,5.0
11725,2020-05-03 13:00:00,266.77,54.0,63.0,1.0,31.0,20.0,78.0,5.0
11726,2020-05-03 14:00:00,278.55,54.0,65.0,1.0,21.0,20.0,78.0,5.0
11727,2020-05-03 15:00:00,290.11,54.0,64.0,1.0,12.0,20.0,77.0,5.0
11728,2020-05-03 16:00:00,293.43,50.0,64.0,1.0,5.0,17.0,78.0,5.0
11729,2020-05-03 17:00:00,296.0,45.0,63.0,1.0,1.0,12.0,77.0,5.0
11730,2020-05-03 18:00:00,293.72,44.0,63.0,1.0,0.0,12.0,78.0,5.0
11731,2020-05-03 19:00:00,295.17,44.0,63.0,1.0,0.0,11.0,78.0,5.0
11732,2020-05-03 20:00:00,308.29,47.0,64.0,1.0,0.0,9.0,76.0,5.0
11733,2020-05-03 21:00:00,300.08,45.0,62.0,1.0,0.0,11.0,76.0,5.0
11734,2020-05-03 22:00:00,297.2,46.0,60.0,1.0,0.0,15.0,75.0,5.0
11735,2020-05-03 23:00:00,292.85,46.0,60.0,1.0,0.0,20.0,73.0,5.0
11736,2020-05-04 00:00:00,298.75,53.0,61.0,1.0,0.0,27.0,73.0,5.0
11737,2020-05-04 01:00:00,303.57,52.0,61.0,1.0,0.0,26.0,69.0,5.0
11738,2020-05-04 02:00:00,309.45,53.0,59.0,1.0,0.0,21.0,71.0,5.0
11739,2020-05-04 03:00:00,295.58,52.0,38.0,1.0,2.0,20.0,73.0,5.0
11740,2020-05-04 04:00:00,289.37,53.0,39.0,1.0,4.0,25.0,72.0,5.0
11741,2020-05-04 05:00:00,275.75,51.0,41.0,1.0,9.0,24.0,75.0,5.0
11742,2020-05-04 06:00:00,284.06,54.0,41.0,1.0,12.0,18.0,77.0,5.0
11743,2020-05-04 07:00:00,287.89,61.0,42.0,1.0,18.0,20.0,78.0,5.0
11744,2020-05-04 08:00:00,274.8,57.0,43.0,1.0,24.0,18.0,78.0,5.0
11745,2020-05-04 09:00:00,271.14,60.0,39.0,1.0,32.0,17.0,78.0,5.0
11746,2020-05-04 10:00:00,253.1,59.0,40.0,1.0,43.0,21.0,78.0,5.0
11747,2020-05-04 11:00:00,245.36,61.0,42.0,1.0,56.0,23.0,76.0,5.0
11748,2020-05-04 12:00:00,245.44,62.0,40.0,1.0,57.0,22.0,77.0,5.0
11749,2020-05-04 13:00:00,250.65,61.0,39.0,1.0,49.0,20.0,79.0,5.0
11750,2020-05-04 14:00:00,252.0,54.0,40.0,1.0,35.0,15.0,83.0,5.0
11751,2020-05-04 15:00:00,272.56,56.0,40.0,1.0,20.0,11.0,88.0,5.0
11752,2020-05-04 16:00:00,290.87,56.0,36.0,1.0,7.0,9.0,88.0,5.0
11753,2020-05-04 17:00:00,302.51,56.0,35.0,1.0,2.0,8.0,86.0,5.0
11754,2020-05-04 18:00:00,300.13,55.0,35.0,1.0,0.0,9.0,87.0,5.0
11755,2020-05-04 19:00:00,307.31,59.0,33.0,1.0,0.0,10.0,87.0,5.0
11756,2020-05-04 20:00:00,290.55,54.0,47.0,1.0,0.0,18.0,86.0,5.0
11757,2020-05-04 21:00:00,290.41,55.0,59.0,1.0,0.0,23.0,86.0,5.0
11758,2020-05-04 22:00:00,289.07,54.0,61.0,1.0,0.0,23.0,86.0,5.0
11759,2020-05-04 23:00:00,284.49,54.0,62.0,1.0,0.0,29.0,84.0,5.0
11760,2020-05-05 00:00:00,284.87,56.0,62.0,2.0,0.0,31.0,83.0,4.0
11761,2020-05-05 01:00:00,286.94,56.0,61.0,2.0,0.0,33.0,80.0,5.0
11762,2020-05-05 02:00:00,278.1,53.0,63.0,2.0,1.0,32.0,83.0,5.0
11763,2020-05-05 03:00:00,274.0,54.0,62.0,2.0,4.0,35.0,82.0,5.0
11764,2020-05-05 04:00:00,266.38,55.0,65.0,2.0,12.0,36.0,83.0,5.0
11765,2020-05-05 05:00:00,255.36,52.0,69.0,2.0,27.0,25.0,86.0,5.0
11766,2020-05-05 06:00:00,248.5,55.0,70.0,2.0,42.0,24.0,86.0,5.0
11767,2020-05-05 07:00:00,233.12,56.0,70.0,2.0,59.0,28.0,86.0,5.0
11768,2020-05-05 08:00:00,225.74,56.0,70.0,1.0,62.0,36.0,86.0,5.0
11769,2020-05-05 09:00:00,218.98,56.0,66.0,1.0,62.0,43.0,86.0,5.0
11770,2020-05-05 10:00:00,210.17,55.0,65.0,1.0,66.0,49.0,86.0,5.0
11771,2020-05-05 11:00:00,214.28,56.0,66.0,1.0,66.0,48.0,84.0,5.0
11772,2020-05-05 12:00:00,213.62,56.0,66.0,1.0,61.0,54.0,84.0,5.0
11773,2020-05-05 13:00:00,220.05,55.0,66.0,1.0,52.0,50.0,85.0,5.0
11774,2020-05-05 14:00:00,226.07,55.0,65.0,1.0,37.0,56.0,85.0,5.0
11775,2020-05-05 15:00:00,246.77,55.0,66.0,1.0,21.0,49.0,83.0,5.0
11776,2020-05-05 16:00:00,272.09,53.0,65.0,1.0,8.0,31.0,84.0,5.0
11777,2020-05-05 17:00:00,279.24,53.0,66.0,1.0,3.0,30.0,84.0,5.0
11778,2020-05-05 18:00:00,255.8,51.0,61.0,1.0,0.0,48.0,85.0,5.0
11779,2020-05-05 19:00:00,223.38,56.0,39.0,1.0,0.0,81.0,86.0,5.0
11780,2020-05-05 20:00:00,219.4,59.0,43.0,1.0,0.0,98.0,84.0,5.0
11781,2020-05-05 21:00:00,222.13,58.0,55.0,1.0,0.0,100.0,84.0,5.0
11782,2020-05-05 22:00:00,213.23,54.0,64.0,1.0,0.0,109.0,84.0,5.0
11783,2020-05-05 23:00:00,218.66,55.0,66.0,1.0,0.0,107.0,82.0,5.0
11784,2020-05-06 00:00:00,221.08,53.0,68.0,1.0,0.0,100.0,82.0,5.0
11785,2020-05-06 01:00:00,236.84,53.0,69.0,1.0,0.0,82.0,80.0,5.0
11786,2020-05-06 02:00:00,240.55,53.0,68.0,1.0,1.0,74.0,82.0,5.0
11787,2020-05-06 03:00:00,251.67,54.0,67.0,1.0,4.0,61.0,81.0,5.0
11788,2020-05-06 04:00:00,267.66,53.0,70.0,1.0,16.0,31.0,82.0,5.0
11789,2020-05-06 05:00:00,233.09,52.0,70.0,1.0,38.0,40.0,87.0,5.0
11790,2020-05-06 06:00:00,212.0,56.0,68.0,1.0,62.0,54.0,87.0,5.0
11791,2020-05-06 07:00:00,201.8,56.0,67.0,1.0,80.0,53.0,86.0,5.0
11792,2020-05-06 08:00:00,196.1,56.0,68.0,1.0,88.0,57.0,85.0,5.0
11793,2020-05-06 09:00:00,189.79,54.0,67.0,1.0,90.0,60.0,85.0,5.0
11794,2020-05-06 10:00:00,187.13,53.0,71.0,1.0,91.0,65.0,85.0,5.0
11795,2020-05-06 11:00:00,186.13,53.0,71.0,1.0,89.0,71.0,83.0,5.0
11796,2020-05-06 12:00:00,186.13,53.0,70.0,1.0,82.0,76.0,84.0,5.0
11797,2020-05-06 13:00:00,189.76,53.0,68.0,1.0,67.0,81.0,85.0,5.0
11798,2020-05-06 14:00:00,202.07,54.0,67.0,1.0,47.0,81.0,85.0,5.0
11799,2020-05-06 15:00:00,218.17,54.0,70.0,1.0,24.0,82.0,84.0,5.0
11800,2020-05-06 16:00:00,230.41,54.0,70.0,1.0,8.0,80.0,85.0,5.0
11801,2020-05-06 17:00:00,212.27,52.0,69.0,1.0,2.0,107.0,84.0,5.0
11802,2020-05-06 18:00:00,198.55,51.0,71.0,1.0,0.0,129.0,85.0,5.0
11803,2020-05-06 19:00:00,201.42,56.0,71.0,1.0,0.0,138.0,85.0,5.0
11804,2020-05-06 20:00:00,213.24,56.0,72.0,1.0,0.0,120.0,84.0,5.0
11805,2020-05-06 21:00:00,206.64,56.0,71.0,1.0,0.0,129.0,85.0,5.0
11806,2020-05-06 22:00:00,191.85,57.0,67.0,1.0,0.0,157.0,83.0,5.0
11807,2020-05-06 23:00:00,199.12,55.0,66.0,1.0,0.0,139.0,81.0,5.0
11808,2020-05-07 00:00:00,212.86,56.0,59.0,1.0,0.0,113.0,82.0,5.0
11809,2020-05-07 01:00:00,201.57,56.0,45.0,1.0,0.0,121.0,80.0,5.0
11810,2020-05-07 02:00:00,197.8,56.0,44.0,2.0,1.0,122.0,82.0,5.0
11811,2020-05-07 03:00:00,201.49,58.0,43.0,2.0,4.0,119.0,81.0,5.0
11812,2020-05-07 04:00:00,199.98,54.0,44.0,2.0,16.0,98.0,82.0,5.0
11813,2020-05-07 05:00:00,200.84,59.0,48.0,2.0,38.0,89.0,85.0,5.0
11814,2020-05-07 06:00:00,190.33,61.0,48.0,2.0,56.0,94.0,86.0,5.0
11815,2020-05-07 07:00:00,169.27,59.0,49.0,2.0,70.0,117.0,87.0,5.0
11816,2020-05-07 08:00:00,162.3,54.0,48.0,2.0,67.0,118.0,86.0,5.0
11817,2020-05-07 09:00:00,155.2,54.0,47.0,2.0,69.0,133.0,85.0,5.0
11818,2020-05-07 10:00:00,144.15,54.0,50.0,2.0,77.0,159.0,86.0,5.0
11819,2020-05-07 11:00:00,143.38,53.0,50.0,2.0,82.0,154.0,84.0,5.0
11820,2020-05-07 12:00:00,140.97,53.0,51.0,2.0,79.0,166.0,84.0,5.0
11821,2020-05-07 13:00:00,146.51,54.0,50.0,2.0,69.0,161.0,85.0,5.0
11822,2020-05-07 14:00:00,157.47,54.0,49.0,1.0,49.0,151.0,85.0,5.0
11823,2020-05-07 15:00:00,176.26,54.0,49.0,1.0,26.0,131.0,86.0,5.0
11824,2020-05-07 16:00:00,197.42,55.0,50.0,1.0,8.0,116.0,85.0,5.0
11825,2020-05-07 17:00:00,215.56,57.0,61.0,1.0,2.0,108.0,85.0,5.0
11826,2020-05-07 18:00:00,214.59,53.0,62.0,1.0,0.0,101.0,86.0,5.0
11827,2020-05-07 19:00:00,218.11,55.0,62.0,1.0,0.0,100.0,87.0,5.0
11828,2020-05-07 20:00:00,222.92,53.0,63.0,1.0,0.0,88.0,85.0,3.0
11829,2020-05-07 21:00:00,237.69,57.0,63.0,1.0,0.0,82.0,83.0,4.0
11830,2020-05-07 22:00:00,248.19,56.0,61.0,1.0,0.0,70.0,81.0,5.0
11831,2020-05-07 23:00:00,263.09,55.0,62.0,1.0,0.0,55.0,79.0,5.0
11832,2020-05-08 00:00:00,269.86,56.0,61.0,1.0,0.0,50.0,79.0,5.0
11833,2020-05-08 01:00:00,281.74,56.0,63.0,1.0,0.0,43.0,76.0,5.0
11834,2020-05-08 02:00:00,282.46,57.0,66.0,1.0,1.0,41.0,79.0,5.0
11835,2020-05-08 03:00:00,296.7,57.0,66.0,1.0,5.0,26.0,78.0,5.0
11836,2020-05-08 04:00:00,293.23,59.0,66.0,1.0,17.0,16.0,82.0,5.0
11837,2020-05-08 05:00:00,257.55,58.0,68.0,1.0,41.0,19.0,88.0,5.0
11838,2020-05-08 06:00:00,216.35,49.0,67.0,1.0,65.0,27.0,86.0,5.0
11839,2020-05-08 07:00:00,206.52,53.0,67.0,1.0,82.0,35.0,86.0,5.0
11840,2020-05-08 08:00:00,195.93,53.0,65.0,2.0,88.0,45.0,85.0,5.0
11841,2020-05-08 09:00:00,188.32,55.0,63.0,2.0,83.0,68.0,85.0,5.0
11842,2020-05-08 10:00:00,179.65,53.0,67.0,2.0,79.0,85.0,85.0,4.0
11843,2020-05-08 11:00:00,174.86,53.0,67.0,2.0,80.0,94.0,83.0,3.0
11844,2020-05-08 12:00:00,163.91,53.0,65.0,2.0,75.0,121.0,84.0,3.0
11845,2020-05-08 13:00:00,166.03,53.0,70.0,2.0,59.0,138.0,84.0,3.0
11846,2020-05-08 14:00:00,177.72,53.0,69.0,2.0,37.0,131.0,85.0,3.0
11847,2020-05-08 15:00:00,190.27,54.0,68.0,2.0,18.0,127.0,85.0,3.0
11848,2020-05-08 16:00:00,204.69,52.0,65.0,2.0,7.0,105.0,85.0,3.0
11849,2020-05-08 17:00:00,214.4,46.0,66.0,2.0,2.0,82.0,84.0,3.0
11850,2020-05-08 18:00:00,215.47,46.0,61.0,2.0,0.0,77.0,86.0,3.0
11851,2020-05-08 19:00:00,225.78,45.0,64.0,2.0,0.0,64.0,86.0,3.0
11852,2020-05-08 20:00:00,222.13,45.0,65.0,2.0,0.0,70.0,85.0,3.0
11853,2020-05-08 21:00:00,223.91,49.0,65.0,1.0,0.0,79.0,86.0,4.0
11854,2020-05-08 22:00:00,237.68,52.0,64.0,1.0,0.0,71.0,85.0,5.0
11855,2020-05-08 23:00:00,250.74,52.0,65.0,1.0,0.0,59.0,83.0,5.0
11856,2020-05-09 00:00:00,260.06,51.0,66.0,1.0,0.0,48.0,83.0,5.0
11857,2020-05-09 01:00:00,272.79,50.0,65.0,1.0,0.0,37.0,80.0,5.0
11858,2020-05-09 02:00:00,272.28,47.0,62.0,1.0,1.0,27.0,83.0,5.0
11859,2020-05-09 03:00:00,290.82,53.0,61.0,1.0,5.0,18.0,83.0,5.0
11860,2020-05-09 04:00:00,290.87,55.0,64.0,1.0,14.0,14.0,82.0,5.0
11861,2020-05-09 05:00:00,269.86,58.0,62.0,1.0,33.0,14.0,86.0,5.0
11862,2020-05-09 06:00:00,235.45,53.0,66.0,1.0,57.0,19.0,86.0,5.0
11863,2020-05-09 07:00:00,215.73,55.0,67.0,1.0,80.0,28.0,86.0,5.0
11864,2020-05-09 08:00:00,193.71,51.0,66.0,2.0,89.0,40.0,88.0,5.0
11865,2020-05-09 09:00:00,198.36,57.0,66.0,2.0,85.0,53.0,88.0,5.0
11866,2020-05-09 10:00:00,195.42,54.0,63.0,2.0,74.0,59.0,87.0,5.0
11867,2020-05-09 11:00:00,197.14,54.0,63.0,2.0,66.0,68.0,83.0,5.0
11868,2020-05-09 12:00:00,201.5,56.0,64.0,2.0,64.0,68.0,84.0,5.0
11869,2020-05-09 13:00:00,204.95,54.0,63.0,2.0,57.0,61.0,86.0,5.0
11870,2020-05-09 14:00:00,213.82,53.0,55.0,2.0,43.0,54.0,85.0,5.0
11871,2020-05-09 15:00:00,237.18,54.0,64.0,2.0,24.0,49.0,87.0,5.0
11872,2020-05-09 16:00:00,267.58,54.0,65.0,2.0,8.0,34.0,86.0,5.0
11873,2020-05-09 17:00:00,288.68,54.0,67.0,2.0,2.0,22.0,86.0,5.0
11874,2020-05-09 18:00:00,278.17,54.0,64.0,2.0,0.0,32.0,86.0,5.0
11875,2020-05-09 19:00:00,271.04,56.0,64.0,2.0,0.0,41.0,87.0,5.0
11876,2020-05-09 20:00:00,276.74,55.0,64.0,2.0,0.0,37.0,84.0,5.0
11877,2020-05-09 21:00:00,286.93,54.0,62.0,2.0,0.0,26.0,84.0,5.0
11878,2020-05-09 22:00:00,310.29,57.0,63.0,2.0,0.0,14.0,83.0,5.0
11879,2020-05-09 23:00:00,310.64,58.0,62.0,2.0,0.0,16.0,82.0,5.0
11880,2020-05-10 00:00:00,302.32,60.0,61.0,1.0,0.0,25.0,83.0,5.0
11881,2020-05-10 01:00:00,294.09,62.0,62.0,1.0,0.0,38.0,80.0,5.0
11882,2020-05-10 02:00:00,273.39,61.0,62.0,1.0,2.0,50.0,83.0,5.0
11883,2020-05-10 03:00:00,240.76,56.0,62.0,1.0,6.0,71.0,83.0,5.0
11884,2020-05-10 04:00:00,242.8,55.0,63.0,1.0,18.0,56.0,82.0,5.0
11885,2020-05-10 05:00:00,234.56,55.0,65.0,1.0,43.0,38.0,86.0,5.0
11886,2020-05-10 06:00:00,207.36,55.0,67.0,1.0,68.0,52.0,87.0,5.0
11887,2020-05-10 07:00:00,188.75,54.0,67.0,1.0,86.0,65.0,86.0,5.0
11888,2020-05-10 08:00:00,181.76,54.0,67.0,1.0,96.0,69.0,86.0,5.0
11889,2020-05-10 09:00:00,171.58,53.0,67.0,1.0,101.0,83.0,86.0,5.0
11890,2020-05-10 10:00:00,170.31,56.0,65.0,1.0,101.0,95.0,85.0,5.0
11891,2020-05-10 11:00:00,162.33,53.0,65.0,2.0,97.0,109.0,83.0,5.0
11892,2020-05-10 12:00:00,162.3,55.0,67.0,2.0,90.0,125.0,84.0,5.0
11893,2020-05-10 13:00:00,166.49,55.0,66.0,2.0,74.0,127.0,86.0,5.0
11894,2020-05-10 14:00:00,181.42,56.0,65.0,2.0,52.0,117.0,86.0,5.0
11895,2020-05-10 15:00:00,193.63,54.0,65.0,2.0,28.0,112.0,85.0,5.0
11896,2020-05-10 16:00:00,214.85,51.0,64.0,2.0,9.0,88.0,85.0,5.0
11897,2020-05-10 17:00:00,233.27,51.0,64.0,2.0,2.0,71.0,85.0,5.0
11898,2020-05-10 18:00:00,233.76,54.0,62.0,2.0,0.0,78.0,85.0,5.0
11899,2020-05-10 19:00:00,228.46,57.0,61.0,2.0,0.0,91.0,85.0,5.0
11900,2020-05-10 20:00:00,213.61,55.0,64.0,2.0,0.0,112.0,82.0,5.0
11901,2020-05-10 21:00:00,215.35,58.0,64.0,2.0,0.0,118.0,81.0,5.0
11902,2020-05-10 22:00:00,216.27,51.0,64.0,2.0,0.0,100.0,80.0,5.0
11903,2020-05-10 23:00:00,224.35,49.0,65.0,2.0,0.0,86.0,79.0,5.0
11904,2020-05-11 00:00:00,219.39,48.0,65.0,2.0,0.0,92.0,77.0,5.0
11905,2020-05-11 01:00:00,223.84,49.0,64.0,2.0,0.0,90.0,75.0,5.0
11906,2020-05-11 02:00:00,241.3,50.0,63.0,2.0,1.0,68.0,77.0,5.0
11907,2020-05-11 03:00:00,239.75,49.0,62.0,2.0,6.0,62.0,77.0,5.0
11908,2020-05-11 04:00:00,238.61,50.0,63.0,2.0,15.0,55.0,79.0,5.0
11909,2020-05-11 05:00:00,213.5,49.0,67.0,1.0,27.0,72.0,83.0,5.0
11910,2020-05-11 06:00:00,190.77,52.0,70.0,1.0,31.0,116.0,83.0,5.0
11911,2020-05-11 07:00:00,182.58,58.0,69.0,1.0,25.0,154.0,85.0,5.0
11912,2020-05-11 08:00:00,203.53,63.0,68.0,1.0,12.0,140.0,84.0,5.0
11913,2020-05-11 09:00:00,192.83,59.0,67.0,1.0,8.0,153.0,83.0,5.0
11914,2020-05-11 10:00:00,175.22,58.0,63.0,1.0,9.0,186.0,79.0,5.0
11915,2020-05-11 11:00:00,167.89,54.0,61.0,1.0,12.0,185.0,78.0,5.0
11916,2020-05-11 12:00:00,189.93,55.0,62.0,1.0,13.0,140.0,80.0,5.0
11917,2020-05-11 13:00:00,196.93,54.0,66.0,2.0,13.0,126.0,81.0,5.0
11918,2020-05-11 14:00:00,173.16,52.0,67.0,1.0,11.0,170.0,82.0,5.0
11919,2020-05-11 15:00:00,159.29,54.0,66.0,2.0,6.0,211.0,85.0,5.0
11920,2020-05-11 16:00:00,164.52,51.0,64.0,2.0,4.0,186.0,85.0,5.0
11921,2020-05-11 17:00:00,177.16,49.0,63.0,2.0,1.0,153.0,85.0,5.0
11922,2020-05-11 18:00:00,189.4,51.0,61.0,2.0,0.0,134.0,86.0,5.0
11923,2020-05-11 19:00:00,191.16,48.0,60.0,2.0,0.0,121.0,86.0,5.0
11924,2020-05-11 20:00:00,188.08,42.0,61.0,2.0,0.0,111.0,84.0,5.0
11925,2020-05-11 21:00:00,184.16,38.0,63.0,2.0,0.0,106.0,85.0,5.0
11926,2020-05-11 22:00:00,187.38,40.0,62.0,2.0,0.0,107.0,84.0,5.0
11927,2020-05-11 23:00:00,184.56,35.0,62.0,2.0,0.0,99.0,81.0,5.0
11928,2020-05-12 00:00:00,203.88,39.0,62.0,2.0,0.0,83.0,81.0,5.0
11929,2020-05-12 01:00:00,232.34,38.0,63.0,2.0,0.0,50.0,79.0,5.0
11930,2020-05-12 02:00:00,240.29,37.0,63.0,2.0,1.0,36.0,82.0,5.0
11931,2020-05-12 03:00:00,353.89,102.0,62.0,2.0,5.0,36.0,80.0,5.0
11932,2020-05-12 04:00:00,381.08,125.0,63.0,2.0,14.0,34.0,75.0,5.0
11933,2020-05-12 05:00:00,381.97,141.0,66.0,2.0,27.0,33.0,78.0,5.0
11934,2020-05-12 06:00:00,348.28,140.0,68.0,2.0,41.0,43.0,87.0,5.0
11935,2020-05-12 07:00:00,329.89,142.0,67.0,2.0,58.0,49.0,88.0,5.0
11936,2020-05-12 08:00:00,322.49,146.0,68.0,1.0,66.0,58.0,87.0,5.0
11937,2020-05-12 09:00:00,311.47,145.0,69.0,1.0,68.0,70.0,87.0,5.0
11938,2020-05-12 10:00:00,297.08,144.0,69.0,1.0,71.0,87.0,87.0,5.0
11939,2020-05-12 11:00:00,299.62,142.0,69.0,1.0,71.0,83.0,84.0,5.0
11940,2020-05-12 12:00:00,294.02,137.0,70.0,1.0,74.0,79.0,86.0,5.0
11941,2020-05-12 13:00:00,294.99,137.0,68.0,1.0,63.0,87.0,87.0,5.0
11942,2020-05-12 14:00:00,307.82,135.0,71.0,1.0,47.0,82.0,87.0,5.0
11943,2020-05-12 15:00:00,327.88,136.0,70.0,1.0,27.0,76.0,88.0,5.0
11944,2020-05-12 16:00:00,362.99,136.0,69.0,1.0,9.0,55.0,88.0,5.0
11945,2020-05-12 17:00:00,385.56,133.0,65.0,1.0,3.0,39.0,86.0,5.0
11946,2020-05-12 18:00:00,382.21,133.0,62.0,1.0,1.0,44.0,86.0,5.0
11947,2020-05-12 19:00:00,373.45,139.0,62.0,1.0,0.0,59.0,86.0,5.0
11948,2020-05-12 20:00:00,366.18,139.0,63.0,1.0,0.0,67.0,85.0,5.0
11949,2020-05-12 21:00:00,348.58,138.0,63.0,1.0,0.0,86.0,83.0,5.0
11950,2020-05-12 22:00:00,330.19,139.0,61.0,1.0,0.0,108.0,83.0,5.0
11951,2020-05-12 23:00:00,333.41,138.0,62.0,1.0,0.0,105.0,81.0,5.0
11952,2020-05-13 00:00:00,322.7,138.0,62.0,2.0,0.0,117.0,81.0,5.0
11953,2020-05-13 01:00:00,312.96,137.0,61.0,2.0,0.0,130.0,79.0,5.0
11954,2020-05-13 02:00:00,318.71,143.0,62.0,2.0,2.0,127.0,81.0,5.0
11955,2020-05-13 03:00:00,347.09,145.0,64.0,2.0,6.0,90.0,82.0,5.0
11956,2020-05-13 04:00:00,363.73,145.0,65.0,2.0,11.0,65.0,84.0,5.0
11957,2020-05-13 05:00:00,351.98,146.0,70.0,2.0,19.0,68.0,87.0,5.0
11958,2020-05-13 06:00:00,335.94,142.0,71.0,2.0,23.0,79.0,86.0,5.0
11959,2020-05-13 07:00:00,312.04,141.0,72.0,2.0,35.0,96.0,87.0,5.0
11960,2020-05-13 08:00:00,316.13,141.0,70.0,2.0,47.0,77.0,88.0,5.0
11961,2020-05-13 09:00:00,310.43,139.0,70.0,2.0,51.0,78.0,88.0,5.0
11962,2020-05-13 10:00:00,319.03,153.0,72.0,2.0,51.0,85.0,89.0,5.0
11963,2020-05-13 11:00:00,323.08,147.0,71.0,2.0,49.0,75.0,87.0,5.0
11964,2020-05-13 12:00:00,335.99,143.0,69.0,2.0,43.0,59.0,87.0,5.0
11965,2020-05-13 13:00:00,344.02,140.0,71.0,1.0,36.0,53.0,88.0,5.0
11966,2020-05-13 14:00:00,353.9,140.0,71.0,1.0,28.0,52.0,86.0,5.0
11967,2020-05-13 15:00:00,388.19,143.0,72.0,1.0,17.0,32.0,86.0,5.0
11968,2020-05-13 16:00:00,418.66,146.0,68.0,1.0,9.0,17.0,86.0,5.0
11969,2020-05-13 17:00:00,434.7,145.0,68.0,1.0,3.0,11.0,85.0,5.0
11970,2020-05-13 18:00:00,417.41,141.0,67.0,1.0,1.0,22.0,86.0,5.0
11971,2020-05-13 19:00:00,406.95,144.0,66.0,1.0,0.0,34.0,86.0,5.0
11972,2020-05-13 20:00:00,407.02,136.0,66.0,1.0,0.0,28.0,85.0,5.0
11973,2020-05-13 21:00:00,410.48,138.0,66.0,1.0,0.0,27.0,85.0,5.0
11974,2020-05-13 22:00:00,397.34,134.0,66.0,1.0,0.0,34.0,85.0,5.0
11975,2020-05-13 23:00:00,374.32,134.0,65.0,1.0,2.0,54.0,83.0,5.0
11976,2020-05-14 00:00:00,364.6,132.0,65.0,1.0,0.0,63.0,83.0,5.0
11977,2020-05-14 01:00:00,352.37,131.0,66.0,1.0,0.0,76.0,81.0,5.0
11978,2020-05-14 02:00:00,352.63,133.0,65.0,1.0,2.0,73.0,84.0,5.0
11979,2020-05-14 03:00:00,357.56,133.0,65.0,1.0,6.0,65.0,83.0,5.0
11980,2020-05-14 04:00:00,357.32,139.0,65.0,1.0,17.0,61.0,83.0,5.0
11981,2020-05-14 05:00:00,325.72,131.0,70.0,1.0,34.0,67.0,86.0,5.0
11982,2020-05-14 06:00:00,310.46,136.0,72.0,1.0,55.0,72.0,87.0,5.0
11983,2020-05-14 07:00:00,307.82,135.0,71.0,1.0,63.0,67.0,86.0,5.0
11984,2020-05-14 08:00:00,305.89,134.0,70.0,2.0,64.0,67.0,85.0,5.0
11985,2020-05-14 09:00:00,309.7,146.0,69.0,2.0,65.0,77.0,86.0,5.0
11986,2020-05-14 10:00:00,294.38,147.0,69.0,2.0,62.0,105.0,86.0,5.0
11987,2020-05-14 11:00:00,288.42,145.0,67.0,2.0,63.0,113.0,83.0,5.0
11988,2020-05-14 12:00:00,306.61,142.0,66.0,2.0,55.0,84.0,87.0,5.0
11989,2020-05-14 13:00:00,301.33,134.0,68.0,2.0,48.0,87.0,87.0,5.0
11990,2020-05-14 14:00:00,292.79,128.0,68.0,2.0,37.0,104.0,84.0,5.0
11991,2020-05-14 15:00:00,317.09,130.0,68.0,2.0,23.0,86.0,86.0,5.0
11992,2020-05-14 16:00:00,345.0,123.0,65.0,2.0,10.0,58.0,86.0,5.0
11993,2020-05-14 17:00:00,373.39,138.0,64.0,2.0,3.0,54.0,86.0,5.0
11994,2020-05-14 18:00:00,385.69,132.0,63.0,2.0,1.0,40.0,85.0,5.0
11995,2020-05-14 19:00:00,368.41,126.0,63.0,2.0,0.0,49.0,86.0,5.0
11996,2020-05-14 20:00:00,353.77,128.0,63.0,1.0,0.0,67.0,85.0,5.0
11997,2020-05-14 21:00:00,334.35,127.0,63.0,1.0,0.0,86.0,85.0,5.0
11998,2020-05-14 22:00:00,314.02,128.0,62.0,1.0,0.0,108.0,88.0,5.0
11999,2020-05-14 23:00:00,323.08,130.0,64.0,1.0,0.0,104.0,84.0,5.0
12000,2020-05-15 00:00:00,340.69,131.0,62.0,1.0,0.0,86.0,83.0,5.0
12001,2020-05-15 01:00:00,349.12,130.0,63.0,1.0,0.0,78.0,81.0,5.0
12002,2020-05-15 02:00:00,348.32,131.0,63.0,1.0,2.0,76.0,83.0,5.0
12003,2020-05-15 03:00:00,360.3,131.0,63.0,1.0,6.0,60.0,83.0,5.0
12004,2020-05-15 04:00:00,360.12,138.0,65.0,1.0,15.0,60.0,82.0,5.0
12005,2020-05-15 05:00:00,332.67,140.0,67.0,1.0,31.0,76.0,83.0,5.0
12006,2020-05-15 06:00:00,332.79,137.0,67.0,1.0,39.0,79.0,68.0,5.0
12007,2020-05-15 07:00:00,326.16,132.0,64.0,1.0,40.0,81.0,66.0,5.0
12008,2020-05-15 08:00:00,346.67,138.0,62.0,1.0,36.0,71.0,64.0,5.0
12009,2020-05-15 09:00:00,332.15,139.0,64.0,1.0,48.0,80.0,61.0,5.0
12010,2020-05-15 10:00:00,313.48,135.0,64.0,1.0,55.0,88.0,64.0,5.0
12011,2020-05-15 11:00:00,302.08,135.0,66.0,1.0,68.0,91.0,64.0,5.0
12012,2020-05-15 12:00:00,309.27,135.0,66.0,1.0,67.0,80.0,66.0,5.0
12013,2020-05-15 13:00:00,304.31,136.0,69.0,1.0,66.0,90.0,66.0,5.0
12014,2020-05-15 14:00:00,318.02,136.0,67.0,1.0,48.0,89.0,66.0,5.0
12015,2020-05-15 15:00:00,362.05,137.0,67.0,1.0,26.0,62.0,66.0,5.0
12016,2020-05-15 16:00:00,407.89,137.0,68.0,1.0,10.0,36.0,67.0,5.0
12017,2020-05-15 17:00:00,434.0,135.0,68.0,2.0,3.0,24.0,64.0,5.0
12018,2020-05-15 18:00:00,433.1,130.0,67.0,2.0,0.0,23.0,65.0,5.0
12019,2020-05-15 19:00:00,438.37,133.0,65.0,2.0,0.0,22.0,65.0,5.0
12020,2020-05-15 20:00:00,416.39,136.0,64.0,2.0,0.0,39.0,66.0,5.0
12021,2020-05-15 21:00:00,401.74,131.0,63.0,2.0,0.0,46.0,66.0,5.0
12022,2020-05-15 22:00:00,383.35,128.0,65.0,2.0,0.0,57.0,67.0,5.0
12023,2020-05-15 23:00:00,376.42,129.0,64.0,2.0,0.0,65.0,66.0,5.0
12024,2020-05-16 00:00:00,361.14,129.0,64.0,2.0,0.0,79.0,66.0,5.0
12025,2020-05-16 01:00:00,389.02,135.0,64.0,2.0,0.0,63.0,63.0,5.0
12026,2020-05-16 02:00:00,359.33,131.0,65.0,2.0,1.0,84.0,64.0,5.0
12027,2020-05-16 03:00:00,352.06,129.0,66.0,2.0,5.0,85.0,64.0,5.0
12028,2020-05-16 04:00:00,353.91,128.0,66.0,1.0,11.0,78.0,63.0,5.0
12029,2020-05-16 05:00:00,346.84,132.0,67.0,1.0,22.0,79.0,63.0,5.0
12030,2020-05-16 06:00:00,317.62,130.0,66.0,1.0,34.0,98.0,63.0,5.0
12031,2020-05-16 07:00:00,283.16,131.0,66.0,1.0,47.0,131.0,67.0,5.0
12032,2020-05-16 08:00:00,250.47,131.0,65.0,1.0,49.0,187.0,67.0,5.0
12033,2020-05-16 09:00:00,233.26,130.0,65.0,1.0,47.0,223.0,68.0,5.0
12034,2020-05-16 10:00:00,238.14,135.0,67.0,1.0,54.0,217.0,68.0,5.0
12035,2020-05-16 11:00:00,224.25,130.0,64.0,1.0,60.0,232.0,67.0,5.0
12036,2020-05-16 12:00:00,232.1,129.0,66.0,1.0,59.0,212.0,68.0,5.0
12037,2020-05-16 13:00:00,229.88,127.0,65.0,1.0,56.0,215.0,68.0,5.0
12038,2020-05-16 14:00:00,235.35,131.0,66.0,1.0,44.0,225.0,67.0,5.0
12039,2020-05-16 15:00:00,244.23,123.0,65.0,1.0,26.0,205.0,68.0,5.0
12040,2020-05-16 16:00:00,280.12,127.0,66.0,1.0,10.0,165.0,68.0,5.0
12041,2020-05-16 17:00:00,309.04,133.0,64.0,1.0,4.0,139.0,67.0,5.0
12042,2020-05-16 18:00:00,329.63,136.0,63.0,1.0,1.0,119.0,68.0,5.0
12043,2020-05-16 19:00:00,359.54,133.0,64.0,1.0,0.0,84.0,68.0,5.0
12044,2020-05-16 20:00:00,371.98,130.0,63.0,1.0,0.0,70.0,67.0,5.0
12045,2020-05-16 21:00:00,361.23,130.0,63.0,1.0,0.0,79.0,68.0,5.0
12046,2020-05-16 22:00:00,372.03,131.0,63.0,1.0,0.0,70.0,68.0,5.0
12047,2020-05-16 23:00:00,381.05,131.0,63.0,1.0,0.0,63.0,67.0,5.0
12048,2020-05-17 00:00:00,377.48,122.0,63.0,1.0,0.0,57.0,67.0,5.0
12049,2020-05-17 01:00:00,397.7,133.0,63.0,1.0,0.0,54.0,64.0,5.0
12050,2020-05-17 02:00:00,397.04,140.0,62.0,2.0,2.0,56.0,66.0,5.0
12051,2020-05-17 03:00:00,394.41,143.0,62.0,2.0,6.0,57.0,66.0,5.0
12052,2020-05-17 04:00:00,396.05,147.0,66.0,2.0,16.0,50.0,65.0,5.0
12053,2020-05-17 05:00:00,376.68,145.0,67.0,2.0,28.0,52.0,67.0,5.0
12054,2020-05-17 06:00:00,336.83,136.0,67.0,2.0,40.0,69.0,70.0,5.0
12055,2020-05-17 07:00:00,333.4,136.0,67.0,2.0,43.0,71.0,69.0,5.0
12056,2020-05-17 08:00:00,317.46,135.0,65.0,2.0,44.0,88.0,69.0,5.0
12057,2020-05-17 09:00:00,306.9,137.0,65.0,2.0,47.0,102.0,69.0,5.0
12058,2020-05-17 10:00:00,286.88,123.0,66.0,2.0,41.0,115.0,69.0,5.0
12059,2020-05-17 11:00:00,335.2,138.0,63.0,2.0,38.0,79.0,66.0,5.0
12060,2020-05-17 12:00:00,314.02,137.0,24.0,2.0,33.0,100.0,68.0,5.0
12061,2020-05-17 13:00:00,283.51,137.0,2.0,1.0,28.0,139.0,68.0,5.0
12062,2020-05-17 14:00:00,304.34,137.0,2.0,1.0,25.0,117.0,67.0,5.0
12063,2020-05-17 15:00:00,330.89,136.0,8.0,1.0,18.0,93.0,69.0,5.0
12064,2020-05-17 16:00:00,376.3,136.0,19.0,1.0,8.0,66.0,66.0,5.0
12065,2020-05-17 17:00:00,385.98,137.0,29.0,1.0,3.0,63.0,67.0,5.0
12066,2020-05-17 18:00:00,415.11,134.0,30.0,1.0,1.0,41.0,67.0,5.0
12067,2020-05-17 19:00:00,416.89,136.0,34.0,1.0,0.0,42.0,67.0,5.0
12068,2020-05-17 20:00:00,397.47,132.0,38.0,1.0,0.0,53.0,66.0,5.0
12069,2020-05-17 21:00:00,403.05,132.0,37.0,1.0,0.0,49.0,66.0,5.0
12070,2020-05-17 22:00:00,392.32,130.0,38.0,1.0,0.0,55.0,66.0,5.0
12071,2020-05-17 23:00:00,389.88,128.0,37.0,1.0,0.0,57.0,64.0,5.0
12072,2020-05-18 00:00:00,394.01,128.0,36.0,1.0,0.0,54.0,64.0,5.0
12073,2020-05-18 01:00:00,387.39,126.0,36.0,1.0,0.0,59.0,62.0,5.0
12074,2020-05-18 02:00:00,403.2,147.0,39.0,1.0,2.0,62.0,64.0,5.0
12075,2020-05-18 03:00:00,417.57,163.0,40.0,1.0,6.0,60.0,64.0,5.0
12076,2020-05-18 04:00:00,385.43,168.0,43.0,1.0,18.0,83.0,62.0,5.0
12077,2020-05-18 05:00:00,355.47,182.0,44.0,1.0,39.0,105.0,67.0,5.0
12078,2020-05-18 06:00:00,341.38,194.0,44.0,1.0,60.0,116.0,68.0,5.0
12079,2020-05-18 07:00:00,339.0,208.0,46.0,1.0,69.0,128.0,68.0,5.0
12080,2020-05-18 08:00:00,260.49,133.0,45.0,1.0,70.0,141.0,68.0,5.0
12081,2020-05-18 09:00:00,252.59,133.0,44.0,1.0,72.0,154.0,67.0,5.0
12082,2020-05-18 10:00:00,266.73,154.0,45.0,1.0,74.0,164.0,69.0,5.0
12083,2020-05-18 11:00:00,251.23,137.0,51.0,1.0,72.0,168.0,67.0,5.0
12084,2020-05-18 12:00:00,249.59,136.0,65.0,1.0,71.0,177.0,67.0,5.0
12085,2020-05-18 13:00:00,253.21,134.0,66.0,1.0,67.0,170.0,67.0,5.0
12086,2020-05-18 14:00:00,279.88,133.0,67.0,1.0,52.0,136.0,66.0,5.0
12087,2020-05-18 15:00:00,311.59,133.0,66.0,1.0,30.0,111.0,66.0,5.0
12088,2020-05-18 16:00:00,347.85,128.0,64.0,1.0,10.0,82.0,66.0,5.0
12089,2020-05-18 17:00:00,376.5,132.0,63.0,1.0,3.0,67.0,65.0,5.0
12090,2020-05-18 18:00:00,388.2,129.0,63.0,1.0,1.0,57.0,64.0,5.0
12091,2020-05-18 19:00:00,408.39,131.0,62.0,1.0,0.0,44.0,64.0,5.0
12092,2020-05-18 20:00:00,419.22,132.0,61.0,2.0,0.0,37.0,63.0,5.0
12093,2020-05-18 21:00:00,419.64,141.0,61.0,2.0,0.0,43.0,64.0,5.0
12094,2020-05-18 22:00:00,409.47,133.0,61.0,2.0,0.0,45.0,63.0,5.0
12095,2020-05-18 23:00:00,419.22,132.0,61.0,2.0,0.0,38.0,62.0,5.0
12096,2020-05-19 00:00:00,423.93,131.0,60.0,2.0,0.0,33.0,63.0,5.0
12097,2020-05-19 01:00:00,428.3,131.0,60.0,2.0,0.0,33.0,60.0,5.0
12098,2020-05-19 02:00:00,438.75,135.0,60.0,2.0,2.0,25.0,62.0,5.0
12099,2020-05-19 03:00:00,438.51,135.0,61.0,2.0,6.0,21.0,62.0,5.0
12100,2020-05-19 04:00:00,442.63,136.0,61.0,2.0,14.0,12.0,61.0,5.0
12101,2020-05-19 05:00:00,408.14,131.0,64.0,2.0,26.0,19.0,62.0,5.0
12102,2020-05-19 06:00:00,403.35,146.0,65.0,1.0,40.0,21.0,63.0,3.0
12103,2020-05-19 07:00:00,361.6,125.0,65.0,1.0,51.0,26.0,63.0,3.0
12104,2020-05-19 08:00:00,357.28,132.0,67.0,1.0,55.0,31.0,66.0,3.0
12105,2020-05-19 09:00:00,343.53,131.0,67.0,1.0,59.0,39.0,67.0,3.0
12106,2020-05-19 10:00:00,359.19,148.0,68.0,1.0,62.0,40.0,66.0,3.0
12107,2020-05-19 11:00:00,362.17,150.0,68.0,1.0,65.0,37.0,65.0,3.0
12108,2020-05-19 12:00:00,340.43,146.0,69.0,1.0,80.0,41.0,66.0,3.0
12109,2020-05-19 13:00:00,357.25,150.0,69.0,1.0,57.0,49.0,67.0,4.0
12110,2020-05-19 14:00:00,359.66,151.0,67.0,1.0,44.0,60.0,68.0,5.0
12111,2020-05-19 15:00:00,372.76,149.0,67.0,1.0,27.0,63.0,66.0,5.0
12112,2020-05-19 16:00:00,386.66,137.0,63.0,1.0,10.0,55.0,66.0,5.0
12113,2020-05-19 17:00:00,402.0,139.0,62.0,1.0,3.0,51.0,66.0,5.0
12114,2020-05-19 18:00:00,377.7,137.0,63.0,1.0,1.0,72.0,66.0,5.0
12115,2020-05-19 19:00:00,350.1,130.0,63.0,1.0,0.0,92.0,66.0,5.0
12116,2020-05-19 20:00:00,335.26,127.0,63.0,1.0,0.0,105.0,65.0,5.0
12117,2020-05-19 21:00:00,341.64,130.0,65.0,1.0,0.0,102.0,65.0,5.0
12118,2020-05-19 22:00:00,330.6,129.0,65.0,1.0,0.0,113.0,65.0,5.0
12119,2020-05-19 23:00:00,349.9,134.0,65.0,1.0,0.0,99.0,64.0,5.0
12120,2020-05-20 00:00:00,356.03,129.0,65.0,1.0,0.0,86.0,65.0,5.0
12121,2020-05-20 01:00:00,364.3,129.0,63.0,1.0,0.0,81.0,62.0,5.0
12122,2020-05-20 02:00:00,361.36,131.0,64.0,1.0,2.0,82.0,64.0,5.0
12123,2020-05-20 03:00:00,338.99,132.0,61.0,1.0,5.0,103.0,64.0,5.0
12124,2020-05-20 04:00:00,338.01,143.0,63.0,1.0,12.0,111.0,64.0,5.0
12125,2020-05-20 05:00:00,340.79,147.0,67.0,1.0,22.0,100.0,67.0,5.0
12126,2020-05-20 06:00:00,333.95,142.0,67.0,1.0,31.0,92.0,68.0,5.0
12127,2020-05-20 07:00:00,324.29,138.0,69.0,1.0,41.0,89.0,68.0,5.0
12128,2020-05-20 08:00:00,314.35,138.0,69.0,1.0,51.0,92.0,68.0,5.0
12129,2020-05-20 09:00:00,293.78,130.0,69.0,2.0,60.0,99.0,68.0,5.0
12130,2020-05-20 10:00:00,286.79,143.0,69.0,2.0,65.0,127.0,67.0,5.0
12131,2020-05-20 11:00:00,251.75,130.0,62.0,2.0,67.0,164.0,65.0,5.0
12132,2020-05-20 12:00:00,255.61,133.0,61.0,2.0,58.0,170.0,66.0,5.0
12133,2020-05-20 13:00:00,257.85,133.0,64.0,2.0,57.0,167.0,67.0,5.0
12134,2020-05-20 14:00:00,274.65,132.0,67.0,2.0,43.0,152.0,65.0,5.0
12135,2020-05-20 15:00:00,297.33,133.0,67.0,2.0,27.0,132.0,67.0,5.0
12136,2020-05-20 16:00:00,324.89,133.0,65.0,2.0,10.0,112.0,67.0,5.0
12137,2020-05-20 17:00:00,334.12,133.0,64.0,2.0,3.0,110.0,65.0,5.0
12138,2020-05-20 18:00:00,346.59,132.0,63.0,2.0,1.0,97.0,65.0,5.0
12139,2020-05-20 19:00:00,341.83,132.0,62.0,2.0,0.0,102.0,66.0,5.0
12140,2020-05-20 20:00:00,332.51,130.0,64.0,2.0,0.0,111.0,65.0,5.0
12141,2020-05-20 21:00:00,321.08,132.0,63.0,2.0,0.0,127.0,65.0,5.0
12142,2020-05-20 22:00:00,308.75,133.0,62.0,1.0,0.0,145.0,65.0,5.0
12143,2020-05-20 23:00:00,288.34,134.0,63.0,1.0,0.0,177.0,64.0,5.0
12144,2020-05-21 00:00:00,299.66,133.0,60.0,1.0,0.0,158.0,64.0,5.0
12145,2020-05-21 01:00:00,295.28,133.0,63.0,1.0,0.0,168.0,61.0,5.0
12146,2020-05-21 02:00:00,283.88,133.0,62.0,1.0,2.0,181.0,63.0,5.0
12147,2020-05-21 03:00:00,278.56,135.0,62.0,1.0,5.0,191.0,62.0,5.0
12148,2020-05-21 04:00:00,279.22,143.0,63.0,1.0,11.0,198.0,62.0,5.0
12149,2020-05-21 05:00:00,269.34,140.0,65.0,2.0,19.0,201.0,63.0,5.0
12150,2020-05-21 06:00:00,261.62,136.0,65.0,1.0,27.0,201.0,63.0,5.0
12151,2020-05-21 07:00:00,255.77,134.0,64.0,1.0,32.0,203.0,63.0,5.0
12152,2020-05-21 08:00:00,265.5,144.0,66.0,1.0,37.0,199.0,63.0,5.0
12153,2020-05-21 09:00:00,280.11,148.0,66.0,1.0,45.0,171.0,63.0,5.0
12154,2020-05-21 10:00:00,280.84,147.0,66.0,1.0,57.0,155.0,64.0,5.0
12155,2020-05-21 11:00:00,269.08,147.0,67.0,1.0,58.0,174.0,66.0,5.0
12156,2020-05-21 12:00:00,275.05,146.0,67.0,2.0,53.0,164.0,67.0,5.0
12157,2020-05-21 13:00:00,276.32,130.0,65.0,2.0,44.0,142.0,67.0,5.0
12158,2020-05-21 14:00:00,287.04,128.0,66.0,2.0,29.0,139.0,65.0,5.0
12159,2020-05-21 15:00:00,331.61,136.0,66.0,2.0,18.0,102.0,65.0,5.0
12160,2020-05-21 16:00:00,364.21,139.0,66.0,2.0,9.0,79.0,65.0,5.0
12161,2020-05-21 17:00:00,351.98,141.0,66.0,2.0,3.0,100.0,65.0,5.0
12162,2020-05-21 18:00:00,345.03,133.0,65.0,2.0,1.0,99.0,66.0,5.0
12163,2020-05-21 19:00:00,357.65,134.0,64.0,2.0,0.0,89.0,65.0,5.0
12164,2020-05-21 20:00:00,352.08,131.0,60.0,2.0,0.0,92.0,64.0,5.0
12165,2020-05-21 21:00:00,363.83,135.0,65.0,2.0,0.0,84.0,65.0,5.0
12166,2020-05-21 22:00:00,391.52,133.0,64.0,2.0,0.0,56.0,66.0,5.0
12167,2020-05-21 23:00:00,400.11,133.0,64.0,2.0,0.0,52.0,63.0,5.0
12168,2020-05-22 00:00:00,403.8,133.0,65.0,2.0,0.0,48.0,64.0,5.0
12169,2020-05-22 01:00:00,414.26,133.0,65.0,2.0,0.0,43.0,61.0,5.0
12170,2020-05-22 02:00:00,402.67,132.0,65.0,2.0,2.0,47.0,63.0,5.0
12171,2020-05-22 03:00:00,397.51,134.0,64.0,2.0,8.0,46.0,64.0,5.0
12172,2020-05-22 04:00:00,403.36,136.0,65.0,2.0,20.0,31.0,64.0,5.0
12173,2020-05-22 05:00:00,287.97,77.0,66.0,2.0,43.0,38.0,67.0,5.0
12174,2020-05-22 06:00:00,204.17,45.0,67.0,2.0,68.0,49.0,67.0,5.0
12175,2020-05-22 07:00:00,189.24,50.0,67.0,1.0,86.0,72.0,66.0,5.0
12176,2020-05-22 08:00:00,180.37,50.0,66.0,1.0,96.0,78.0,66.0,5.0
12177,2020-05-22 09:00:00,178.1,48.0,65.0,1.0,100.0,71.0,66.0,5.0
12178,2020-05-22 10:00:00,181.26,49.0,65.0,1.0,101.0,69.0,64.0,5.0
12179,2020-05-22 11:00:00,184.97,50.0,67.0,1.0,99.0,69.0,64.0,5.0
12180,2020-05-22 12:00:00,187.07,49.0,65.0,1.0,92.0,66.0,65.0,5.0
12181,2020-05-22 13:00:00,195.63,48.0,66.0,1.0,79.0,63.0,64.0,5.0
12182,2020-05-22 14:00:00,207.75,45.0,66.0,1.0,59.0,55.0,65.0,5.0
12183,2020-05-22 15:00:00,250.57,48.0,67.0,1.0,33.0,37.0,65.0,5.0
12184,2020-05-22 16:00:00,290.69,45.0,64.0,1.0,11.0,19.0,64.0,5.0
12185,2020-05-22 17:00:00,307.58,46.0,64.0,2.0,3.0,16.0,64.0,5.0
12186,2020-05-22 18:00:00,304.11,43.0,65.0,2.0,1.0,16.0,64.0,5.0
12187,2020-05-22 19:00:00,296.1,46.0,65.0,2.0,1.0,26.0,64.0,5.0
12188,2020-05-22 20:00:00,279.47,44.0,65.0,2.0,0.0,36.0,64.0,5.0
12189,2020-05-22 21:00:00,277.84,45.0,65.0,2.0,0.0,38.0,65.0,5.0
12190,2020-05-22 22:00:00,286.45,49.0,65.0,2.0,0.0,38.0,65.0,5.0
12191,2020-05-22 23:00:00,287.45,46.0,64.0,2.0,0.0,33.0,64.0,5.0
12192,2020-05-23 00:00:00,299.06,47.0,63.0,2.0,0.0,26.0,64.0,5.0
12193,2020-05-23 01:00:00,310.52,48.0,64.0,2.0,0.0,22.0,62.0,5.0
12194,2020-05-23 02:00:00,297.43,49.0,62.0,2.0,2.0,28.0,64.0,5.0
12195,2020-05-23 03:00:00,286.52,48.0,64.0,2.0,6.0,32.0,63.0,5.0
12196,2020-05-23 04:00:00,269.8,46.0,64.0,2.0,21.0,27.0,63.0,5.0
12197,2020-05-23 05:00:00,239.6,47.0,66.0,2.0,46.0,31.0,66.0,5.0
12198,2020-05-23 06:00:00,211.21,46.0,65.0,2.0,70.0,40.0,65.0,5.0
12199,2020-05-23 07:00:00,197.0,47.0,65.0,2.0,88.0,45.0,66.0,5.0
12200,2020-05-23 08:00:00,192.21,47.0,64.0,1.0,98.0,44.0,65.0,5.0
12201,2020-05-23 09:00:00,189.3,49.0,64.0,2.0,102.0,49.0,66.0,5.0
12202,2020-05-23 10:00:00,184.18,46.0,65.0,2.0,102.0,51.0,65.0,5.0
12203,2020-05-23 11:00:00,179.78,45.0,65.0,2.0,100.0,58.0,65.0,5.0
12204,2020-05-23 12:00:00,185.84,46.0,65.0,2.0,94.0,56.0,65.0,5.0
12205,2020-05-23 13:00:00,196.45,47.0,64.0,2.0,78.0,56.0,65.0,5.0
12206,2020-05-23 14:00:00,220.23,49.0,63.0,2.0,55.0,49.0,65.0,5.0
12207,2020-05-23 15:00:00,255.26,50.0,62.0,2.0,30.0,36.0,65.0,5.0
12208,2020-05-23 16:00:00,290.73,52.0,63.0,2.0,11.0,28.0,65.0,5.0
12209,2020-05-23 17:00:00,302.82,54.0,63.0,2.0,4.0,28.0,66.0,5.0
12210,2020-05-23 18:00:00,305.95,55.0,62.0,2.0,1.0,30.0,66.0,5.0
12211,2020-05-23 19:00:00,264.93,46.0,61.0,2.0,0.0,48.0,66.0,5.0
12212,2020-05-23 20:00:00,258.62,46.0,62.0,2.0,0.0,55.0,65.0,5.0
12213,2020-05-23 21:00:00,222.08,46.0,64.0,2.0,0.0,94.0,66.0,5.0
12214,2020-05-23 22:00:00,234.49,47.0,63.0,2.0,0.0,82.0,65.0,5.0
12215,2020-05-23 23:00:00,256.78,49.0,63.0,2.0,0.0,64.0,64.0,5.0
12216,2020-05-24 00:00:00,238.51,47.0,62.0,2.0,0.0,77.0,65.0,5.0
12217,2020-05-24 01:00:00,258.55,47.0,62.0,2.0,0.0,59.0,63.0,5.0
12218,2020-05-24 02:00:00,280.16,48.0,64.0,2.0,2.0,41.0,63.0,5.0
12219,2020-05-24 03:00:00,284.03,49.0,62.0,2.0,6.0,34.0,64.0,5.0
12220,2020-05-24 04:00:00,302.07,51.0,63.0,2.0,13.0,17.0,64.0,5.0
12221,2020-05-24 05:00:00,297.73,53.0,62.0,2.0,20.0,13.0,67.0,5.0
12222,2020-05-24 06:00:00,279.6,52.0,63.0,2.0,30.0,15.0,68.0,5.0
12223,2020-05-24 07:00:00,264.72,52.0,65.0,2.0,41.0,19.0,67.0,5.0
12224,2020-05-24 08:00:00,248.35,51.0,64.0,2.0,51.0,23.0,67.0,5.0
12225,2020-05-24 09:00:00,241.15,52.0,64.0,2.0,56.0,28.0,67.0,5.0
12226,2020-05-24 10:00:00,236.46,52.0,65.0,2.0,58.0,33.0,66.0,5.0
12227,2020-05-24 11:00:00,229.18,51.0,64.0,2.0,59.0,41.0,63.0,5.0
12228,2020-05-24 12:00:00,231.71,50.0,63.0,2.0,54.0,39.0,64.0,5.0
12229,2020-05-24 13:00:00,240.44,47.0,64.0,2.0,41.0,35.0,65.0,5.0
12230,2020-05-24 14:00:00,245.27,43.0,63.0,2.0,28.0,34.0,65.0,5.0
12231,2020-05-24 15:00:00,266.01,45.0,63.0,2.0,17.0,29.0,66.0,5.0
12232,2020-05-24 16:00:00,299.39,53.0,63.0,2.0,9.0,25.0,65.0,5.0
12233,2020-05-24 17:00:00,299.51,49.0,64.0,2.0,4.0,24.0,65.0,5.0
12234,2020-05-24 18:00:00,308.19,49.0,64.0,2.0,1.0,20.0,66.0,5.0
12235,2020-05-24 19:00:00,308.69,48.0,63.0,2.0,0.0,19.0,66.0,5.0
12236,2020-05-24 20:00:00,312.88,45.0,63.0,2.0,0.0,13.0,65.0,5.0
12237,2020-05-24 21:00:00,308.09,45.0,63.0,2.0,0.0,16.0,65.0,5.0
12238,2020-05-24 22:00:00,308.94,44.0,63.0,2.0,0.0,14.0,65.0,5.0
12239,2020-05-24 23:00:00,318.85,44.0,63.0,2.0,0.0,9.0,64.0,5.0
12240,2020-05-25 00:00:00,312.08,42.0,62.0,2.0,0.0,9.0,65.0,5.0
12241,2020-05-25 01:00:00,306.21,40.0,64.0,2.0,0.0,14.0,61.0,5.0
12242,2020-05-25 02:00:00,316.05,44.0,65.0,2.0,2.0,11.0,62.0,5.0
12243,2020-05-25 03:00:00,407.18,99.0,64.0,2.0,7.0,11.0,62.0,5.0
12244,2020-05-25 04:00:00,422.36,124.0,64.0,2.0,17.0,12.0,62.0,5.0
12245,2020-05-25 05:00:00,405.71,137.0,65.0,2.0,30.0,19.0,65.0,5.0
12246,2020-05-25 06:00:00,379.84,136.0,65.0,2.0,43.0,26.0,66.0,5.0
12247,2020-05-25 07:00:00,351.82,134.0,65.0,2.0,58.0,37.0,65.0,5.0
12248,2020-05-25 08:00:00,328.79,138.0,66.0,2.0,75.0,52.0,64.0,5.0
12249,2020-05-25 09:00:00,301.32,131.0,66.0,2.0,83.0,70.0,64.0,5.0
12250,2020-05-25 10:00:00,301.87,131.0,65.0,2.0,80.0,73.0,63.0,5.0
12251,2020-05-25 11:00:00,311.64,134.0,64.0,2.0,76.0,68.0,63.0,5.0
12252,2020-05-25 12:00:00,309.87,135.0,65.0,2.0,71.0,76.0,64.0,5.0
12253,2020-05-25 13:00:00,332.86,142.0,64.0,2.0,59.0,68.0,64.0,5.0
12254,2020-05-25 14:00:00,354.59,140.0,65.0,2.0,43.0,58.0,63.0,5.0
12255,2020-05-25 15:00:00,360.49,132.0,66.0,2.0,27.0,58.0,64.0,5.0
12256,2020-05-25 16:00:00,393.86,133.0,65.0,2.0,12.0,43.0,65.0,5.0
12257,2020-05-25 17:00:00,421.86,132.0,62.0,2.0,4.0,31.0,63.0,5.0
12258,2020-05-25 18:00:00,414.15,130.0,61.0,2.0,1.0,38.0,63.0,5.0
12259,2020-05-25 19:00:00,395.62,129.0,63.0,2.0,0.0,52.0,63.0,5.0
12260,2020-05-25 20:00:00,385.69,132.0,63.0,2.0,0.0,63.0,63.0,5.0
12261,2020-05-25 21:00:00,375.36,131.0,63.0,2.0,0.0,71.0,63.0,5.0
12262,2020-05-25 22:00:00,378.76,132.0,63.0,2.0,0.0,70.0,62.0,5.0
12263,2020-05-25 23:00:00,387.17,131.0,58.0,1.0,0.0,64.0,61.0,5.0
12264,2020-05-26 00:00:00,406.13,132.0,46.0,1.0,0.0,49.0,63.0,5.0
12265,2020-05-26 01:00:00,439.84,132.0,48.0,1.0,0.0,29.0,60.0,5.0
12266,2020-05-26 02:00:00,447.7,133.0,53.0,1.0,2.0,20.0,62.0,5.0
12267,2020-05-26 03:00:00,454.1,133.0,59.0,1.0,6.0,13.0,60.0,5.0
12268,2020-05-26 04:00:00,431.55,132.0,64.0,1.0,20.0,11.0,61.0,5.0
12269,2020-05-26 05:00:00,394.74,135.0,67.0,1.0,42.0,18.0,62.0,5.0
12270,2020-05-26 06:00:00,366.32,140.0,69.0,2.0,65.0,25.0,62.0,5.0
12271,2020-05-26 07:00:00,337.61,136.0,66.0,2.0,82.0,32.0,64.0,5.0
12272,2020-05-26 08:00:00,324.35,134.0,65.0,2.0,87.0,38.0,66.0,5.0
12273,2020-05-26 09:00:00,321.11,134.0,65.0,2.0,85.0,47.0,63.0,5.0
12274,2020-05-26 10:00:00,328.19,142.0,66.0,2.0,82.0,53.0,62.0,5.0
12275,2020-05-26 11:00:00,325.55,135.0,66.0,2.0,77.0,53.0,61.0,5.0
12276,2020-05-26 12:00:00,328.32,133.0,66.0,2.0,70.0,54.0,61.0,5.0
12277,2020-05-26 13:00:00,337.97,134.0,65.0,2.0,60.0,55.0,60.0,5.0
12278,2020-05-26 14:00:00,359.71,134.0,66.0,2.0,45.0,52.0,55.0,5.0
12279,2020-05-26 15:00:00,393.87,132.0,66.0,2.0,28.0,50.0,41.0,5.0
12280,2020-05-26 16:00:00,430.65,134.0,65.0,2.0,11.0,40.0,42.0,5.0
12281,2020-05-26 17:00:00,445.1,135.0,65.0,2.0,4.0,36.0,44.0,5.0
12282,2020-05-26 18:00:00,443.4,129.0,64.0,2.0,1.0,32.0,48.0,5.0
12283,2020-05-26 19:00:00,420.65,130.0,64.0,2.0,0.0,37.0,60.0,5.0
12284,2020-05-26 20:00:00,413.21,131.0,66.0,2.0,0.0,41.0,62.0,5.0
12285,2020-05-26 21:00:00,413.42,132.0,63.0,2.0,0.0,40.0,64.0,5.0
12286,2020-05-26 22:00:00,402.92,131.0,64.0,2.0,0.0,44.0,67.0,5.0
12287,2020-05-26 23:00:00,402.67,132.0,65.0,2.0,0.0,39.0,73.0,5.0
12288,2020-05-27 00:00:00,397.73,132.0,64.0,2.0,0.0,37.0,79.0,5.0
12289,2020-05-27 01:00:00,400.02,133.0,65.0,2.0,0.0,34.0,81.0,5.0
12290,2020-05-27 02:00:00,400.11,133.0,64.0,1.0,2.0,31.0,83.0,5.0
12291,2020-05-27 03:00:00,406.03,135.0,65.0,1.0,7.0,24.0,82.0,5.0
12292,2020-05-27 04:00:00,398.65,134.0,65.0,1.0,20.0,16.0,82.0,5.0
12293,2020-05-27 05:00:00,368.04,136.0,66.0,1.0,42.0,21.0,84.0,5.0
12294,2020-05-27 06:00:00,336.57,136.0,64.0,1.0,64.0,33.0,83.0,5.0
12295,2020-05-27 07:00:00,337.94,158.0,65.0,1.0,81.0,41.0,84.0,5.0
12296,2020-05-27 08:00:00,321.87,156.0,65.0,2.0,90.0,51.0,83.0,5.0
12297,2020-05-27 09:00:00,293.36,140.0,67.0,2.0,93.0,67.0,83.0,5.0
12298,2020-05-27 10:00:00,278.88,139.0,67.0,2.0,94.0,89.0,82.0,5.0
12299,2020-05-27 11:00:00,268.99,133.0,68.0,2.0,91.0,99.0,82.0,5.0
12300,2020-05-27 12:00:00,289.81,131.0,67.0,2.0,85.0,68.0,81.0,5.0
12301,2020-05-27 13:00:00,303.08,131.0,68.0,2.0,69.0,64.0,82.0,5.0
12302,2020-05-27 14:00:00,321.69,132.0,68.0,2.0,48.0,62.0,82.0,5.0
12303,2020-05-27 15:00:00,341.37,132.0,68.0,2.0,26.0,60.0,83.0,5.0
12304,2020-05-27 16:00:00,367.77,132.0,66.0,2.0,11.0,48.0,83.0,5.0
12305,2020-05-27 17:00:00,386.95,130.0,63.0,2.0,4.0,37.0,82.0,5.0
12306,2020-05-27 18:00:00,388.19,127.0,65.0,2.0,1.0,35.0,83.0,5.0
12307,2020-05-27 19:00:00,395.82,127.0,63.0,2.0,0.0,30.0,83.0,5.0
12308,2020-05-27 20:00:00,391.73,131.0,63.0,2.0,0.0,37.0,83.0,5.0
12309,2020-05-27 21:00:00,398.95,133.0,63.0,2.0,0.0,33.0,83.0,5.0
12310,2020-05-27 22:00:00,384.63,128.0,63.0,2.0,0.0,41.0,82.0,5.0
12311,2020-05-27 23:00:00,382.17,128.0,65.0,2.0,0.0,44.0,81.0,5.0
12312,2020-05-28 00:00:00,371.88,128.0,64.0,2.0,0.0,52.0,82.0,5.0
12313,2020-05-28 01:00:00,351.91,129.0,63.0,2.0,0.0,76.0,78.0,5.0
12314,2020-05-28 02:00:00,329.29,129.0,61.0,2.0,2.0,96.0,80.0,5.0
12315,2020-05-28 03:00:00,334.33,131.0,62.0,2.0,6.0,89.0,80.0,5.0
12316,2020-05-28 04:00:00,351.08,130.0,63.0,2.0,11.0,64.0,81.0,5.0
12317,2020-05-28 05:00:00,361.8,135.0,65.0,2.0,21.0,49.0,81.0,5.0
12318,2020-05-28 06:00:00,350.04,141.0,64.0,2.0,33.0,53.0,84.0,5.0
12319,2020-05-28 07:00:00,334.0,143.0,65.0,2.0,49.0,57.0,85.0,5.0
12320,2020-05-28 08:00:00,324.52,143.0,66.0,2.0,61.0,63.0,79.0,5.0
12321,2020-05-28 09:00:00,300.68,135.0,66.0,2.0,64.0,83.0,77.0,5.0
12322,2020-05-28 10:00:00,287.93,135.0,62.0,2.0,67.0,98.0,77.0,5.0
12323,2020-05-28 11:00:00,259.6,132.0,67.0,2.0,76.0,135.0,76.0,5.0
12324,2020-05-28 12:00:00,250.8,139.0,68.0,2.0,72.0,165.0,82.0,5.0
12325,2020-05-28 13:00:00,255.8,140.0,69.0,2.0,65.0,161.0,85.0,5.0
12326,2020-05-28 14:00:00,263.91,135.0,68.0,2.0,50.0,149.0,86.0,5.0
12327,2020-05-28 15:00:00,290.14,139.0,69.0,2.0,30.0,132.0,85.0,5.0
12328,2020-05-28 16:00:00,307.42,133.0,68.0,2.0,11.0,117.0,84.0,5.0
12329,2020-05-28 17:00:00,321.81,136.0,66.0,2.0,4.0,109.0,84.0,5.0
12330,2020-05-28 18:00:00,321.96,135.0,63.0,2.0,1.0,110.0,84.0,5.0
12331,2020-05-28 19:00:00,317.22,138.0,62.0,2.0,0.0,121.0,84.0,5.0
12332,2020-05-28 20:00:00,317.42,134.0,61.0,2.0,0.0,115.0,84.0,5.0
12333,2020-05-28 21:00:00,319.83,131.0,62.0,2.0,0.0,108.0,84.0,5.0
12334,2020-05-28 22:00:00,332.24,139.0,65.0,2.0,0.0,104.0,84.0,5.0
12335,2020-05-28 23:00:00,313.94,136.0,65.0,2.0,0.0,126.0,81.0,5.0
12336,2020-05-29 00:00:00,320.01,133.0,65.0,2.0,0.0,113.0,82.0,5.0
12337,2020-05-29 01:00:00,331.52,133.0,64.0,2.0,0.0,101.0,80.0,5.0
12338,2020-05-29 02:00:00,344.48,135.0,65.0,2.0,2.0,85.0,82.0,5.0
12339,2020-05-29 03:00:00,366.92,135.0,64.0,2.0,6.0,58.0,82.0,5.0
12340,2020-05-29 04:00:00,368.16,138.0,63.0,2.0,20.0,44.0,84.0,5.0
12341,2020-05-29 05:00:00,342.18,142.0,64.0,2.0,44.0,50.0,86.0,5.0
12342,2020-05-29 06:00:00,317.24,141.0,61.0,2.0,68.0,56.0,85.0,5.0
12343,2020-05-29 07:00:00,298.23,134.0,66.0,2.0,85.0,58.0,83.0,5.0
12344,2020-05-29 08:00:00,302.88,149.0,66.0,2.0,90.0,70.0,82.0,5.0
12345,2020-05-29 09:00:00,282.61,138.0,67.0,2.0,92.0,85.0,80.0,5.0
12346,2020-05-29 10:00:00,263.02,132.0,68.0,2.0,92.0,107.0,82.0,5.0
12347,2020-05-29 11:00:00,259.87,133.0,66.0,2.0,93.0,114.0,81.0,5.0
12348,2020-05-29 12:00:00,258.09,130.0,67.0,2.0,84.0,119.0,83.0,5.0
12349,2020-05-29 13:00:00,271.04,133.0,67.0,2.0,78.0,104.0,86.0,5.0
12350,2020-05-29 14:00:00,292.43,133.0,66.0,2.0,56.0,90.0,87.0,5.0
12351,2020-05-29 15:00:00,317.63,133.0,65.0,2.0,32.0,79.0,87.0,5.0
12352,2020-05-29 16:00:00,353.56,133.0,64.0,2.0,12.0,60.0,85.0,5.0
12353,2020-05-29 17:00:00,373.22,133.0,62.0,2.0,4.0,50.0,84.0,5.0
12354,2020-05-29 18:00:00,379.89,132.0,63.0,2.0,1.0,49.0,81.0,5.0
12355,2020-05-29 19:00:00,369.08,136.0,64.0,2.0,0.0,63.0,82.0,5.0
12356,2020-05-29 20:00:00,354.58,133.0,65.0,2.0,0.0,72.0,84.0,5.0
12357,2020-05-29 21:00:00,349.9,134.0,65.0,2.0,0.0,79.0,83.0,5.0
12358,2020-05-29 22:00:00,317.16,134.0,65.0,2.0,0.0,117.0,83.0,5.0
12359,2020-05-29 23:00:00,309.27,135.0,66.0,2.0,0.0,132.0,80.0,5.0
12360,2020-05-30 00:00:00,311.03,134.0,65.0,2.0,0.0,126.0,82.0,5.0
12361,2020-05-30 01:00:00,314.23,133.0,63.0,2.0,0.0,121.0,81.0,5.0
12362,2020-05-30 02:00:00,302.24,132.0,65.0,2.0,2.0,134.0,81.0,5.0
12363,2020-05-30 03:00:00,317.63,133.0,65.0,2.0,7.0,109.0,82.0,5.0
12364,2020-05-30 04:00:00,335.09,133.0,65.0,2.0,20.0,74.0,83.0,5.0
12365,2020-05-30 05:00:00,315.78,135.0,64.0,2.0,45.0,78.0,80.0,5.0
12366,2020-05-30 06:00:00,285.35,133.0,63.0,2.0,69.0,97.0,77.0,5.0
12367,2020-05-30 07:00:00,256.07,133.0,63.0,2.0,87.0,134.0,73.0,5.0
12368,2020-05-30 08:00:00,237.68,133.0,64.0,2.0,94.0,169.0,70.0,5.0
12369,2020-05-30 09:00:00,232.77,134.0,63.0,2.0,96.0,186.0,64.0,5.0
12370,2020-05-30 10:00:00,234.62,133.0,64.0,2.0,98.0,178.0,64.0,5.0
12371,2020-05-30 11:00:00,237.57,134.0,65.0,2.0,97.0,177.0,62.0,5.0
12372,2020-05-30 12:00:00,233.66,132.0,64.0,2.0,92.0,185.0,63.0,5.0
12373,2020-05-30 13:00:00,230.93,132.0,60.0,2.0,77.0,203.0,64.0,5.0
12374,2020-05-30 14:00:00,240.22,133.0,56.0,2.0,56.0,202.0,65.0,5.0
12375,2020-05-30 15:00:00,263.45,132.0,65.0,2.0,32.0,182.0,65.0,5.0
12376,2020-05-30 16:00:00,286.78,134.0,65.0,2.0,13.0,166.0,64.0,5.0
12377,2020-05-30 17:00:00,311.41,136.0,63.0,2.0,5.0,142.0,63.0,5.0
12378,2020-05-30 18:00:00,337.51,135.0,57.0,2.0,2.0,111.0,63.0,5.0
12379,2020-05-30 19:00:00,338.09,136.0,40.0,2.0,0.0,111.0,64.0,5.0
12380,2020-05-30 20:00:00,316.81,143.0,41.0,2.0,0.0,145.0,64.0,5.0
12381,2020-05-30 21:00:00,294.32,133.0,42.0,2.0,0.0,161.0,63.0,5.0
12382,2020-05-30 22:00:00,296.93,135.0,56.0,2.0,0.0,164.0,63.0,5.0
12383,2020-05-30 23:00:00,299.02,136.0,62.0,2.0,0.0,165.0,62.0,5.0
12384,2020-05-31 00:00:00,305.01,137.0,62.0,2.0,0.0,159.0,61.0,5.0
12385,2020-05-31 01:00:00,302.66,134.0,63.0,2.0,1.0,157.0,61.0,5.0
12386,2020-05-31 02:00:00,308.79,134.0,65.0,2.0,2.0,148.0,61.0,5.0
12387,2020-05-31 03:00:00,329.53,134.0,67.0,2.0,7.0,116.0,62.0,5.0
12388,2020-05-31 04:00:00,324.09,136.0,65.0,2.0,22.0,110.0,62.0,5.0
12389,2020-05-31 05:00:00,283.67,135.0,63.0,2.0,47.0,138.0,64.0,5.0
12390,2020-05-31 06:00:00,240.27,135.0,63.0,2.0,72.0,194.0,65.0,5.0
12391,2020-05-31 07:00:00,228.07,133.0,63.0,2.0,90.0,200.0,65.0,5.0
12392,2020-05-31 08:00:00,224.02,132.0,65.0,2.0,100.0,199.0,65.0,5.0
12393,2020-05-31 09:00:00,229.52,132.0,66.0,2.0,104.0,182.0,65.0,5.0
12394,2020-05-31 10:00:00,238.12,133.0,64.0,2.0,104.0,163.0,65.0,5.0
12395,2020-05-31 11:00:00,241.85,131.0,65.0,2.0,102.0,155.0,63.0,5.0
12396,2020-05-31 12:00:00,251.47,132.0,65.0,2.0,95.0,142.0,65.0,5.0
12397,2020-05-31 13:00:00,263.0,132.0,63.0,2.0,81.0,132.0,66.0,5.0
12398,2020-05-31 14:00:00,290.89,131.0,62.0,2.0,59.0,107.0,65.0,5.0
12399,2020-05-31 15:00:00,328.48,132.0,62.0,2.0,34.0,83.0,66.0,5.0
12400,2020-05-31 16:00:00,375.4,132.0,62.0,2.0,12.0,57.0,66.0,5.0
12401,2020-05-31 17:00:00,421.58,133.0,62.0,2.0,4.0,30.0,65.0,5.0
12402,2020-05-31 18:00:00,442.65,133.0,60.0,2.0,1.0,21.0,63.0,5.0
12403,2020-05-31 19:00:00,443.43,133.0,63.0,2.0,0.0,21.0,63.0,5.0
12404,2020-05-31 20:00:00,443.28,131.0,61.0,2.0,0.0,21.0,62.0,5.0
12405,2020-05-31 21:00:00,451.87,131.0,59.0,2.0,0.0,16.0,62.0,5.0
12406,2020-05-31 22:00:00,455.42,130.0,60.0,2.0,0.0,14.0,61.0,5.0
12407,2020-05-31 23:00:00,463.68,131.0,59.0,2.0,0.0,11.0,60.0,5.0
12408,2020-06-01 00:00:00,466.15,132.0,60.0,2.0,0.0,9.0,61.0,5.0
12409,2020-06-01 01:00:00,458.07,129.0,64.0,2.0,1.0,11.0,60.0,5.0
12410,2020-06-01 02:00:00,454.18,130.0,64.0,2.0,3.0,12.0,60.0,5.0
12411,2020-06-01 03:00:00,447.49,131.0,63.0,2.0,7.0,12.0,61.0,5.0
12412,2020-06-01 04:00:00,436.45,132.0,62.0,2.0,17.0,14.0,57.0,5.0
12413,2020-06-01 05:00:00,413.1,141.0,61.0,2.0,29.0,27.0,56.0,5.0
12414,2020-06-01 06:00:00,354.77,127.0,66.0,2.0,41.0,50.0,58.0,5.0
12415,2020-06-01 07:00:00,328.58,128.0,65.0,2.0,52.0,67.0,59.0,5.0
12416,2020-06-01 08:00:00,317.17,129.0,65.0,2.0,59.0,76.0,58.0,5.0
12417,2020-06-01 09:00:00,310.5,132.0,66.0,2.0,63.0,85.0,58.0,5.0
12418,2020-06-01 10:00:00,312.81,134.0,67.0,2.0,57.0,91.0,58.0,5.0
12419,2020-06-01 11:00:00,318.96,140.0,65.0,2.0,53.0,96.0,57.0,5.0
12420,2020-06-01 12:00:00,317.01,139.0,64.0,2.0,58.0,92.0,57.0,5.0
12421,2020-06-01 13:00:00,308.98,135.0,64.0,2.0,57.0,96.0,59.0,5.0
12422,2020-06-01 14:00:00,329.65,132.0,65.0,2.0,43.0,80.0,59.0,5.0
12423,2020-06-01 15:00:00,354.58,133.0,65.0,2.0,27.0,70.0,59.0,5.0
12424,2020-06-01 16:00:00,386.78,134.0,63.0,2.0,11.0,58.0,58.0,5.0
12425,2020-06-01 17:00:00,421.27,138.0,64.0,2.0,4.0,41.0,58.0,5.0
12426,2020-06-01 18:00:00,412.27,133.0,60.0,2.0,1.0,46.0,59.0,5.0
12427,2020-06-01 19:00:00,409.47,133.0,61.0,2.0,0.0,49.0,59.0,5.0
12428,2020-06-01 20:00:00,381.1,133.0,61.0,2.0,0.0,71.0,60.0,5.0
12429,2020-06-01 21:00:00,395.12,135.0,62.0,2.0,0.0,61.0,60.0,5.0
12430,2020-06-01 22:00:00,391.65,134.0,61.0,2.0,0.0,64.0,59.0,5.0
12431,2020-06-01 23:00:00,388.1,131.0,63.0,2.0,0.0,66.0,57.0,5.0
12432,2020-06-02 00:00:00,366.59,131.0,62.0,2.0,0.0,84.0,58.0,5.0
12433,2020-06-02 01:00:00,358.25,131.0,63.0,2.0,1.0,91.0,58.0,5.0
12434,2020-06-02 02:00:00,366.65,132.0,60.0,2.0,3.0,83.0,57.0,5.0
12435,2020-06-02 03:00:00,395.31,133.0,62.0,2.0,7.0,55.0,57.0,5.0
12436,2020-06-02 04:00:00,405.25,134.0,62.0,2.0,21.0,35.0,56.0,5.0
12437,2020-06-02 05:00:00,381.9,154.0,64.0,2.0,44.0,48.0,59.0,5.0
12438,2020-06-02 06:00:00,327.01,144.0,65.0,2.0,67.0,75.0,59.0,5.0
12439,2020-06-02 07:00:00,287.15,134.0,67.0,2.0,85.0,99.0,59.0,5.0
12440,2020-06-02 08:00:00,285.28,147.0,65.0,2.0,95.0,114.0,58.0,5.0
12441,2020-06-02 09:00:00,285.46,152.0,65.0,2.0,98.0,119.0,58.0,5.0
12442,2020-06-02 10:00:00,277.11,147.0,67.0,2.0,99.0,125.0,58.0,5.0
12443,2020-06-02 11:00:00,272.73,141.0,66.0,2.0,98.0,125.0,56.0,5.0
12444,2020-06-02 12:00:00,270.05,133.0,65.0,2.0,92.0,121.0,56.0,5.0
12445,2020-06-02 13:00:00,276.62,132.0,65.0,2.0,80.0,119.0,57.0,5.0
12446,2020-06-02 14:00:00,298.0,132.0,65.0,2.0,59.0,106.0,58.0,5.0
12447,2020-06-02 15:00:00,313.2,129.0,65.0,2.0,34.0,106.0,58.0,5.0
12448,2020-06-02 16:00:00,347.66,132.0,65.0,2.0,13.0,91.0,58.0,5.0
12449,2020-06-02 17:00:00,373.16,132.0,64.0,2.0,4.0,76.0,57.0,5.0
12450,2020-06-02 18:00:00,402.95,141.0,62.0,2.0,1.0,61.0,58.0,5.0
12451,2020-06-02 19:00:00,395.76,141.0,62.0,2.0,0.0,67.0,59.0,5.0
12452,2020-06-02 20:00:00,365.68,133.0,61.0,2.0,0.0,84.0,61.0,5.0
12453,2020-06-02 21:00:00,354.21,131.0,63.0,2.0,0.0,93.0,61.0,5.0
12454,2020-06-02 22:00:00,356.8,128.0,62.0,2.0,0.0,89.0,59.0,5.0
12455,2020-06-02 23:00:00,348.77,129.0,60.0,2.0,0.0,102.0,55.0,5.0
12456,2020-06-03 00:00:00,345.06,130.0,60.0,2.0,0.0,105.0,57.0,5.0
12457,2020-06-03 01:00:00,363.41,131.0,62.0,2.0,1.0,88.0,56.0,5.0
12458,2020-06-03 02:00:00,383.43,132.0,61.0,2.0,3.0,68.0,57.0,5.0
12459,2020-06-03 03:00:00,408.77,131.0,59.0,2.0,7.0,43.0,57.0,5.0
12460,2020-06-03 04:00:00,414.35,133.0,55.0,2.0,21.0,26.0,58.0,5.0
12461,2020-06-03 05:00:00,382.43,136.0,55.0,2.0,44.0,30.0,59.0,5.0
12462,2020-06-03 06:00:00,344.35,142.0,57.0,2.0,66.0,53.0,58.0,5.0
12463,2020-06-03 07:00:00,310.78,143.0,58.0,2.0,79.0,83.0,58.0,5.0
12464,2020-06-03 08:00:00,296.54,142.0,58.0,2.0,82.0,100.0,57.0,5.0
12465,2020-06-03 09:00:00,281.57,141.0,58.0,2.0,83.0,121.0,57.0,5.0
12466,2020-06-03 10:00:00,279.95,140.0,58.0,2.0,79.0,125.0,58.0,5.0
12467,2020-06-03 11:00:00,279.5,132.0,58.0,2.0,74.0,119.0,56.0,5.0
12468,2020-06-03 12:00:00,285.63,140.0,59.0,2.0,65.0,131.0,57.0,5.0
12469,2020-06-03 13:00:00,292.12,138.0,68.0,2.0,53.0,131.0,58.0,5.0
12470,2020-06-03 14:00:00,300.06,131.0,67.0,2.0,38.0,123.0,58.0,5.0
12471,2020-06-03 15:00:00,326.71,129.0,67.0,2.0,24.0,99.0,58.0,4.0
12472,2020-06-03 16:00:00,364.32,142.0,57.0,2.0,11.0,87.0,58.0,5.0
12473,2020-06-03 17:00:00,388.21,130.0,62.0,2.0,5.0,59.0,58.0,5.0
12474,2020-06-03 18:00:00,409.59,131.0,63.0,2.0,1.0,47.0,58.0,5.0
12475,2020-06-03 19:00:00,409.92,130.0,62.0,2.0,0.0,47.0,58.0,5.0
12476,2020-06-03 20:00:00,405.63,131.0,63.0,2.0,0.0,49.0,60.0,5.0
12477,2020-06-03 21:00:00,416.37,131.0,63.0,2.0,0.0,41.0,60.0,5.0
12478,2020-06-03 22:00:00,423.81,135.0,62.0,2.0,0.0,42.0,57.0,5.0
12479,2020-06-03 23:00:00,411.55,128.0,63.0,2.0,0.0,47.0,55.0,5.0
12480,2020-06-04 00:00:00,421.1,129.0,63.0,2.0,0.0,40.0,56.0,5.0
12481,2020-06-04 01:00:00,438.84,133.0,63.0,2.0,0.0,32.0,55.0,5.0
12482,2020-06-04 02:00:00,437.08,131.0,61.0,2.0,2.0,30.0,55.0,5.0
12483,2020-06-04 03:00:00,437.48,130.0,61.0,2.0,5.0,25.0,56.0,5.0
12484,2020-06-04 04:00:00,453.8,138.0,62.0,2.0,8.0,19.0,54.0,5.0
12485,2020-06-04 05:00:00,433.36,138.0,66.0,2.0,15.0,23.0,56.0,5.0
12486,2020-06-04 06:00:00,430.1,157.0,58.0,2.0,25.0,31.0,56.0,5.0
12487,2020-06-04 07:00:00,391.31,136.0,64.0,2.0,29.0,40.0,56.0,5.0
12488,2020-06-04 08:00:00,389.1,156.0,63.0,2.0,28.0,60.0,58.0,5.0
12489,2020-06-04 09:00:00,393.35,166.0,68.0,2.0,23.0,71.0,57.0,5.0
12490,2020-06-04 10:00:00,381.83,152.0,67.0,2.0,21.0,71.0,57.0,5.0
12491,2020-06-04 11:00:00,384.89,151.0,68.0,2.0,20.0,70.0,55.0,5.0
12492,2020-06-04 12:00:00,375.82,151.0,65.0,2.0,20.0,78.0,56.0,5.0
12493,2020-06-04 13:00:00,377.64,136.0,65.0,2.0,18.0,63.0,56.0,5.0
12494,2020-06-04 14:00:00,397.51,134.0,64.0,2.0,13.0,50.0,55.0,5.0
12495,2020-06-04 15:00:00,429.76,141.0,65.0,2.0,10.0,33.0,56.0,5.0
12496,2020-06-04 16:00:00,422.35,139.0,64.0,2.0,7.0,38.0,58.0,5.0
12497,2020-06-04 17:00:00,442.79,148.0,64.0,2.0,3.0,34.0,58.0,5.0
12498,2020-06-04 18:00:00,436.4,136.0,62.0,2.0,1.0,34.0,56.0,5.0
12499,2020-06-04 19:00:00,436.18,136.0,63.0,2.0,0.0,34.0,57.0,5.0
12500,2020-06-04 20:00:00,453.51,138.0,63.0,2.0,0.0,21.0,60.0,5.0
12501,2020-06-04 21:00:00,455.68,135.0,61.0,2.0,0.0,19.0,59.0,5.0
12502,2020-06-04 22:00:00,463.93,135.0,61.0,2.0,0.0,16.0,57.0,5.0
12503,2020-06-04 23:00:00,456.22,134.0,61.0,2.0,0.0,22.0,55.0,5.0
12504,2020-06-05 00:00:00,426.75,134.0,63.0,2.0,0.0,42.0,54.0,5.0
12505,2020-06-05 01:00:00,415.58,135.0,62.0,2.0,0.0,51.0,54.0,5.0
12506,2020-06-05 02:00:00,407.55,135.0,63.0,2.0,2.0,54.0,55.0,5.0
12507,2020-06-05 03:00:00,409.03,134.0,63.0,2.0,4.0,50.0,55.0,5.0
12508,2020-06-05 04:00:00,412.29,138.0,62.0,2.0,9.0,44.0,57.0,5.0
12509,2020-06-05 05:00:00,408.36,137.0,64.0,2.0,17.0,44.0,51.0,5.0
12510,2020-06-05 06:00:00,416.49,147.0,64.0,2.0,28.0,43.0,43.0,5.0
12511,2020-06-05 07:00:00,371.19,136.0,62.0,2.0,41.0,52.0,50.0,5.0
12512,2020-06-05 08:00:00,342.01,137.0,63.0,2.0,51.0,65.0,58.0,5.0
12513,2020-06-05 09:00:00,326.03,138.0,63.0,2.0,61.0,72.0,61.0,5.0
12514,2020-06-05 10:00:00,320.95,137.0,63.0,2.0,60.0,80.0,59.0,5.0
12515,2020-06-05 11:00:00,329.1,140.0,64.0,2.0,62.0,74.0,57.0,5.0
12516,2020-06-05 12:00:00,338.1,135.0,64.0,2.0,61.0,57.0,58.0,5.0
12517,2020-06-05 13:00:00,353.76,135.0,62.0,2.0,51.0,50.0,58.0,5.0
12518,2020-06-05 14:00:00,360.74,135.0,63.0,2.0,42.0,52.0,58.0,5.0
12519,2020-06-05 15:00:00,376.46,132.0,65.0,2.0,27.0,48.0,59.0,5.0
12520,2020-06-05 16:00:00,414.39,135.0,61.0,2.0,12.0,36.0,58.0,5.0
12521,2020-06-05 17:00:00,428.45,142.0,63.0,2.0,5.0,39.0,57.0,5.0
12522,2020-06-05 18:00:00,419.73,140.0,62.0,2.0,2.0,48.0,56.0,5.0
12523,2020-06-05 19:00:00,363.02,138.0,61.0,2.0,0.0,96.0,57.0,5.0
12524,2020-06-05 20:00:00,318.83,133.0,62.0,2.0,0.0,137.0,59.0,5.0
12525,2020-06-05 21:00:00,148.14,21.0,62.0,2.0,0.0,133.0,59.0,5.0
12526,2020-06-05 22:00:00,106.97,2.0,63.0,2.0,0.0,130.0,57.0,5.0
12527,2020-06-05 23:00:00,104.33,2.0,62.0,2.0,0.0,137.0,54.0,5.0
12528,2020-06-06 00:00:00,100.99,2.0,61.0,2.0,0.0,142.0,55.0,5.0
12529,2020-06-06 01:00:00,100.17,1.0,63.0,2.0,1.0,142.0,55.0,5.0
12530,2020-06-06 02:00:00,99.8,1.0,63.0,2.0,1.0,141.0,57.0,5.0
12531,2020-06-06 03:00:00,96.65,2.0,61.0,2.0,2.0,148.0,59.0,5.0
12532,2020-06-06 04:00:00,98.33,2.0,62.0,2.0,6.0,143.0,58.0,5.0
12533,2020-06-06 05:00:00,95.28,2.0,61.0,2.0,12.0,142.0,59.0,5.0
12534,2020-06-06 06:00:00,103.48,2.0,60.0,2.0,20.0,109.0,59.0,5.0
12535,2020-06-06 07:00:00,99.4,2.0,62.0,2.0,34.0,109.0,61.0,5.0
12536,2020-06-06 08:00:00,89.13,2.0,64.0,2.0,47.0,133.0,62.0,5.0
12537,2020-06-06 09:00:00,84.53,2.0,61.0,2.0,52.0,134.0,63.0,5.0
12538,2020-06-06 10:00:00,79.84,2.0,63.0,2.0,59.0,154.0,62.0,5.0
12539,2020-06-06 11:00:00,81.65,1.0,63.0,2.0,54.0,149.0,56.0,5.0
12540,2020-06-06 12:00:00,79.54,2.0,61.0,2.0,49.0,161.0,59.0,5.0
12541,2020-06-06 13:00:00,69.32,2.0,61.0,2.0,48.0,208.0,63.0,5.0
12542,2020-06-06 14:00:00,68.27,2.0,61.0,2.0,45.0,217.0,63.0,5.0
12543,2020-06-06 15:00:00,72.15,2.0,63.0,2.0,31.0,217.0,64.0,5.0
12544,2020-06-06 16:00:00,80.21,2.0,64.0,2.0,13.0,201.0,63.0,5.0
12545,2020-06-06 17:00:00,79.38,2.0,63.0,2.0,5.0,210.0,62.0,5.0
12546,2020-06-06 18:00:00,83.48,2.0,61.0,2.0,2.0,189.0,62.0,5.0
12547,2020-06-06 19:00:00,88.18,2.0,62.0,2.0,0.0,177.0,62.0,5.0
12548,2020-06-06 20:00:00,95.24,2.0,62.0,2.0,0.0,153.0,63.0,5.0
12549,2020-06-06 21:00:00,98.95,2.0,63.0,2.0,0.0,145.0,63.0,5.0
12550,2020-06-06 22:00:00,95.21,2.0,63.0,2.0,0.0,157.0,62.0,5.0
12551,2020-06-06 23:00:00,91.74,2.0,63.0,2.0,0.0,171.0,59.0,5.0
12552,2020-06-07 00:00:00,98.86,2.0,64.0,2.0,0.0,151.0,60.0,5.0
12553,2020-06-07 01:00:00,103.08,1.0,64.0,2.0,1.0,132.0,60.0,5.0
12554,2020-06-07 02:00:00,108.82,1.0,64.0,2.0,3.0,116.0,60.0,5.0
12555,2020-06-07 03:00:00,123.14,2.0,64.0,2.0,7.0,88.0,60.0,5.0
12556,2020-06-07 04:00:00,122.59,2.0,63.0,2.0,22.0,71.0,61.0,5.0
12557,2020-06-07 05:00:00,107.92,2.0,59.0,2.0,45.0,67.0,63.0,5.0
12558,2020-06-07 06:00:00,113.11,7.0,61.0,2.0,66.0,69.0,62.0,5.0
12559,2020-06-07 07:00:00,168.11,35.0,63.0,2.0,84.0,62.0,63.0,5.0
12560,2020-06-07 08:00:00,152.4,30.0,62.0,2.0,91.0,66.0,63.0,5.0
12561,2020-06-07 09:00:00,162.42,31.0,62.0,2.0,81.0,61.0,62.0,5.0
12562,2020-06-07 10:00:00,193.64,44.0,62.0,2.0,67.0,64.0,62.0,5.0
12563,2020-06-07 11:00:00,246.4,62.0,62.0,2.0,46.0,58.0,61.0,5.0
12564,2020-06-07 12:00:00,290.22,79.0,59.0,2.0,38.0,48.0,61.0,5.0
12565,2020-06-07 13:00:00,320.31,95.0,62.0,2.0,33.0,46.0,63.0,5.0
12566,2020-06-07 14:00:00,409.54,161.0,60.0,2.0,25.0,44.0,63.0,5.0
12567,2020-06-07 15:00:00,482.44,199.0,62.0,2.0,17.0,20.0,62.0,5.0
12568,2020-06-07 16:00:00,502.32,199.0,60.0,2.0,6.0,18.0,61.0,5.0
12569,2020-06-07 17:00:00,524.5,204.0,41.0,2.0,3.0,14.0,61.0,5.0
12570,2020-06-07 18:00:00,524.64,200.0,38.0,2.0,1.0,14.0,62.0,5.0
12571,2020-06-07 19:00:00,525.12,200.0,37.0,2.0,0.0,16.0,61.0,5.0
12572,2020-06-07 20:00:00,538.48,199.0,39.0,2.0,0.0,7.0,61.0,5.0
12573,2020-06-07 21:00:00,519.77,170.0,42.0,2.0,0.0,3.0,62.0,5.0
12574,2020-06-07 22:00:00,529.04,183.0,41.0,2.0,0.0,6.0,60.0,5.0
12575,2020-06-07 23:00:00,557.06,224.0,41.0,2.0,0.0,8.0,58.0,5.0
12576,2020-06-08 00:00:00,574.95,266.0,41.0,2.0,0.0,11.0,58.0,5.0
12577,2020-06-08 01:00:00,572.82,280.0,41.0,2.0,0.0,18.0,57.0,5.0
12578,2020-06-08 02:00:00,555.69,297.0,43.0,2.0,3.0,32.0,58.0,5.0
12579,2020-06-08 03:00:00,575.99,333.0,43.0,2.0,8.0,23.0,58.0,5.0
12580,2020-06-08 04:00:00,559.27,329.0,39.0,2.0,15.0,28.0,60.0,4.0
12581,2020-06-08 05:00:00,552.62,342.0,44.0,2.0,18.0,33.0,61.0,5.0
12582,2020-06-08 06:00:00,559.72,358.0,42.0,2.0,18.0,35.0,59.0,5.0
12583,2020-06-08 07:00:00,558.56,392.0,43.0,2.0,29.0,36.0,60.0,5.0
12584,2020-06-08 08:00:00,566.5,464.0,42.0,2.0,42.0,40.0,60.0,5.0
12585,2020-06-08 09:00:00,541.31,415.0,41.0,2.0,52.0,40.0,61.0,5.0
12586,2020-06-08 10:00:00,447.47,226.0,42.0,2.0,54.0,36.0,60.0,5.0
12587,2020-06-08 11:00:00,493.94,310.0,55.0,2.0,51.0,42.0,59.0,5.0
12588,2020-06-08 12:00:00,515.44,366.0,54.0,2.0,55.0,44.0,58.0,5.0
12589,2020-06-08 13:00:00,529.99,361.0,50.0,2.0,37.0,46.0,57.0,5.0
12590,2020-06-08 14:00:00,435.12,216.0,46.0,2.0,28.0,67.0,59.0,5.0
12591,2020-06-08 15:00:00,421.23,201.0,45.0,2.0,15.0,80.0,61.0,5.0
12592,2020-06-08 16:00:00,425.26,201.0,46.0,2.0,5.0,86.0,61.0,5.0
12593,2020-06-08 17:00:00,495.05,286.0,47.0,2.0,2.0,78.0,60.0,5.0
12594,2020-06-08 18:00:00,504.33,290.0,44.0,2.0,1.0,73.0,60.0,5.0
12595,2020-06-08 19:00:00,494.0,292.0,48.0,2.0,0.0,84.0,60.0,5.0
12596,2020-06-08 20:00:00,562.13,373.0,48.0,2.0,0.0,51.0,62.0,5.0
12597,2020-06-08 21:00:00,591.31,428.0,48.0,2.0,8.0,32.0,62.0,5.0
12598,2020-06-08 22:00:00,518.25,246.0,50.0,2.0,0.0,39.0,60.0,5.0
12599,2020-06-08 23:00:00,488.65,235.0,51.0,2.0,0.0,59.0,58.0,5.0
12600,2020-06-09 00:00:00,473.24,237.0,49.0,2.0,0.0,75.0,57.0,5.0
12601,2020-06-09 01:00:00,461.27,228.0,50.0,2.0,0.0,80.0,57.0,5.0
12602,2020-06-09 02:00:00,472.95,232.0,50.0,2.0,2.0,70.0,57.0,5.0
12603,2020-06-09 03:00:00,521.35,284.0,50.0,2.0,5.0,51.0,58.0,5.0
12604,2020-06-09 04:00:00,554.31,365.0,50.0,2.0,10.0,48.0,59.0,5.0
12605,2020-06-09 05:00:00,567.62,401.0,43.0,2.0,16.0,42.0,61.0,5.0
12606,2020-06-09 06:00:00,565.73,409.0,42.0,2.0,23.0,40.0,61.0,5.0
12607,2020-06-09 07:00:00,550.55,409.0,33.0,2.0,31.0,51.0,61.0,5.0
12608,2020-06-09 08:00:00,557.11,408.0,32.0,2.0,34.0,42.0,60.0,5.0
12609,2020-06-09 09:00:00,564.49,409.0,37.0,2.0,32.0,34.0,61.0,5.0
12610,2020-06-09 10:00:00,561.52,407.0,41.0,2.0,27.0,40.0,61.0,5.0
12611,2020-06-09 11:00:00,571.0,408.0,40.0,2.0,24.0,39.0,56.0,5.0
12612,2020-06-09 12:00:00,577.03,410.0,39.0,2.0,24.0,33.0,57.0,5.0
12613,2020-06-09 13:00:00,430.86,158.0,38.0,2.0,21.0,34.0,60.0,5.0
12614,2020-06-09 14:00:00,418.71,137.0,39.0,2.0,16.0,31.0,60.0,5.0
12615,2020-06-09 15:00:00,511.79,224.0,37.0,2.0,13.0,24.0,60.0,5.0
12616,2020-06-09 16:00:00,587.78,359.0,38.0,2.0,8.0,18.0,63.0,5.0
12617,2020-06-09 17:00:00,614.5,409.0,39.0,2.0,3.0,13.0,63.0,5.0
12618,2020-06-09 18:00:00,628.45,435.0,38.0,2.0,1.0,9.0,63.0,5.0
12619,2020-06-09 19:00:00,629.17,440.0,39.0,2.0,0.0,9.0,64.0,5.0
12620,2020-06-09 20:00:00,617.26,434.0,40.0,2.0,0.0,14.0,68.0,5.0
12621,2020-06-09 21:00:00,611.69,412.0,42.0,2.0,0.0,14.0,67.0,5.0
12622,2020-06-09 22:00:00,595.42,381.0,40.0,2.0,0.0,22.0,66.0,5.0
12623,2020-06-09 23:00:00,587.43,372.0,41.0,2.0,0.0,29.0,63.0,5.0
12624,2020-06-10 00:00:00,583.19,384.0,42.0,2.0,0.0,35.0,64.0,5.0
12625,2020-06-10 01:00:00,586.52,401.0,42.0,2.0,0.0,37.0,64.0,5.0
12626,2020-06-10 02:00:00,582.32,424.0,42.0,1.0,2.0,47.0,64.0,5.0
12627,2020-06-10 03:00:00,587.98,483.0,41.0,1.0,5.0,52.0,68.0,5.0
12628,2020-06-10 04:00:00,604.35,548.0,41.0,1.0,12.0,38.0,74.0,5.0
12629,2020-06-10 05:00:00,603.78,560.0,43.0,1.0,23.0,31.0,73.0,5.0
12630,2020-06-10 06:00:00,562.18,445.0,43.0,1.0,37.0,42.0,62.0,5.0
12631,2020-06-10 07:00:00,528.36,441.0,46.0,1.0,52.0,64.0,63.0,5.0
12632,2020-06-10 08:00:00,525.45,454.0,41.0,1.0,56.0,70.0,64.0,5.0
12633,2020-06-10 09:00:00,521.36,455.0,44.0,1.0,58.0,72.0,65.0,5.0
12634,2020-06-10 10:00:00,518.27,454.0,43.0,1.0,59.0,74.0,66.0,5.0
12635,2020-06-10 11:00:00,521.43,453.0,44.0,1.0,56.0,73.0,65.0,5.0
12636,2020-06-10 12:00:00,529.55,450.0,44.0,1.0,49.0,68.0,65.0,5.0
12637,2020-06-10 13:00:00,541.8,472.0,58.0,1.0,42.0,65.0,64.0,5.0
12638,2020-06-10 14:00:00,557.06,494.0,51.0,1.0,36.0,61.0,65.0,5.0
12639,2020-06-10 15:00:00,572.08,503.0,46.0,2.0,25.0,56.0,66.0,5.0
12640,2020-06-10 16:00:00,548.47,358.0,44.0,2.0,13.0,42.0,67.0,5.0
12641,2020-06-10 17:00:00,559.54,338.0,42.0,2.0,5.0,35.0,65.0,5.0
12642,2020-06-10 18:00:00,562.98,338.0,42.0,2.0,2.0,34.0,66.0,5.0
12643,2020-06-10 19:00:00,539.65,332.0,41.0,2.0,0.0,54.0,67.0,5.0
12644,2020-06-10 20:00:00,553.92,390.0,40.0,2.0,0.0,62.0,68.0,5.0
12645,2020-06-10 21:00:00,582.91,484.0,41.0,2.0,0.0,61.0,69.0,5.0
12646,2020-06-10 22:00:00,541.2,394.0,43.0,2.0,0.0,74.0,70.0,5.0
12647,2020-06-10 23:00:00,514.72,350.0,44.0,2.0,0.0,85.0,68.0,5.0
12648,2020-06-11 00:00:00,498.38,343.0,42.0,2.0,0.0,100.0,68.0,5.0
12649,2020-06-11 01:00:00,505.15,335.0,40.0,1.0,0.0,91.0,67.0,5.0
12650,2020-06-11 02:00:00,502.35,335.0,40.0,1.0,3.0,90.0,68.0,5.0
12651,2020-06-11 03:00:00,534.51,405.0,43.0,1.0,7.0,82.0,68.0,5.0
12652,2020-06-11 04:00:00,540.13,455.0,43.0,1.0,14.0,86.0,71.0,5.0
12653,2020-06-11 05:00:00,485.64,355.0,44.0,1.0,24.0,95.0,71.0,5.0
12654,2020-06-11 06:00:00,427.17,280.0,44.0,1.0,33.0,105.0,75.0,5.0
12655,2020-06-11 07:00:00,411.47,271.0,45.0,1.0,43.0,108.0,75.0,5.0
12656,2020-06-11 08:00:00,408.4,279.0,45.0,1.0,49.0,112.0,76.0,5.0
12657,2020-06-11 09:00:00,393.54,286.0,44.0,1.0,60.0,129.0,76.0,5.0
12658,2020-06-11 10:00:00,399.02,308.0,39.0,1.0,60.0,141.0,76.0,5.0
12659,2020-06-11 11:00:00,432.82,378.0,44.0,1.0,55.0,152.0,73.0,5.0
12660,2020-06-11 12:00:00,445.51,391.0,44.0,1.0,48.0,150.0,71.0,5.0
12661,2020-06-11 13:00:00,443.75,395.0,42.0,1.0,38.0,166.0,71.0,5.0
12662,2020-06-11 14:00:00,464.93,392.0,39.0,1.0,26.0,144.0,71.0,5.0
12663,2020-06-11 15:00:00,495.52,447.0,41.0,1.0,18.0,136.0,74.0,5.0
12664,2020-06-11 16:00:00,508.2,452.0,39.0,1.0,10.0,129.0,74.0,5.0
12665,2020-06-11 17:00:00,515.01,457.0,39.0,1.0,5.0,128.0,73.0,5.0
12666,2020-06-11 18:00:00,520.56,438.0,38.0,1.0,2.0,114.0,74.0,5.0
12667,2020-06-11 19:00:00,484.04,363.0,42.0,1.0,0.0,122.0,75.0,5.0
12668,2020-06-11 20:00:00,487.66,342.0,41.0,1.0,0.0,106.0,75.0,5.0
12669,2020-06-11 21:00:00,501.88,338.0,44.0,1.0,0.0,91.0,71.0,5.0
12670,2020-06-11 22:00:00,480.28,260.0,41.0,2.0,0.0,84.0,57.0,5.0
12671,2020-06-11 23:00:00,438.08,227.0,41.0,2.0,0.0,109.0,51.0,5.0
12672,2020-06-12 00:00:00,449.12,241.0,41.0,2.0,0.0,103.0,56.0,5.0
12673,2020-06-12 01:00:00,422.79,230.0,42.0,2.0,1.0,119.0,58.0,5.0
12674,2020-06-12 02:00:00,405.38,227.0,42.0,2.0,3.0,125.0,67.0,5.0
12675,2020-06-12 03:00:00,420.42,244.0,41.0,2.0,7.0,116.0,69.0,5.0
12676,2020-06-12 04:00:00,434.13,287.0,41.0,2.0,16.0,120.0,73.0,5.0
12677,2020-06-12 05:00:00,399.1,294.0,42.0,2.0,28.0,161.0,74.0,5.0
12678,2020-06-12 06:00:00,364.3,295.0,43.0,2.0,47.0,203.0,72.0,5.0
12679,2020-06-12 07:00:00,356.37,296.0,44.0,2.0,56.0,210.0,72.0,5.0
12680,2020-06-12 08:00:00,349.26,296.0,45.0,2.0,63.0,216.0,73.0,5.0
12681,2020-06-12 09:00:00,349.82,297.0,44.0,2.0,71.0,206.0,75.0,5.0
12682,2020-06-12 10:00:00,351.64,295.0,43.0,2.0,75.0,195.0,76.0,5.0
12683,2020-06-12 11:00:00,357.01,298.0,43.0,2.0,77.0,189.0,73.0,5.0
12684,2020-06-12 12:00:00,360.47,295.0,40.0,2.0,75.0,181.0,73.0,5.0
12685,2020-06-12 13:00:00,357.86,295.0,43.0,1.0,68.0,192.0,75.0,5.0
12686,2020-06-12 14:00:00,368.54,290.0,43.0,1.0,53.0,183.0,74.0,5.0
12687,2020-06-12 15:00:00,391.24,296.0,43.0,1.0,31.0,172.0,75.0,5.0
12688,2020-06-12 16:00:00,407.13,295.0,41.0,1.0,13.0,165.0,75.0,5.0
12689,2020-06-12 17:00:00,427.93,296.0,40.0,1.0,5.0,146.0,74.0,5.0
12690,2020-06-12 18:00:00,430.72,281.0,39.0,1.0,2.0,135.0,73.0,5.0
12691,2020-06-12 19:00:00,411.46,243.0,38.0,1.0,0.0,132.0,71.0,5.0
12692,2020-06-12 20:00:00,402.98,245.0,39.0,1.0,0.0,142.0,73.0,5.0
12693,2020-06-12 21:00:00,401.14,245.0,43.0,1.0,0.0,146.0,71.0,5.0
12694,2020-06-12 22:00:00,322.68,147.0,40.0,2.0,0.0,146.0,61.0,5.0
12695,2020-06-12 23:00:00,192.54,53.0,40.0,2.0,0.0,142.0,59.0,5.0
12696,2020-06-13 00:00:00,81.52,2.0,41.0,2.0,0.0,131.0,59.0,5.0
12697,2020-06-13 01:00:00,96.05,1.0,53.0,2.0,1.0,123.0,57.0,5.0
12698,2020-06-13 02:00:00,113.71,4.0,59.0,2.0,3.0,112.0,59.0,5.0
12699,2020-06-13 03:00:00,119.6,2.0,56.0,2.0,7.0,79.0,59.0,5.0
12700,2020-06-13 04:00:00,207.15,31.0,59.0,2.0,22.0,52.0,62.0,5.0
12701,2020-06-13 05:00:00,215.5,43.0,60.0,2.0,46.0,49.0,63.0,5.0
12702,2020-06-13 06:00:00,184.1,45.0,62.0,2.0,69.0,80.0,63.0,5.0
12703,2020-06-13 07:00:00,158.3,44.0,64.0,2.0,88.0,117.0,59.0,5.0
12704,2020-06-13 08:00:00,251.89,119.0,63.0,2.0,93.0,127.0,54.0,5.0
12705,2020-06-13 09:00:00,254.02,133.0,63.0,2.0,98.0,149.0,51.0,5.0
12706,2020-06-13 10:00:00,249.29,133.0,64.0,2.0,98.0,158.0,52.0,5.0
12707,2020-06-13 11:00:00,240.99,132.0,65.0,2.0,98.0,172.0,54.0,5.0
12708,2020-06-13 12:00:00,246.44,134.0,64.0,2.0,92.0,169.0,55.0,5.0
12709,2020-06-13 13:00:00,260.03,133.0,62.0,2.0,80.0,150.0,56.0,5.0
12710,2020-06-13 14:00:00,269.06,133.0,63.0,2.0,61.0,152.0,57.0,5.0
12711,2020-06-13 15:00:00,296.61,136.0,64.0,2.0,36.0,135.0,60.0,5.0
12712,2020-06-13 16:00:00,333.3,134.0,62.0,2.0,14.0,103.0,63.0,5.0
12713,2020-06-13 17:00:00,371.35,139.0,60.0,2.0,5.0,80.0,61.0,5.0
12714,2020-06-13 18:00:00,386.53,143.0,61.0,2.0,2.0,70.0,64.0,5.0
12715,2020-06-13 19:00:00,373.41,137.0,59.0,2.0,0.0,76.0,66.0,5.0
12716,2020-06-13 20:00:00,353.91,137.0,59.0,2.0,0.0,86.0,75.0,5.0
12717,2020-06-13 21:00:00,336.7,135.0,58.0,2.0,0.0,97.0,80.0,5.0
12718,2020-06-13 22:00:00,335.85,131.0,59.0,2.0,0.0,91.0,82.0,5.0
12719,2020-06-13 23:00:00,335.52,130.0,58.0,2.0,0.0,90.0,82.0,5.0
12720,2020-06-14 00:00:00,348.7,130.0,56.0,2.0,0.0,76.0,82.0,5.0
12721,2020-06-14 01:00:00,364.84,136.0,58.0,2.0,1.0,66.0,82.0,5.0
12722,2020-06-14 02:00:00,364.83,136.0,57.0,2.0,3.0,65.0,81.0,5.0
12723,2020-06-14 03:00:00,389.15,139.0,58.0,2.0,7.0,42.0,81.0,5.0
12724,2020-06-14 04:00:00,388.03,137.0,59.0,2.0,22.0,26.0,81.0,5.0
12725,2020-06-14 05:00:00,366.44,143.0,59.0,2.0,47.0,27.0,81.0,5.0
12726,2020-06-14 06:00:00,331.75,142.0,61.0,2.0,70.0,39.0,83.0,5.0
12727,2020-06-14 07:00:00,293.48,137.0,63.0,2.0,87.0,66.0,84.0,5.0
12728,2020-06-14 08:00:00,269.47,138.0,62.0,2.0,94.0,101.0,83.0,5.0
12729,2020-06-14 09:00:00,260.31,139.0,62.0,2.0,96.0,116.0,85.0,5.0
12730,2020-06-14 10:00:00,257.73,140.0,62.0,2.0,94.0,126.0,84.0,5.0
12731,2020-06-14 11:00:00,254.0,139.0,63.0,2.0,85.0,142.0,83.0,5.0
12732,2020-06-14 12:00:00,253.73,140.0,64.0,2.0,77.0,152.0,84.0,5.0
12733,2020-06-14 13:00:00,265.24,139.0,63.0,2.0,64.0,139.0,85.0,5.0
12734,2020-06-14 14:00:00,276.46,137.0,62.0,2.0,48.0,130.0,86.0,5.0
12735,2020-06-14 15:00:00,299.07,138.0,62.0,2.0,30.0,114.0,86.0,5.0
12736,2020-06-14 16:00:00,342.84,137.0,62.0,2.0,13.0,75.0,85.0,5.0
12737,2020-06-14 17:00:00,367.8,135.0,38.0,2.0,5.0,56.0,84.0,5.0
12738,2020-06-14 18:00:00,388.07,139.0,35.0,2.0,2.0,46.0,84.0,5.0
12739,2020-06-14 19:00:00,393.67,146.0,36.0,2.0,0.0,50.0,84.0,5.0
12740,2020-06-14 20:00:00,381.87,141.0,37.0,2.0,0.0,55.0,84.0,5.0
12741,2020-06-14 21:00:00,380.73,139.0,36.0,2.0,0.0,55.0,83.0,5.0
12742,2020-06-14 22:00:00,389.02,143.0,36.0,2.0,0.0,52.0,83.0,5.0
12743,2020-06-14 23:00:00,398.4,147.0,37.0,2.0,0.0,50.0,81.0,5.0
12744,2020-06-15 00:00:00,388.96,142.0,38.0,2.0,0.0,53.0,81.0,5.0
12745,2020-06-15 01:00:00,371.34,137.0,37.0,2.0,1.0,64.0,79.0,5.0
12746,2020-06-15 02:00:00,388.28,154.0,39.0,2.0,3.0,60.0,83.0,5.0
12747,2020-06-15 03:00:00,406.52,166.0,38.0,2.0,7.0,51.0,83.0,5.0
12748,2020-06-15 04:00:00,434.45,196.0,37.0,2.0,16.0,39.0,86.0,5.0
12749,2020-06-15 05:00:00,448.11,217.0,37.0,2.0,26.0,29.0,89.0,5.0
12750,2020-06-15 06:00:00,422.01,216.0,39.0,2.0,38.0,40.0,90.0,5.0
12751,2020-06-15 07:00:00,391.23,215.0,37.0,2.0,51.0,60.0,90.0,5.0
12752,2020-06-15 08:00:00,365.67,213.0,37.0,2.0,57.0,84.0,90.0,5.0
12753,2020-06-15 09:00:00,363.32,212.0,34.0,2.0,54.0,89.0,90.0,5.0
12754,2020-06-15 10:00:00,370.46,219.0,34.0,2.0,60.0,84.0,87.0,5.0
12755,2020-06-15 11:00:00,373.45,217.0,34.0,2.0,54.0,84.0,87.0,5.0
12756,2020-06-15 12:00:00,405.86,221.0,33.0,2.0,41.0,61.0,88.0,5.0
12757,2020-06-15 13:00:00,435.58,218.0,33.0,2.0,25.0,42.0,90.0,5.0
12758,2020-06-15 14:00:00,451.81,214.0,35.0,2.0,19.0,30.0,90.0,5.0
12759,2020-06-15 15:00:00,471.4,219.0,38.0,2.0,17.0,20.0,88.0,5.0
12760,2020-06-15 16:00:00,488.03,215.0,36.0,2.0,10.0,12.0,88.0,5.0
12761,2020-06-15 17:00:00,514.32,211.0,37.0,2.0,4.0,10.0,75.0,5.0
12762,2020-06-15 18:00:00,533.84,218.0,35.0,2.0,1.0,7.0,72.0,5.0
12763,2020-06-15 19:00:00,533.6,220.0,35.0,2.0,0.0,9.0,72.0,5.0
12764,2020-06-15 20:00:00,533.12,220.0,36.0,2.0,0.0,7.0,74.0,5.0
12765,2020-06-15 21:00:00,528.55,218.0,33.0,2.0,0.0,11.0,73.0,5.0
12766,2020-06-15 22:00:00,518.95,205.0,34.0,2.0,0.0,12.0,72.0,5.0
12767,2020-06-15 23:00:00,513.85,205.0,35.0,2.0,0.0,16.0,71.0,5.0
12768,2020-06-16 00:00:00,513.05,206.0,35.0,2.0,0.0,17.0,71.0,5.0
12769,2020-06-16 01:00:00,523.46,204.0,33.0,2.0,1.0,11.0,69.0,5.0
12770,2020-06-16 02:00:00,525.15,207.0,34.0,2.0,2.0,9.0,70.0,5.0
12771,2020-06-16 03:00:00,519.18,209.0,33.0,2.0,5.0,11.0,70.0,5.0
12772,2020-06-16 04:00:00,509.25,207.0,35.0,2.0,11.0,10.0,70.0,5.0
12773,2020-06-16 05:00:00,497.7,213.0,43.0,2.0,16.0,14.0,70.0,5.0
12774,2020-06-16 06:00:00,482.06,219.0,44.0,2.0,26.0,17.0,72.0,5.0
12775,2020-06-16 07:00:00,458.77,213.0,42.0,2.0,37.0,20.0,74.0,5.0
12776,2020-06-16 08:00:00,450.98,208.0,44.0,2.0,41.0,20.0,73.0,5.0
12777,2020-06-16 09:00:00,450.09,216.0,40.0,2.0,42.0,25.0,74.0,5.0
12778,2020-06-16 10:00:00,454.98,218.0,40.0,2.0,40.0,24.0,74.0,5.0
12779,2020-06-16 11:00:00,450.83,217.0,33.0,2.0,45.0,25.0,72.0,4.0
12780,2020-06-16 12:00:00,449.89,213.0,35.0,2.0,45.0,23.0,72.0,5.0
12781,2020-06-16 13:00:00,445.47,207.0,39.0,2.0,40.0,26.0,73.0,5.0
12782,2020-06-16 14:00:00,463.19,207.0,44.0,2.0,29.0,21.0,73.0,5.0
12783,2020-06-16 15:00:00,481.56,207.0,46.0,2.0,19.0,15.0,74.0,5.0
12784,2020-06-16 16:00:00,500.61,207.0,46.0,2.0,11.0,10.0,73.0,5.0
12785,2020-06-16 17:00:00,515.77,213.0,44.0,2.0,5.0,11.0,71.0,5.0
12786,2020-06-16 18:00:00,528.67,212.0,44.0,2.0,2.0,6.0,70.0,5.0
12787,2020-06-16 19:00:00,525.08,201.0,42.0,2.0,0.0,5.0,71.0,5.0
12788,2020-06-16 20:00:00,519.16,201.0,41.0,2.0,0.0,7.0,73.0,5.0
12789,2020-06-16 21:00:00,516.59,196.0,42.0,2.0,0.0,7.0,72.0,5.0
12790,2020-06-16 22:00:00,511.46,194.0,43.0,2.0,0.0,10.0,71.0,5.0
12791,2020-06-16 23:00:00,514.24,195.0,42.0,2.0,0.0,11.0,69.0,5.0
12792,2020-06-17 00:00:00,498.39,193.0,43.0,2.0,0.0,19.0,70.0,5.0
12793,2020-06-17 01:00:00,490.34,194.0,43.0,2.0,1.0,27.0,67.0,5.0
12794,2020-06-17 02:00:00,474.93,194.0,43.0,2.0,3.0,34.0,69.0,5.0
12795,2020-06-17 03:00:00,481.77,209.0,46.0,2.0,8.0,32.0,69.0,5.0
12796,2020-06-17 04:00:00,495.91,250.0,47.0,2.0,19.0,27.0,74.0,5.0
12797,2020-06-17 05:00:00,498.72,288.0,49.0,2.0,36.0,23.0,78.0,5.0
12798,2020-06-17 06:00:00,480.12,305.0,47.0,2.0,55.0,30.0,81.0,5.0
12799,2020-06-17 07:00:00,438.16,271.0,49.0,2.0,72.0,42.0,77.0,5.0
12800,2020-06-17 08:00:00,387.66,206.0,50.0,2.0,82.0,43.0,71.0,5.0
12801,2020-06-17 09:00:00,387.83,202.0,49.0,2.0,83.0,38.0,71.0,5.0
12802,2020-06-17 10:00:00,394.13,202.0,46.0,2.0,77.0,38.0,70.0,5.0
12803,2020-06-17 11:00:00,409.45,203.0,50.0,2.0,70.0,34.0,65.0,5.0
12804,2020-06-17 12:00:00,425.3,209.0,48.0,2.0,62.0,30.0,66.0,5.0
12805,2020-06-17 13:00:00,435.15,208.0,46.0,2.0,55.0,26.0,67.0,5.0
12806,2020-06-17 14:00:00,457.77,212.0,43.0,2.0,44.0,20.0,67.0,5.0
12807,2020-06-17 15:00:00,476.09,215.0,46.0,2.0,30.0,17.0,70.0,5.0
12808,2020-06-17 16:00:00,494.01,214.0,40.0,2.0,14.0,13.0,77.0,5.0
12809,2020-06-17 17:00:00,493.51,211.0,43.0,2.0,5.0,14.0,83.0,5.0
12810,2020-06-17 18:00:00,438.33,146.0,43.0,2.0,2.0,20.0,78.0,5.0
12811,2020-06-17 19:00:00,427.1,145.0,43.0,2.0,0.0,27.0,80.0,5.0
12812,2020-06-17 20:00:00,427.54,152.0,44.0,2.0,0.0,29.0,83.0,5.0
12813,2020-06-17 21:00:00,414.16,147.0,44.0,2.0,0.0,38.0,80.0,5.0
12814,2020-06-17 22:00:00,396.05,141.0,43.0,2.0,0.0,47.0,80.0,5.0
12815,2020-06-17 23:00:00,384.21,132.0,43.0,2.0,0.0,48.0,80.0,5.0
12816,2020-06-18 00:00:00,385.31,139.0,41.0,2.0,0.0,54.0,80.0,5.0
12817,2020-06-18 01:00:00,363.41,135.0,42.0,2.0,1.0,70.0,78.0,5.0
12818,2020-06-18 02:00:00,375.8,135.0,43.0,2.0,3.0,55.0,80.0,5.0
12819,2020-06-18 03:00:00,380.48,135.0,44.0,2.0,7.0,48.0,79.0,5.0
12820,2020-06-18 04:00:00,397.24,140.0,45.0,2.0,14.0,31.0,80.0,5.0
12821,2020-06-18 05:00:00,391.72,145.0,48.0,2.0,22.0,33.0,79.0,5.0
12822,2020-06-18 06:00:00,377.06,146.0,48.0,2.0,39.0,29.0,80.0,5.0
12823,2020-06-18 07:00:00,352.26,149.0,47.0,2.0,63.0,33.0,80.0,5.0
12824,2020-06-18 08:00:00,323.54,139.0,46.0,2.0,78.0,40.0,78.0,5.0
12825,2020-06-18 09:00:00,317.64,141.0,46.0,2.0,87.0,42.0,77.0,5.0
12826,2020-06-18 10:00:00,327.14,146.0,46.0,2.0,90.0,35.0,76.0,5.0
12827,2020-06-18 11:00:00,335.89,148.0,45.0,2.0,86.0,36.0,71.0,5.0
12828,2020-06-18 12:00:00,344.48,147.0,45.0,2.0,78.0,34.0,70.0,5.0
12829,2020-06-18 13:00:00,348.15,142.0,44.0,2.0,67.0,35.0,70.0,5.0
12830,2020-06-18 14:00:00,370.31,139.0,41.0,2.0,48.0,28.0,71.0,5.0
12831,2020-06-18 15:00:00,407.25,145.0,40.0,2.0,27.0,23.0,72.0,5.0
12832,2020-06-18 16:00:00,423.34,138.0,36.0,2.0,13.0,20.0,72.0,5.0
12833,2020-06-18 17:00:00,440.88,142.0,33.0,2.0,5.0,20.0,72.0,5.0
12834,2020-06-18 18:00:00,436.89,137.0,32.0,2.0,2.0,21.0,73.0,5.0
12835,2020-06-18 19:00:00,433.55,138.0,31.0,2.0,0.0,23.0,76.0,5.0
12836,2020-06-18 20:00:00,418.53,145.0,36.0,2.0,0.0,34.0,80.0,5.0
12837,2020-06-18 21:00:00,403.03,137.0,18.0,2.0,0.0,40.0,80.0,5.0
12838,2020-06-18 22:00:00,407.37,137.0,18.0,2.0,0.0,38.0,79.0,5.0
12839,2020-06-18 23:00:00,413.91,137.0,33.0,2.0,0.0,33.0,78.0,5.0
12840,2020-06-19 00:00:00,409.84,138.0,30.0,2.0,0.0,37.0,78.0,5.0
12841,2020-06-19 01:00:00,413.37,137.0,27.0,2.0,1.0,34.0,77.0,5.0
12842,2020-06-19 02:00:00,404.5,138.0,28.0,2.0,3.0,36.0,80.0,5.0
12843,2020-06-19 03:00:00,379.52,139.0,37.0,2.0,8.0,52.0,79.0,5.0
12844,2020-06-19 04:00:00,367.27,142.0,44.0,2.0,19.0,53.0,81.0,5.0
12845,2020-06-19 05:00:00,359.29,144.0,47.0,2.0,38.0,44.0,81.0,5.0
12846,2020-06-19 06:00:00,328.79,136.0,47.0,1.0,57.0,50.0,80.0,5.0
12847,2020-06-19 07:00:00,315.63,139.0,36.0,1.0,73.0,52.0,80.0,5.0
12848,2020-06-19 08:00:00,318.56,146.0,35.0,1.0,83.0,50.0,78.0,5.0
12849,2020-06-19 09:00:00,316.5,144.0,54.0,1.0,88.0,48.0,78.0,5.0
12850,2020-06-19 10:00:00,320.2,146.0,61.0,1.0,87.0,49.0,77.0,5.0
12851,2020-06-19 11:00:00,316.14,144.0,63.0,2.0,79.0,59.0,77.0,5.0
12852,2020-06-19 12:00:00,326.35,140.0,61.0,2.0,60.0,59.0,77.0,5.0
12853,2020-06-19 13:00:00,341.09,142.0,61.0,2.0,43.0,61.0,77.0,5.0
12854,2020-06-19 14:00:00,365.15,139.0,62.0,2.0,25.0,51.0,76.0,5.0
12855,2020-06-19 15:00:00,393.26,143.0,62.0,2.0,18.0,35.0,77.0,5.0
12856,2020-06-19 16:00:00,373.64,144.0,61.0,2.0,14.0,53.0,82.0,5.0
12857,2020-06-19 17:00:00,381.22,140.0,56.0,2.0,7.0,48.0,83.0,5.0
12858,2020-06-19 18:00:00,387.99,139.0,58.0,2.0,3.0,45.0,83.0,5.0
12859,2020-06-19 19:00:00,377.8,140.0,60.0,2.0,0.0,58.0,83.0,5.0
12860,2020-06-19 20:00:00,366.15,139.0,60.0,2.0,0.0,66.0,85.0,5.0
12861,2020-06-19 21:00:00,347.3,137.0,60.0,2.0,0.0,85.0,83.0,5.0
12862,2020-06-19 22:00:00,339.07,138.0,57.0,2.0,0.0,97.0,81.0,5.0
12863,2020-06-19 23:00:00,338.12,137.0,59.0,2.0,0.0,98.0,80.0,5.0
12864,2020-06-20 00:00:00,328.17,138.0,60.0,2.0,0.0,112.0,79.0,5.0
12865,2020-06-20 01:00:00,337.55,138.0,60.0,2.0,1.0,102.0,77.0,5.0
12866,2020-06-20 02:00:00,340.04,138.0,58.0,2.0,3.0,94.0,80.0,5.0
12867,2020-06-20 03:00:00,335.08,139.0,59.0,2.0,7.0,97.0,80.0,5.0
12868,2020-06-20 04:00:00,341.96,142.0,61.0,2.0,11.0,91.0,78.0,5.0
12869,2020-06-20 05:00:00,317.08,143.0,61.0,2.0,16.0,116.0,80.0,5.0
12870,2020-06-20 06:00:00,311.88,141.0,60.0,2.0,24.0,113.0,79.0,5.0
12871,2020-06-20 07:00:00,306.92,143.0,61.0,2.0,35.0,114.0,77.0,5.0
12872,2020-06-20 08:00:00,289.69,143.0,61.0,2.0,50.0,125.0,77.0,5.0
12873,2020-06-20 09:00:00,277.8,141.0,60.0,2.0,55.0,134.0,79.0,5.0
12874,2020-06-20 10:00:00,273.61,141.0,62.0,2.0,54.0,138.0,84.0,5.0
12875,2020-06-20 11:00:00,271.49,140.0,62.0,2.0,57.0,137.0,84.0,5.0
12876,2020-06-20 12:00:00,262.75,138.0,61.0,2.0,58.0,149.0,83.0,5.0
12877,2020-06-20 13:00:00,263.94,141.0,60.0,2.0,55.0,155.0,83.0,5.0
12878,2020-06-20 14:00:00,268.71,138.0,61.0,2.0,43.0,153.0,83.0,5.0
12879,2020-06-20 15:00:00,277.6,136.0,61.0,2.0,28.0,149.0,83.0,5.0
12880,2020-06-20 16:00:00,291.41,136.0,61.0,2.0,13.0,142.0,83.0,5.0
12881,2020-06-20 17:00:00,315.57,136.0,60.0,2.0,5.0,116.0,83.0,5.0
12882,2020-06-20 18:00:00,333.93,137.0,61.0,2.0,2.0,98.0,83.0,5.0
12883,2020-06-20 19:00:00,337.63,142.0,61.0,2.0,0.0,102.0,83.0,5.0
12884,2020-06-20 20:00:00,334.16,142.0,60.0,2.0,0.0,104.0,85.0,5.0
12885,2020-06-20 21:00:00,330.09,139.0,60.0,2.0,0.0,106.0,84.0,5.0
12886,2020-06-20 22:00:00,331.52,138.0,60.0,2.0,0.0,105.0,82.0,5.0
12887,2020-06-20 23:00:00,347.65,139.0,60.0,2.0,0.0,90.0,80.0,5.0
12888,2020-06-21 00:00:00,338.64,139.0,60.0,2.0,0.0,99.0,81.0,5.0
12889,2020-06-21 01:00:00,336.03,139.0,60.0,2.0,1.0,103.0,79.0,5.0
12890,2020-06-21 02:00:00,354.38,140.0,60.0,2.0,3.0,80.0,81.0,5.0
12891,2020-06-21 03:00:00,374.62,142.0,61.0,2.0,10.0,54.0,82.0,5.0
12892,2020-06-21 04:00:00,368.22,139.0,62.0,2.0,22.0,42.0,85.0,5.0
12893,2020-06-21 05:00:00,336.42,140.0,62.0,2.0,46.0,52.0,86.0,5.0
12894,2020-06-21 06:00:00,298.61,140.0,63.0,2.0,70.0,79.0,85.0,5.0
12895,2020-06-21 07:00:00,259.0,132.0,62.0,2.0,88.0,113.0,85.0,5.0
12896,2020-06-21 08:00:00,240.42,130.0,54.0,2.0,99.0,132.0,84.0,5.0
12897,2020-06-21 09:00:00,229.76,123.0,60.0,2.0,104.0,136.0,86.0,5.0
12898,2020-06-21 10:00:00,218.96,117.0,62.0,2.0,105.0,148.0,85.0,5.0
12899,2020-06-21 11:00:00,130.82,42.0,64.0,2.0,102.0,149.0,83.0,5.0
12900,2020-06-21 12:00:00,118.94,31.0,61.0,2.0,96.0,133.0,84.0,5.0
12901,2020-06-21 13:00:00,131.63,34.0,59.0,2.0,82.0,116.0,86.0,5.0
12902,2020-06-21 14:00:00,148.22,34.0,63.0,2.0,61.0,101.0,85.0,5.0
12903,2020-06-21 15:00:00,161.21,32.0,62.0,2.0,37.0,89.0,84.0,5.0
12904,2020-06-21 16:00:00,176.84,30.0,63.0,2.0,15.0,78.0,84.0,5.0
12905,2020-06-21 17:00:00,195.93,31.0,62.0,2.0,4.0,65.0,83.0,5.0
12906,2020-06-21 18:00:00,188.33,25.0,61.0,2.0,2.0,58.0,83.0,5.0
12907,2020-06-21 19:00:00,195.16,31.0,62.0,2.0,0.0,70.0,83.0,5.0
12908,2020-06-21 20:00:00,312.3,105.0,61.0,2.0,0.0,79.0,85.0,5.0
12909,2020-06-21 21:00:00,389.44,174.0,59.0,2.0,0.0,80.0,83.0,5.0
12910,2020-06-21 22:00:00,400.75,189.0,60.0,2.0,0.0,82.0,83.0,5.0
12911,2020-06-21 23:00:00,377.02,159.0,61.0,2.0,0.0,80.0,81.0,5.0
12912,2020-06-22 00:00:00,378.07,162.0,59.0,2.0,0.0,81.0,82.0,5.0
12913,2020-06-22 01:00:00,388.69,167.0,61.0,2.0,1.0,76.0,80.0,5.0
12914,2020-06-22 02:00:00,422.04,201.0,63.0,2.0,3.0,68.0,82.0,5.0
12915,2020-06-22 03:00:00,448.61,211.0,62.0,2.0,7.0,45.0,83.0,5.0
12916,2020-06-22 04:00:00,477.28,254.0,60.0,2.0,21.0,30.0,85.0,5.0
12917,2020-06-22 05:00:00,529.87,413.0,59.0,2.0,44.0,31.0,85.0,5.0
12918,2020-06-22 06:00:00,517.37,448.0,62.0,2.0,67.0,40.0,84.0,5.0
12919,2020-06-22 07:00:00,507.46,467.0,63.0,2.0,84.0,45.0,85.0,5.0
12920,2020-06-22 08:00:00,500.89,475.0,63.0,2.0,94.0,49.0,85.0,5.0
12921,2020-06-22 09:00:00,495.65,470.0,61.0,2.0,97.0,52.0,85.0,5.0
12922,2020-06-22 10:00:00,500.72,486.0,59.0,2.0,97.0,53.0,85.0,5.0
12923,2020-06-22 11:00:00,502.54,493.0,58.0,2.0,95.0,58.0,83.0,5.0
12924,2020-06-22 12:00:00,491.29,457.0,60.0,2.0,89.0,62.0,83.0,5.0
12925,2020-06-22 13:00:00,466.35,379.0,62.0,2.0,77.0,64.0,84.0,5.0
12926,2020-06-22 14:00:00,486.35,378.0,61.0,2.0,57.0,55.0,85.0,5.0
12927,2020-06-22 15:00:00,517.08,390.0,59.0,2.0,36.0,45.0,84.0,5.0
12928,2020-06-22 16:00:00,553.67,391.0,60.0,2.0,14.0,26.0,84.0,5.0
12929,2020-06-22 17:00:00,563.42,374.0,60.0,2.0,4.0,22.0,82.0,5.0
12930,2020-06-22 18:00:00,543.72,324.0,60.0,2.0,2.0,24.0,82.0,5.0
12931,2020-06-22 19:00:00,530.63,324.0,61.0,2.0,0.0,36.0,84.0,5.0
12932,2020-06-22 20:00:00,511.1,312.0,60.0,2.0,0.0,50.0,84.0,5.0
12933,2020-06-22 21:00:00,464.15,240.0,60.0,2.0,0.0,56.0,84.0,5.0
12934,2020-06-22 22:00:00,425.68,176.0,61.0,2.0,0.0,45.0,85.0,5.0
12935,2020-06-22 23:00:00,404.57,148.0,60.0,2.0,0.0,43.0,82.0,5.0
12936,2020-06-23 00:00:00,415.36,149.0,60.0,2.0,0.0,34.0,83.0,5.0
12937,2020-06-23 01:00:00,443.35,160.0,59.0,2.0,1.0,23.0,80.0,5.0
12938,2020-06-23 02:00:00,457.99,176.0,59.0,2.0,3.0,18.0,83.0,5.0
12939,2020-06-23 03:00:00,473.97,206.0,61.0,2.0,8.0,16.0,86.0,5.0
12940,2020-06-23 04:00:00,471.18,232.0,62.0,2.0,22.0,17.0,89.0,5.0
12941,2020-06-23 05:00:00,523.27,387.0,60.0,2.0,44.0,23.0,89.0,5.0
12942,2020-06-23 06:00:00,530.64,476.0,60.0,2.0,66.0,30.0,90.0,5.0
12943,2020-06-23 07:00:00,521.05,491.0,61.0,2.0,84.0,34.0,88.0,5.0
12944,2020-06-23 08:00:00,517.44,493.0,62.0,2.0,93.0,34.0,85.0,5.0
12945,2020-06-23 09:00:00,519.14,492.0,62.0,2.0,99.0,32.0,78.0,5.0
12946,2020-06-23 10:00:00,517.48,491.0,62.0,2.0,99.0,33.0,79.0,5.0
12947,2020-06-23 11:00:00,515.5,492.0,60.0,2.0,98.0,38.0,79.0,5.0
12948,2020-06-23 12:00:00,514.35,492.0,59.0,2.0,90.0,44.0,83.0,5.0
12949,2020-06-23 13:00:00,505.77,449.0,61.0,2.0,78.0,45.0,85.0,5.0
12950,2020-06-23 14:00:00,509.86,416.0,61.0,2.0,59.0,42.0,85.0,5.0
12951,2020-06-23 15:00:00,551.54,460.0,61.0,2.0,36.0,33.0,83.0,5.0
12952,2020-06-23 16:00:00,588.92,495.0,61.0,2.0,15.0,22.0,82.0,5.0
12953,2020-06-23 17:00:00,605.26,499.0,60.0,2.0,4.0,18.0,80.0,5.0
12954,2020-06-23 18:00:00,596.12,469.0,60.0,2.0,2.0,22.0,80.0,5.0
12955,2020-06-23 19:00:00,580.17,436.0,61.0,2.0,0.0,30.0,81.0,5.0
12956,2020-06-23 20:00:00,587.63,475.0,60.0,2.0,0.0,32.0,83.0,5.0
12957,2020-06-23 21:00:00,592.41,469.0,60.0,2.0,0.0,25.0,83.0,5.0
12958,2020-06-23 22:00:00,571.0,382.0,61.0,2.0,0.0,19.0,84.0,5.0
12959,2020-06-23 23:00:00,573.96,365.0,60.0,2.0,0.0,13.0,82.0,5.0
12960,2020-06-24 00:00:00,570.7,368.0,60.0,2.0,0.0,16.0,83.0,5.0
12961,2020-06-24 01:00:00,577.01,356.0,61.0,2.0,1.0,7.0,81.0,5.0
12962,2020-06-24 02:00:00,575.4,362.0,62.0,2.0,3.0,5.0,84.0,5.0
12963,2020-06-24 03:00:00,567.01,351.0,62.0,2.0,7.0,7.0,82.0,5.0
12964,2020-06-24 04:00:00,548.69,366.0,62.0,2.0,21.0,14.0,84.0,5.0
12965,2020-06-24 05:00:00,543.69,427.0,60.0,2.0,44.0,24.0,81.0,5.0
12966,2020-06-24 06:00:00,536.57,485.0,59.0,2.0,66.0,35.0,81.0,5.0
12967,2020-06-24 07:00:00,526.05,506.0,59.0,2.0,84.0,40.0,82.0,5.0
12968,2020-06-24 08:00:00,517.8,507.0,62.0,2.0,94.0,42.0,82.0,5.0
12969,2020-06-24 09:00:00,513.92,507.0,62.0,2.0,99.0,44.0,81.0,5.0
12970,2020-06-24 10:00:00,511.23,506.0,61.0,2.0,100.0,47.0,81.0,5.0
12971,2020-06-24 11:00:00,513.79,506.0,61.0,2.0,97.0,48.0,79.0,5.0
12972,2020-06-24 12:00:00,514.92,489.0,58.0,2.0,88.0,47.0,80.0,5.0
12973,2020-06-24 13:00:00,528.11,502.0,53.0,2.0,75.0,48.0,80.0,5.0
12974,2020-06-24 14:00:00,549.87,501.0,51.0,2.0,56.0,37.0,80.0,5.0
12975,2020-06-24 15:00:00,576.46,505.0,58.0,2.0,34.0,24.0,80.0,5.0
12976,2020-06-24 16:00:00,599.96,504.0,58.0,2.0,14.0,14.0,82.0,5.0
12977,2020-06-24 17:00:00,608.9,503.0,60.0,2.0,5.0,13.0,81.0,5.0
12978,2020-06-24 18:00:00,602.55,486.0,59.0,2.0,2.0,18.0,82.0,5.0
12979,2020-06-24 19:00:00,594.62,456.0,60.0,2.0,0.0,20.0,82.0,5.0
12980,2020-06-24 20:00:00,598.86,459.0,61.0,2.0,0.0,14.0,84.0,5.0
12981,2020-06-24 21:00:00,590.36,429.0,62.0,2.0,0.0,12.0,86.0,5.0
12982,2020-06-24 22:00:00,546.1,293.0,59.0,2.0,0.0,9.0,85.0,5.0
12983,2020-06-24 23:00:00,542.47,292.0,61.0,2.0,0.0,13.0,83.0,5.0
12984,2020-06-25 00:00:00,532.46,293.0,61.0,2.0,0.0,21.0,84.0,5.0
12985,2020-06-25 01:00:00,532.13,290.0,61.0,2.0,1.0,22.0,81.0,5.0
12986,2020-06-25 02:00:00,534.0,308.0,61.0,2.0,3.0,23.0,84.0,5.0
12987,2020-06-25 03:00:00,561.17,381.0,62.0,2.0,7.0,21.0,84.0,5.0
12988,2020-06-25 04:00:00,577.84,461.0,62.0,2.0,20.0,17.0,84.0,5.0
12989,2020-06-25 05:00:00,568.61,500.0,64.0,2.0,41.0,19.0,84.0,5.0
12990,2020-06-25 06:00:00,550.89,515.0,60.0,2.0,62.0,28.0,84.0,5.0
12991,2020-06-25 07:00:00,539.83,544.0,61.0,2.0,79.0,39.0,83.0,5.0
12992,2020-06-25 08:00:00,530.05,547.0,62.0,2.0,90.0,45.0,82.0,5.0
12993,2020-06-25 09:00:00,531.79,565.0,62.0,2.0,95.0,46.0,81.0,5.0
12994,2020-06-25 10:00:00,534.82,582.0,63.0,2.0,96.0,49.0,79.0,5.0
12995,2020-06-25 11:00:00,534.31,580.0,63.0,2.0,94.0,52.0,78.0,5.0
12996,2020-06-25 12:00:00,540.24,579.0,63.0,2.0,86.0,49.0,79.0,5.0
12997,2020-06-25 13:00:00,548.6,563.0,62.0,2.0,73.0,44.0,78.0,5.0
12998,2020-06-25 14:00:00,569.73,574.0,62.0,2.0,55.0,36.0,77.0,5.0
12999,2020-06-25 15:00:00,596.09,583.0,61.0,2.0,33.0,24.0,78.0,5.0
13000,2020-06-25 16:00:00,615.17,577.0,59.0,2.0,14.0,15.0,81.0,5.0
13001,2020-06-25 17:00:00,625.43,574.0,59.0,2.0,5.0,11.0,81.0,5.0
13002,2020-06-25 18:00:00,612.88,502.0,56.0,2.0,2.0,12.0,82.0,5.0
13003,2020-06-25 19:00:00,600.87,464.0,59.0,2.0,0.0,15.0,83.0,5.0
13004,2020-06-25 20:00:00,602.42,464.0,60.0,2.0,0.0,11.0,85.0,5.0
13005,2020-06-25 21:00:00,598.6,458.0,61.0,2.0,0.0,13.0,85.0,5.0
13006,2020-06-25 22:00:00,563.36,329.0,61.0,2.0,0.0,8.0,84.0,5.0
13007,2020-06-25 23:00:00,550.17,293.0,61.0,2.0,0.0,7.0,83.0,5.0
13008,2020-06-26 00:00:00,548.01,297.0,62.0,2.0,0.0,10.0,83.0,5.0
13009,2020-06-26 01:00:00,546.44,298.0,58.0,2.0,1.0,13.0,82.0,5.0
13010,2020-06-26 02:00:00,536.56,296.0,60.0,2.0,3.0,16.0,84.0,5.0
13011,2020-06-26 03:00:00,529.78,306.0,61.0,2.0,7.0,22.0,84.0,5.0
13012,2020-06-26 04:00:00,556.18,410.0,61.0,2.0,20.0,24.0,84.0,5.0
13013,2020-06-26 05:00:00,569.95,504.0,63.0,2.0,39.0,21.0,84.0,5.0
13014,2020-06-26 06:00:00,547.49,496.0,61.0,2.0,59.0,29.0,83.0,5.0
13015,2020-06-26 07:00:00,530.88,493.0,60.0,2.0,76.0,35.0,82.0,5.0
13016,2020-06-26 08:00:00,522.98,495.0,61.0,2.0,86.0,38.0,81.0,5.0
13017,2020-06-26 09:00:00,521.17,492.0,62.0,2.0,86.0,39.0,81.0,5.0
13018,2020-06-26 10:00:00,523.83,494.0,62.0,2.0,83.0,38.0,82.0,5.0
13019,2020-06-26 11:00:00,530.59,502.0,61.0,2.0,80.0,39.0,78.0,5.0
13020,2020-06-26 12:00:00,535.14,508.0,61.0,2.0,76.0,37.0,80.0,5.0
13021,2020-06-26 13:00:00,535.4,470.0,60.0,2.0,67.0,30.0,80.0,5.0
13022,2020-06-26 14:00:00,545.28,447.0,60.0,2.0,51.0,25.0,79.0,5.0
13023,2020-06-26 15:00:00,576.63,487.0,61.0,2.0,32.0,20.0,79.0,5.0
13024,2020-06-26 16:00:00,601.48,493.0,59.0,2.0,14.0,11.0,80.0,5.0
13025,2020-06-26 17:00:00,618.31,509.0,58.0,2.0,5.0,7.0,79.0,5.0
13026,2020-06-26 18:00:00,618.44,486.0,57.0,2.0,2.0,5.0,79.0,5.0
13027,2020-06-26 19:00:00,603.58,420.0,61.0,2.0,0.0,3.0,80.0,5.0
13028,2020-06-26 20:00:00,600.15,419.0,61.0,2.0,0.0,3.0,83.0,5.0
13029,2020-06-26 21:00:00,600.34,422.0,60.0,2.0,0.0,3.0,84.0,5.0
13030,2020-06-26 22:00:00,502.0,200.0,59.0,2.0,0.0,4.0,82.0,5.0
13031,2020-06-26 23:00:00,375.31,87.0,59.0,2.0,0.0,8.0,81.0,5.0
13032,2020-06-27 00:00:00,347.86,76.0,58.0,2.0,0.0,13.0,82.0,5.0
13033,2020-06-27 01:00:00,353.46,80.0,61.0,2.0,1.0,15.0,80.0,5.0
13034,2020-06-27 02:00:00,340.77,80.0,60.0,2.0,3.0,19.0,83.0,5.0
13035,2020-06-27 03:00:00,335.31,80.0,59.0,2.0,8.0,19.0,82.0,5.0
13036,2020-06-27 04:00:00,335.48,88.0,59.0,2.0,20.0,16.0,83.0,5.0
13037,2020-06-27 05:00:00,406.89,165.0,58.0,2.0,39.0,18.0,81.0,5.0
13038,2020-06-27 06:00:00,437.56,238.0,58.0,2.0,59.0,26.0,81.0,5.0
13039,2020-06-27 07:00:00,427.7,250.0,59.0,2.0,76.0,30.0,80.0,5.0
13040,2020-06-27 08:00:00,416.38,248.0,59.0,2.0,87.0,32.0,79.0,5.0
13041,2020-06-27 09:00:00,413.95,248.0,59.0,2.0,89.0,34.0,78.0,5.0
13042,2020-06-27 10:00:00,413.62,245.0,58.0,2.0,87.0,35.0,77.0,5.0
13043,2020-06-27 11:00:00,381.67,197.0,59.0,2.0,82.0,37.0,75.0,5.0
13044,2020-06-27 12:00:00,371.31,181.0,60.0,2.0,76.0,38.0,76.0,5.0
13045,2020-06-27 13:00:00,364.18,163.0,59.0,2.0,65.0,36.0,78.0,5.0
13046,2020-06-27 14:00:00,371.5,142.0,59.0,2.0,46.0,26.0,77.0,5.0
13047,2020-06-27 15:00:00,434.86,177.0,60.0,2.0,28.0,17.0,78.0,5.0
13048,2020-06-27 16:00:00,467.35,189.0,60.0,2.0,13.0,12.0,80.0,5.0
13049,2020-06-27 17:00:00,496.45,202.0,59.0,2.0,5.0,7.0,79.0,5.0
13050,2020-06-27 18:00:00,474.45,176.0,59.0,2.0,2.0,12.0,78.0,5.0
13051,2020-06-27 19:00:00,422.54,142.0,58.0,2.0,0.0,27.0,79.0,5.0
13052,2020-06-27 20:00:00,314.48,77.0,61.0,2.0,0.0,41.0,81.0,5.0
13053,2020-06-27 21:00:00,310.24,76.0,60.0,2.0,0.0,44.0,80.0,5.0
13054,2020-06-27 22:00:00,304.79,74.0,61.0,2.0,0.0,45.0,81.0,5.0
13055,2020-06-27 23:00:00,312.15,72.0,62.0,2.0,0.0,38.0,79.0,5.0
13056,2020-06-28 00:00:00,318.88,74.0,60.0,2.0,0.0,34.0,80.0,5.0
13057,2020-06-28 01:00:00,329.94,75.0,62.0,2.0,1.0,27.0,79.0,5.0
13058,2020-06-28 02:00:00,328.15,77.0,62.0,2.0,3.0,28.0,80.0,5.0
13059,2020-06-28 03:00:00,334.52,77.0,61.0,2.0,7.0,19.0,80.0,5.0
13060,2020-06-28 04:00:00,313.96,74.0,60.0,2.0,17.0,19.0,82.0,5.0
13061,2020-06-28 05:00:00,293.58,77.0,61.0,2.0,35.0,24.0,82.0,5.0
13062,2020-06-28 06:00:00,260.7,73.0,60.0,2.0,56.0,31.0,82.0,5.0
13063,2020-06-28 07:00:00,240.23,71.0,60.0,2.0,74.0,37.0,80.0,5.0
13064,2020-06-28 08:00:00,234.5,75.0,60.0,2.0,83.0,45.0,80.0,5.0
13065,2020-06-28 09:00:00,226.1,74.0,59.0,2.0,88.0,51.0,79.0,5.0
13066,2020-06-28 10:00:00,219.05,75.0,59.0,2.0,88.0,65.0,79.0,5.0
13067,2020-06-28 11:00:00,229.04,86.0,57.0,2.0,79.0,84.0,77.0,5.0
13068,2020-06-28 12:00:00,235.51,86.0,60.0,2.0,72.0,80.0,79.0,5.0
13069,2020-06-28 13:00:00,230.61,74.0,59.0,2.0,61.0,70.0,80.0,5.0
13070,2020-06-28 14:00:00,243.72,73.0,59.0,2.0,46.0,65.0,79.0,5.0
13071,2020-06-28 15:00:00,248.4,68.0,60.0,2.0,31.0,64.0,79.0,5.0
13072,2020-06-28 16:00:00,276.35,71.0,60.0,2.0,14.0,54.0,80.0,5.0
13073,2020-06-28 17:00:00,312.27,80.0,60.0,2.0,5.0,43.0,80.0,5.0
13074,2020-06-28 18:00:00,324.64,91.0,58.0,2.0,2.0,53.0,77.0,5.0
13075,2020-06-28 19:00:00,322.02,92.0,60.0,2.0,0.0,71.0,65.0,5.0
13076,2020-06-28 20:00:00,284.43,84.0,48.0,2.0,0.0,79.0,79.0,5.0
13077,2020-06-28 21:00:00,272.55,79.0,34.0,2.0,0.0,76.0,81.0,5.0
13078,2020-06-28 22:00:00,318.68,107.0,36.0,2.0,0.0,75.0,81.0,5.0
13079,2020-06-28 23:00:00,281.47,82.0,33.0,2.0,0.0,74.0,79.0,5.0
13080,2020-06-29 00:00:00,264.98,75.0,43.0,2.0,0.0,80.0,81.0,5.0
13081,2020-06-29 01:00:00,276.37,76.0,49.0,2.0,1.0,72.0,80.0,5.0
13082,2020-06-29 02:00:00,277.66,76.0,59.0,2.0,3.0,71.0,81.0,5.0
13083,2020-06-29 03:00:00,316.9,88.0,59.0,2.0,8.0,48.0,79.0,5.0
13084,2020-06-29 04:00:00,457.77,210.0,57.0,2.0,19.0,28.0,80.0,5.0
13085,2020-06-29 05:00:00,455.09,227.0,61.0,2.0,37.0,22.0,81.0,5.0
13086,2020-06-29 06:00:00,436.87,232.0,60.0,2.0,53.0,29.0,80.0,5.0
13087,2020-06-29 07:00:00,418.43,227.0,62.0,2.0,61.0,37.0,80.0,5.0
13088,2020-06-29 08:00:00,417.62,234.0,59.0,2.0,63.0,43.0,79.0,5.0
13089,2020-06-29 09:00:00,399.62,223.0,58.0,2.0,67.0,52.0,78.0,5.0
13090,2020-06-29 10:00:00,403.32,235.0,60.0,2.0,64.0,61.0,78.0,5.0
13091,2020-06-29 11:00:00,427.91,242.0,63.0,2.0,42.0,61.0,76.0,5.0
13092,2020-06-29 12:00:00,456.95,239.0,62.0,2.0,25.0,42.0,79.0,5.0
13093,2020-06-29 13:00:00,446.49,202.0,60.0,2.0,18.0,34.0,79.0,5.0
13094,2020-06-29 14:00:00,467.78,202.0,59.0,2.0,15.0,19.0,79.0,5.0
13095,2020-06-29 15:00:00,502.98,238.0,58.0,2.0,12.0,15.0,78.0,5.0
13096,2020-06-29 16:00:00,503.26,237.0,59.0,2.0,9.0,16.0,79.0,5.0
13097,2020-06-29 17:00:00,503.58,237.0,58.0,2.0,4.0,19.0,81.0,5.0
13098,2020-06-29 18:00:00,440.14,159.0,57.0,2.0,1.0,22.0,83.0,5.0
13099,2020-06-29 19:00:00,324.7,76.0,52.0,2.0,0.0,29.0,82.0,5.0
13100,2020-06-29 20:00:00,324.2,77.0,54.0,2.0,0.0,29.0,84.0,5.0
13101,2020-06-29 21:00:00,317.38,76.0,54.0,2.0,0.0,34.0,83.0,5.0
13102,2020-06-29 22:00:00,324.43,75.0,53.0,2.0,0.0,28.0,82.0,5.0
13103,2020-06-29 23:00:00,336.86,74.0,56.0,2.0,0.0,20.0,80.0,5.0
13104,2020-06-30 00:00:00,334.42,75.0,56.0,2.0,0.0,23.0,80.0,5.0
13105,2020-06-30 01:00:00,347.39,86.0,55.0,2.0,0.0,30.0,77.0,5.0
13106,2020-06-30 02:00:00,335.75,87.0,54.0,2.0,1.0,36.0,80.0,5.0
13107,2020-06-30 03:00:00,307.85,78.0,55.0,2.0,2.0,46.0,80.0,5.0
13108,2020-06-30 04:00:00,351.03,132.0,56.0,2.0,2.0,76.0,80.0,5.0
13109,2020-06-30 05:00:00,347.85,151.0,60.0,2.0,5.0,99.0,80.0,5.0
13110,2020-06-30 06:00:00,365.84,200.0,58.0,2.0,10.0,126.0,81.0,5.0
13111,2020-06-30 07:00:00,376.73,196.0,58.0,2.0,12.0,105.0,82.0,5.0
13112,2020-06-30 08:00:00,424.54,244.0,59.0,2.0,12.0,96.0,77.0,5.0
13113,2020-06-30 09:00:00,380.05,222.0,57.0,2.0,15.0,135.0,71.0,5.0
13114,2020-06-30 10:00:00,359.55,214.0,57.0,2.0,22.0,138.0,81.0,5.0
13115,2020-06-30 11:00:00,386.17,247.0,61.0,2.0,32.0,122.0,83.0,5.0
13116,2020-06-30 12:00:00,353.62,248.0,62.0,2.0,47.0,159.0,83.0,5.0
13117,2020-06-30 13:00:00,304.85,210.0,61.0,2.0,58.0,188.0,83.0,5.0
13118,2020-06-30 14:00:00,336.16,227.0,62.0,2.0,43.0,168.0,83.0,5.0
13119,2020-06-30 15:00:00,344.96,209.0,58.0,2.0,18.0,156.0,83.0,5.0
13120,2020-06-30 16:00:00,367.76,223.0,55.0,2.0,10.0,147.0,82.0,5.0
13121,2020-06-30 17:00:00,368.62,227.0,51.0,2.0,5.0,155.0,82.0,5.0
13122,2020-06-30 18:00:00,301.71,154.0,51.0,2.0,2.0,163.0,83.0,5.0
13123,2020-06-30 19:00:00,251.39,113.0,55.0,2.0,0.0,176.0,83.0,5.0
13124,2020-06-30 20:00:00,216.56,80.0,55.0,2.0,0.0,161.0,85.0,5.0
13125,2020-06-30 21:00:00,207.12,73.0,55.0,2.0,0.0,160.0,85.0,5.0
13126,2020-06-30 22:00:00,206.03,75.0,52.0,2.0,0.0,165.0,85.0,5.0
13127,2020-06-30 23:00:00,200.78,72.0,50.0,2.0,0.0,167.0,83.0,5.0
13128,2020-07-01 00:00:00,210.58,73.0,54.0,2.0,0.0,155.0,83.0,5.0
13129,2020-07-01 01:00:00,216.17,72.0,57.0,2.0,1.0,146.0,81.0,5.0
13130,2020-07-01 02:00:00,210.44,73.0,55.0,2.0,3.0,152.0,84.0,5.0
13131,2020-07-01 03:00:00,237.43,96.0,53.0,2.0,7.0,156.0,83.0,5.0
13132,2020-07-01 04:00:00,235.44,93.0,57.0,2.0,14.0,147.0,84.0,5.0
13133,2020-07-01 05:00:00,220.31,85.0,57.0,2.0,20.0,148.0,85.0,5.0
13134,2020-07-01 06:00:00,217.6,87.0,57.0,2.0,22.0,156.0,85.0,5.0
13135,2020-07-01 07:00:00,209.19,82.0,59.0,2.0,21.0,166.0,81.0,5.0
13136,2020-07-01 08:00:00,203.94,81.0,59.0,2.0,27.0,172.0,77.0,5.0
13137,2020-07-01 09:00:00,214.03,104.0,58.0,2.0,37.0,201.0,76.0,5.0
13138,2020-07-01 10:00:00,249.37,133.0,54.0,2.0,40.0,188.0,75.0,5.0
13139,2020-07-01 11:00:00,207.92,91.0,52.0,2.0,38.0,179.0,72.0,5.0
13140,2020-07-01 12:00:00,235.33,124.0,53.0,2.0,40.0,195.0,77.0,5.0
13141,2020-07-01 13:00:00,198.67,88.0,59.0,2.0,44.0,181.0,82.0,5.0
13142,2020-07-01 14:00:00,234.5,113.0,58.0,2.0,37.0,172.0,83.0,5.0
13143,2020-07-01 15:00:00,258.69,130.0,58.0,2.0,26.0,171.0,84.0,5.0
13144,2020-07-01 16:00:00,271.37,126.0,51.0,2.0,13.0,153.0,83.0,5.0
13145,2020-07-01 17:00:00,369.58,198.0,44.0,2.0,6.0,122.0,82.0,5.0
13146,2020-07-01 18:00:00,353.73,178.0,53.0,2.0,2.0,123.0,83.0,5.0
13147,2020-07-01 19:00:00,367.29,171.0,46.0,2.0,0.0,101.0,83.0,5.0
13148,2020-07-01 20:00:00,312.91,118.0,45.0,2.0,0.0,95.0,84.0,5.0
13149,2020-07-01 21:00:00,271.85,80.0,52.0,2.0,0.0,82.0,84.0,5.0
13150,2020-07-01 22:00:00,270.43,84.0,47.0,2.0,0.0,90.0,83.0,5.0
13151,2020-07-01 23:00:00,267.27,78.0,48.0,2.0,0.0,84.0,82.0,5.0
13152,2020-07-02 00:00:00,282.32,79.0,52.0,2.0,0.0,72.0,81.0,5.0
13153,2020-07-02 01:00:00,277.99,81.0,52.0,2.0,1.0,81.0,79.0,5.0
13154,2020-07-02 02:00:00,280.83,81.0,49.0,2.0,3.0,71.0,83.0,5.0
13155,2020-07-02 03:00:00,351.92,122.0,46.0,2.0,7.0,55.0,83.0,5.0
13156,2020-07-02 04:00:00,366.58,133.0,45.0,2.0,16.0,44.0,84.0,5.0
13157,2020-07-02 05:00:00,338.65,131.0,38.0,2.0,33.0,51.0,84.0,5.0
13158,2020-07-02 06:00:00,318.03,135.0,45.0,2.0,51.0,63.0,83.0,5.0
13159,2020-07-02 07:00:00,311.69,138.0,55.0,2.0,61.0,69.0,81.0,5.0
13160,2020-07-02 08:00:00,306.35,136.0,54.0,2.0,68.0,64.0,83.0,5.0
13161,2020-07-02 09:00:00,309.77,135.0,54.0,2.0,67.0,60.0,82.0,5.0
13162,2020-07-02 10:00:00,317.0,131.0,53.0,2.0,62.0,49.0,83.0,5.0
13163,2020-07-02 11:00:00,310.91,127.0,49.0,2.0,59.0,55.0,81.0,5.0
13164,2020-07-02 12:00:00,327.4,129.0,52.0,2.0,53.0,44.0,82.0,5.0
13165,2020-07-02 13:00:00,348.61,128.0,44.0,2.0,36.0,36.0,83.0,5.0
13166,2020-07-02 14:00:00,354.75,128.0,39.0,2.0,19.0,48.0,82.0,5.0
13167,2020-07-02 15:00:00,361.67,130.0,38.0,2.0,14.0,49.0,82.0,5.0
13168,2020-07-02 16:00:00,363.72,128.0,37.0,2.0,9.0,51.0,81.0,5.0
13169,2020-07-02 17:00:00,354.6,127.0,39.0,2.0,5.0,61.0,82.0,5.0
13170,2020-07-02 18:00:00,325.14,128.0,36.0,2.0,2.0,94.0,82.0,5.0
13171,2020-07-02 19:00:00,331.34,131.0,33.0,2.0,0.0,93.0,82.0,5.0
13172,2020-07-02 20:00:00,352.18,146.0,35.0,2.0,0.0,88.0,84.0,5.0
13173,2020-07-02 21:00:00,369.36,159.0,33.0,2.0,0.0,85.0,84.0,5.0
13174,2020-07-02 22:00:00,172.29,40.0,33.0,2.0,0.0,101.0,83.0,5.0
13175,2020-07-02 23:00:00,147.02,29.0,32.0,2.0,0.0,101.0,81.0,5.0
13176,2020-07-03 00:00:00,158.49,35.0,27.0,2.0,0.0,98.0,82.0,5.0
13177,2020-07-03 01:00:00,159.64,38.0,16.0,2.0,1.0,95.0,79.0,5.0
13178,2020-07-03 02:00:00,165.67,39.0,16.0,2.0,3.0,86.0,81.0,5.0
13179,2020-07-03 03:00:00,161.98,39.0,15.0,2.0,8.0,85.0,81.0,5.0
13180,2020-07-03 04:00:00,167.32,41.0,17.0,2.0,20.0,74.0,82.0,5.0
13181,2020-07-03 05:00:00,148.71,40.0,21.0,2.0,42.0,83.0,83.0,5.0
13182,2020-07-03 06:00:00,147.45,44.0,23.0,2.0,60.0,88.0,82.0,5.0
13183,2020-07-03 07:00:00,137.69,45.0,20.0,1.0,69.0,100.0,83.0,5.0
13184,2020-07-03 08:00:00,132.29,45.0,21.0,1.0,77.0,109.0,81.0,5.0
13185,2020-07-03 09:00:00,121.31,43.0,18.0,1.0,84.0,114.0,83.0,5.0
13186,2020-07-03 10:00:00,148.72,62.0,14.0,1.0,89.0,117.0,83.0,5.0
13187,2020-07-03 11:00:00,198.11,94.0,16.0,1.0,84.0,124.0,81.0,5.0
13188,2020-07-03 12:00:00,253.79,128.0,27.0,1.0,80.0,111.0,82.0,5.0
13189,2020-07-03 13:00:00,271.73,136.0,25.0,1.0,72.0,104.0,82.0,5.0
13190,2020-07-03 14:00:00,298.9,134.0,28.0,2.0,55.0,78.0,83.0,5.0
13191,2020-07-03 15:00:00,333.48,137.0,38.0,2.0,36.0,62.0,83.0,5.0
13192,2020-07-03 16:00:00,374.14,136.0,37.0,2.0,17.0,40.0,83.0,4.0
13193,2020-07-03 17:00:00,396.99,137.0,37.0,2.0,6.0,35.0,82.0,5.0
13194,2020-07-03 18:00:00,402.65,136.0,35.0,2.0,2.0,34.0,82.0,5.0
13195,2020-07-03 19:00:00,407.85,137.0,36.0,2.0,0.0,33.0,82.0,5.0
13196,2020-07-03 20:00:00,398.06,139.0,37.0,2.0,0.0,40.0,84.0,5.0
13197,2020-07-03 21:00:00,385.81,132.0,36.0,2.0,0.0,43.0,84.0,5.0
13198,2020-07-03 22:00:00,374.75,135.0,36.0,2.0,0.0,55.0,84.0,5.0
13199,2020-07-03 23:00:00,353.39,133.0,39.0,2.0,0.0,75.0,81.0,5.0
13200,2020-07-04 00:00:00,354.54,133.0,41.0,2.0,0.0,73.0,82.0,5.0
13201,2020-07-04 01:00:00,353.5,134.0,38.0,1.0,0.0,78.0,80.0,5.0
13202,2020-07-04 02:00:00,341.45,135.0,37.0,1.0,3.0,85.0,83.0,5.0
13203,2020-07-04 03:00:00,343.76,137.0,36.0,1.0,8.0,80.0,83.0,5.0
13204,2020-07-04 04:00:00,342.44,140.0,36.0,1.0,20.0,72.0,84.0,5.0
13205,2020-07-04 05:00:00,316.38,140.0,39.0,1.0,40.0,82.0,84.0,5.0
13206,2020-07-04 06:00:00,282.92,141.0,36.0,1.0,59.0,110.0,84.0,5.0
13207,2020-07-04 07:00:00,261.94,142.0,34.0,2.0,69.0,135.0,84.0,5.0
13208,2020-07-04 08:00:00,245.28,142.0,34.0,2.0,65.0,171.0,84.0,5.0
13209,2020-07-04 09:00:00,239.52,141.0,36.0,2.0,54.0,193.0,84.0,5.0
13210,2020-07-04 10:00:00,236.51,141.0,35.0,2.0,42.0,211.0,84.0,5.0
13211,2020-07-04 11:00:00,243.34,142.0,34.0,2.0,26.0,215.0,83.0,5.0
13212,2020-07-04 12:00:00,249.68,140.0,36.0,2.0,18.0,206.0,84.0,5.0
13213,2020-07-04 13:00:00,254.9,137.0,36.0,2.0,15.0,194.0,83.0,5.0
13214,2020-07-04 14:00:00,251.22,138.0,34.0,2.0,13.0,203.0,84.0,5.0
13215,2020-07-04 15:00:00,254.6,138.0,37.0,2.0,9.0,201.0,85.0,5.0
13216,2020-07-04 16:00:00,254.96,137.0,34.0,2.0,6.0,202.0,83.0,5.0
13217,2020-07-04 17:00:00,266.72,135.0,35.0,2.0,3.0,182.0,82.0,5.0
13218,2020-07-04 18:00:00,284.2,135.0,36.0,2.0,1.0,158.0,81.0,5.0
13219,2020-07-04 19:00:00,294.28,136.0,35.0,2.0,0.0,150.0,77.0,5.0
13220,2020-07-04 20:00:00,312.49,138.0,39.0,2.0,0.0,139.0,68.0,5.0
13221,2020-07-04 21:00:00,322.99,140.0,39.0,1.0,0.0,129.0,69.0,5.0
13222,2020-07-04 22:00:00,238.16,75.0,39.0,1.0,0.0,124.0,68.0,5.0
13223,2020-07-04 23:00:00,195.66,48.0,38.0,1.0,0.0,115.0,66.0,5.0
13224,2020-07-05 00:00:00,197.27,49.0,35.0,1.0,0.0,114.0,65.0,5.0
13225,2020-07-05 01:00:00,311.93,100.0,33.0,1.0,0.0,90.0,63.0,5.0
13226,2020-07-05 02:00:00,385.73,137.0,34.0,1.0,1.0,66.0,66.0,5.0
13227,2020-07-05 03:00:00,394.88,147.0,35.0,2.0,3.0,64.0,67.0,5.0
13228,2020-07-05 04:00:00,377.16,138.0,37.0,2.0,9.0,64.0,67.0,5.0
13229,2020-07-05 05:00:00,370.38,140.0,36.0,2.0,17.0,65.0,66.0,5.0
13230,2020-07-05 06:00:00,368.48,145.0,31.0,2.0,23.0,65.0,67.0,5.0
13231,2020-07-05 07:00:00,360.68,150.0,37.0,2.0,31.0,71.0,66.0,5.0
13232,2020-07-05 08:00:00,346.36,144.0,40.0,2.0,34.0,74.0,68.0,5.0
13233,2020-07-05 09:00:00,325.49,139.0,41.0,2.0,44.0,81.0,68.0,5.0
13234,2020-07-05 10:00:00,312.48,139.0,42.0,2.0,48.0,94.0,67.0,5.0
13235,2020-07-05 11:00:00,310.29,139.0,43.0,2.0,49.0,97.0,66.0,5.0
13236,2020-07-05 12:00:00,316.63,137.0,42.0,2.0,42.0,92.0,67.0,5.0
13237,2020-07-05 13:00:00,317.09,138.0,43.0,2.0,30.0,104.0,68.0,5.0
13238,2020-07-05 14:00:00,317.13,144.0,41.0,2.0,18.0,124.0,68.0,5.0
13239,2020-07-05 15:00:00,293.98,142.0,43.0,2.0,10.0,162.0,67.0,5.0
13240,2020-07-05 16:00:00,278.19,140.0,43.0,2.0,6.0,188.0,66.0,5.0
13241,2020-07-05 17:00:00,271.71,140.0,41.0,2.0,3.0,201.0,66.0,5.0
13242,2020-07-05 18:00:00,259.18,138.0,38.0,2.0,1.0,218.0,68.0,5.0
13243,2020-07-05 19:00:00,255.38,138.0,38.0,2.0,0.0,227.0,67.0,5.0
13244,2020-07-05 20:00:00,255.96,135.0,38.0,2.0,0.0,220.0,67.0,5.0
13245,2020-07-05 21:00:00,156.06,57.0,35.0,2.0,0.0,213.0,67.0,5.0
13246,2020-07-05 22:00:00,148.69,54.0,30.0,2.0,0.0,213.0,66.0,5.0
13247,2020-07-05 23:00:00,144.02,53.0,27.0,2.0,0.0,218.0,64.0,5.0
13248,2020-07-06 00:00:00,143.13,52.0,27.0,2.0,0.0,216.0,64.0,5.0
13249,2020-07-06 01:00:00,155.74,53.0,37.0,2.0,1.0,205.0,62.0,5.0
13250,2020-07-06 02:00:00,151.56,48.0,37.0,2.0,2.0,191.0,65.0,5.0
13251,2020-07-06 03:00:00,148.87,49.0,32.0,2.0,8.0,188.0,65.0,5.0
13252,2020-07-06 04:00:00,165.83,63.0,30.0,2.0,16.0,193.0,64.0,5.0
13253,2020-07-06 05:00:00,242.32,129.0,39.0,2.0,28.0,209.0,64.0,5.0
13254,2020-07-06 06:00:00,243.13,142.0,37.0,2.0,48.0,213.0,65.0,5.0
13255,2020-07-06 07:00:00,232.36,145.0,31.0,2.0,61.0,225.0,67.0,5.0
13256,2020-07-06 08:00:00,230.9,145.0,37.0,2.0,56.0,237.0,67.0,5.0
13257,2020-07-06 09:00:00,228.6,145.0,41.0,2.0,60.0,242.0,66.0,5.0
13258,2020-07-06 10:00:00,230.69,148.0,43.0,2.0,60.0,245.0,66.0,5.0
13259,2020-07-06 11:00:00,238.04,152.0,39.0,2.0,63.0,233.0,64.0,5.0
13260,2020-07-06 12:00:00,224.0,147.0,39.0,2.0,72.0,247.0,64.0,5.0
13261,2020-07-06 13:00:00,223.44,145.0,38.0,2.0,69.0,245.0,65.0,5.0
13262,2020-07-06 14:00:00,229.84,140.0,37.0,2.0,53.0,232.0,66.0,5.0
13263,2020-07-06 15:00:00,238.39,138.0,38.0,2.0,34.0,227.0,67.0,5.0
13264,2020-07-06 16:00:00,253.13,139.0,31.0,2.0,16.0,215.0,66.0,5.0
13265,2020-07-06 17:00:00,277.65,137.0,32.0,2.0,6.0,181.0,65.0,5.0
13266,2020-07-06 18:00:00,296.11,136.0,29.0,2.0,2.0,156.0,65.0,5.0
13267,2020-07-06 19:00:00,291.83,136.0,26.0,2.0,0.0,163.0,65.0,5.0
13268,2020-07-06 20:00:00,294.1,136.0,34.0,2.0,0.0,160.0,67.0,5.0
13269,2020-07-06 21:00:00,292.02,132.0,36.0,2.0,0.0,157.0,67.0,5.0
13270,2020-07-06 22:00:00,217.99,81.0,35.0,2.0,0.0,165.0,67.0,5.0
13271,2020-07-06 23:00:00,170.35,53.0,33.0,2.0,0.0,168.0,64.0,5.0
13272,2020-07-07 00:00:00,160.27,47.0,33.0,2.0,0.0,165.0,65.0,5.0
13273,2020-07-07 01:00:00,155.28,46.0,27.0,2.0,0.0,166.0,62.0,5.0
13274,2020-07-07 02:00:00,151.21,48.0,24.0,2.0,3.0,173.0,64.0,5.0
13275,2020-07-07 03:00:00,162.44,53.0,30.0,2.0,7.0,173.0,64.0,5.0
13276,2020-07-07 04:00:00,161.98,50.0,34.0,2.0,16.0,157.0,66.0,5.0
13277,2020-07-07 05:00:00,247.77,106.0,37.0,2.0,28.0,148.0,66.0,5.0
13278,2020-07-07 06:00:00,283.61,138.0,33.0,2.0,38.0,140.0,67.0,5.0
13279,2020-07-07 07:00:00,289.59,139.0,37.0,2.0,46.0,126.0,67.0,5.0
13280,2020-07-07 08:00:00,254.36,138.0,36.0,2.0,54.0,174.0,67.0,5.0
13281,2020-07-07 09:00:00,257.34,139.0,35.0,2.0,54.0,171.0,66.0,5.0
13282,2020-07-07 10:00:00,268.73,139.0,35.0,2.0,54.0,151.0,66.0,5.0
13283,2020-07-07 11:00:00,268.93,137.0,35.0,2.0,54.0,149.0,64.0,5.0
13284,2020-07-07 12:00:00,277.95,139.0,35.0,2.0,59.0,133.0,64.0,5.0
13285,2020-07-07 13:00:00,288.33,137.0,35.0,2.0,54.0,116.0,66.0,4.0
13286,2020-07-07 14:00:00,306.44,137.0,33.0,2.0,47.0,99.0,66.0,5.0
13287,2020-07-07 15:00:00,333.22,132.0,30.0,2.0,31.0,77.0,66.0,5.0
13288,2020-07-07 16:00:00,392.41,138.0,28.0,2.0,16.0,45.0,67.0,5.0
13289,2020-07-07 17:00:00,421.91,139.0,26.0,2.0,7.0,36.0,65.0,5.0
13290,2020-07-07 18:00:00,432.37,137.0,24.0,2.0,2.0,33.0,65.0,5.0
13291,2020-07-07 19:00:00,439.35,138.0,27.0,2.0,0.0,31.0,65.0,5.0
13292,2020-07-07 20:00:00,429.22,140.0,26.0,2.0,0.0,37.0,67.0,5.0
13293,2020-07-07 21:00:00,417.54,138.0,27.0,2.0,0.0,43.0,67.0,5.0
13294,2020-07-07 22:00:00,400.63,137.0,27.0,2.0,0.0,54.0,67.0,5.0
13295,2020-07-07 23:00:00,397.91,137.0,27.0,2.0,0.0,58.0,65.0,5.0
13296,2020-07-08 00:00:00,400.7,138.0,25.0,2.0,0.0,57.0,65.0,5.0
13297,2020-07-08 01:00:00,411.49,137.0,20.0,2.0,0.0,52.0,62.0,5.0
13298,2020-07-08 02:00:00,402.23,137.0,25.0,2.0,2.0,53.0,65.0,5.0
13299,2020-07-08 03:00:00,400.57,136.0,29.0,2.0,7.0,48.0,65.0,5.0
13300,2020-07-08 04:00:00,395.48,137.0,24.0,2.0,19.0,40.0,66.0,5.0
13301,2020-07-08 05:00:00,366.66,137.0,21.0,2.0,38.0,43.0,67.0,5.0
13302,2020-07-08 06:00:00,331.85,136.0,25.0,2.0,57.0,57.0,66.0,5.0
13303,2020-07-08 07:00:00,309.08,139.0,30.0,2.0,68.0,77.0,66.0,5.0
13304,2020-07-08 08:00:00,300.31,140.0,35.0,2.0,69.0,90.0,66.0,5.0
13305,2020-07-08 09:00:00,306.36,138.0,35.0,2.0,71.0,77.0,66.0,5.0
13306,2020-07-08 10:00:00,334.74,144.0,33.0,2.0,60.0,61.0,67.0,5.0
13307,2020-07-08 11:00:00,344.89,149.0,32.0,2.0,59.0,60.0,64.0,5.0
13308,2020-07-08 12:00:00,343.29,142.0,29.0,2.0,56.0,56.0,64.0,5.0
13309,2020-07-08 13:00:00,317.99,139.0,29.0,2.0,56.0,78.0,66.0,5.0
13310,2020-07-08 14:00:00,341.32,137.0,30.0,2.0,38.0,68.0,66.0,5.0
13311,2020-07-08 15:00:00,347.53,133.0,29.0,2.0,25.0,70.0,66.0,5.0
13312,2020-07-08 16:00:00,373.83,138.0,24.0,2.0,15.0,63.0,65.0,5.0
13313,2020-07-08 17:00:00,389.69,141.0,27.0,2.0,6.0,62.0,65.0,5.0
13314,2020-07-08 18:00:00,390.36,133.0,25.0,2.0,2.0,57.0,66.0,5.0
13315,2020-07-08 19:00:00,427.35,144.0,21.0,2.0,0.0,43.0,66.0,5.0
13316,2020-07-08 20:00:00,404.06,140.0,29.0,2.0,0.0,53.0,68.0,5.0
13317,2020-07-08 21:00:00,399.56,142.0,31.0,2.0,0.0,58.0,68.0,5.0
13318,2020-07-08 22:00:00,399.79,141.0,30.0,2.0,0.0,56.0,69.0,5.0
13319,2020-07-08 23:00:00,406.67,140.0,30.0,2.0,0.0,54.0,65.0,5.0
13320,2020-07-09 00:00:00,418.33,138.0,31.0,2.0,0.0,45.0,64.0,5.0
13321,2020-07-09 01:00:00,420.09,137.0,31.0,2.0,0.0,44.0,63.0,5.0
13322,2020-07-09 02:00:00,418.5,138.0,30.0,2.0,3.0,41.0,65.0,5.0
13323,2020-07-09 03:00:00,430.72,142.0,30.0,2.0,7.0,31.0,66.0,5.0
13324,2020-07-09 04:00:00,414.31,142.0,32.0,2.0,19.0,29.0,67.0,5.0
13325,2020-07-09 05:00:00,374.91,138.0,32.0,2.0,38.0,36.0,68.0,5.0
13326,2020-07-09 06:00:00,340.18,141.0,29.0,2.0,55.0,57.0,66.0,5.0
13327,2020-07-09 07:00:00,315.22,135.0,31.0,2.0,63.0,69.0,66.0,5.0
13328,2020-07-09 08:00:00,281.72,131.0,30.0,2.0,66.0,103.0,66.0,5.0
13329,2020-07-09 09:00:00,269.74,127.0,31.0,2.0,66.0,114.0,66.0,5.0
13330,2020-07-09 10:00:00,262.16,134.0,33.0,2.0,72.0,134.0,66.0,5.0
13331,2020-07-09 11:00:00,257.87,134.0,32.0,2.0,78.0,139.0,62.0,5.0
13332,2020-07-09 12:00:00,250.91,134.0,33.0,2.0,75.0,155.0,62.0,5.0
13333,2020-07-09 13:00:00,259.05,133.0,32.0,2.0,65.0,144.0,66.0,5.0
13334,2020-07-09 14:00:00,285.63,138.0,33.0,2.0,53.0,123.0,66.0,5.0
13335,2020-07-09 15:00:00,332.6,134.0,37.0,2.0,36.0,76.0,66.0,5.0
13336,2020-07-09 16:00:00,369.95,133.0,38.0,2.0,15.0,59.0,67.0,5.0
13337,2020-07-09 17:00:00,409.3,134.0,40.0,2.0,5.0,40.0,66.0,5.0
13338,2020-07-09 18:00:00,414.91,133.0,42.0,2.0,2.0,38.0,66.0,5.0
13339,2020-07-09 19:00:00,405.07,133.0,42.0,2.0,0.0,47.0,66.0,5.0
13340,2020-07-09 20:00:00,400.99,133.0,42.0,2.0,0.0,48.0,68.0,5.0
13341,2020-07-09 21:00:00,395.68,133.0,42.0,2.0,0.0,52.0,68.0,5.0
13342,2020-07-09 22:00:00,390.44,133.0,43.0,2.0,0.0,56.0,68.0,5.0
13343,2020-07-09 23:00:00,395.47,135.0,42.0,2.0,0.0,57.0,65.0,5.0
13344,2020-07-10 00:00:00,390.24,136.0,43.0,2.0,0.0,62.0,65.0,5.0
13345,2020-07-10 01:00:00,408.64,136.0,42.0,2.0,0.0,49.0,64.0,5.0
13346,2020-07-10 02:00:00,417.62,135.0,40.0,2.0,3.0,37.0,66.0,5.0
13347,2020-07-10 03:00:00,435.41,142.0,43.0,2.0,7.0,26.0,66.0,5.0
13348,2020-07-10 04:00:00,423.01,136.0,41.0,2.0,20.0,17.0,66.0,5.0
13349,2020-07-10 05:00:00,396.34,139.0,42.0,2.0,36.0,22.0,67.0,5.0
13350,2020-07-10 06:00:00,379.37,146.0,43.0,2.0,47.0,32.0,67.0,5.0
13351,2020-07-10 07:00:00,375.04,148.0,43.0,2.0,47.0,38.0,67.0,5.0
13352,2020-07-10 08:00:00,370.7,146.0,44.0,2.0,49.0,38.0,67.0,5.0
13353,2020-07-10 09:00:00,371.7,145.0,45.0,2.0,46.0,39.0,67.0,5.0
13354,2020-07-10 10:00:00,370.74,146.0,23.0,2.0,41.0,46.0,67.0,5.0
13355,2020-07-10 11:00:00,385.06,146.0,16.0,2.0,40.0,37.0,65.0,5.0
13356,2020-07-10 12:00:00,404.53,147.0,15.0,2.0,38.0,25.0,65.0,5.0
13357,2020-07-10 13:00:00,415.02,144.0,15.0,2.0,30.0,23.0,65.0,5.0
13358,2020-07-10 14:00:00,432.87,137.0,15.0,2.0,21.0,15.0,65.0,5.0
13359,2020-07-10 15:00:00,464.53,146.0,15.0,2.0,14.0,10.0,65.0,5.0
13360,2020-07-10 16:00:00,471.43,140.0,13.0,2.0,8.0,9.0,65.0,5.0
13361,2020-07-10 17:00:00,472.88,135.0,14.0,2.0,4.0,8.0,66.0,5.0
13362,2020-07-10 18:00:00,477.54,134.0,19.0,2.0,1.0,7.0,66.0,5.0
13363,2020-07-10 19:00:00,467.31,133.0,31.0,2.0,0.0,9.0,67.0,5.0
13364,2020-07-10 20:00:00,454.19,135.0,39.0,2.0,0.0,15.0,68.0,5.0
13365,2020-07-10 21:00:00,434.87,126.0,39.0,2.0,0.0,20.0,68.0,5.0
13366,2020-07-10 22:00:00,442.19,135.0,40.0,2.0,0.0,23.0,67.0,5.0
13367,2020-07-10 23:00:00,449.45,136.0,36.0,2.0,0.0,23.0,64.0,5.0
13368,2020-07-11 00:00:00,428.72,133.0,40.0,2.0,0.0,32.0,65.0,5.0
13369,2020-07-11 01:00:00,434.44,135.0,39.0,2.0,0.0,33.0,62.0,5.0
13370,2020-07-11 02:00:00,426.05,137.0,39.0,2.0,1.0,36.0,65.0,5.0
13371,2020-07-11 03:00:00,400.88,136.0,39.0,2.0,2.0,52.0,65.0,5.0
13372,2020-07-11 04:00:00,332.15,135.0,39.0,2.0,5.0,109.0,66.0,5.0
13373,2020-07-11 05:00:00,333.69,141.0,39.0,2.0,12.0,107.0,67.0,5.0
13374,2020-07-11 06:00:00,304.62,140.0,38.0,2.0,28.0,123.0,68.0,4.0
13375,2020-07-11 07:00:00,240.37,138.0,38.0,2.0,44.0,209.0,68.0,3.0
13376,2020-07-11 08:00:00,230.45,138.0,37.0,2.0,49.0,225.0,68.0,3.0
13377,2020-07-11 09:00:00,236.38,139.0,35.0,2.0,45.0,217.0,68.0,3.0
13378,2020-07-11 10:00:00,241.15,139.0,37.0,2.0,42.0,211.0,68.0,3.0
13379,2020-07-11 11:00:00,242.11,139.0,37.0,2.0,42.0,212.0,65.0,3.0
13380,2020-07-11 12:00:00,237.57,139.0,36.0,2.0,33.0,229.0,66.0,3.0
13381,2020-07-11 13:00:00,235.18,134.0,36.0,2.0,30.0,224.0,68.0,3.0
13382,2020-07-11 14:00:00,232.99,133.0,37.0,2.0,22.0,235.0,68.0,3.0
13383,2020-07-11 15:00:00,248.71,135.0,38.0,2.0,18.0,212.0,68.0,3.0
13384,2020-07-11 16:00:00,271.83,134.0,36.0,2.0,10.0,179.0,66.0,3.0
13385,2020-07-11 17:00:00,304.39,134.0,36.0,2.0,5.0,138.0,66.0,3.0
13386,2020-07-11 18:00:00,325.89,132.0,36.0,2.0,2.0,111.0,68.0,3.0
13387,2020-07-11 19:00:00,341.08,135.0,37.0,2.0,0.0,101.0,68.0,3.0
13388,2020-07-11 20:00:00,372.29,135.0,37.0,2.0,0.0,71.0,69.0,3.0
13389,2020-07-11 21:00:00,373.22,129.0,36.0,2.0,0.0,64.0,69.0,3.0
13390,2020-07-11 22:00:00,397.22,137.0,36.0,2.0,0.0,53.0,69.0,3.0
13391,2020-07-11 23:00:00,407.14,134.0,37.0,2.0,0.0,46.0,66.0,3.0
13392,2020-07-12 00:00:00,422.97,140.0,37.0,2.0,0.0,41.0,65.0,3.0
13393,2020-07-12 01:00:00,413.55,136.0,39.0,2.0,0.0,44.0,65.0,3.0
13394,2020-07-12 02:00:00,409.77,135.0,37.0,2.0,3.0,41.0,67.0,3.0
13395,2020-07-12 03:00:00,428.23,137.0,38.0,2.0,7.0,26.0,67.0,3.0
13396,2020-07-12 04:00:00,413.78,135.0,39.0,2.0,20.0,19.0,69.0,3.0
13397,2020-07-12 05:00:00,385.36,141.0,39.0,2.0,42.0,24.0,69.0,3.0
13398,2020-07-12 06:00:00,346.86,139.0,37.0,2.0,65.0,34.0,69.0,3.0
13399,2020-07-12 07:00:00,315.68,137.0,39.0,2.0,80.0,51.0,69.0,3.0
13400,2020-07-12 08:00:00,311.39,136.0,40.0,2.0,86.0,49.0,69.0,3.0
13401,2020-07-12 09:00:00,317.68,138.0,39.0,2.0,80.0,50.0,69.0,3.0
13402,2020-07-12 10:00:00,322.81,139.0,37.0,2.0,75.0,50.0,69.0,3.0
13403,2020-07-12 11:00:00,318.91,134.0,39.0,2.0,68.0,57.0,67.0,3.0
13404,2020-07-12 12:00:00,320.96,135.0,39.0,2.0,65.0,59.0,67.0,3.0
13405,2020-07-12 13:00:00,329.48,134.0,38.0,2.0,63.0,49.0,68.0,3.0
13406,2020-07-12 14:00:00,351.01,134.0,36.0,2.0,49.0,41.0,68.0,3.0
13407,2020-07-12 15:00:00,381.91,136.0,37.0,2.0,31.0,34.0,68.0,3.0
13408,2020-07-12 16:00:00,408.29,136.0,36.0,2.0,15.0,31.0,67.0,3.0
13409,2020-07-12 17:00:00,439.23,135.0,35.0,2.0,5.0,22.0,65.0,3.0
13410,2020-07-12 18:00:00,441.81,136.0,36.0,2.0,2.0,23.0,66.0,3.0
13411,2020-07-12 19:00:00,456.83,136.0,37.0,2.0,2.0,13.0,67.0,3.0
13412,2020-07-12 20:00:00,462.67,138.0,37.0,2.0,0.0,12.0,68.0,3.0
13413,2020-07-12 21:00:00,454.83,137.0,36.0,2.0,0.0,16.0,68.0,3.0
13414,2020-07-12 22:00:00,447.7,137.0,37.0,2.0,0.0,20.0,68.0,3.0
13415,2020-07-12 23:00:00,456.42,135.0,40.0,2.0,0.0,16.0,65.0,3.0
13416,2020-07-13 00:00:00,462.44,135.0,38.0,2.0,0.0,12.0,66.0,3.0
13417,2020-07-13 01:00:00,476.2,142.0,37.0,2.0,0.0,11.0,64.0,3.0
13418,2020-07-13 02:00:00,474.34,144.0,38.0,2.0,2.0,9.0,66.0,3.0
13419,2020-07-13 03:00:00,453.83,134.0,39.0,2.0,7.0,8.0,67.0,3.0
13420,2020-07-13 04:00:00,441.29,142.0,40.0,2.0,18.0,10.0,67.0,3.0
13421,2020-07-13 05:00:00,400.34,139.0,42.0,2.0,37.0,17.0,67.0,3.0
13422,2020-07-13 06:00:00,362.24,136.0,42.0,2.0,58.0,25.0,67.0,3.0
13423,2020-07-13 07:00:00,344.27,139.0,42.0,2.0,73.0,32.0,66.0,3.0
13424,2020-07-13 08:00:00,330.41,132.0,43.0,2.0,75.0,36.0,66.0,3.0
13425,2020-07-13 09:00:00,323.11,131.0,45.0,2.0,76.0,42.0,66.0,3.0
13426,2020-07-13 10:00:00,324.55,132.0,47.0,2.0,75.0,42.0,67.0,3.0
13427,2020-07-13 11:00:00,325.31,132.0,46.0,2.0,71.0,47.0,65.0,3.0
13428,2020-07-13 12:00:00,330.01,131.0,42.0,2.0,65.0,45.0,66.0,3.0
13429,2020-07-13 13:00:00,324.06,124.0,43.0,2.0,61.0,46.0,67.0,4.0
13430,2020-07-13 14:00:00,320.42,122.0,43.0,2.0,52.0,57.0,67.0,5.0
13431,2020-07-13 15:00:00,347.34,125.0,34.0,2.0,34.0,51.0,67.0,5.0
13432,2020-07-13 16:00:00,403.46,123.0,34.0,2.0,15.0,24.0,67.0,5.0
13433,2020-07-13 17:00:00,426.8,118.0,44.0,2.0,5.0,16.0,65.0,5.0
13434,2020-07-13 18:00:00,432.84,121.0,42.0,2.0,2.0,17.0,66.0,5.0
13435,2020-07-13 19:00:00,424.88,114.0,44.0,2.0,0.0,18.0,66.0,5.0
13436,2020-07-13 20:00:00,407.47,112.0,43.0,2.0,0.0,25.0,68.0,5.0
13437,2020-07-13 21:00:00,411.18,110.0,43.0,2.0,0.0,21.0,68.0,5.0
13438,2020-07-13 22:00:00,407.0,106.0,44.0,2.0,0.0,20.0,68.0,5.0
13439,2020-07-13 23:00:00,403.33,108.0,44.0,2.0,0.0,28.0,64.0,5.0
13440,2020-07-14 00:00:00,414.71,114.0,45.0,2.0,0.0,26.0,64.0,5.0
13441,2020-07-14 01:00:00,412.32,112.0,43.0,2.0,0.0,28.0,62.0,5.0
13442,2020-07-14 02:00:00,422.17,122.0,44.0,2.0,2.0,24.0,66.0,5.0
13443,2020-07-14 03:00:00,431.24,119.0,45.0,2.0,6.0,13.0,65.0,5.0
13444,2020-07-14 04:00:00,421.56,129.0,44.0,2.0,19.0,12.0,67.0,5.0
13445,2020-07-14 05:00:00,384.18,133.0,43.0,2.0,41.0,21.0,67.0,5.0
13446,2020-07-14 06:00:00,341.63,131.0,38.0,2.0,64.0,34.0,67.0,5.0
13447,2020-07-14 07:00:00,298.95,115.0,38.0,2.0,84.0,37.0,68.0,5.0
13448,2020-07-14 08:00:00,279.01,113.0,15.0,2.0,95.0,39.0,69.0,5.0
13449,2020-07-14 09:00:00,301.79,129.0,16.0,2.0,96.0,37.0,69.0,5.0
13450,2020-07-14 10:00:00,298.05,130.0,16.0,2.0,97.0,43.0,68.0,5.0
13451,2020-07-14 11:00:00,339.14,158.0,16.0,2.0,92.0,42.0,65.0,5.0
13452,2020-07-14 12:00:00,405.98,224.0,16.0,2.0,87.0,41.0,66.0,5.0
13453,2020-07-14 13:00:00,444.29,255.0,16.0,2.0,78.0,37.0,63.0,5.0
13454,2020-07-14 14:00:00,518.05,346.0,18.0,2.0,61.0,29.0,65.0,5.0
13455,2020-07-14 15:00:00,548.47,348.0,26.0,2.0,37.0,19.0,68.0,5.0
13456,2020-07-14 16:00:00,607.08,388.0,14.0,2.0,15.0,8.0,67.0,5.0
13457,2020-07-14 17:00:00,629.35,394.0,13.0,2.0,5.0,4.0,65.0,5.0
13458,2020-07-14 18:00:00,630.07,387.0,13.0,2.0,2.0,4.0,66.0,5.0
13459,2020-07-14 19:00:00,624.15,369.0,17.0,2.0,0.0,5.0,66.0,5.0
13460,2020-07-14 20:00:00,624.81,392.0,28.0,2.0,0.0,3.0,68.0,5.0
13461,2020-07-14 21:00:00,622.28,393.0,36.0,2.0,0.0,2.0,68.0,5.0
13462,2020-07-14 22:00:00,594.31,304.0,36.0,2.0,0.0,2.0,67.0,5.0
13463,2020-07-14 23:00:00,558.92,228.0,36.0,2.0,0.0,4.0,64.0,5.0
13464,2020-07-15 00:00:00,554.02,228.0,36.0,2.0,0.0,6.0,65.0,5.0
13465,2020-07-15 01:00:00,560.66,230.0,35.0,2.0,0.0,5.0,63.0,5.0
13466,2020-07-15 02:00:00,547.67,229.0,34.0,2.0,2.0,9.0,65.0,5.0
13467,2020-07-15 03:00:00,536.97,230.0,35.0,2.0,7.0,10.0,66.0,5.0
13468,2020-07-15 04:00:00,562.56,315.0,37.0,2.0,19.0,11.0,66.0,5.0
13469,2020-07-15 05:00:00,559.79,387.0,37.0,2.0,41.0,17.0,66.0,5.0
13470,2020-07-15 06:00:00,521.52,372.0,40.0,2.0,65.0,27.0,65.0,5.0
13471,2020-07-15 07:00:00,506.46,388.0,40.0,2.0,83.0,34.0,65.0,4.0
13472,2020-07-15 08:00:00,501.7,387.0,38.0,2.0,88.0,35.0,65.0,5.0
13473,2020-07-15 09:00:00,493.84,384.0,43.0,2.0,90.0,40.0,65.0,5.0
13474,2020-07-15 10:00:00,486.24,375.0,42.0,2.0,91.0,44.0,65.0,5.0
13475,2020-07-15 11:00:00,478.36,360.0,44.0,2.0,91.0,47.0,63.0,5.0
13476,2020-07-15 12:00:00,497.94,380.0,38.0,2.0,82.0,43.0,64.0,5.0
13477,2020-07-15 13:00:00,504.64,377.0,43.0,2.0,70.0,42.0,66.0,5.0
13478,2020-07-15 14:00:00,525.39,379.0,43.0,2.0,54.0,36.0,65.0,5.0
13479,2020-07-15 15:00:00,553.29,382.0,42.0,2.0,34.0,28.0,65.0,5.0
13480,2020-07-15 16:00:00,582.52,382.0,42.0,2.0,16.0,19.0,64.0,5.0
13481,2020-07-15 17:00:00,602.3,380.0,37.0,2.0,7.0,13.0,63.0,5.0
13482,2020-07-15 18:00:00,604.22,380.0,38.0,2.0,2.0,15.0,64.0,5.0
13483,2020-07-15 19:00:00,568.31,307.0,39.0,2.0,0.0,23.0,65.0,5.0
13484,2020-07-15 20:00:00,566.56,302.0,38.0,2.0,0.0,22.0,66.0,5.0
13485,2020-07-15 21:00:00,597.99,379.0,38.0,2.0,0.0,20.0,66.0,5.0
13486,2020-07-15 22:00:00,588.21,335.0,37.0,2.0,0.0,16.0,66.0,5.0
13487,2020-07-15 23:00:00,589.92,334.0,38.0,2.0,0.0,17.0,63.0,5.0
13488,2020-07-16 00:00:00,588.74,333.0,37.0,2.0,0.0,17.0,64.0,5.0
13489,2020-07-16 01:00:00,594.3,334.0,37.0,2.0,0.0,15.0,62.0,5.0
13490,2020-07-16 02:00:00,581.89,332.0,40.0,2.0,3.0,18.0,64.0,5.0
13491,2020-07-16 03:00:00,577.68,336.0,39.0,2.0,7.0,19.0,64.0,5.0
13492,2020-07-16 04:00:00,575.23,368.0,37.0,2.0,19.0,19.0,65.0,5.0
13493,2020-07-16 05:00:00,546.65,369.0,38.0,2.0,39.0,26.0,65.0,5.0
13494,2020-07-16 06:00:00,519.89,373.0,34.0,2.0,62.0,36.0,63.0,5.0
13495,2020-07-16 07:00:00,498.45,375.0,37.0,2.0,81.0,43.0,62.0,5.0
13496,2020-07-16 08:00:00,485.54,374.0,35.0,2.0,89.0,50.0,63.0,5.0
13497,2020-07-16 09:00:00,427.85,281.0,36.0,2.0,93.0,57.0,63.0,5.0
13498,2020-07-16 10:00:00,402.95,257.0,35.0,2.0,94.0,68.0,63.0,5.0
13499,2020-07-16 11:00:00,395.31,244.0,37.0,2.0,92.0,70.0,61.0,5.0
13500,2020-07-16 12:00:00,472.28,363.0,38.0,2.0,85.0,65.0,62.0,5.0
13501,2020-07-16 13:00:00,485.0,370.0,41.0,2.0,71.0,62.0,66.0,5.0
13502,2020-07-16 14:00:00,510.7,398.0,36.0,2.0,54.0,64.0,65.0,5.0
13503,2020-07-16 15:00:00,529.74,399.0,36.0,2.0,34.0,61.0,66.0,5.0
13504,2020-07-16 16:00:00,554.36,402.0,37.0,2.0,14.0,55.0,66.0,5.0
13505,2020-07-16 17:00:00,571.82,371.0,23.0,2.0,4.0,44.0,64.0,5.0
13506,2020-07-16 18:00:00,576.82,369.0,20.0,2.0,2.0,42.0,64.0,5.0
13507,2020-07-16 19:00:00,566.48,345.0,20.0,2.0,0.0,45.0,64.0,5.0
13508,2020-07-16 20:00:00,561.95,352.0,21.0,2.0,0.0,49.0,66.0,5.0
13509,2020-07-16 21:00:00,559.52,333.0,22.0,2.0,0.0,44.0,66.0,5.0
13510,2020-07-16 22:00:00,476.23,176.0,22.0,2.0,0.0,33.0,66.0,5.0
13511,2020-07-16 23:00:00,481.05,164.0,22.0,2.0,0.0,26.0,63.0,5.0
13512,2020-07-17 00:00:00,493.88,166.0,21.0,2.0,0.0,21.0,62.0,5.0
13513,2020-07-17 01:00:00,507.11,169.0,22.0,2.0,0.0,17.0,60.0,5.0
13514,2020-07-17 02:00:00,496.21,168.0,24.0,2.0,2.0,17.0,63.0,5.0
13515,2020-07-17 03:00:00,483.91,166.0,24.0,2.0,6.0,18.0,64.0,5.0
13516,2020-07-17 04:00:00,481.54,183.0,25.0,2.0,18.0,15.0,66.0,5.0
13517,2020-07-17 05:00:00,455.66,200.0,26.0,2.0,41.0,20.0,67.0,5.0
13518,2020-07-17 06:00:00,419.55,201.0,25.0,2.0,65.0,28.0,67.0,5.0
13519,2020-07-17 07:00:00,412.49,226.0,23.0,2.0,86.0,36.0,66.0,5.0
13520,2020-07-17 08:00:00,400.33,230.0,24.0,2.0,96.0,42.0,67.0,5.0
13521,2020-07-17 09:00:00,374.02,206.0,25.0,2.0,100.0,47.0,66.0,5.0
13522,2020-07-17 10:00:00,386.45,221.0,25.0,2.0,99.0,47.0,67.0,5.0
13523,2020-07-17 11:00:00,381.63,208.0,25.0,2.0,95.0,46.0,65.0,5.0
13524,2020-07-17 12:00:00,391.7,216.0,26.0,2.0,88.0,47.0,67.0,5.0
13525,2020-07-17 13:00:00,393.35,202.0,27.0,2.0,77.0,43.0,67.0,5.0
13526,2020-07-17 14:00:00,420.16,202.0,27.0,2.0,57.0,36.0,67.0,5.0
13527,2020-07-17 15:00:00,467.14,217.0,25.0,2.0,35.0,28.0,67.0,5.0
13528,2020-07-17 16:00:00,501.73,210.0,26.0,2.0,14.0,19.0,67.0,5.0
13529,2020-07-17 17:00:00,539.61,229.0,25.0,2.0,4.0,14.0,66.0,5.0
13530,2020-07-17 18:00:00,523.34,198.0,24.0,2.0,1.0,14.0,66.0,5.0
13531,2020-07-17 19:00:00,538.48,235.0,32.0,2.0,0.0,18.0,67.0,5.0
13532,2020-07-17 20:00:00,535.03,252.0,40.0,2.0,0.0,23.0,69.0,5.0
13533,2020-07-17 21:00:00,543.07,269.0,40.0,2.0,0.0,23.0,70.0,5.0
13534,2020-07-17 22:00:00,534.84,242.0,43.0,2.0,0.0,18.0,69.0,5.0
13535,2020-07-17 23:00:00,538.44,236.0,43.0,2.0,0.0,17.0,65.0,5.0
13536,2020-07-18 00:00:00,536.94,240.0,42.0,2.0,0.0,19.0,66.0,5.0
13537,2020-07-18 01:00:00,536.37,235.0,43.0,2.0,0.0,19.0,64.0,5.0
13538,2020-07-18 02:00:00,529.43,240.0,43.0,2.0,2.0,22.0,66.0,5.0
13539,2020-07-18 03:00:00,522.56,240.0,43.0,2.0,6.0,22.0,67.0,5.0
13540,2020-07-18 04:00:00,480.31,194.0,39.0,2.0,18.0,16.0,69.0,5.0
13541,2020-07-18 05:00:00,484.42,247.0,40.0,2.0,43.0,18.0,69.0,5.0
13542,2020-07-18 06:00:00,462.38,265.0,39.0,2.0,67.0,27.0,68.0,5.0
13543,2020-07-18 07:00:00,427.49,247.0,36.0,2.0,87.0,32.0,68.0,5.0
13544,2020-07-18 08:00:00,409.03,241.0,40.0,2.0,100.0,35.0,68.0,5.0
13545,2020-07-18 09:00:00,403.53,242.0,35.0,2.0,106.0,38.0,67.0,5.0
13546,2020-07-18 10:00:00,397.45,237.0,35.0,2.0,107.0,40.0,67.0,5.0
13547,2020-07-18 11:00:00,401.95,240.0,37.0,2.0,104.0,42.0,65.0,5.0
13548,2020-07-18 12:00:00,405.05,241.0,38.0,2.0,96.0,46.0,66.0,5.0
13549,2020-07-18 13:00:00,422.12,243.0,35.0,2.0,80.0,43.0,67.0,5.0
13550,2020-07-18 14:00:00,451.58,241.0,33.0,2.0,60.0,31.0,67.0,5.0
13551,2020-07-18 15:00:00,484.21,235.0,33.0,2.0,36.0,22.0,67.0,5.0
13552,2020-07-18 16:00:00,539.63,258.0,34.0,2.0,16.0,10.0,67.0,5.0
13553,2020-07-18 17:00:00,557.87,252.0,37.0,2.0,6.0,5.0,66.0,5.0
13554,2020-07-18 18:00:00,558.38,240.0,35.0,2.0,2.0,4.0,67.0,5.0
13555,2020-07-18 19:00:00,559.93,239.0,34.0,2.0,0.0,4.0,68.0,5.0
13556,2020-07-18 20:00:00,554.73,240.0,36.0,2.0,0.0,6.0,69.0,5.0
13557,2020-07-18 21:00:00,494.58,171.0,42.0,2.0,4.0,7.0,69.0,5.0
13558,2020-07-18 22:00:00,472.03,146.0,47.0,2.0,0.0,9.0,69.0,5.0
13559,2020-07-18 23:00:00,470.73,148.0,47.0,2.0,0.0,14.0,66.0,5.0
13560,2020-07-19 00:00:00,466.66,147.0,51.0,2.0,0.0,15.0,66.0,5.0
13561,2020-07-19 01:00:00,473.49,147.0,55.0,2.0,0.0,13.0,63.0,5.0
13562,2020-07-19 02:00:00,463.09,147.0,57.0,2.0,2.0,14.0,66.0,5.0
13563,2020-07-19 03:00:00,452.76,148.0,59.0,2.0,8.0,14.0,67.0,5.0
13564,2020-07-19 04:00:00,428.83,140.0,57.0,2.0,18.0,15.0,67.0,5.0
13565,2020-07-19 05:00:00,406.83,142.0,59.0,2.0,34.0,16.0,68.0,5.0
13566,2020-07-19 06:00:00,378.91,143.0,60.0,2.0,53.0,21.0,69.0,5.0
13567,2020-07-19 07:00:00,361.58,144.0,59.0,2.0,67.0,26.0,68.0,5.0
13568,2020-07-19 08:00:00,356.97,154.0,57.0,2.0,80.0,30.0,67.0,5.0
13569,2020-07-19 09:00:00,373.0,180.0,58.0,2.0,88.0,32.0,67.0,5.0
13570,2020-07-19 10:00:00,346.93,151.0,59.0,2.0,86.0,33.0,66.0,5.0
13571,2020-07-19 11:00:00,342.82,143.0,58.0,2.0,84.0,32.0,64.0,5.0
13572,2020-07-19 12:00:00,352.92,144.0,57.0,2.0,75.0,30.0,65.0,5.0
13573,2020-07-19 13:00:00,432.98,218.0,57.0,2.0,64.0,26.0,66.0,5.0
13574,2020-07-19 14:00:00,482.91,259.0,58.0,2.0,48.0,20.0,66.0,5.0
13575,2020-07-19 15:00:00,501.2,241.0,58.0,2.0,28.0,14.0,66.0,5.0
13576,2020-07-19 16:00:00,512.7,212.0,57.0,2.0,13.0,8.0,64.0,5.0
13577,2020-07-19 17:00:00,559.22,265.0,57.0,2.0,6.0,4.0,64.0,5.0
13578,2020-07-19 18:00:00,560.85,258.0,58.0,2.0,1.0,3.0,66.0,5.0
13579,2020-07-19 19:00:00,560.12,250.0,57.0,2.0,0.0,2.0,66.0,5.0
13580,2020-07-19 20:00:00,544.68,247.0,59.0,2.0,0.0,2.0,75.0,5.0
13581,2020-07-19 21:00:00,533.29,241.0,55.0,2.0,0.0,3.0,81.0,5.0
13582,2020-07-19 22:00:00,467.68,157.0,54.0,2.0,0.0,3.0,83.0,5.0
13583,2020-07-19 23:00:00,461.2,147.0,58.0,2.0,0.0,3.0,80.0,5.0
13584,2020-07-20 00:00:00,460.05,148.0,60.0,2.0,0.0,3.0,81.0,5.0
13585,2020-07-20 01:00:00,461.9,148.0,59.0,2.0,0.0,4.0,79.0,5.0
13586,2020-07-20 02:00:00,453.49,149.0,60.0,2.0,2.0,6.0,81.0,5.0
13587,2020-07-20 03:00:00,443.38,150.0,58.0,2.0,7.0,9.0,81.0,5.0
13588,2020-07-20 04:00:00,483.91,219.0,59.0,2.0,15.0,14.0,81.0,5.0
13589,2020-07-20 05:00:00,513.38,303.0,61.0,2.0,29.0,17.0,81.0,4.0
13590,2020-07-20 06:00:00,508.9,319.0,62.0,2.0,46.0,21.0,72.0,4.0
13591,2020-07-20 07:00:00,493.53,318.0,62.0,2.0,61.0,29.0,65.0,5.0
13592,2020-07-20 08:00:00,481.17,316.0,61.0,2.0,70.0,34.0,64.0,5.0
13593,2020-07-20 09:00:00,478.41,314.0,61.0,2.0,72.0,34.0,64.0,5.0
13594,2020-07-20 10:00:00,469.96,317.0,60.0,2.0,72.0,34.0,76.0,5.0
13595,2020-07-20 11:00:00,467.21,320.0,61.0,2.0,73.0,37.0,77.0,5.0
13596,2020-07-20 12:00:00,466.83,317.0,59.0,2.0,66.0,42.0,78.0,5.0
13597,2020-07-20 13:00:00,469.32,298.0,60.0,2.0,51.0,40.0,80.0,5.0
13598,2020-07-20 14:00:00,488.78,286.0,60.0,2.0,36.0,27.0,80.0,5.0
13599,2020-07-20 15:00:00,523.85,314.0,58.0,2.0,25.0,17.0,81.0,5.0
13600,2020-07-20 16:00:00,546.94,312.0,55.0,2.0,12.0,8.0,82.0,5.0
13601,2020-07-20 17:00:00,547.06,284.0,55.0,2.0,5.0,6.0,80.0,5.0
13602,2020-07-20 18:00:00,548.9,293.0,55.0,2.0,1.0,11.0,81.0,5.0
13603,2020-07-20 19:00:00,530.74,302.0,59.0,2.0,0.0,30.0,81.0,5.0
13604,2020-07-20 20:00:00,504.33,295.0,61.0,2.0,0.0,49.0,83.0,5.0
13605,2020-07-20 21:00:00,466.77,230.0,61.0,2.0,0.0,48.0,83.0,5.0
13606,2020-07-20 22:00:00,439.85,190.0,43.0,2.0,0.0,48.0,83.0,5.0
13607,2020-07-20 23:00:00,418.72,143.0,38.0,2.0,0.0,34.0,78.0,5.0
13608,2020-07-21 00:00:00,446.95,151.0,36.0,2.0,0.0,21.0,78.0,5.0
13609,2020-07-21 01:00:00,466.09,158.0,33.0,2.0,0.0,15.0,77.0,5.0
13610,2020-07-21 02:00:00,460.67,161.0,45.0,2.0,2.0,13.0,80.0,5.0
13611,2020-07-21 03:00:00,435.43,150.0,56.0,2.0,7.0,15.0,81.0,5.0
13612,2020-07-21 04:00:00,477.87,216.0,60.0,2.0,14.0,20.0,79.0,5.0
13613,2020-07-21 05:00:00,514.23,349.0,62.0,2.0,27.0,40.0,81.0,5.0
13614,2020-07-21 06:00:00,512.64,383.0,59.0,2.0,47.0,39.0,81.0,5.0
13615,2020-07-21 07:00:00,500.27,370.0,57.0,2.0,55.0,41.0,80.0,5.0
13616,2020-07-21 08:00:00,489.3,385.0,61.0,2.0,55.0,61.0,81.0,5.0
13617,2020-07-21 09:00:00,472.04,391.0,63.0,2.0,56.0,87.0,81.0,5.0
13618,2020-07-21 10:00:00,447.38,373.0,64.0,2.0,59.0,107.0,83.0,5.0
13619,2020-07-21 11:00:00,422.31,350.0,62.0,2.0,63.0,126.0,83.0,5.0
13620,2020-07-21 12:00:00,386.56,287.0,63.0,2.0,63.0,129.0,83.0,5.0
13621,2020-07-21 13:00:00,367.14,238.0,63.0,2.0,51.0,123.0,82.0,5.0
13622,2020-07-21 14:00:00,363.59,232.0,65.0,2.0,47.0,125.0,83.0,5.0
13623,2020-07-21 15:00:00,384.95,231.0,65.0,2.0,30.0,112.0,81.0,5.0
13624,2020-07-21 16:00:00,400.21,232.0,63.0,2.0,14.0,109.0,81.0,5.0
13625,2020-07-21 17:00:00,417.89,231.0,61.0,2.0,5.0,95.0,82.0,5.0
13626,2020-07-21 18:00:00,446.81,264.0,61.0,2.0,1.0,90.0,83.0,5.0
13627,2020-07-21 19:00:00,433.55,237.0,62.0,2.0,0.0,86.0,83.0,5.0
13628,2020-07-21 20:00:00,423.51,234.0,61.0,2.0,0.0,93.0,85.0,5.0
13629,2020-07-21 21:00:00,416.97,232.0,60.0,2.0,0.0,99.0,85.0,5.0
13630,2020-07-21 22:00:00,431.92,229.0,60.0,2.0,0.0,81.0,84.0,5.0
13631,2020-07-21 23:00:00,442.2,230.0,60.0,2.0,0.0,73.0,82.0,5.0
13632,2020-07-22 00:00:00,447.15,230.0,60.0,2.0,0.0,68.0,82.0,5.0
13633,2020-07-22 01:00:00,451.88,231.0,60.0,2.0,0.0,67.0,79.0,5.0
13634,2020-07-22 02:00:00,443.44,232.0,61.0,2.0,2.0,72.0,81.0,5.0
13635,2020-07-22 03:00:00,436.33,233.0,62.0,2.0,6.0,74.0,83.0,5.0
13636,2020-07-22 04:00:00,442.14,251.0,61.0,2.0,15.0,72.0,83.0,5.0
13637,2020-07-22 05:00:00,424.47,267.0,61.0,2.0,30.0,90.0,83.0,5.0
13638,2020-07-22 06:00:00,415.26,279.0,60.0,2.0,42.0,101.0,82.0,5.0
13639,2020-07-22 07:00:00,380.6,254.0,63.0,2.0,51.0,118.0,83.0,5.0
13640,2020-07-22 08:00:00,341.66,234.0,61.0,2.0,56.0,155.0,82.0,5.0
13641,2020-07-22 09:00:00,321.25,235.0,60.0,2.0,63.0,187.0,82.0,5.0
13642,2020-07-22 10:00:00,307.34,239.0,62.0,2.0,66.0,218.0,83.0,5.0
13643,2020-07-22 11:00:00,301.55,241.0,62.0,2.0,66.0,236.0,81.0,5.0
13644,2020-07-22 12:00:00,292.44,235.0,62.0,2.0,63.0,251.0,81.0,5.0
13645,2020-07-22 13:00:00,289.4,234.0,63.0,2.0,65.0,254.0,82.0,5.0
13646,2020-07-22 14:00:00,296.36,235.0,59.0,2.0,52.0,251.0,82.0,5.0
13647,2020-07-22 15:00:00,313.49,237.0,57.0,2.0,32.0,236.0,82.0,5.0
13648,2020-07-22 16:00:00,368.21,280.0,55.0,2.0,14.0,203.0,82.0,5.0
13649,2020-07-22 17:00:00,361.2,257.0,53.0,2.0,4.0,200.0,82.0,5.0
13650,2020-07-22 18:00:00,363.84,239.0,51.0,2.0,1.0,178.0,83.0,5.0
13651,2020-07-22 19:00:00,359.99,231.0,48.0,2.0,0.0,174.0,85.0,5.0
13652,2020-07-22 20:00:00,375.2,237.0,52.0,2.0,0.0,157.0,86.0,5.0
13653,2020-07-22 21:00:00,385.15,237.0,54.0,2.0,0.0,143.0,86.0,5.0
13654,2020-07-22 22:00:00,377.87,225.0,55.0,2.0,0.0,142.0,85.0,5.0
13655,2020-07-22 23:00:00,382.27,232.0,55.0,2.0,0.0,147.0,81.0,5.0
13656,2020-07-23 00:00:00,385.9,235.0,55.0,2.0,0.0,145.0,81.0,5.0
13657,2020-07-23 01:00:00,393.9,227.0,54.0,2.0,0.0,127.0,81.0,5.0
13658,2020-07-23 02:00:00,397.78,228.0,55.0,2.0,2.0,119.0,83.0,5.0
13659,2020-07-23 03:00:00,407.19,231.0,57.0,2.0,5.0,108.0,82.0,5.0
13660,2020-07-23 04:00:00,404.76,238.0,58.0,2.0,16.0,105.0,83.0,5.0
13661,2020-07-23 05:00:00,378.72,259.0,58.0,2.0,39.0,136.0,85.0,5.0
13662,2020-07-23 06:00:00,352.63,264.0,58.0,2.0,57.0,167.0,85.0,5.0
13663,2020-07-23 07:00:00,318.03,242.0,59.0,2.0,69.0,193.0,86.0,5.0
13664,2020-07-23 08:00:00,314.3,239.0,56.0,2.0,68.0,197.0,86.0,5.0
13665,2020-07-23 09:00:00,307.79,239.0,57.0,2.0,70.0,209.0,86.0,5.0
13666,2020-07-23 10:00:00,317.97,240.0,57.0,2.0,70.0,191.0,84.0,5.0
13667,2020-07-23 11:00:00,325.12,237.0,59.0,2.0,70.0,175.0,82.0,5.0
13668,2020-07-23 12:00:00,320.49,239.0,60.0,2.0,70.0,184.0,85.0,5.0
13669,2020-07-23 13:00:00,332.25,238.0,61.0,2.0,64.0,165.0,86.0,5.0
13670,2020-07-23 14:00:00,358.35,240.0,61.0,2.0,49.0,139.0,84.0,5.0
13671,2020-07-23 15:00:00,384.22,236.0,62.0,2.0,29.0,116.0,84.0,5.0
13672,2020-07-23 16:00:00,441.42,276.0,60.0,2.0,14.0,91.0,84.0,5.0
13673,2020-07-23 17:00:00,435.86,234.0,57.0,2.0,5.0,77.0,83.0,5.0
13674,2020-07-23 18:00:00,444.96,229.0,57.0,2.0,1.0,66.0,85.0,5.0
13675,2020-07-23 19:00:00,436.18,236.0,58.0,2.0,0.0,81.0,85.0,5.0
13676,2020-07-23 20:00:00,466.34,236.0,57.0,2.0,0.0,51.0,85.0,5.0
13677,2020-07-23 21:00:00,455.72,232.0,49.0,2.0,0.0,60.0,85.0,5.0
13678,2020-07-23 22:00:00,448.2,229.0,50.0,2.0,0.0,65.0,85.0,5.0
13679,2020-07-23 23:00:00,428.03,229.0,54.0,2.0,0.0,89.0,81.0,5.0
13680,2020-07-24 00:00:00,393.06,228.0,54.0,2.0,0.0,129.0,81.0,5.0
13681,2020-07-24 01:00:00,393.89,228.0,53.0,2.0,0.0,128.0,81.0,5.0
13682,2020-07-24 02:00:00,389.97,228.0,53.0,2.0,2.0,129.0,83.0,5.0
13683,2020-07-24 03:00:00,398.75,238.0,53.0,2.0,7.0,122.0,83.0,5.0
13684,2020-07-24 04:00:00,409.19,240.0,50.0,2.0,16.0,101.0,84.0,5.0
13685,2020-07-24 05:00:00,437.75,297.0,53.0,2.0,28.0,100.0,82.0,5.0
13686,2020-07-24 06:00:00,431.17,310.0,57.0,2.0,42.0,105.0,81.0,5.0
13687,2020-07-24 07:00:00,367.58,248.0,63.0,2.0,56.0,130.0,80.0,5.0
13688,2020-07-24 08:00:00,357.72,265.0,57.0,2.0,60.0,161.0,80.0,5.0
13689,2020-07-24 09:00:00,359.64,251.0,55.0,2.0,52.0,149.0,81.0,5.0
13690,2020-07-24 10:00:00,325.74,241.0,58.0,2.0,61.0,188.0,82.0,5.0
13691,2020-07-24 11:00:00,330.07,243.0,56.0,2.0,64.0,181.0,80.0,5.0
13692,2020-07-24 12:00:00,323.54,236.0,54.0,2.0,64.0,183.0,81.0,5.0
13693,2020-07-24 13:00:00,356.06,236.0,56.0,2.0,52.0,138.0,81.0,5.0
13694,2020-07-24 14:00:00,377.97,242.0,57.0,2.0,35.0,128.0,81.0,5.0
13695,2020-07-24 15:00:00,432.49,253.0,57.0,2.0,12.0,90.0,81.0,5.0
13696,2020-07-24 16:00:00,452.01,248.0,57.0,2.0,6.0,71.0,81.0,5.0
13697,2020-07-24 17:00:00,446.04,249.0,57.0,2.0,2.0,81.0,82.0,5.0
13698,2020-07-24 18:00:00,410.9,181.0,58.0,2.0,0.0,65.0,83.0,5.0
13699,2020-07-24 19:00:00,342.79,129.0,58.0,2.0,0.0,80.0,83.0,5.0
13700,2020-07-24 20:00:00,336.55,127.0,57.0,2.0,0.0,85.0,82.0,5.0
13701,2020-07-24 21:00:00,365.79,161.0,55.0,2.0,0.0,93.0,82.0,5.0
13702,2020-07-24 22:00:00,417.57,230.0,57.0,2.0,0.0,100.0,82.0,5.0
13703,2020-07-24 23:00:00,384.51,186.0,56.0,2.0,0.0,102.0,78.0,5.0
13704,2020-07-25 00:00:00,316.45,126.0,55.0,2.0,0.0,111.0,77.0,5.0
13705,2020-07-25 01:00:00,309.66,118.0,57.0,2.0,0.0,108.0,77.0,5.0
13706,2020-07-25 02:00:00,343.03,117.0,56.0,2.0,0.0,68.0,80.0,5.0
13707,2020-07-25 03:00:00,385.51,150.0,54.0,2.0,3.0,60.0,81.0,5.0
13708,2020-07-25 04:00:00,401.09,163.0,52.0,2.0,8.0,53.0,81.0,5.0
13709,2020-07-25 05:00:00,403.14,181.0,53.0,2.0,18.0,57.0,81.0,5.0
13710,2020-07-25 06:00:00,398.58,196.0,55.0,2.0,34.0,58.0,82.0,5.0
13711,2020-07-25 07:00:00,443.42,274.0,55.0,2.0,48.0,55.0,83.0,5.0
13712,2020-07-25 08:00:00,425.05,259.0,53.0,2.0,59.0,55.0,83.0,5.0
13713,2020-07-25 09:00:00,405.46,257.0,55.0,2.0,76.0,61.0,83.0,5.0
13714,2020-07-25 10:00:00,403.36,264.0,55.0,2.0,73.0,73.0,83.0,5.0
13715,2020-07-25 11:00:00,402.13,262.0,54.0,2.0,69.0,77.0,83.0,5.0
13716,2020-07-25 12:00:00,401.03,275.0,56.0,2.0,74.0,86.0,82.0,5.0
13717,2020-07-25 13:00:00,414.52,277.0,54.0,2.0,63.0,78.0,84.0,5.0
13718,2020-07-25 14:00:00,437.6,277.0,56.0,2.0,49.0,62.0,84.0,5.0
13719,2020-07-25 15:00:00,449.18,262.0,55.0,2.0,29.0,58.0,84.0,5.0
13720,2020-07-25 16:00:00,475.59,263.0,51.0,2.0,13.0,49.0,83.0,5.0
13721,2020-07-25 17:00:00,512.28,257.0,50.0,2.0,4.0,23.0,82.0,5.0
13722,2020-07-25 18:00:00,505.64,251.0,52.0,2.0,10.0,18.0,83.0,5.0
13723,2020-07-25 19:00:00,525.51,266.0,58.0,2.0,0.0,18.0,82.0,5.0
13724,2020-07-25 20:00:00,525.9,251.0,58.0,2.0,0.0,11.0,82.0,5.0
13725,2020-07-25 21:00:00,514.74,227.0,56.0,2.0,0.0,10.0,81.0,5.0
13726,2020-07-25 22:00:00,405.17,124.0,54.0,2.0,0.0,23.0,81.0,5.0
13727,2020-07-25 23:00:00,380.15,115.0,55.0,2.0,0.0,36.0,78.0,5.0
13728,2020-07-26 00:00:00,354.52,115.0,54.0,2.0,0.0,56.0,79.0,5.0
13729,2020-07-26 01:00:00,358.68,112.0,53.0,2.0,0.0,50.0,78.0,5.0
13730,2020-07-26 02:00:00,381.58,112.0,53.0,2.0,2.0,27.0,81.0,5.0
13731,2020-07-26 03:00:00,376.23,114.0,56.0,2.0,6.0,29.0,81.0,5.0
13732,2020-07-26 04:00:00,355.8,115.0,57.0,2.0,18.0,33.0,83.0,5.0
13733,2020-07-26 05:00:00,321.84,113.0,55.0,2.0,44.0,37.0,83.0,5.0
13734,2020-07-26 06:00:00,296.24,116.0,55.0,2.0,70.0,45.0,83.0,5.0
13735,2020-07-26 07:00:00,270.96,115.0,57.0,2.0,92.0,56.0,84.0,5.0
13736,2020-07-26 08:00:00,262.77,115.0,55.0,2.0,105.0,55.0,84.0,5.0
13737,2020-07-26 09:00:00,259.96,115.0,49.0,2.0,110.0,53.0,83.0,5.0
13738,2020-07-26 10:00:00,261.32,116.0,52.0,2.0,110.0,55.0,82.0,5.0
13739,2020-07-26 11:00:00,269.21,116.0,53.0,2.0,99.0,54.0,82.0,5.0
13740,2020-07-26 12:00:00,271.7,114.0,54.0,2.0,90.0,56.0,82.0,5.0
13741,2020-07-26 13:00:00,282.88,113.0,56.0,2.0,77.0,51.0,83.0,5.0
13742,2020-07-26 14:00:00,309.87,115.0,55.0,2.0,58.0,39.0,83.0,5.0
13743,2020-07-26 15:00:00,349.98,122.0,50.0,2.0,35.0,30.0,82.0,5.0
13744,2020-07-26 16:00:00,380.32,121.0,50.0,2.0,13.0,22.0,85.0,5.0
13745,2020-07-26 17:00:00,387.33,113.0,48.0,2.0,4.0,18.0,85.0,5.0
13746,2020-07-26 18:00:00,373.83,116.0,51.0,2.0,1.0,33.0,86.0,5.0
13747,2020-07-26 19:00:00,342.06,115.0,50.0,2.0,0.0,60.0,86.0,5.0
13748,2020-07-26 20:00:00,310.62,115.0,49.0,2.0,0.0,93.0,85.0,5.0
13749,2020-07-26 21:00:00,287.14,106.0,50.0,2.0,0.0,107.0,85.0,5.0
13750,2020-07-26 22:00:00,272.05,101.0,48.0,2.0,0.0,118.0,84.0,5.0
13751,2020-07-26 23:00:00,262.58,98.0,45.0,2.0,0.0,128.0,80.0,5.0
13752,2020-07-27 00:00:00,278.17,104.0,44.0,2.0,0.0,120.0,78.0,5.0
13753,2020-07-27 01:00:00,288.64,110.0,44.0,2.0,0.0,119.0,76.0,5.0
13754,2020-07-27 02:00:00,294.37,112.0,47.0,2.0,1.0,112.0,79.0,5.0
13755,2020-07-27 03:00:00,310.77,114.0,47.0,2.0,5.0,90.0,81.0,5.0
13756,2020-07-27 04:00:00,328.82,112.0,51.0,2.0,16.0,59.0,80.0,5.0
13757,2020-07-27 05:00:00,334.55,117.0,53.0,2.0,38.0,40.0,78.0,5.0
13758,2020-07-27 06:00:00,373.73,174.0,53.0,2.0,61.0,42.0,77.0,5.0
13759,2020-07-27 07:00:00,423.52,273.0,45.0,2.0,80.0,52.0,79.0,5.0
13760,2020-07-27 08:00:00,436.95,306.0,51.0,2.0,87.0,51.0,80.0,5.0
13761,2020-07-27 09:00:00,438.64,299.0,55.0,2.0,85.0,46.0,79.0,5.0
13762,2020-07-27 10:00:00,467.49,336.0,45.0,2.0,78.0,41.0,81.0,5.0
13763,2020-07-27 11:00:00,490.45,363.0,30.0,2.0,75.0,36.0,80.0,5.0
13764,2020-07-27 12:00:00,501.14,355.0,31.0,2.0,63.0,31.0,80.0,5.0
13765,2020-07-27 13:00:00,534.76,400.0,32.0,2.0,48.0,27.0,82.0,5.0
13766,2020-07-27 14:00:00,526.12,333.0,32.0,2.0,35.0,21.0,81.0,5.0
13767,2020-07-27 15:00:00,566.19,376.0,34.0,2.0,20.0,14.0,81.0,5.0
13768,2020-07-27 16:00:00,564.18,342.0,43.0,2.0,10.0,11.0,81.0,5.0
13769,2020-07-27 17:00:00,582.9,382.0,52.0,2.0,4.0,10.0,81.0,5.0
13770,2020-07-27 18:00:00,572.13,333.0,52.0,2.0,1.0,5.0,83.0,5.0
13771,2020-07-27 19:00:00,538.84,267.0,54.0,2.0,0.0,8.0,83.0,5.0
13772,2020-07-27 20:00:00,526.94,256.0,56.0,2.0,0.0,12.0,83.0,5.0
13773,2020-07-27 21:00:00,529.62,261.0,56.0,2.0,0.0,12.0,83.0,4.0
13774,2020-07-27 22:00:00,507.4,232.0,56.0,2.0,0.0,15.0,84.0,5.0
13775,2020-07-27 23:00:00,511.05,229.0,55.0,2.0,0.0,15.0,80.0,5.0
13776,2020-07-28 00:00:00,505.17,230.0,55.0,2.0,0.0,20.0,80.0,5.0
13777,2020-07-28 01:00:00,504.53,231.0,55.0,2.0,0.0,22.0,79.0,5.0
13778,2020-07-28 02:00:00,496.04,231.0,54.0,2.0,1.0,25.0,82.0,5.0
13779,2020-07-28 03:00:00,496.72,233.0,56.0,2.0,4.0,21.0,83.0,5.0
13780,2020-07-28 04:00:00,548.09,318.0,56.0,2.0,10.0,10.0,83.0,5.0
13781,2020-07-28 05:00:00,569.07,391.0,55.0,2.0,18.0,10.0,82.0,5.0
13782,2020-07-28 06:00:00,560.48,407.0,53.0,2.0,31.0,13.0,81.0,5.0
13783,2020-07-28 07:00:00,549.74,409.0,54.0,2.0,40.0,15.0,82.0,5.0
13784,2020-07-28 08:00:00,539.33,408.0,55.0,2.0,44.0,22.0,82.0,5.0
13785,2020-07-28 09:00:00,548.89,410.0,55.0,2.0,38.0,18.0,82.0,5.0
13786,2020-07-28 10:00:00,546.27,411.0,56.0,2.0,41.0,18.0,82.0,5.0
13787,2020-07-28 11:00:00,541.42,404.0,55.0,2.0,43.0,22.0,79.0,5.0
13788,2020-07-28 12:00:00,545.8,402.0,56.0,2.0,38.0,20.0,80.0,5.0
13789,2020-07-28 13:00:00,555.88,410.0,56.0,2.0,34.0,15.0,81.0,5.0
13790,2020-07-28 14:00:00,563.97,409.0,56.0,2.0,27.0,13.0,81.0,5.0
13791,2020-07-28 15:00:00,572.04,411.0,54.0,2.0,22.0,11.0,81.0,5.0
13792,2020-07-28 16:00:00,581.06,406.0,55.0,2.0,12.0,8.0,83.0,5.0
13793,2020-07-28 17:00:00,595.66,409.0,44.0,2.0,4.0,7.0,83.0,5.0
13794,2020-07-28 18:00:00,595.43,400.0,38.0,2.0,1.0,9.0,84.0,5.0
13795,2020-07-28 19:00:00,553.67,324.0,39.0,2.0,0.0,21.0,85.0,5.0
13796,2020-07-28 20:00:00,509.54,264.0,38.0,2.0,0.0,34.0,84.0,5.0
13797,2020-07-28 21:00:00,497.87,282.0,36.0,2.0,0.0,55.0,83.0,5.0
13798,2020-07-28 22:00:00,458.71,234.0,36.0,2.0,0.0,63.0,83.0,5.0
13799,2020-07-28 23:00:00,462.76,227.0,40.0,2.0,0.0,57.0,80.0,5.0
13800,2020-07-29 00:00:00,508.4,249.0,51.0,2.0,0.0,28.0,80.0,5.0
13801,2020-07-29 01:00:00,497.27,232.0,60.0,2.0,0.0,27.0,79.0,5.0
13802,2020-07-29 02:00:00,499.74,231.0,58.0,2.0,1.0,23.0,80.0,5.0
13803,2020-07-29 03:00:00,478.15,239.0,57.0,2.0,2.0,44.0,81.0,5.0
13804,2020-07-29 04:00:00,516.87,326.0,56.0,2.0,6.0,49.0,81.0,5.0
13805,2020-07-29 05:00:00,554.2,397.0,59.0,2.0,10.0,35.0,81.0,5.0
13806,2020-07-29 06:00:00,542.67,404.0,60.0,2.0,11.0,49.0,81.0,5.0
13807,2020-07-29 07:00:00,525.31,390.0,43.0,2.0,18.0,61.0,81.0,5.0
13808,2020-07-29 08:00:00,503.28,387.0,42.0,2.0,28.0,75.0,82.0,5.0
13809,2020-07-29 09:00:00,477.88,393.0,40.0,2.0,48.0,92.0,82.0,5.0
13810,2020-07-29 10:00:00,463.24,395.0,41.0,2.0,62.0,99.0,83.0,5.0
13811,2020-07-29 11:00:00,468.88,399.0,42.0,2.0,66.0,91.0,81.0,5.0
13812,2020-07-29 12:00:00,448.7,392.0,42.0,2.0,68.0,115.0,81.0,5.0
13813,2020-07-29 13:00:00,441.15,370.0,43.0,2.0,49.0,130.0,81.0,5.0
13814,2020-07-29 14:00:00,427.09,344.0,44.0,2.0,36.0,145.0,81.0,5.0
13815,2020-07-29 15:00:00,439.48,350.0,43.0,2.0,23.0,143.0,82.0,5.0
13816,2020-07-29 16:00:00,471.96,365.0,41.0,2.0,10.0,121.0,82.0,5.0
13817,2020-07-29 17:00:00,451.58,307.0,39.0,2.0,4.0,116.0,82.0,5.0
13818,2020-07-29 18:00:00,410.01,233.0,40.0,2.0,1.0,111.0,83.0,5.0
13819,2020-07-29 19:00:00,420.12,236.0,40.0,2.0,0.0,101.0,85.0,5.0
13820,2020-07-29 20:00:00,425.43,232.0,40.0,2.0,0.0,92.0,85.0,5.0
13821,2020-07-29 21:00:00,429.07,227.0,42.0,2.0,0.0,84.0,85.0,5.0
13822,2020-07-29 22:00:00,421.0,228.0,53.0,2.0,0.0,92.0,85.0,5.0
13823,2020-07-29 23:00:00,418.45,230.0,57.0,2.0,0.0,100.0,81.0,5.0
13824,2020-07-30 00:00:00,442.04,243.0,57.0,2.0,0.0,83.0,82.0,5.0
13825,2020-07-30 01:00:00,457.33,259.0,56.0,2.0,0.0,79.0,81.0,5.0
13826,2020-07-30 02:00:00,431.07,231.0,56.0,2.0,1.0,84.0,83.0,5.0
13827,2020-07-30 03:00:00,439.04,247.0,58.0,2.0,5.0,83.0,83.0,5.0
13828,2020-07-30 04:00:00,424.39,249.0,60.0,2.0,13.0,92.0,84.0,5.0
13829,2020-07-30 05:00:00,444.34,318.0,62.0,2.0,21.0,106.0,88.0,5.0
13830,2020-07-30 06:00:00,485.26,401.0,63.0,2.0,22.0,100.0,89.0,5.0
13831,2020-07-30 07:00:00,473.49,411.0,63.0,2.0,32.0,113.0,89.0,5.0
13832,2020-07-30 08:00:00,451.38,399.0,62.0,2.0,40.0,134.0,87.0,5.0
13833,2020-07-30 09:00:00,422.56,392.0,63.0,2.0,49.0,168.0,88.0,5.0
13834,2020-07-30 10:00:00,425.61,381.0,62.0,2.0,51.0,152.0,88.0,5.0
13835,2020-07-30 11:00:00,436.0,379.0,61.0,2.0,47.0,140.0,85.0,5.0
13836,2020-07-30 12:00:00,425.95,373.0,63.0,2.0,42.0,157.0,85.0,5.0
13837,2020-07-30 13:00:00,446.9,400.0,62.0,2.0,38.0,144.0,87.0,5.0
13838,2020-07-30 14:00:00,410.77,314.0,60.0,2.0,30.0,145.0,86.0,5.0
13839,2020-07-30 15:00:00,282.82,130.0,60.0,2.0,23.0,132.0,86.0,5.0
13840,2020-07-30 16:00:00,299.37,128.0,57.0,2.0,11.0,116.0,86.0,5.0
13841,2020-07-30 17:00:00,331.49,125.0,58.0,2.0,4.0,80.0,86.0,5.0
13842,2020-07-30 18:00:00,349.96,125.0,58.0,2.0,1.0,64.0,86.0,5.0
13843,2020-07-30 19:00:00,347.73,124.0,58.0,2.0,0.0,67.0,85.0,5.0
13844,2020-07-30 20:00:00,444.92,212.0,57.0,1.0,0.0,57.0,84.0,5.0
13845,2020-07-30 21:00:00,467.41,236.0,57.0,1.0,0.0,51.0,85.0,5.0
13846,2020-07-30 22:00:00,486.79,232.0,38.0,1.0,0.0,37.0,84.0,5.0
13847,2020-07-30 23:00:00,485.27,233.0,33.0,1.0,0.0,43.0,81.0,5.0
13848,2020-07-31 00:00:00,496.44,230.0,31.0,1.0,0.0,33.0,81.0,5.0
13849,2020-07-31 01:00:00,502.3,236.0,41.0,1.0,0.0,28.0,82.0,5.0
13850,2020-07-31 02:00:00,508.32,234.0,57.0,1.0,1.0,18.0,81.0,5.0
13851,2020-07-31 03:00:00,511.41,238.0,59.0,1.0,4.0,13.0,82.0,5.0
13852,2020-07-31 04:00:00,501.26,246.0,60.0,1.0,12.0,16.0,83.0,5.0
13853,2020-07-31 05:00:00,512.95,317.0,62.0,1.0,26.0,24.0,85.0,5.0
13854,2020-07-31 06:00:00,509.42,381.0,55.0,1.0,42.0,45.0,85.0,5.0
13855,2020-07-31 07:00:00,506.18,398.0,53.0,1.0,56.0,58.0,71.0,5.0
13856,2020-07-31 08:00:00,500.81,400.0,45.0,2.0,61.0,68.0,65.0,5.0
13857,2020-07-31 09:00:00,476.66,398.0,34.0,2.0,64.0,88.0,76.0,5.0
13858,2020-07-31 10:00:00,460.44,400.0,33.0,2.0,65.0,105.0,83.0,5.0
13859,2020-07-31 11:00:00,469.9,396.0,31.0,2.0,59.0,96.0,82.0,5.0
13860,2020-07-31 12:00:00,463.04,388.0,40.0,2.0,61.0,95.0,84.0,5.0
13861,2020-07-31 13:00:00,467.28,382.0,55.0,2.0,62.0,81.0,84.0,5.0
13862,2020-07-31 14:00:00,477.61,381.0,59.0,2.0,51.0,75.0,85.0,5.0
13863,2020-07-31 15:00:00,478.64,332.0,58.0,2.0,30.0,67.0,84.0,5.0
13864,2020-07-31 16:00:00,528.97,378.0,55.0,2.0,12.0,51.0,84.0,5.0
13865,2020-07-31 17:00:00,552.03,390.0,55.0,2.0,3.0,41.0,83.0,5.0
13866,2020-07-31 18:00:00,534.81,364.0,54.0,2.0,1.0,50.0,84.0,5.0
13867,2020-07-31 19:00:00,531.85,370.0,53.0,2.0,0.0,56.0,85.0,5.0
13868,2020-07-31 20:00:00,549.22,391.0,53.0,2.0,0.0,48.0,83.0,5.0
13869,2020-07-31 21:00:00,545.24,359.0,55.0,1.0,0.0,41.0,82.0,5.0
13870,2020-07-31 22:00:00,514.26,298.0,57.0,1.0,0.0,46.0,80.0,5.0
13871,2020-07-31 23:00:00,489.94,241.0,56.0,1.0,0.0,43.0,76.0,5.0
13872,2020-08-01 00:00:00,474.88,235.0,55.0,1.0,0.0,52.0,77.0,5.0
13873,2020-08-01 01:00:00,454.56,235.0,55.0,1.0,0.0,72.0,76.0,5.0
13874,2020-08-01 02:00:00,443.69,234.0,56.0,1.0,1.0,79.0,78.0,5.0
13875,2020-08-01 03:00:00,442.82,236.0,58.0,1.0,5.0,77.0,78.0,5.0
13876,2020-08-01 04:00:00,436.56,235.0,57.0,1.0,15.0,71.0,80.0,5.0
13877,2020-08-01 05:00:00,422.54,237.0,57.0,1.0,34.0,69.0,80.0,5.0
13878,2020-08-01 06:00:00,447.06,312.0,57.0,1.0,54.0,74.0,81.0,5.0
13879,2020-08-01 07:00:00,458.82,361.0,58.0,2.0,66.0,78.0,81.0,5.0
13880,2020-08-01 08:00:00,446.96,348.0,59.0,2.0,73.0,79.0,81.0,5.0
13881,2020-08-01 09:00:00,458.22,367.0,57.0,2.0,82.0,67.0,81.0,5.0
13882,2020-08-01 10:00:00,448.47,343.0,61.0,2.0,84.0,62.0,81.0,5.0
13883,2020-08-01 11:00:00,438.33,319.0,62.0,2.0,88.0,57.0,79.0,5.0
13884,2020-08-01 12:00:00,438.06,314.0,60.0,2.0,87.0,54.0,80.0,5.0
13885,2020-08-01 13:00:00,448.59,318.0,58.0,2.0,79.0,51.0,80.0,5.0
13886,2020-08-01 14:00:00,475.66,333.0,59.0,2.0,61.0,43.0,81.0,5.0
13887,2020-08-01 15:00:00,524.66,359.0,56.0,2.0,35.0,28.0,80.0,5.0
13888,2020-08-01 16:00:00,561.12,378.0,59.0,2.0,13.0,19.0,80.0,5.0
13889,2020-08-01 17:00:00,570.03,361.0,58.0,2.0,4.0,14.0,80.0,5.0
13890,2020-08-01 18:00:00,554.79,323.0,59.0,2.0,1.0,16.0,81.0,5.0
13891,2020-08-01 19:00:00,563.48,356.0,59.0,2.0,0.0,21.0,81.0,5.0
13892,2020-08-01 20:00:00,538.73,312.0,59.0,2.0,0.0,28.0,80.0,5.0
13893,2020-08-01 21:00:00,533.03,296.0,57.0,2.0,0.0,27.0,80.0,5.0
13894,2020-08-01 22:00:00,506.37,242.0,59.0,2.0,0.0,24.0,80.0,5.0
13895,2020-08-01 23:00:00,507.9,239.0,60.0,2.0,0.0,25.0,76.0,5.0
13896,2020-08-02 00:00:00,496.96,232.0,61.0,2.0,0.0,29.0,77.0,5.0
13897,2020-08-02 01:00:00,506.05,246.0,60.0,2.0,0.0,29.0,77.0,5.0
13898,2020-08-02 02:00:00,510.32,250.0,58.0,2.0,2.0,24.0,79.0,5.0
13899,2020-08-02 03:00:00,495.3,236.0,59.0,2.0,7.0,25.0,78.0,5.0
13900,2020-08-02 04:00:00,488.0,237.0,62.0,2.0,16.0,21.0,79.0,5.0
13901,2020-08-02 05:00:00,464.53,239.0,60.0,2.0,34.0,24.0,81.0,5.0
13902,2020-08-02 06:00:00,425.02,236.0,60.0,2.0,59.0,39.0,80.0,5.0
13903,2020-08-02 07:00:00,404.96,236.0,58.0,2.0,75.0,47.0,80.0,5.0
13904,2020-08-02 08:00:00,399.23,236.0,61.0,2.0,79.0,50.0,80.0,5.0
13905,2020-08-02 09:00:00,388.49,238.0,63.0,2.0,85.0,60.0,80.0,5.0
13906,2020-08-02 10:00:00,384.93,237.0,62.0,2.0,86.0,63.0,80.0,5.0
13907,2020-08-02 11:00:00,390.14,236.0,60.0,2.0,81.0,61.0,79.0,5.0
13908,2020-08-02 12:00:00,401.47,238.0,60.0,2.0,70.0,59.0,79.0,5.0
13909,2020-08-02 13:00:00,464.29,314.0,60.0,2.0,53.0,54.0,80.0,5.0
13910,2020-08-02 14:00:00,512.38,385.0,60.0,2.0,39.0,48.0,81.0,5.0
13911,2020-08-02 15:00:00,539.92,389.0,60.0,2.0,24.0,34.0,80.0,5.0
13912,2020-08-02 16:00:00,565.78,406.0,62.0,2.0,10.0,26.0,80.0,5.0
13913,2020-08-02 17:00:00,578.33,415.0,62.0,2.0,3.0,24.0,79.0,5.0
13914,2020-08-02 18:00:00,558.84,393.0,61.0,2.0,1.0,37.0,81.0,5.0
13915,2020-08-02 19:00:00,555.34,403.0,59.0,2.0,0.0,46.0,81.0,5.0
13916,2020-08-02 20:00:00,552.98,414.0,58.0,2.0,0.0,54.0,80.0,5.0
13917,2020-08-02 21:00:00,546.75,408.0,60.0,2.0,0.0,59.0,79.0,5.0
13918,2020-08-02 22:00:00,500.01,280.0,59.0,2.0,0.0,51.0,78.0,5.0
13919,2020-08-02 23:00:00,470.99,233.0,61.0,2.0,0.0,54.0,75.0,5.0
13920,2020-08-03 00:00:00,465.92,237.0,62.0,2.0,0.0,60.0,76.0,5.0
13921,2020-08-03 01:00:00,468.84,235.0,62.0,2.0,0.0,58.0,74.0,5.0
13922,2020-08-03 02:00:00,462.31,236.0,61.0,2.0,1.0,63.0,75.0,5.0
13923,2020-08-03 03:00:00,464.57,257.0,62.0,2.0,4.0,70.0,76.0,5.0
13924,2020-08-03 04:00:00,506.4,364.0,63.0,2.0,8.0,79.0,77.0,5.0
13925,2020-08-03 05:00:00,515.81,413.0,64.0,2.0,12.0,85.0,79.0,5.0
13926,2020-08-03 06:00:00,523.86,412.0,62.0,2.0,14.0,74.0,78.0,5.0
13927,2020-08-03 07:00:00,523.36,404.0,62.0,2.0,21.0,64.0,78.0,5.0
13928,2020-08-03 08:00:00,509.54,407.0,61.0,2.0,29.0,74.0,79.0,5.0
13929,2020-08-03 09:00:00,497.12,410.0,61.0,2.0,43.0,79.0,78.0,5.0
13930,2020-08-03 10:00:00,477.68,412.0,60.0,2.0,54.0,97.0,78.0,5.0
13931,2020-08-03 11:00:00,475.83,402.0,59.0,2.0,65.0,85.0,76.0,5.0
13932,2020-08-03 12:00:00,485.43,409.0,60.0,2.0,64.0,75.0,77.0,5.0
13933,2020-08-03 13:00:00,493.44,415.0,56.0,2.0,65.0,66.0,78.0,5.0
13934,2020-08-03 14:00:00,516.19,405.0,56.0,2.0,46.0,51.0,77.0,5.0
13935,2020-08-03 15:00:00,540.36,410.0,57.0,2.0,27.0,42.0,78.0,5.0
13936,2020-08-03 16:00:00,572.02,412.0,55.0,2.0,12.0,25.0,77.0,5.0
13937,2020-08-03 17:00:00,540.16,299.0,54.0,2.0,3.0,23.0,77.0,5.0
13938,2020-08-03 18:00:00,525.92,274.0,52.0,2.0,1.0,26.0,78.0,5.0
13939,2020-08-03 19:00:00,539.27,293.0,55.0,2.0,0.0,22.0,79.0,5.0
13940,2020-08-03 20:00:00,536.25,290.0,56.0,2.0,0.0,24.0,78.0,5.0
13941,2020-08-03 21:00:00,533.73,288.0,57.0,2.0,0.0,24.0,79.0,5.0
13942,2020-08-03 22:00:00,554.58,309.0,56.0,2.0,0.0,15.0,79.0,5.0
13943,2020-08-03 23:00:00,527.19,239.0,57.0,2.0,0.0,12.0,75.0,5.0
13944,2020-08-04 00:00:00,525.78,229.0,59.0,2.0,0.0,8.0,75.0,5.0
13945,2020-08-04 01:00:00,529.19,230.0,59.0,2.0,0.0,7.0,74.0,5.0
13946,2020-08-04 02:00:00,522.81,234.0,57.0,2.0,0.0,11.0,77.0,5.0
13947,2020-08-04 03:00:00,520.48,247.0,56.0,2.0,1.0,18.0,77.0,5.0
13948,2020-08-04 04:00:00,556.32,333.0,57.0,2.0,4.0,21.0,76.0,5.0
13949,2020-08-04 05:00:00,580.65,410.0,54.0,2.0,9.0,19.0,77.0,5.0
13950,2020-08-04 06:00:00,580.87,411.0,57.0,2.0,15.0,12.0,77.0,5.0
13951,2020-08-04 07:00:00,584.05,423.0,61.0,2.0,17.0,9.0,77.0,5.0
13952,2020-08-04 08:00:00,574.95,404.0,59.0,2.0,19.0,9.0,79.0,5.0
13953,2020-08-04 09:00:00,573.92,405.0,60.0,2.0,19.0,10.0,79.0,5.0
13954,2020-08-04 10:00:00,575.44,414.0,61.0,2.0,20.0,10.0,79.0,5.0
13955,2020-08-04 11:00:00,580.82,407.0,62.0,2.0,15.0,9.0,77.0,5.0
13956,2020-08-04 12:00:00,581.87,408.0,60.0,2.0,14.0,9.0,78.0,5.0
13957,2020-08-04 13:00:00,584.51,410.0,60.0,2.0,13.0,8.0,78.0,5.0
13958,2020-08-04 14:00:00,591.05,410.0,59.0,2.0,9.0,7.0,77.0,5.0
13959,2020-08-04 15:00:00,596.18,406.0,59.0,2.0,5.0,8.0,74.0,5.0
13960,2020-08-04 16:00:00,612.76,404.0,60.0,2.0,3.0,7.0,61.0,5.0
13961,2020-08-04 17:00:00,606.71,400.0,61.0,2.0,1.0,7.0,67.0,5.0
13962,2020-08-04 18:00:00,595.25,392.0,59.0,2.0,0.0,6.0,78.0,5.0
13963,2020-08-04 19:00:00,588.14,382.0,58.0,2.0,0.0,9.0,79.0,5.0
13964,2020-08-04 20:00:00,595.44,403.0,56.0,2.0,0.0,8.0,80.0,5.0
13965,2020-08-04 21:00:00,573.05,348.0,58.0,2.0,0.0,11.0,80.0,5.0
13966,2020-08-04 22:00:00,552.28,318.0,57.0,2.0,0.0,20.0,79.0,5.0
13967,2020-08-04 23:00:00,500.8,236.0,57.0,2.0,0.0,30.0,76.0,5.0
13968,2020-08-05 00:00:00,500.48,235.0,56.0,2.0,0.0,31.0,75.0,5.0
13969,2020-08-05 01:00:00,505.39,233.0,60.0,2.0,0.0,26.0,74.0,5.0
13970,2020-08-05 02:00:00,501.94,234.0,61.0,2.0,0.0,26.0,77.0,5.0
13971,2020-08-05 03:00:00,505.11,243.0,61.0,2.0,3.0,25.0,77.0,5.0
13972,2020-08-05 04:00:00,556.37,345.0,61.0,2.0,9.0,18.0,77.0,5.0
13973,2020-08-05 05:00:00,558.59,408.0,60.0,2.0,27.0,22.0,76.0,5.0
13974,2020-08-05 06:00:00,523.76,406.0,60.0,2.0,58.0,30.0,76.0,5.0
13975,2020-08-05 07:00:00,494.59,411.0,61.0,2.0,83.0,43.0,78.0,5.0
13976,2020-08-05 08:00:00,478.76,407.0,62.0,2.0,95.0,51.0,78.0,5.0
13977,2020-08-05 09:00:00,474.56,405.0,62.0,2.0,96.0,56.0,77.0,5.0
13978,2020-08-05 10:00:00,467.88,403.0,61.0,2.0,93.0,68.0,77.0,5.0
13979,2020-08-05 11:00:00,476.9,408.0,59.0,2.0,86.0,66.0,76.0,5.0
13980,2020-08-05 12:00:00,487.54,405.0,59.0,2.0,73.0,61.0,77.0,5.0
13981,2020-08-05 13:00:00,510.16,404.0,60.0,2.0,53.0,48.0,79.0,5.0
13982,2020-08-05 14:00:00,539.27,401.0,62.0,2.0,30.0,35.0,78.0,5.0
13983,2020-08-05 15:00:00,554.38,402.0,61.0,2.0,18.0,31.0,78.0,5.0
13984,2020-08-05 16:00:00,527.02,319.0,62.0,2.0,9.0,35.0,77.0,5.0
13985,2020-08-05 17:00:00,493.11,234.0,62.0,2.0,3.0,30.0,77.0,5.0
13986,2020-08-05 18:00:00,485.36,229.0,61.0,2.0,0.0,35.0,79.0,5.0
13987,2020-08-05 19:00:00,484.24,233.0,62.0,2.0,0.0,37.0,80.0,5.0
13988,2020-08-05 20:00:00,487.64,232.0,60.0,2.0,0.0,35.0,79.0,5.0
13989,2020-08-05 21:00:00,472.95,231.0,61.0,2.0,0.0,47.0,79.0,5.0
13990,2020-08-05 22:00:00,462.63,229.0,62.0,2.0,0.0,55.0,79.0,5.0
13991,2020-08-05 23:00:00,465.4,228.0,61.0,2.0,0.0,56.0,75.0,5.0
13992,2020-08-06 00:00:00,461.62,226.0,62.0,1.0,0.0,59.0,75.0,5.0
13993,2020-08-06 01:00:00,469.96,225.0,61.0,1.0,0.0,53.0,73.0,5.0
13994,2020-08-06 02:00:00,472.27,228.0,60.0,1.0,1.0,50.0,75.0,5.0
13995,2020-08-06 03:00:00,493.54,268.0,58.0,1.0,4.0,52.0,74.0,5.0
13996,2020-08-06 04:00:00,533.18,365.0,61.0,1.0,9.0,51.0,76.0,5.0
13997,2020-08-06 05:00:00,530.34,364.0,63.0,1.0,16.0,46.0,76.0,5.0
13998,2020-08-06 06:00:00,518.86,370.0,61.0,1.0,25.0,50.0,79.0,5.0
13999,2020-08-06 07:00:00,496.37,361.0,61.0,2.0,33.0,60.0,82.0,5.0
14000,2020-08-06 08:00:00,494.02,371.0,62.0,2.0,35.0,65.0,83.0,5.0
14001,2020-08-06 09:00:00,498.82,371.0,62.0,2.0,35.0,62.0,80.0,5.0
14002,2020-08-06 10:00:00,504.17,373.0,60.0,2.0,35.0,57.0,80.0,5.0
14003,2020-08-06 11:00:00,500.17,365.0,59.0,2.0,37.0,58.0,78.0,5.0
14004,2020-08-06 12:00:00,494.44,365.0,59.0,2.0,42.0,60.0,78.0,5.0
14005,2020-08-06 13:00:00,509.72,361.0,58.0,2.0,35.0,46.0,79.0,5.0
14006,2020-08-06 14:00:00,528.1,361.0,60.0,2.0,26.0,34.0,79.0,5.0
14007,2020-08-06 15:00:00,547.99,359.0,62.0,2.0,16.0,22.0,79.0,5.0
14008,2020-08-06 16:00:00,550.51,313.0,62.0,2.0,6.0,13.0,78.0,5.0
14009,2020-08-06 17:00:00,513.45,230.0,61.0,2.0,2.0,12.0,78.0,5.0
14010,2020-08-06 18:00:00,520.75,236.0,62.0,2.0,0.0,9.0,80.0,5.0
14011,2020-08-06 19:00:00,524.7,256.0,62.0,2.0,0.0,15.0,80.0,5.0
14012,2020-08-06 20:00:00,527.18,265.0,62.0,2.0,0.0,17.0,80.0,5.0
14013,2020-08-06 21:00:00,549.02,294.0,62.0,2.0,0.0,11.0,80.0,5.0
14014,2020-08-06 22:00:00,509.99,217.0,62.0,2.0,0.0,9.0,79.0,5.0
14015,2020-08-06 23:00:00,508.03,202.0,62.0,2.0,0.0,7.0,75.0,5.0
14016,2020-08-07 00:00:00,500.69,192.0,62.0,2.0,0.0,8.0,74.0,5.0
14017,2020-08-07 01:00:00,491.23,174.0,61.0,2.0,0.0,6.0,73.0,5.0
14018,2020-08-07 02:00:00,498.78,189.0,61.0,2.0,0.0,4.0,78.0,5.0
14019,2020-08-07 03:00:00,555.37,290.0,60.0,2.0,3.0,6.0,76.0,5.0
14020,2020-08-07 04:00:00,557.57,315.0,61.0,2.0,9.0,7.0,76.0,5.0
14021,2020-08-07 05:00:00,549.4,334.0,59.0,2.0,20.0,10.0,77.0,5.0
14022,2020-08-07 06:00:00,528.87,340.0,60.0,2.0,35.0,16.0,78.0,5.0
14023,2020-08-07 07:00:00,513.79,362.0,61.0,2.0,55.0,22.0,78.0,5.0
14024,2020-08-07 08:00:00,518.08,410.0,63.0,2.0,68.0,27.0,77.0,5.0
14025,2020-08-07 09:00:00,514.7,422.0,63.0,2.0,76.0,28.0,78.0,5.0
14026,2020-08-07 10:00:00,511.54,417.0,62.0,2.0,78.0,29.0,77.0,5.0
14027,2020-08-07 11:00:00,518.51,440.0,61.0,2.0,78.0,32.0,76.0,5.0
14028,2020-08-07 12:00:00,522.34,427.0,61.0,2.0,70.0,28.0,77.0,5.0
14029,2020-08-07 13:00:00,536.7,442.0,62.0,2.0,60.0,26.0,77.0,5.0
14030,2020-08-07 14:00:00,548.98,424.0,62.0,2.0,44.0,19.0,78.0,5.0
14031,2020-08-07 15:00:00,579.58,448.0,62.0,2.0,26.0,12.0,77.0,5.0
14032,2020-08-07 16:00:00,598.12,434.0,61.0,2.0,10.0,6.0,76.0,5.0
14033,2020-08-07 17:00:00,605.04,423.0,62.0,2.0,3.0,3.0,76.0,5.0
14034,2020-08-07 18:00:00,605.18,422.0,61.0,2.0,0.0,3.0,79.0,5.0
14035,2020-08-07 19:00:00,607.43,428.0,62.0,2.0,0.0,2.0,79.0,5.0
14036,2020-08-07 20:00:00,580.55,337.0,61.0,2.0,0.0,2.0,78.0,5.0
14037,2020-08-07 21:00:00,595.28,379.0,60.0,2.0,0.0,2.0,78.0,5.0
14038,2020-08-07 22:00:00,563.91,291.0,59.0,2.0,0.0,2.0,77.0,5.0
14039,2020-08-07 23:00:00,565.56,289.0,62.0,2.0,0.0,2.0,74.0,5.0
14040,2020-08-08 00:00:00,562.84,283.0,62.0,2.0,0.0,2.0,74.0,5.0
14041,2020-08-08 01:00:00,563.76,286.0,63.0,2.0,0.0,2.0,74.0,5.0
14042,2020-08-08 02:00:00,556.08,287.0,61.0,2.0,1.0,5.0,77.0,5.0
14043,2020-08-08 03:00:00,548.45,285.0,62.0,2.0,4.0,7.0,77.0,5.0
14044,2020-08-08 04:00:00,533.28,286.0,62.0,2.0,14.0,8.0,79.0,5.0
14045,2020-08-08 05:00:00,540.7,368.0,62.0,2.0,35.0,14.0,79.0,5.0
14046,2020-08-08 06:00:00,531.05,427.0,61.0,2.0,61.0,23.0,80.0,5.0
14047,2020-08-08 07:00:00,504.75,413.0,62.0,2.0,82.0,30.0,79.0,5.0
14048,2020-08-08 08:00:00,499.23,416.0,62.0,2.0,90.0,31.0,79.0,5.0
14049,2020-08-08 09:00:00,497.66,419.0,61.0,2.0,94.0,31.0,79.0,5.0
14050,2020-08-08 10:00:00,494.42,418.0,61.0,2.0,96.0,34.0,78.0,5.0
14051,2020-08-08 11:00:00,497.81,417.0,60.0,2.0,94.0,33.0,76.0,5.0
14052,2020-08-08 12:00:00,497.49,401.0,60.0,2.0,86.0,33.0,76.0,5.0
14053,2020-08-08 13:00:00,520.47,437.0,61.0,2.0,74.0,30.0,78.0,5.0
14054,2020-08-08 14:00:00,551.47,473.0,61.0,2.0,54.0,26.0,77.0,5.0
14055,2020-08-08 15:00:00,583.75,475.0,61.0,2.0,29.0,14.0,76.0,5.0
14056,2020-08-08 16:00:00,601.18,453.0,61.0,2.0,10.0,9.0,75.0,5.0
14057,2020-08-08 17:00:00,601.16,434.0,61.0,2.0,3.0,10.0,76.0,5.0
14058,2020-08-08 18:00:00,598.15,429.0,60.0,2.0,0.0,13.0,78.0,5.0
14059,2020-08-08 19:00:00,569.97,355.0,61.0,2.0,0.0,16.0,79.0,5.0
14060,2020-08-08 20:00:00,545.33,293.0,61.0,2.0,0.0,16.0,78.0,5.0
14061,2020-08-08 21:00:00,546.11,287.0,61.0,2.0,0.0,13.0,78.0,5.0
14062,2020-08-08 22:00:00,543.9,290.0,61.0,2.0,0.0,17.0,77.0,5.0
14063,2020-08-08 23:00:00,543.43,289.0,61.0,2.0,0.0,19.0,75.0,5.0
14064,2020-08-09 00:00:00,542.22,289.0,61.0,2.0,0.0,20.0,75.0,5.0
14065,2020-08-09 01:00:00,538.65,289.0,61.0,2.0,0.0,24.0,74.0,5.0
14066,2020-08-09 02:00:00,533.78,291.0,61.0,2.0,1.0,25.0,77.0,5.0
14067,2020-08-09 03:00:00,528.4,291.0,60.0,2.0,4.0,28.0,76.0,5.0
14068,2020-08-09 04:00:00,523.29,292.0,60.0,2.0,14.0,22.0,77.0,5.0
14069,2020-08-09 05:00:00,496.66,290.0,61.0,2.0,38.0,19.0,80.0,5.0
14070,2020-08-09 06:00:00,467.35,288.0,60.0,2.0,64.0,24.0,79.0,5.0
14071,2020-08-09 07:00:00,448.69,293.0,61.0,2.0,85.0,29.0,78.0,5.0
14072,2020-08-09 08:00:00,435.62,292.0,60.0,2.0,97.0,33.0,78.0,5.0
14073,2020-08-09 09:00:00,426.01,291.0,60.0,2.0,102.0,40.0,78.0,5.0
14074,2020-08-09 10:00:00,424.45,291.0,61.0,2.0,100.0,45.0,77.0,5.0
14075,2020-08-09 11:00:00,430.91,288.0,61.0,2.0,95.0,40.0,76.0,5.0
14076,2020-08-09 12:00:00,436.41,288.0,60.0,2.0,87.0,40.0,77.0,5.0
14077,2020-08-09 13:00:00,445.85,288.0,61.0,2.0,73.0,41.0,78.0,5.0
14078,2020-08-09 14:00:00,472.94,287.0,61.0,2.0,51.0,30.0,79.0,5.0
14079,2020-08-09 15:00:00,529.35,348.0,60.0,2.0,29.0,25.0,78.0,5.0
14080,2020-08-09 16:00:00,574.69,424.0,61.0,2.0,10.0,26.0,77.0,5.0
14081,2020-08-09 17:00:00,582.78,434.0,60.0,2.0,3.0,29.0,76.0,5.0
14082,2020-08-09 18:00:00,572.2,421.0,60.0,2.0,0.0,35.0,80.0,5.0
14083,2020-08-09 19:00:00,573.82,417.0,60.0,2.0,0.0,33.0,79.0,5.0
14084,2020-08-09 20:00:00,538.25,344.0,61.0,2.0,0.0,43.0,78.0,5.0
14085,2020-08-09 21:00:00,482.71,286.0,61.0,2.0,0.0,71.0,78.0,5.0
14086,2020-08-09 22:00:00,489.77,291.0,59.0,2.0,0.0,68.0,77.0,5.0
14087,2020-08-09 23:00:00,499.88,311.0,60.0,2.0,0.0,72.0,73.0,5.0
14088,2020-08-10 00:00:00,501.63,317.0,61.0,2.0,0.0,73.0,73.0,5.0
14089,2020-08-10 01:00:00,525.75,347.0,61.0,2.0,0.0,59.0,76.0,5.0
14090,2020-08-10 02:00:00,530.04,375.0,60.0,2.0,1.0,66.0,76.0,5.0
14091,2020-08-10 03:00:00,545.81,441.0,60.0,2.0,4.0,67.0,81.0,5.0
14092,2020-08-10 04:00:00,571.86,571.0,62.0,2.0,13.0,69.0,82.0,5.0
14093,2020-08-10 05:00:00,565.7,593.0,60.0,2.0,33.0,63.0,85.0,5.0
14094,2020-08-10 06:00:00,563.51,640.0,59.0,2.0,57.0,58.0,86.0,5.0
14095,2020-08-10 07:00:00,541.29,632.0,59.0,2.0,80.0,70.0,85.0,5.0
14096,2020-08-10 08:00:00,535.21,667.0,60.0,2.0,92.0,85.0,83.0,5.0
14097,2020-08-10 09:00:00,527.29,640.0,60.0,2.0,95.0,85.0,83.0,5.0
14098,2020-08-10 10:00:00,529.02,658.0,59.0,2.0,102.0,82.0,84.0,5.0
14099,2020-08-10 11:00:00,526.42,658.0,62.0,2.0,98.0,93.0,81.0,5.0
14100,2020-08-10 12:00:00,518.54,599.0,61.0,2.0,94.0,84.0,82.0,5.0
14101,2020-08-10 13:00:00,506.19,518.0,61.0,2.0,81.0,79.0,82.0,5.0
14102,2020-08-10 14:00:00,524.52,529.0,61.0,2.0,58.0,76.0,84.0,5.0
14103,2020-08-10 15:00:00,569.11,618.0,61.0,2.0,32.0,67.0,85.0,5.0
14104,2020-08-10 16:00:00,598.29,627.0,61.0,2.0,10.0,49.0,85.0,5.0
14105,2020-08-10 17:00:00,615.11,631.0,61.0,2.0,2.0,36.0,84.0,5.0
14106,2020-08-10 18:00:00,594.96,556.0,61.0,2.0,0.0,43.0,86.0,5.0
14107,2020-08-10 19:00:00,595.54,589.0,62.0,2.0,0.0,51.0,86.0,5.0
14108,2020-08-10 20:00:00,595.7,568.0,62.0,2.0,0.0,46.0,85.0,5.0
14109,2020-08-10 21:00:00,570.09,453.0,54.0,2.0,0.0,45.0,85.0,5.0
14110,2020-08-10 22:00:00,559.2,418.0,48.0,2.0,0.0,47.0,85.0,5.0
14111,2020-08-10 23:00:00,559.3,409.0,47.0,2.0,0.0,48.0,81.0,5.0
14112,2020-08-11 00:00:00,564.99,407.0,48.0,2.0,0.0,42.0,80.0,5.0
14113,2020-08-11 01:00:00,558.14,401.0,48.0,2.0,0.0,47.0,80.0,5.0
14114,2020-08-11 02:00:00,557.4,418.0,30.0,2.0,1.0,58.0,81.0,5.0
14115,2020-08-11 03:00:00,569.29,493.0,32.0,2.0,4.0,62.0,86.0,5.0
14116,2020-08-11 04:00:00,587.85,641.0,34.0,2.0,14.0,69.0,90.0,5.0
14117,2020-08-11 05:00:00,584.76,696.0,34.0,2.0,34.0,68.0,92.0,5.0
14118,2020-08-11 06:00:00,569.48,702.0,34.0,2.0,52.0,76.0,93.0,5.0
14119,2020-08-11 07:00:00,560.56,702.0,35.0,2.0,65.0,80.0,91.0,5.0
14120,2020-08-11 08:00:00,555.49,694.0,35.0,2.0,72.0,78.0,92.0,5.0
14121,2020-08-11 09:00:00,540.02,622.0,34.0,2.0,74.0,74.0,93.0,5.0
14122,2020-08-11 10:00:00,543.63,642.0,37.0,2.0,74.0,75.0,93.0,5.0
14123,2020-08-11 11:00:00,543.3,603.0,37.0,2.0,68.0,69.0,90.0,5.0
14124,2020-08-11 12:00:00,548.22,594.0,36.0,2.0,61.0,64.0,91.0,5.0
14125,2020-08-11 13:00:00,558.07,608.0,42.0,2.0,50.0,63.0,91.0,5.0
14126,2020-08-11 14:00:00,566.38,602.0,40.0,2.0,37.0,61.0,92.0,5.0
14127,2020-08-11 15:00:00,588.63,601.0,40.0,2.0,20.0,48.0,90.0,5.0
14128,2020-08-11 16:00:00,600.51,606.0,41.0,2.0,7.0,46.0,90.0,5.0
14129,2020-08-11 17:00:00,613.17,638.0,39.0,2.0,2.0,43.0,90.0,5.0
14130,2020-08-11 18:00:00,605.07,585.0,40.0,2.0,0.0,42.0,90.0,5.0
14131,2020-08-11 19:00:00,602.51,590.0,57.0,2.0,0.0,41.0,89.0,5.0
14132,2020-08-11 20:00:00,604.63,578.0,60.0,2.0,0.0,34.0,89.0,5.0
14133,2020-08-11 21:00:00,569.71,420.0,58.0,2.0,0.0,31.0,87.0,5.0
14134,2020-08-11 22:00:00,553.97,382.0,61.0,2.0,0.0,34.0,86.0,5.0
14135,2020-08-11 23:00:00,568.98,387.0,60.0,2.0,0.0,23.0,84.0,5.0
14136,2020-08-12 00:00:00,572.72,386.0,60.0,2.0,0.0,20.0,83.0,5.0
14137,2020-08-12 01:00:00,571.36,385.0,60.0,2.0,0.0,21.0,83.0,5.0
14138,2020-08-12 02:00:00,577.92,386.0,60.0,2.0,0.0,13.0,85.0,5.0
14139,2020-08-12 03:00:00,600.84,463.0,61.0,2.0,3.0,9.0,85.0,5.0
14140,2020-08-12 04:00:00,612.48,579.0,61.0,2.0,9.0,15.0,89.0,5.0
14141,2020-08-12 05:00:00,615.25,642.0,62.0,2.0,20.0,15.0,89.0,5.0
14142,2020-08-12 06:00:00,599.08,646.0,61.0,2.0,35.0,22.0,91.0,5.0
14143,2020-08-12 07:00:00,587.44,647.0,62.0,2.0,49.0,24.0,92.0,5.0
14144,2020-08-12 08:00:00,579.54,649.0,61.0,2.0,58.0,28.0,92.0,5.0
14145,2020-08-12 09:00:00,572.71,645.0,62.0,2.0,64.0,29.0,94.0,5.0
14146,2020-08-12 10:00:00,572.12,640.0,60.0,2.0,66.0,28.0,93.0,5.0
14147,2020-08-12 11:00:00,578.31,645.0,60.0,2.0,61.0,26.0,92.0,5.0
14148,2020-08-12 12:00:00,584.83,646.0,61.0,2.0,54.0,23.0,92.0,5.0
14149,2020-08-12 13:00:00,580.48,644.0,61.0,2.0,53.0,28.0,94.0,5.0
14150,2020-08-12 14:00:00,596.98,645.0,63.0,2.0,37.0,19.0,94.0,5.0
14151,2020-08-12 15:00:00,608.45,623.0,61.0,2.0,22.0,13.0,94.0,5.0
14152,2020-08-12 16:00:00,628.84,645.0,61.0,2.0,8.0,7.0,92.0,5.0
14153,2020-08-12 17:00:00,632.52,636.0,62.0,2.0,2.0,6.0,92.0,5.0
14154,2020-08-12 18:00:00,625.46,605.0,63.0,2.0,0.0,9.0,93.0,5.0
14155,2020-08-12 19:00:00,620.63,603.0,62.0,2.0,0.0,13.0,95.0,5.0
14156,2020-08-12 20:00:00,614.8,542.0,62.0,2.0,0.0,11.0,90.0,5.0
14157,2020-08-12 21:00:00,577.04,414.0,62.0,2.0,0.0,19.0,88.0,5.0
14158,2020-08-12 22:00:00,564.88,384.0,63.0,2.0,0.0,21.0,88.0,5.0
14159,2020-08-12 23:00:00,565.22,385.0,63.0,2.0,0.0,24.0,85.0,5.0
14160,2020-08-13 00:00:00,554.41,385.0,63.0,2.0,0.0,35.0,85.0,5.0
14161,2020-08-13 01:00:00,553.52,387.0,62.0,1.0,0.0,38.0,85.0,5.0
14162,2020-08-13 02:00:00,533.47,390.0,62.0,1.0,0.0,55.0,91.0,5.0
14163,2020-08-13 03:00:00,535.11,457.0,63.0,1.0,1.0,77.0,94.0,5.0
14164,2020-08-13 04:00:00,561.0,576.0,63.0,1.0,3.0,86.0,93.0,5.0
14165,2020-08-13 05:00:00,574.01,644.0,61.0,2.0,7.0,87.0,91.0,5.0
14166,2020-08-13 06:00:00,584.59,649.0,59.0,2.0,11.0,67.0,93.0,5.0
14167,2020-08-13 07:00:00,578.92,648.0,60.0,2.0,15.0,71.0,93.0,5.0
14168,2020-08-13 08:00:00,583.71,647.0,61.0,2.0,19.0,59.0,93.0,5.0
14169,2020-08-13 09:00:00,595.65,647.0,59.0,2.0,21.0,36.0,97.0,5.0
14170,2020-08-13 10:00:00,594.52,651.0,61.0,2.0,30.0,31.0,95.0,5.0
14171,2020-08-13 11:00:00,594.14,649.0,61.0,2.0,31.0,33.0,92.0,5.0
14172,2020-08-13 12:00:00,593.66,663.0,60.0,2.0,31.0,34.0,96.0,5.0
14173,2020-08-13 13:00:00,585.94,655.0,61.0,2.0,27.0,45.0,98.0,5.0
14174,2020-08-13 14:00:00,590.7,657.0,62.0,2.0,19.0,48.0,96.0,5.0
14175,2020-08-13 15:00:00,602.37,644.0,63.0,2.0,11.0,35.0,96.0,5.0
14176,2020-08-13 16:00:00,611.15,651.0,64.0,2.0,5.0,30.0,96.0,5.0
14177,2020-08-13 17:00:00,624.86,651.0,50.0,2.0,1.0,21.0,96.0,5.0
14178,2020-08-13 18:00:00,629.55,635.0,44.0,2.0,0.0,14.0,97.0,5.0
14179,2020-08-13 19:00:00,627.52,618.0,44.0,2.0,0.0,13.0,97.0,5.0
14180,2020-08-13 20:00:00,609.93,508.0,45.0,2.0,0.0,11.0,94.0,5.0
14181,2020-08-13 21:00:00,581.41,379.0,45.0,2.0,0.0,9.0,89.0,5.0
14182,2020-08-13 22:00:00,583.05,395.0,46.0,2.0,0.0,12.0,89.0,5.0
14183,2020-08-13 23:00:00,581.37,378.0,47.0,2.0,0.0,11.0,86.0,5.0
14184,2020-08-14 00:00:00,585.39,381.0,45.0,2.0,0.0,9.0,86.0,5.0
14185,2020-08-14 01:00:00,576.56,363.0,46.0,2.0,0.0,13.0,84.0,5.0
14186,2020-08-14 02:00:00,575.12,363.0,44.0,2.0,0.0,13.0,86.0,5.0
14187,2020-08-14 03:00:00,605.57,472.0,44.0,2.0,2.0,12.0,87.0,5.0
14188,2020-08-14 04:00:00,622.61,592.0,45.0,2.0,8.0,11.0,91.0,5.0
14189,2020-08-14 05:00:00,617.52,598.0,44.0,2.0,17.0,11.0,90.0,5.0
14190,2020-08-14 06:00:00,607.17,643.0,45.0,2.0,33.0,15.0,94.0,5.0
14191,2020-08-14 07:00:00,581.34,611.0,46.0,2.0,49.0,25.0,95.0,5.0
14192,2020-08-14 08:00:00,566.81,612.0,48.0,2.0,62.0,33.0,95.0,5.0
14193,2020-08-14 09:00:00,553.02,595.0,48.0,2.0,73.0,37.0,95.0,5.0
14194,2020-08-14 10:00:00,545.06,576.0,48.0,2.0,79.0,39.0,92.0,5.0
14195,2020-08-14 11:00:00,549.79,574.0,48.0,2.0,77.0,36.0,89.0,5.0
14196,2020-08-14 12:00:00,554.29,576.0,48.0,2.0,73.0,32.0,91.0,5.0
14197,2020-08-14 13:00:00,562.21,573.0,43.0,2.0,64.0,28.0,93.0,5.0
14198,2020-08-14 14:00:00,580.22,573.0,40.0,2.0,48.0,22.0,91.0,5.0
14199,2020-08-14 15:00:00,602.74,579.0,41.0,2.0,25.0,15.0,93.0,5.0
14200,2020-08-14 16:00:00,632.27,633.0,42.0,2.0,9.0,6.0,93.0,5.0
14201,2020-08-14 17:00:00,628.44,567.0,42.0,2.0,2.0,4.0,93.0,5.0
14202,2020-08-14 18:00:00,628.45,569.0,43.0,2.0,0.0,3.0,96.0,5.0
14203,2020-08-14 19:00:00,628.31,573.0,43.0,2.0,0.0,4.0,96.0,5.0
14204,2020-08-14 20:00:00,613.61,482.0,42.0,2.0,0.0,5.0,91.0,5.0
14205,2020-08-14 21:00:00,574.2,349.0,42.0,2.0,0.0,6.0,90.0,5.0
14206,2020-08-14 22:00:00,582.18,381.0,42.0,2.0,0.0,9.0,90.0,5.0
14207,2020-08-14 23:00:00,571.06,368.0,42.0,2.0,0.0,18.0,87.0,5.0
14208,2020-08-15 00:00:00,552.98,358.0,43.0,2.0,0.0,32.0,86.0,5.0
14209,2020-08-15 01:00:00,542.37,354.0,42.0,2.0,0.0,39.0,88.0,5.0
14210,2020-08-15 02:00:00,539.46,351.0,44.0,2.0,0.0,41.0,87.0,5.0
14211,2020-08-15 03:00:00,545.64,368.0,43.0,2.0,3.0,39.0,87.0,5.0
14212,2020-08-15 04:00:00,539.79,374.0,41.0,2.0,12.0,39.0,87.0,5.0
14213,2020-08-15 05:00:00,544.8,425.0,41.0,2.0,32.0,35.0,86.0,5.0
14214,2020-08-15 06:00:00,540.31,494.0,45.0,2.0,58.0,37.0,90.0,5.0
14215,2020-08-15 07:00:00,526.7,513.0,46.0,2.0,78.0,44.0,90.0,5.0
14216,2020-08-15 08:00:00,521.92,534.0,45.0,2.0,94.0,44.0,91.0,5.0
14217,2020-08-15 09:00:00,518.51,536.0,46.0,2.0,98.0,44.0,93.0,5.0
14218,2020-08-15 10:00:00,521.2,554.0,46.0,2.0,99.0,45.0,95.0,5.0
14219,2020-08-15 11:00:00,514.76,527.0,45.0,2.0,93.0,52.0,92.0,5.0
14220,2020-08-15 12:00:00,518.22,520.0,46.0,2.0,81.0,55.0,92.0,5.0
14221,2020-08-15 13:00:00,510.35,465.0,44.0,2.0,65.0,58.0,91.0,5.0
14222,2020-08-15 14:00:00,523.01,457.0,43.0,2.0,47.0,56.0,90.0,5.0
14223,2020-08-15 15:00:00,561.73,488.0,45.0,2.0,26.0,38.0,91.0,5.0
14224,2020-08-15 16:00:00,583.86,468.0,44.0,2.0,9.0,24.0,90.0,5.0
14225,2020-08-15 17:00:00,580.76,431.0,44.0,2.0,2.0,24.0,89.0,5.0
14226,2020-08-15 18:00:00,574.9,411.0,43.0,2.0,0.0,25.0,90.0,5.0
14227,2020-08-15 19:00:00,565.09,411.0,43.0,2.0,0.0,34.0,91.0,5.0
14228,2020-08-15 20:00:00,541.28,367.0,43.0,2.0,0.0,42.0,91.0,5.0
14229,2020-08-15 21:00:00,522.8,327.0,44.0,2.0,0.0,44.0,90.0,5.0
14230,2020-08-15 22:00:00,522.54,328.0,43.0,2.0,0.0,46.0,89.0,5.0
14231,2020-08-15 23:00:00,516.93,328.0,45.0,2.0,0.0,54.0,86.0,5.0
14232,2020-08-16 00:00:00,514.95,328.0,45.0,2.0,0.0,56.0,86.0,5.0
14233,2020-08-16 01:00:00,516.13,329.0,46.0,2.0,0.0,55.0,86.0,5.0
14234,2020-08-16 02:00:00,516.59,330.0,46.0,2.0,0.0,53.0,88.0,5.0
14235,2020-08-16 03:00:00,520.91,332.0,48.0,2.0,3.0,46.0,88.0,5.0
14236,2020-08-16 04:00:00,516.5,331.0,48.0,2.0,12.0,41.0,88.0,5.0
14237,2020-08-16 05:00:00,501.51,332.0,49.0,2.0,35.0,29.0,93.0,5.0
14238,2020-08-16 06:00:00,476.51,331.0,49.0,2.0,63.0,30.0,92.0,5.0
14239,2020-08-16 07:00:00,452.01,331.0,49.0,2.0,85.0,40.0,91.0,5.0
14240,2020-08-16 08:00:00,440.44,331.0,48.0,2.0,98.0,44.0,90.0,5.0
14241,2020-08-16 09:00:00,436.62,332.0,49.0,2.0,98.0,49.0,91.0,5.0
14242,2020-08-16 10:00:00,441.37,331.0,40.0,2.0,90.0,51.0,91.0,5.0
14243,2020-08-16 11:00:00,443.72,329.0,30.0,2.0,80.0,61.0,88.0,5.0
14244,2020-08-16 12:00:00,452.87,334.0,43.0,2.0,67.0,62.0,89.0,5.0
14245,2020-08-16 13:00:00,490.54,399.0,49.0,2.0,57.0,60.0,89.0,5.0
14246,2020-08-16 14:00:00,529.03,478.0,47.0,2.0,46.0,60.0,87.0,5.0
14247,2020-08-16 15:00:00,553.02,497.0,49.0,2.0,26.0,54.0,88.0,5.0
14248,2020-08-16 16:00:00,579.97,520.0,48.0,2.0,8.0,45.0,89.0,5.0
14249,2020-08-16 17:00:00,563.47,521.0,49.0,2.0,2.0,73.0,88.0,5.0
14250,2020-08-16 18:00:00,559.4,519.0,48.0,2.0,0.0,76.0,92.0,5.0
14251,2020-08-16 19:00:00,563.96,520.0,49.0,2.0,0.0,69.0,93.0,5.0
14252,2020-08-16 20:00:00,523.63,414.0,49.0,2.0,0.0,80.0,91.0,5.0
14253,2020-08-16 21:00:00,508.67,349.0,48.0,2.0,0.0,68.0,90.0,5.0
14254,2020-08-16 22:00:00,502.44,332.0,49.0,2.0,0.0,65.0,91.0,5.0
14255,2020-08-16 23:00:00,515.71,332.0,49.0,2.0,0.0,55.0,87.0,5.0
14256,2020-08-17 00:00:00,526.65,353.0,50.0,2.0,0.0,53.0,87.0,5.0
14257,2020-08-17 01:00:00,530.22,368.0,46.0,2.0,0.0,58.0,86.0,5.0
14258,2020-08-17 02:00:00,541.11,387.0,47.0,2.0,0.0,52.0,88.0,5.0
14259,2020-08-17 03:00:00,563.11,431.0,49.0,2.0,3.0,41.0,88.0,5.0
14260,2020-08-17 04:00:00,612.0,652.0,49.0,2.0,13.0,31.0,92.0,5.0
14261,2020-08-17 05:00:00,609.77,745.0,49.0,2.0,37.0,28.0,97.0,5.0
14262,2020-08-17 06:00:00,589.17,744.0,50.0,2.0,65.0,35.0,95.0,5.0
14263,2020-08-17 07:00:00,575.31,748.0,48.0,2.0,87.0,39.0,95.0,5.0
14264,2020-08-17 08:00:00,566.44,746.0,49.0,2.0,99.0,41.0,96.0,5.0
14265,2020-08-17 09:00:00,563.94,750.0,49.0,2.0,106.0,40.0,96.0,5.0
14266,2020-08-17 10:00:00,563.56,749.0,50.0,2.0,108.0,38.0,96.0,5.0
14267,2020-08-17 11:00:00,564.6,745.0,52.0,2.0,105.0,40.0,93.0,5.0
14268,2020-08-17 12:00:00,564.6,744.0,51.0,2.0,99.0,44.0,95.0,5.0
14269,2020-08-17 13:00:00,573.09,742.0,48.0,2.0,82.0,46.0,95.0,5.0
14270,2020-08-17 14:00:00,593.86,752.0,51.0,2.0,57.0,37.0,95.0,5.0
14271,2020-08-17 15:00:00,618.98,750.0,51.0,2.0,29.0,24.0,95.0,5.0
14272,2020-08-17 16:00:00,639.17,748.0,52.0,2.0,8.0,15.0,94.0,5.0
14273,2020-08-17 17:00:00,644.1,746.0,51.0,2.0,1.0,15.0,94.0,5.0
14274,2020-08-17 18:00:00,625.19,641.0,51.0,2.0,0.0,19.0,96.0,5.0
14275,2020-08-17 19:00:00,615.85,584.0,51.0,2.0,0.0,21.0,93.0,5.0
14276,2020-08-17 20:00:00,607.79,516.0,51.0,2.0,0.0,17.0,90.0,5.0
14277,2020-08-17 21:00:00,595.84,436.0,50.0,2.0,0.0,9.0,90.0,5.0
14278,2020-08-17 22:00:00,590.73,402.0,51.0,2.0,0.0,5.0,89.0,5.0
14279,2020-08-17 23:00:00,591.38,391.0,49.0,2.0,0.0,4.0,87.0,5.0
14280,2020-08-18 00:00:00,597.87,402.0,52.0,2.0,0.0,2.0,85.0,5.0
14281,2020-08-18 01:00:00,599.42,411.0,52.0,2.0,0.0,2.0,86.0,5.0
14282,2020-08-18 02:00:00,603.38,426.0,50.0,2.0,0.0,2.0,87.0,5.0
14283,2020-08-18 03:00:00,617.94,502.0,50.0,2.0,3.0,3.0,87.0,5.0
14284,2020-08-18 04:00:00,650.07,799.0,50.0,2.0,13.0,6.0,92.0,5.0
14285,2020-08-18 05:00:00,635.62,869.0,54.0,2.0,35.0,14.0,96.0,5.0
14286,2020-08-18 06:00:00,617.29,884.0,55.0,2.0,61.0,23.0,96.0,5.0
14287,2020-08-18 07:00:00,600.44,887.0,56.0,2.0,83.0,31.0,98.0,5.0
14288,2020-08-18 08:00:00,593.44,888.0,56.0,2.0,97.0,32.0,97.0,5.0
14289,2020-08-18 09:00:00,590.71,890.0,56.0,2.0,104.0,32.0,96.0,5.0
14290,2020-08-18 10:00:00,590.36,891.0,56.0,2.0,105.0,33.0,95.0,5.0
14291,2020-08-18 11:00:00,591.9,890.0,55.0,2.0,102.0,33.0,95.0,5.0
14292,2020-08-18 12:00:00,601.67,891.0,37.0,2.0,91.0,32.0,95.0,5.0
14293,2020-08-18 13:00:00,612.26,866.0,32.0,2.0,71.0,27.0,96.0,5.0
14294,2020-08-18 14:00:00,627.1,866.0,32.0,2.0,51.0,21.0,96.0,5.0
14295,2020-08-18 15:00:00,650.52,891.0,31.0,2.0,26.0,12.0,96.0,5.0
14296,2020-08-18 16:00:00,666.94,889.0,30.0,2.0,7.0,6.0,95.0,5.0
14297,2020-08-18 17:00:00,671.97,887.0,30.0,2.0,2.0,3.0,95.0,5.0
14298,2020-08-18 18:00:00,658.04,735.0,28.0,2.0,0.0,3.0,96.0,5.0
14299,2020-08-18 19:00:00,641.34,605.0,27.0,2.0,0.0,2.0,96.0,5.0
14300,2020-08-18 20:00:00,623.31,485.0,27.0,2.0,0.0,3.0,90.0,5.0
14301,2020-08-18 21:00:00,594.12,393.0,28.0,2.0,0.0,6.0,91.0,5.0
14302,2020-08-18 22:00:00,581.53,369.0,28.0,2.0,0.0,10.0,91.0,5.0
14303,2020-08-18 23:00:00,586.52,370.0,28.0,2.0,0.0,9.0,88.0,5.0
14304,2020-08-19 00:00:00,594.29,372.0,28.0,2.0,0.0,4.0,87.0,5.0
14305,2020-08-19 01:00:00,595.9,371.0,29.0,2.0,0.0,3.0,86.0,5.0
14306,2020-08-19 02:00:00,597.22,382.0,34.0,2.0,0.0,2.0,87.0,5.0
14307,2020-08-19 03:00:00,627.75,554.0,47.0,2.0,3.0,4.0,88.0,5.0
14308,2020-08-19 04:00:00,643.48,749.0,52.0,2.0,12.0,7.0,92.0,5.0
14309,2020-08-19 05:00:00,628.94,819.0,54.0,2.0,35.0,15.0,96.0,5.0
14310,2020-08-19 06:00:00,610.76,816.0,51.0,2.0,60.0,23.0,94.0,5.0
14311,2020-08-19 07:00:00,594.12,823.0,52.0,2.0,83.0,30.0,95.0,5.0
14312,2020-08-19 08:00:00,586.61,824.0,50.0,2.0,97.0,32.0,94.0,5.0
14313,2020-08-19 09:00:00,582.56,823.0,51.0,2.0,104.0,32.0,94.0,5.0
14314,2020-08-19 10:00:00,583.1,821.0,52.0,2.0,103.0,32.0,93.0,5.0
14315,2020-08-19 11:00:00,583.07,822.0,53.0,2.0,101.0,34.0,93.0,5.0
14316,2020-08-19 12:00:00,585.3,824.0,54.0,2.0,92.0,38.0,94.0,5.0
14317,2020-08-19 13:00:00,593.22,822.0,53.0,2.0,77.0,38.0,94.0,5.0
14318,2020-08-19 14:00:00,606.1,803.0,53.0,2.0,54.0,32.0,95.0,5.0
14319,2020-08-19 15:00:00,631.03,816.0,54.0,2.0,27.0,22.0,93.0,5.0
14320,2020-08-19 16:00:00,649.64,818.0,52.0,2.0,7.0,14.0,93.0,5.0
14321,2020-08-19 17:00:00,655.12,826.0,52.0,2.0,1.0,13.0,93.0,5.0
14322,2020-08-19 18:00:00,643.09,746.0,52.0,2.0,0.0,16.0,95.0,5.0
14323,2020-08-19 19:00:00,628.84,680.0,52.0,2.0,0.0,23.0,95.0,5.0
14324,2020-08-19 20:00:00,581.81,493.0,52.0,2.0,0.0,39.0,91.0,5.0
14325,2020-08-19 21:00:00,545.41,401.0,53.0,2.0,0.0,49.0,90.0,5.0
14326,2020-08-19 22:00:00,531.6,371.0,52.0,2.0,0.0,52.0,90.0,5.0
14327,2020-08-19 23:00:00,531.58,367.0,53.0,2.0,0.0,54.0,86.0,5.0
14328,2020-08-20 00:00:00,534.51,376.0,52.0,2.0,0.0,54.0,87.0,5.0
14329,2020-08-20 01:00:00,531.74,376.0,52.0,2.0,0.0,58.0,86.0,5.0
14330,2020-08-20 02:00:00,533.07,370.0,52.0,2.0,0.0,52.0,88.0,5.0
14331,2020-08-20 03:00:00,575.97,485.0,53.0,2.0,2.0,43.0,89.0,5.0
14332,2020-08-20 04:00:00,608.16,673.0,53.0,2.0,12.0,39.0,94.0,5.0
14333,2020-08-20 05:00:00,608.59,747.0,55.0,2.0,36.0,29.0,97.0,5.0
14334,2020-08-20 06:00:00,592.56,746.0,55.0,2.0,64.0,26.0,98.0,5.0
14335,2020-08-20 07:00:00,577.27,748.0,55.0,2.0,85.0,33.0,97.0,5.0
14336,2020-08-20 08:00:00,565.68,748.0,55.0,2.0,96.0,43.0,97.0,5.0
14337,2020-08-20 09:00:00,565.7,751.0,55.0,2.0,95.0,45.0,97.0,5.0
14338,2020-08-20 10:00:00,566.78,751.0,55.0,2.0,96.0,42.0,97.0,5.0
14339,2020-08-20 11:00:00,572.42,750.0,56.0,2.0,91.0,38.0,95.0,5.0
14340,2020-08-20 12:00:00,581.78,749.0,56.0,2.0,76.0,36.0,95.0,5.0
14341,2020-08-20 13:00:00,600.74,749.0,53.0,2.0,54.0,26.0,96.0,5.0
14342,2020-08-20 14:00:00,617.37,747.0,48.0,2.0,36.0,19.0,96.0,5.0
14343,2020-08-20 15:00:00,635.78,750.0,48.0,2.0,18.0,10.0,96.0,5.0
14344,2020-08-20 16:00:00,645.03,735.0,48.0,2.0,7.0,6.0,95.0,5.0
14345,2020-08-20 17:00:00,650.5,746.0,51.0,2.0,1.0,4.0,96.0,5.0
14346,2020-08-20 18:00:00,636.55,648.0,53.0,2.0,0.0,4.0,97.0,5.0
14347,2020-08-20 19:00:00,633.72,642.0,54.0,2.0,0.0,6.0,97.0,5.0
14348,2020-08-20 20:00:00,604.4,480.0,55.0,2.0,0.0,8.0,92.0,5.0
14349,2020-08-20 21:00:00,562.45,337.0,54.0,2.0,0.0,8.0,90.0,5.0
14350,2020-08-20 22:00:00,560.69,327.0,54.0,2.0,0.0,6.0,90.0,5.0
14351,2020-08-20 23:00:00,563.08,330.0,54.0,2.0,0.0,9.0,86.0,5.0
14352,2020-08-21 00:00:00,553.54,329.0,54.0,2.0,0.0,17.0,86.0,5.0
14353,2020-08-21 01:00:00,552.0,328.0,54.0,2.0,0.0,19.0,85.0,5.0
14354,2020-08-21 02:00:00,557.93,348.0,54.0,2.0,0.0,19.0,87.0,5.0
14355,2020-08-21 03:00:00,576.51,397.0,54.0,2.0,2.0,15.0,88.0,5.0
14356,2020-08-21 04:00:00,622.13,651.0,54.0,2.0,11.0,16.0,93.0,5.0
14357,2020-08-21 05:00:00,616.71,740.0,54.0,2.0,32.0,19.0,97.0,5.0
14358,2020-08-21 06:00:00,596.76,736.0,53.0,2.0,58.0,24.0,97.0,5.0
14359,2020-08-21 07:00:00,576.28,740.0,50.0,2.0,83.0,36.0,97.0,5.0
14360,2020-08-21 08:00:00,566.41,740.0,49.0,2.0,92.0,45.0,97.0,5.0
14361,2020-08-21 09:00:00,566.22,739.0,49.0,2.0,90.0,48.0,96.0,5.0
14362,2020-08-21 10:00:00,564.56,738.0,51.0,2.0,93.0,47.0,96.0,5.0
14363,2020-08-21 11:00:00,567.14,743.0,51.0,2.0,90.0,49.0,94.0,5.0
14364,2020-08-21 12:00:00,574.87,754.0,50.0,2.0,79.0,49.0,95.0,5.0
14365,2020-08-21 13:00:00,583.38,739.0,51.0,2.0,66.0,41.0,96.0,5.0
14366,2020-08-21 14:00:00,599.45,742.0,51.0,2.0,47.0,35.0,95.0,5.0
14367,2020-08-21 15:00:00,624.0,744.0,51.0,2.0,22.0,22.0,95.0,5.0
14368,2020-08-21 16:00:00,640.09,743.0,49.0,2.0,6.0,16.0,94.0,5.0
14369,2020-08-21 17:00:00,641.89,736.0,47.0,2.0,1.0,17.0,95.0,5.0
14370,2020-08-21 18:00:00,619.41,700.0,46.0,2.0,0.0,43.0,95.0,5.0
14371,2020-08-21 19:00:00,566.86,571.0,45.0,2.0,0.0,81.0,96.0,5.0
14372,2020-08-21 20:00:00,495.69,387.0,44.0,2.0,0.0,110.0,84.0,5.0
14373,2020-08-21 21:00:00,403.17,248.0,44.0,2.0,0.0,135.0,81.0,5.0
14374,2020-08-21 22:00:00,402.15,232.0,45.0,2.0,0.0,122.0,81.0,5.0
14375,2020-08-21 23:00:00,413.71,235.0,44.0,2.0,0.0,116.0,76.0,5.0
14376,2020-08-22 00:00:00,412.58,230.0,45.0,2.0,0.0,113.0,76.0,5.0
14377,2020-08-22 01:00:00,407.78,226.0,46.0,2.0,0.0,115.0,76.0,5.0
14378,2020-08-22 02:00:00,401.77,227.0,45.0,2.0,0.0,122.0,77.0,5.0
14379,2020-08-22 03:00:00,403.9,231.0,45.0,2.0,2.0,120.0,78.0,5.0
14380,2020-08-22 04:00:00,406.43,231.0,45.0,2.0,7.0,113.0,77.0,5.0
14381,2020-08-22 05:00:00,412.96,253.0,44.0,2.0,12.0,123.0,73.0,5.0
14382,2020-08-22 06:00:00,383.96,235.0,45.0,2.0,21.0,131.0,77.0,5.0
14383,2020-08-22 07:00:00,380.23,242.0,47.0,2.0,31.0,128.0,82.0,5.0
14384,2020-08-22 08:00:00,359.24,230.0,47.0,2.0,35.0,141.0,83.0,5.0
14385,2020-08-22 09:00:00,359.81,229.0,46.0,2.0,31.0,143.0,83.0,5.0
14386,2020-08-22 10:00:00,354.42,228.0,45.0,2.0,30.0,151.0,83.0,5.0
14387,2020-08-22 11:00:00,352.04,230.0,45.0,2.0,30.0,160.0,80.0,5.0
14388,2020-08-22 12:00:00,350.42,233.0,44.0,2.0,21.0,175.0,80.0,5.0
14389,2020-08-22 13:00:00,393.27,292.0,44.0,2.0,13.0,175.0,82.0,5.0
14390,2020-08-22 14:00:00,446.96,380.0,44.0,2.0,6.0,171.0,81.0,5.0
14391,2020-08-22 15:00:00,439.22,354.0,45.0,2.0,3.0,169.0,79.0,5.0
14392,2020-08-22 16:00:00,456.75,376.0,47.0,2.0,1.0,158.0,81.0,5.0
14393,2020-08-22 17:00:00,464.21,391.0,46.0,2.0,0.0,158.0,81.0,5.0
14394,2020-08-22 18:00:00,465.79,401.0,46.0,2.0,0.0,160.0,83.0,5.0
14395,2020-08-22 19:00:00,465.9,387.0,46.0,2.0,0.0,151.0,83.0,5.0
14396,2020-08-22 20:00:00,481.01,371.0,44.0,2.0,0.0,122.0,82.0,5.0
14397,2020-08-22 21:00:00,482.63,329.0,43.0,2.0,0.0,97.0,81.0,5.0
14398,2020-08-22 22:00:00,477.96,310.0,44.0,2.0,0.0,92.0,80.0,5.0
14399,2020-08-22 23:00:00,451.17,236.0,44.0,2.0,0.0,76.0,77.0,5.0
14400,2020-08-23 00:00:00,473.42,254.0,45.0,2.0,0.0,67.0,76.0,5.0
14401,2020-08-23 01:00:00,467.31,229.0,46.0,2.0,0.0,58.0,75.0,5.0
14402,2020-08-23 02:00:00,468.46,256.0,45.0,2.0,0.0,72.0,77.0,5.0
14403,2020-08-23 03:00:00,455.65,229.0,44.0,2.0,1.0,66.0,77.0,5.0
14404,2020-08-23 04:00:00,458.1,237.0,44.0,2.0,6.0,63.0,78.0,5.0
14405,2020-08-23 05:00:00,424.48,229.0,45.0,2.0,18.0,78.0,79.0,5.0
14406,2020-08-23 06:00:00,406.43,247.0,44.0,2.0,36.0,92.0,83.0,5.0
14407,2020-08-23 07:00:00,426.54,302.0,44.0,2.0,52.0,96.0,82.0,5.0
14408,2020-08-23 08:00:00,403.48,269.0,46.0,2.0,62.0,90.0,82.0,5.0
14409,2020-08-23 09:00:00,375.05,263.0,45.0,2.0,70.0,118.0,82.0,5.0
14410,2020-08-23 10:00:00,349.14,244.0,44.0,2.0,74.0,135.0,82.0,5.0
14411,2020-08-23 11:00:00,373.83,266.0,46.0,2.0,75.0,120.0,80.0,5.0
14412,2020-08-23 12:00:00,338.33,220.0,46.0,2.0,58.0,142.0,80.0,5.0
14413,2020-08-23 13:00:00,378.85,249.0,47.0,2.0,37.0,131.0,82.0,5.0
14414,2020-08-23 14:00:00,392.33,250.0,46.0,2.0,23.0,127.0,82.0,5.0
14415,2020-08-23 15:00:00,437.06,286.0,45.0,2.0,13.0,109.0,82.0,5.0
14416,2020-08-23 16:00:00,471.58,310.0,45.0,2.0,6.0,92.0,81.0,5.0
14417,2020-08-23 17:00:00,480.41,307.0,42.0,2.0,1.0,86.0,81.0,5.0
14418,2020-08-23 18:00:00,487.55,310.0,42.0,2.0,0.0,79.0,83.0,5.0
14419,2020-08-23 19:00:00,476.58,313.0,41.0,2.0,0.0,93.0,83.0,5.0
14420,2020-08-23 20:00:00,464.47,313.0,41.0,2.0,0.0,109.0,81.0,5.0
14421,2020-08-23 21:00:00,437.09,262.0,40.0,2.0,0.0,106.0,81.0,5.0
14422,2020-08-23 22:00:00,442.24,277.0,40.0,2.0,0.0,111.0,81.0,5.0
14423,2020-08-23 23:00:00,450.15,280.0,40.0,2.0,0.0,109.0,76.0,5.0
14424,2020-08-24 00:00:00,462.98,304.0,41.0,2.0,0.0,110.0,76.0,5.0
14425,2020-08-24 01:00:00,473.95,327.0,43.0,2.0,0.0,111.0,76.0,5.0
14426,2020-08-24 02:00:00,491.28,362.0,44.0,2.0,0.0,108.0,78.0,5.0
14427,2020-08-24 03:00:00,502.97,401.0,44.0,2.0,2.0,113.0,77.0,5.0
14428,2020-08-24 04:00:00,544.75,526.0,44.0,2.0,9.0,102.0,81.0,5.0
14429,2020-08-24 05:00:00,547.01,600.0,46.0,2.0,25.0,105.0,87.0,5.0
14430,2020-08-24 06:00:00,548.17,691.0,47.0,2.0,43.0,116.0,91.0,5.0
14431,2020-08-24 07:00:00,548.67,799.0,46.0,2.0,59.0,138.0,94.0,5.0
14432,2020-08-24 08:00:00,526.27,802.0,46.0,2.0,71.0,174.0,96.0,5.0
14433,2020-08-24 09:00:00,519.12,793.0,47.0,2.0,82.0,175.0,96.0,5.0
14434,2020-08-24 10:00:00,521.78,802.0,47.0,2.0,80.0,176.0,95.0,5.0
14435,2020-08-24 11:00:00,518.15,734.0,46.0,2.0,74.0,162.0,92.0,5.0
14436,2020-08-24 12:00:00,514.63,727.0,47.0,2.0,63.0,176.0,93.0,5.0
14437,2020-08-24 13:00:00,530.24,714.0,49.0,2.0,53.0,146.0,94.0,5.0
14438,2020-08-24 14:00:00,544.49,711.0,49.0,2.0,38.0,132.0,94.0,5.0
14439,2020-08-24 15:00:00,568.01,716.0,49.0,2.0,20.0,110.0,93.0,5.0
14440,2020-08-24 16:00:00,595.15,753.0,46.0,2.0,5.0,92.0,92.0,5.0
14441,2020-08-24 17:00:00,611.88,796.0,44.0,2.0,1.0,78.0,94.0,5.0
14442,2020-08-24 18:00:00,606.15,751.0,42.0,2.0,0.0,77.0,95.0,5.0
14443,2020-08-24 19:00:00,597.85,699.0,43.0,2.0,0.0,76.0,95.0,5.0
14444,2020-08-24 20:00:00,605.74,688.0,41.0,2.0,0.0,66.0,91.0,5.0
14445,2020-08-24 21:00:00,611.15,681.0,42.0,2.0,0.0,57.0,90.0,5.0
14446,2020-08-24 22:00:00,594.33,592.0,42.0,2.0,0.0,58.0,89.0,5.0
14447,2020-08-24 23:00:00,597.77,588.0,43.0,2.0,0.0,56.0,85.0,5.0
14448,2020-08-25 00:00:00,596.33,603.0,43.0,2.0,0.0,62.0,85.0,5.0
14449,2020-08-25 01:00:00,588.45,574.0,41.0,2.0,0.0,66.0,84.0,5.0
14450,2020-08-25 02:00:00,589.22,574.0,41.0,2.0,0.0,63.0,86.0,5.0
14451,2020-08-25 03:00:00,598.95,622.0,42.0,2.0,2.0,61.0,86.0,5.0
14452,2020-08-25 04:00:00,599.18,647.0,43.0,2.0,9.0,57.0,89.0,5.0
14453,2020-08-25 05:00:00,609.02,780.0,41.0,2.0,25.0,54.0,96.0,5.0
14454,2020-08-25 06:00:00,603.88,802.0,39.0,2.0,43.0,49.0,98.0,5.0
14455,2020-08-25 07:00:00,594.08,785.0,40.0,2.0,56.0,50.0,96.0,5.0
14456,2020-08-25 08:00:00,592.38,790.0,41.0,2.0,50.0,60.0,96.0,5.0
14457,2020-08-25 09:00:00,596.71,778.0,44.0,2.0,42.0,54.0,98.0,5.0
14458,2020-08-25 10:00:00,587.81,749.0,44.0,2.0,44.0,61.0,96.0,5.0
14459,2020-08-25 11:00:00,585.93,681.0,44.0,2.0,35.0,55.0,94.0,5.0
14460,2020-08-25 12:00:00,613.65,748.0,43.0,2.0,30.0,35.0,94.0,5.0
14461,2020-08-25 13:00:00,620.24,754.0,41.0,2.0,26.0,29.0,96.0,5.0
14462,2020-08-25 14:00:00,625.6,751.0,39.0,2.0,19.0,30.0,94.0,5.0
14463,2020-08-25 15:00:00,627.99,749.0,39.0,2.0,9.0,38.0,92.0,5.0
14464,2020-08-25 16:00:00,619.58,678.0,38.0,2.0,4.0,43.0,89.0,5.0
14465,2020-08-25 17:00:00,626.54,706.0,39.0,2.0,1.0,38.0,93.0,5.0
14466,2020-08-25 18:00:00,615.64,652.0,39.0,2.0,0.0,42.0,93.0,5.0
14467,2020-08-25 19:00:00,610.22,630.0,39.0,2.0,0.0,48.0,89.0,5.0
14468,2020-08-25 20:00:00,599.36,590.0,39.0,2.0,0.0,52.0,89.0,5.0
14469,2020-08-25 21:00:00,581.23,484.0,38.0,2.0,0.0,43.0,90.0,5.0
14470,2020-08-25 22:00:00,585.95,483.0,39.0,2.0,0.0,39.0,88.0,5.0
14471,2020-08-25 23:00:00,577.51,461.0,38.0,2.0,0.0,45.0,85.0,5.0
14472,2020-08-26 00:00:00,583.6,461.0,39.0,2.0,0.0,39.0,84.0,5.0
14473,2020-08-26 01:00:00,576.56,462.0,39.0,2.0,0.0,46.0,85.0,5.0
14474,2020-08-26 02:00:00,574.14,468.0,38.0,2.0,0.0,50.0,86.0,5.0
14475,2020-08-26 03:00:00,585.74,499.0,39.0,2.0,2.0,43.0,87.0,5.0
14476,2020-08-26 04:00:00,614.9,713.0,40.0,2.0,10.0,48.0,92.0,5.0
14477,2020-08-26 05:00:00,612.45,766.0,41.0,2.0,29.0,40.0,97.0,5.0
14478,2020-08-26 06:00:00,606.35,806.0,41.0,2.0,53.0,36.0,97.0,5.0
14479,2020-08-26 07:00:00,587.32,773.0,41.0,2.0,72.0,43.0,95.0,5.0
14480,2020-08-26 08:00:00,578.06,765.0,41.0,2.0,80.0,51.0,93.0,5.0
14481,2020-08-26 09:00:00,588.96,807.0,41.0,2.0,73.0,51.0,93.0,5.0
14482,2020-08-26 10:00:00,590.58,809.0,40.0,2.0,75.0,45.0,95.0,5.0
14483,2020-08-26 11:00:00,584.24,777.0,40.0,2.0,73.0,49.0,95.0,5.0
14484,2020-08-26 12:00:00,594.12,758.0,41.0,2.0,62.0,37.0,95.0,5.0
14485,2020-08-26 13:00:00,603.46,753.0,39.0,2.0,54.0,29.0,95.0,5.0
14486,2020-08-26 14:00:00,610.85,717.0,40.0,2.0,37.0,25.0,95.0,5.0
14487,2020-08-26 15:00:00,638.07,732.0,39.0,2.0,16.0,11.0,94.0,5.0
14488,2020-08-26 16:00:00,653.4,736.0,38.0,2.0,4.0,5.0,92.0,5.0
14489,2020-08-26 17:00:00,665.27,813.0,34.0,2.0,1.0,4.0,93.0,5.0
14490,2020-08-26 18:00:00,653.41,722.0,35.0,2.0,0.0,6.0,94.0,5.0
14491,2020-08-26 19:00:00,640.34,662.0,36.0,2.0,0.0,11.0,95.0,5.0
14492,2020-08-26 20:00:00,624.84,557.0,37.0,2.0,0.0,11.0,92.0,5.0
14493,2020-08-26 21:00:00,602.77,465.0,39.0,2.0,0.0,13.0,91.0,5.0
14494,2020-08-26 22:00:00,589.11,418.0,38.0,2.0,0.0,16.0,89.0,5.0
14495,2020-08-26 23:00:00,599.17,420.0,38.0,2.0,0.0,11.0,85.0,5.0
14496,2020-08-27 00:00:00,589.71,420.0,38.0,2.0,0.0,20.0,85.0,5.0
14497,2020-08-27 01:00:00,565.56,419.0,38.0,2.0,0.0,45.0,84.0,5.0
14498,2020-08-27 02:00:00,545.83,423.0,38.0,2.0,0.0,66.0,86.0,5.0
14499,2020-08-27 03:00:00,550.39,489.0,38.0,2.0,0.0,86.0,86.0,5.0
14500,2020-08-27 04:00:00,595.91,639.0,39.0,2.0,1.0,67.0,91.0,5.0
14501,2020-08-27 05:00:00,614.74,751.0,38.0,2.0,4.0,64.0,92.0,5.0
14502,2020-08-27 06:00:00,621.06,773.0,36.0,2.0,11.0,53.0,92.0,5.0
14503,2020-08-27 07:00:00,611.93,775.0,36.0,2.0,23.0,56.0,92.0,5.0
14504,2020-08-27 08:00:00,599.85,773.0,37.0,2.0,40.0,58.0,92.0,5.0
14505,2020-08-27 09:00:00,601.55,799.0,37.0,2.0,51.0,51.0,92.0,5.0
14506,2020-08-27 10:00:00,591.98,780.0,38.0,2.0,62.0,51.0,92.0,5.0
14507,2020-08-27 11:00:00,586.01,711.0,38.0,2.0,60.0,43.0,92.0,5.0
14508,2020-08-27 12:00:00,594.19,710.0,37.0,2.0,53.0,36.0,93.0,5.0
14509,2020-08-27 13:00:00,591.63,705.0,36.0,2.0,48.0,42.0,95.0,5.0
14510,2020-08-27 14:00:00,595.05,686.0,37.0,2.0,37.0,43.0,94.0,5.0
14511,2020-08-27 15:00:00,620.02,725.0,38.0,2.0,18.0,36.0,92.0,5.0
14512,2020-08-27 16:00:00,644.13,760.0,38.0,2.0,5.0,21.0,92.0,5.0
14513,2020-08-27 17:00:00,654.57,806.0,35.0,2.0,1.0,18.0,93.0,5.0
14514,2020-08-27 18:00:00,655.52,812.0,34.0,2.0,0.0,18.0,94.0,5.0
14515,2020-08-27 19:00:00,646.74,738.0,32.0,2.0,0.0,18.0,95.0,5.0
14516,2020-08-27 20:00:00,636.79,658.0,33.0,2.0,0.0,18.0,93.0,5.0
14517,2020-08-27 21:00:00,639.12,648.0,31.0,2.0,0.0,17.0,90.0,5.0
14518,2020-08-27 22:00:00,619.13,568.0,32.0,2.0,0.0,24.0,90.0,5.0
14519,2020-08-27 23:00:00,598.83,474.0,35.0,2.0,0.0,25.0,87.0,5.0
14520,2020-08-28 00:00:00,590.28,468.0,36.0,2.0,0.0,34.0,85.0,5.0
14521,2020-08-28 01:00:00,592.55,473.0,36.0,2.0,0.0,34.0,84.0,5.0
14522,2020-08-28 02:00:00,593.7,489.0,34.0,2.0,0.0,36.0,86.0,5.0
14523,2020-08-28 03:00:00,615.15,583.0,35.0,2.0,1.0,34.0,86.0,5.0
14524,2020-08-28 04:00:00,631.75,723.0,37.0,2.0,10.0,28.0,91.0,5.0
14525,2020-08-28 05:00:00,615.02,763.0,39.0,2.0,33.0,33.0,96.0,5.0
14526,2020-08-28 06:00:00,602.05,790.0,39.0,2.0,58.0,36.0,96.0,5.0
14527,2020-08-28 07:00:00,592.41,784.0,39.0,2.0,70.0,39.0,96.0,5.0
14528,2020-08-28 08:00:00,591.58,800.0,39.0,2.0,73.0,40.0,98.0,5.0
14529,2020-08-28 09:00:00,571.17,719.0,39.0,2.0,81.0,42.0,99.0,5.0
14530,2020-08-28 10:00:00,574.9,742.0,39.0,2.0,79.0,49.0,95.0,5.0
14531,2020-08-28 11:00:00,573.92,710.0,40.0,2.0,75.0,45.0,94.0,5.0
14532,2020-08-28 12:00:00,580.66,700.0,39.0,2.0,66.0,39.0,95.0,5.0
14533,2020-08-28 13:00:00,594.98,710.0,39.0,2.0,54.0,30.0,96.0,5.0
14534,2020-08-28 14:00:00,609.19,706.0,42.0,2.0,37.0,24.0,95.0,5.0
14535,2020-08-28 15:00:00,628.15,717.0,44.0,2.0,20.0,17.0,93.0,5.0
14536,2020-08-28 16:00:00,646.56,704.0,42.0,2.0,5.0,7.0,91.0,5.0
14537,2020-08-28 17:00:00,655.65,748.0,40.0,2.0,1.0,5.0,93.0,5.0
14538,2020-08-28 18:00:00,650.5,700.0,40.0,2.0,0.0,6.0,92.0,5.0
14539,2020-08-28 19:00:00,640.73,633.0,41.0,2.0,0.0,7.0,91.0,5.0
14540,2020-08-28 20:00:00,630.45,542.0,41.0,2.0,0.0,8.0,84.0,5.0
14541,2020-08-28 21:00:00,595.07,384.0,43.0,2.0,0.0,8.0,80.0,5.0
14542,2020-08-28 22:00:00,536.96,248.0,43.0,2.0,0.0,8.0,80.0,5.0
14543,2020-08-28 23:00:00,535.24,250.0,40.0,2.0,0.0,14.0,77.0,5.0
14544,2020-08-29 00:00:00,530.88,241.0,41.0,2.0,0.0,13.0,77.0,5.0
14545,2020-08-29 01:00:00,530.43,228.0,40.0,2.0,0.0,9.0,76.0,5.0
14546,2020-08-29 02:00:00,475.66,162.0,40.0,2.0,0.0,10.0,77.0,5.0
14547,2020-08-29 03:00:00,533.07,247.0,41.0,2.0,1.0,12.0,78.0,5.0
14548,2020-08-29 04:00:00,500.71,222.0,41.0,2.0,10.0,15.0,78.0,5.0
14549,2020-08-29 05:00:00,472.12,244.0,41.0,2.0,33.0,23.0,83.0,5.0
14550,2020-08-29 06:00:00,473.66,293.0,42.0,2.0,57.0,27.0,83.0,5.0
14551,2020-08-29 07:00:00,469.36,321.0,42.0,2.0,67.0,38.0,84.0,5.0
14552,2020-08-29 08:00:00,470.98,314.0,41.0,2.0,57.0,42.0,84.0,5.0
14553,2020-08-29 09:00:00,465.49,301.0,42.0,2.0,53.0,46.0,82.0,5.0
14554,2020-08-29 10:00:00,464.74,311.0,43.0,2.0,49.0,57.0,82.0,5.0
14555,2020-08-29 11:00:00,478.33,309.0,44.0,2.0,39.0,52.0,80.0,5.0
14556,2020-08-29 12:00:00,486.92,311.0,43.0,2.0,30.0,52.0,81.0,5.0
14557,2020-08-29 13:00:00,499.52,310.0,44.0,2.0,18.0,50.0,81.0,5.0
14558,2020-08-29 14:00:00,515.64,312.0,44.0,2.0,10.0,47.0,77.0,5.0
14559,2020-08-29 15:00:00,512.51,311.0,46.0,2.0,3.0,55.0,78.0,5.0
14560,2020-08-29 16:00:00,512.27,312.0,45.0,2.0,1.0,59.0,77.0,5.0
14561,2020-08-29 17:00:00,493.35,313.0,44.0,2.0,0.0,78.0,79.0,5.0
14562,2020-08-29 18:00:00,471.27,310.0,42.0,2.0,0.0,98.0,82.0,5.0
14563,2020-08-29 19:00:00,462.2,288.0,44.0,2.0,0.0,94.0,82.0,5.0
14564,2020-08-29 20:00:00,468.67,283.0,43.0,2.0,0.0,83.0,83.0,5.0
14565,2020-08-29 21:00:00,429.22,217.0,43.0,2.0,0.0,78.0,83.0,5.0
14566,2020-08-29 22:00:00,441.53,225.0,42.0,2.0,0.0,73.0,82.0,5.0
14567,2020-08-29 23:00:00,441.97,230.0,43.0,2.0,0.0,79.0,79.0,5.0
14568,2020-08-30 00:00:00,445.22,235.0,45.0,2.0,0.0,81.0,77.0,5.0
14569,2020-08-30 01:00:00,449.66,229.0,42.0,2.0,0.0,74.0,76.0,5.0
14570,2020-08-30 02:00:00,444.34,230.0,41.0,2.0,0.0,79.0,77.0,5.0
14571,2020-08-30 03:00:00,442.41,232.0,43.0,2.0,1.0,80.0,78.0,5.0
14572,2020-08-30 04:00:00,423.41,231.0,43.0,2.0,7.0,94.0,77.0,5.0
14573,2020-08-30 05:00:00,402.21,232.0,44.0,2.0,19.0,104.0,80.0,5.0
14574,2020-08-30 06:00:00,388.55,234.0,44.0,2.0,35.0,103.0,84.0,5.0
14575,2020-08-30 07:00:00,400.33,234.0,45.0,2.0,43.0,82.0,82.0,5.0
14576,2020-08-30 08:00:00,417.01,235.0,46.0,2.0,47.0,58.0,83.0,5.0
14577,2020-08-30 09:00:00,418.31,233.0,45.0,2.0,48.0,55.0,82.0,5.0
14578,2020-08-30 10:00:00,422.62,234.0,45.0,2.0,42.0,56.0,83.0,5.0
14579,2020-08-30 11:00:00,405.66,231.0,44.0,2.0,45.0,73.0,80.0,5.0
14580,2020-08-30 12:00:00,412.26,233.0,44.0,2.0,46.0,65.0,81.0,5.0
14581,2020-08-30 13:00:00,419.65,235.0,46.0,2.0,35.0,68.0,82.0,5.0
14582,2020-08-30 14:00:00,429.27,233.0,45.0,2.0,25.0,65.0,83.0,5.0
14583,2020-08-30 15:00:00,454.62,238.0,44.0,2.0,14.0,56.0,81.0,5.0
14584,2020-08-30 16:00:00,488.93,231.0,45.0,2.0,4.0,34.0,78.0,5.0
14585,2020-08-30 17:00:00,503.51,233.0,43.0,2.0,0.0,26.0,80.0,5.0
14586,2020-08-30 18:00:00,504.9,240.0,41.0,2.0,0.0,27.0,82.0,5.0
14587,2020-08-30 19:00:00,496.77,232.0,42.0,2.0,0.0,28.0,83.0,5.0
14588,2020-08-30 20:00:00,496.1,231.0,42.0,2.0,0.0,28.0,83.0,5.0
14589,2020-08-30 21:00:00,501.95,233.0,40.0,2.0,0.0,25.0,83.0,5.0
14590,2020-08-30 22:00:00,500.17,227.0,41.0,2.0,0.0,25.0,81.0,5.0
14591,2020-08-30 23:00:00,507.49,230.0,41.0,2.0,0.0,24.0,78.0,5.0
14592,2020-08-31 00:00:00,509.14,229.0,42.0,2.0,0.0,22.0,78.0,5.0
14593,2020-08-31 01:00:00,509.83,228.0,42.0,2.0,0.0,24.0,75.0,5.0
14594,2020-08-31 02:00:00,513.87,230.0,42.0,2.0,0.0,20.0,77.0,5.0
14595,2020-08-31 03:00:00,531.28,257.0,43.0,2.0,1.0,18.0,77.0,5.0
14596,2020-08-31 04:00:00,585.8,418.0,44.0,2.0,6.0,23.0,77.0,5.0
14597,2020-08-31 05:00:00,582.68,476.0,46.0,2.0,22.0,26.0,78.0,5.0
14598,2020-08-31 06:00:00,570.54,481.0,42.0,2.0,37.0,23.0,83.0,5.0
14599,2020-08-31 07:00:00,560.99,476.0,44.0,2.0,44.0,25.0,83.0,5.0
14600,2020-08-31 08:00:00,558.92,481.0,42.0,2.0,46.0,30.0,81.0,5.0
14601,2020-08-31 09:00:00,568.58,475.0,40.0,2.0,36.0,27.0,81.0,5.0
14602,2020-08-31 10:00:00,574.0,477.0,41.0,2.0,31.0,27.0,80.0,5.0
14603,2020-08-31 11:00:00,578.37,477.0,41.0,2.0,29.0,32.0,72.0,5.0
14604,2020-08-31 12:00:00,580.15,475.0,42.0,2.0,25.0,32.0,73.0,5.0
14605,2020-08-31 13:00:00,571.94,476.0,44.0,2.0,25.0,38.0,76.0,5.0
14606,2020-08-31 14:00:00,572.25,469.0,45.0,2.0,21.0,38.0,77.0,5.0
14607,2020-08-31 15:00:00,587.76,477.0,45.0,2.0,11.0,34.0,76.0,5.0
14608,2020-08-31 16:00:00,585.56,481.0,44.0,2.0,4.0,44.0,77.0,5.0
14609,2020-08-31 17:00:00,574.21,485.0,42.0,2.0,0.0,62.0,78.0,5.0
14610,2020-08-31 18:00:00,566.36,483.0,41.0,2.0,0.0,69.0,80.0,5.0
14611,2020-08-31 19:00:00,566.89,480.0,42.0,2.0,0.0,66.0,81.0,5.0
14612,2020-08-31 20:00:00,548.42,421.0,42.0,2.0,0.0,64.0,83.0,5.0
14613,2020-08-31 21:00:00,526.67,368.0,42.0,2.0,0.0,67.0,82.0,5.0
14614,2020-08-31 22:00:00,552.0,421.0,42.0,2.0,0.0,63.0,80.0,5.0
14615,2020-08-31 23:00:00,552.14,440.0,42.0,2.0,0.0,73.0,77.0,5.0
14616,2020-09-01 00:00:00,544.28,447.0,42.0,2.0,0.0,84.0,78.0,5.0
14617,2020-09-01 01:00:00,548.85,450.0,41.0,2.0,0.0,81.0,77.0,5.0
14618,2020-09-01 02:00:00,531.14,451.0,42.0,2.0,0.0,99.0,81.0,5.0
14619,2020-09-01 03:00:00,529.92,449.0,41.0,2.0,1.0,99.0,81.0,5.0
14620,2020-09-01 04:00:00,534.82,474.0,42.0,2.0,4.0,98.0,83.0,5.0
14621,2020-09-01 05:00:00,554.51,567.0,43.0,2.0,13.0,94.0,87.0,5.0
14622,2020-09-01 06:00:00,563.13,633.0,42.0,2.0,21.0,93.0,91.0,5.0
14623,2020-09-01 07:00:00,550.54,634.0,44.0,2.0,31.0,102.0,92.0,5.0
14624,2020-09-01 08:00:00,544.98,629.0,45.0,2.0,41.0,98.0,93.0,5.0
14625,2020-09-01 09:00:00,561.49,704.0,44.0,2.0,44.0,94.0,94.0,5.0
14626,2020-09-01 10:00:00,563.29,692.0,43.0,2.0,48.0,83.0,94.0,5.0
14627,2020-09-01 11:00:00,556.75,628.0,43.0,2.0,46.0,75.0,92.0,5.0
14628,2020-09-01 12:00:00,549.28,566.0,44.0,2.0,38.0,69.0,94.0,5.0
14629,2020-09-01 13:00:00,561.15,564.0,44.0,2.0,29.0,59.0,95.0,5.0
14630,2020-09-01 14:00:00,567.08,563.0,42.0,2.0,21.0,61.0,93.0,5.0
14631,2020-09-01 15:00:00,585.98,568.0,45.0,2.0,12.0,48.0,90.0,5.0
14632,2020-09-01 16:00:00,604.28,574.0,43.0,2.0,3.0,35.0,91.0,5.0
14633,2020-09-01 17:00:00,603.97,571.0,42.0,2.0,0.0,38.0,91.0,5.0
14634,2020-09-01 18:00:00,587.55,563.0,49.0,2.0,0.0,52.0,93.0,5.0
14635,2020-09-01 19:00:00,575.31,550.0,52.0,2.0,0.0,63.0,93.0,5.0
14636,2020-09-01 20:00:00,574.26,526.0,51.0,2.0,0.0,57.0,93.0,5.0
14637,2020-09-01 21:00:00,570.83,548.0,53.0,2.0,0.0,66.0,95.0,5.0
14638,2020-09-01 22:00:00,566.33,537.0,54.0,2.0,0.0,71.0,92.0,5.0
14639,2020-09-01 23:00:00,568.27,521.0,54.0,2.0,0.0,69.0,86.0,5.0
14640,2020-09-02 00:00:00,566.49,522.0,53.0,2.0,0.0,72.0,86.0,5.0
14641,2020-09-02 01:00:00,561.7,524.0,56.0,2.0,0.0,80.0,84.0,5.0
14642,2020-09-02 02:00:00,557.09,528.0,55.0,2.0,0.0,86.0,86.0,5.0
14643,2020-09-02 03:00:00,561.95,559.0,56.0,2.0,1.0,89.0,86.0,5.0
14644,2020-09-02 04:00:00,574.37,568.0,55.0,2.0,4.0,77.0,81.0,5.0
14645,2020-09-02 05:00:00,582.7,578.0,57.0,2.0,8.0,66.0,79.0,5.0
14646,2020-09-02 06:00:00,588.6,577.0,59.0,2.0,15.0,56.0,73.0,5.0
14647,2020-09-02 07:00:00,579.3,575.0,59.0,2.0,26.0,57.0,73.0,5.0
14648,2020-09-02 08:00:00,569.27,575.0,62.0,2.0,36.0,61.0,72.0,5.0
14649,2020-09-02 09:00:00,556.58,579.0,62.0,2.0,32.0,81.0,76.0,5.0
14650,2020-09-02 10:00:00,552.47,574.0,60.0,2.0,28.0,87.0,79.0,5.0
14651,2020-09-02 11:00:00,544.84,567.0,38.0,2.0,35.0,98.0,77.0,5.0
14652,2020-09-02 12:00:00,538.95,564.0,34.0,2.0,32.0,109.0,78.0,5.0
14653,2020-09-02 13:00:00,532.11,568.0,35.0,2.0,30.0,123.0,78.0,5.0
14654,2020-09-02 14:00:00,514.49,496.0,33.0,2.0,19.0,130.0,77.0,5.0
14655,2020-09-02 15:00:00,478.6,333.0,52.0,2.0,10.0,98.0,75.0,5.0
14656,2020-09-02 16:00:00,536.01,441.0,57.0,2.0,2.0,88.0,75.0,5.0
14657,2020-09-02 17:00:00,571.7,568.0,57.0,2.0,0.0,88.0,77.0,5.0
14658,2020-09-02 18:00:00,575.05,566.0,59.0,2.0,0.0,82.0,77.0,5.0
14659,2020-09-02 19:00:00,577.84,562.0,56.0,2.0,0.0,79.0,76.0,5.0
14660,2020-09-02 20:00:00,575.1,512.0,55.0,2.0,0.0,71.0,72.0,5.0
14661,2020-09-02 21:00:00,573.3,493.0,58.0,2.0,0.0,67.0,71.0,5.0
14662,2020-09-02 22:00:00,568.89,464.0,57.0,2.0,0.0,66.0,68.0,5.0
14663,2020-09-02 23:00:00,564.12,444.0,56.0,2.0,0.0,67.0,66.0,5.0
14664,2020-09-03 00:00:00,567.94,444.0,58.0,2.0,0.0,63.0,65.0,5.0
14665,2020-09-03 01:00:00,569.12,442.0,58.0,2.0,0.0,62.0,64.0,5.0
14666,2020-09-03 02:00:00,565.96,453.0,56.0,2.0,0.0,65.0,69.0,5.0
14667,2020-09-03 03:00:00,567.06,494.0,58.0,2.0,1.0,73.0,72.0,5.0
14668,2020-09-03 04:00:00,598.69,566.0,61.0,2.0,4.0,44.0,79.0,5.0
14669,2020-09-03 05:00:00,610.57,575.0,62.0,2.0,11.0,23.0,80.0,5.0
14670,2020-09-03 06:00:00,605.64,573.0,56.0,2.0,12.0,32.0,78.0,5.0
14671,2020-09-03 07:00:00,593.45,566.0,47.0,2.0,10.0,51.0,78.0,5.0
14672,2020-09-03 08:00:00,598.96,569.0,57.0,2.0,19.0,33.0,77.0,5.0
14673,2020-09-03 09:00:00,598.21,566.0,60.0,2.0,16.0,31.0,81.0,5.0
14674,2020-09-03 10:00:00,597.25,572.0,57.0,2.0,18.0,30.0,84.0,5.0
14675,2020-09-03 11:00:00,591.5,573.0,59.0,2.0,17.0,38.0,84.0,5.0
14676,2020-09-03 12:00:00,586.22,573.0,59.0,2.0,17.0,46.0,83.0,5.0
14677,2020-09-03 13:00:00,575.28,569.0,58.0,2.0,17.0,61.0,82.0,5.0
14678,2020-09-03 14:00:00,587.22,572.0,60.0,2.0,9.0,56.0,79.0,5.0
14679,2020-09-03 15:00:00,594.81,585.0,59.0,2.0,5.0,55.0,78.0,5.0
14680,2020-09-03 16:00:00,604.05,573.0,56.0,2.0,2.0,43.0,79.0,5.0
14681,2020-09-03 17:00:00,601.84,570.0,56.0,2.0,0.0,45.0,81.0,5.0
14682,2020-09-03 18:00:00,601.68,564.0,55.0,2.0,0.0,42.0,83.0,5.0
14683,2020-09-03 19:00:00,602.15,509.0,55.0,2.0,0.0,33.0,77.0,5.0
14684,2020-09-03 20:00:00,570.7,404.0,57.0,2.0,0.0,35.0,77.0,5.0
14685,2020-09-03 21:00:00,532.77,329.0,58.0,2.0,0.0,45.0,76.0,5.0
14686,2020-09-03 22:00:00,520.64,329.0,58.0,2.0,0.0,59.0,74.0,5.0
14687,2020-09-03 23:00:00,499.97,328.0,59.0,2.0,0.0,82.0,72.0,5.0
14688,2020-09-04 00:00:00,499.54,329.0,59.0,2.0,0.0,84.0,71.0,5.0
14689,2020-09-04 01:00:00,492.56,328.0,60.0,2.0,0.0,94.0,68.0,5.0
14690,2020-09-04 02:00:00,517.71,344.0,58.0,2.0,0.0,73.0,70.0,5.0
14691,2020-09-04 03:00:00,537.5,418.0,59.0,2.0,1.0,79.0,73.0,5.0
14692,2020-09-04 04:00:00,553.54,539.0,61.0,2.0,6.0,96.0,77.0,5.0
14693,2020-09-04 05:00:00,551.51,571.0,61.0,2.0,21.0,89.0,84.0,5.0
14694,2020-09-04 06:00:00,540.38,570.0,57.0,2.0,34.0,91.0,87.0,5.0
14695,2020-09-04 07:00:00,527.9,570.0,57.0,2.0,39.0,106.0,87.0,5.0
14696,2020-09-04 08:00:00,511.14,541.0,58.0,2.0,40.0,122.0,84.0,5.0
14697,2020-09-04 09:00:00,495.8,507.0,59.0,2.0,50.0,125.0,79.0,5.0
14698,2020-09-04 10:00:00,476.89,501.0,60.0,2.0,64.0,139.0,80.0,5.0
14699,2020-09-04 11:00:00,475.49,497.0,56.0,2.0,63.0,142.0,79.0,5.0
14700,2020-09-04 12:00:00,484.68,497.0,56.0,2.0,43.0,145.0,80.0,5.0
14701,2020-09-04 13:00:00,510.28,541.0,56.0,2.0,28.0,136.0,84.0,5.0
14702,2020-09-04 14:00:00,506.26,519.0,55.0,2.0,12.0,151.0,81.0,5.0
14703,2020-09-04 15:00:00,525.91,535.0,56.0,2.0,5.0,135.0,80.0,5.0
14704,2020-09-04 16:00:00,533.71,563.0,59.0,2.0,2.0,135.0,82.0,5.0
14705,2020-09-04 17:00:00,526.17,497.0,55.0,2.0,0.0,125.0,78.0,5.0
14706,2020-09-04 18:00:00,504.26,407.0,53.0,2.0,0.0,121.0,70.0,5.0
14707,2020-09-04 19:00:00,510.93,400.0,53.0,2.0,0.0,109.0,70.0,5.0
14708,2020-09-04 20:00:00,509.86,383.0,53.0,2.0,0.0,101.0,71.0,5.0
14709,2020-09-04 21:00:00,492.31,339.0,53.0,2.0,0.0,100.0,70.0,5.0
14710,2020-09-04 22:00:00,486.51,310.0,55.0,2.0,0.0,93.0,67.0,5.0
14711,2020-09-04 23:00:00,454.96,238.0,53.0,2.0,0.0,86.0,63.0,5.0
14712,2020-09-05 00:00:00,451.54,226.0,54.0,2.0,0.0,81.0,63.0,5.0
14713,2020-09-05 01:00:00,446.12,224.0,53.0,2.0,0.0,88.0,60.0,5.0
14714,2020-09-05 02:00:00,442.18,230.0,54.0,2.0,0.0,94.0,62.0,5.0
14715,2020-09-05 03:00:00,445.94,233.0,56.0,2.0,1.0,90.0,63.0,5.0
14716,2020-09-05 04:00:00,447.01,260.0,55.0,2.0,4.0,104.0,64.0,5.0
14717,2020-09-05 05:00:00,476.99,314.0,55.0,2.0,12.0,91.0,70.0,5.0
14718,2020-09-05 06:00:00,496.64,363.0,56.0,2.0,26.0,78.0,73.0,5.0
14719,2020-09-05 07:00:00,458.98,358.0,57.0,2.0,41.0,109.0,73.0,5.0
14720,2020-09-05 08:00:00,413.19,305.0,57.0,2.0,48.0,129.0,73.0,5.0
14721,2020-09-05 09:00:00,388.13,303.0,58.0,2.0,63.0,152.0,73.0,5.0
14722,2020-09-05 10:00:00,367.72,282.0,57.0,2.0,61.0,169.0,72.0,5.0
14723,2020-09-05 11:00:00,390.1,300.0,55.0,2.0,49.0,161.0,72.0,5.0
14724,2020-09-05 12:00:00,425.46,325.0,56.0,2.0,28.0,149.0,71.0,5.0
14725,2020-09-05 13:00:00,440.32,327.0,56.0,2.0,16.0,141.0,71.0,5.0
14726,2020-09-05 14:00:00,480.96,327.0,55.0,2.0,7.0,108.0,61.0,5.0
14727,2020-09-05 15:00:00,549.24,391.0,56.0,2.0,3.0,78.0,49.0,5.0
14728,2020-09-05 16:00:00,564.56,405.0,56.0,2.0,1.0,65.0,53.0,5.0
14729,2020-09-05 17:00:00,554.58,399.0,54.0,2.0,0.0,69.0,59.0,5.0
14730,2020-09-05 18:00:00,543.16,399.0,52.0,2.0,0.0,81.0,60.0,5.0
14731,2020-09-05 19:00:00,540.54,386.0,54.0,2.0,0.0,78.0,60.0,5.0
14732,2020-09-05 20:00:00,499.19,288.0,55.0,2.0,0.0,72.0,63.0,5.0
14733,2020-09-05 21:00:00,464.03,226.0,56.0,2.0,0.0,68.0,64.0,5.0
14734,2020-09-05 22:00:00,496.02,254.0,55.0,2.0,0.0,58.0,62.0,5.0
14735,2020-09-05 23:00:00,523.86,275.0,56.0,2.0,0.0,48.0,58.0,5.0
14736,2020-09-06 00:00:00,507.39,234.0,56.0,2.0,0.0,43.0,57.0,5.0
14737,2020-09-06 01:00:00,490.86,221.0,57.0,2.0,0.0,51.0,55.0,5.0
14738,2020-09-06 02:00:00,475.5,222.0,58.0,2.0,0.0,63.0,56.0,5.0
14739,2020-09-06 03:00:00,494.59,247.0,57.0,2.0,1.0,59.0,57.0,5.0
14740,2020-09-06 04:00:00,484.49,234.0,55.0,2.0,5.0,56.0,58.0,5.0
14741,2020-09-06 05:00:00,478.11,228.0,55.0,2.0,13.0,49.0,59.0,5.0
14742,2020-09-06 06:00:00,508.43,322.0,55.0,2.0,25.0,56.0,62.0,5.0
14743,2020-09-06 07:00:00,521.52,390.0,58.0,2.0,44.0,54.0,62.0,5.0
14744,2020-09-06 08:00:00,491.98,375.0,57.0,2.0,57.0,69.0,63.0,5.0
14745,2020-09-06 09:00:00,469.74,356.0,57.0,2.0,66.0,76.0,65.0,5.0
14746,2020-09-06 10:00:00,444.22,348.0,59.0,2.0,72.0,100.0,65.0,5.0
14747,2020-09-06 11:00:00,426.58,307.0,58.0,2.0,74.0,95.0,63.0,5.0
14748,2020-09-06 12:00:00,457.2,356.0,58.0,2.0,66.0,95.0,63.0,5.0
14749,2020-09-06 13:00:00,473.71,375.0,58.0,2.0,50.0,99.0,64.0,5.0
14750,2020-09-06 14:00:00,504.44,376.0,57.0,2.0,31.0,80.0,63.0,5.0
14751,2020-09-06 15:00:00,528.16,378.0,58.0,2.0,12.0,72.0,63.0,5.0
14752,2020-09-06 16:00:00,540.04,391.0,59.0,2.0,2.0,78.0,59.0,5.0
14753,2020-09-06 17:00:00,548.41,400.0,54.0,2.0,0.0,75.0,60.0,5.0
14754,2020-09-06 18:00:00,544.25,401.0,57.0,2.0,0.0,77.0,62.0,5.0
14755,2020-09-06 19:00:00,536.02,402.0,56.0,2.0,0.0,87.0,62.0,5.0
14756,2020-09-06 20:00:00,539.82,393.0,56.0,2.0,0.0,78.0,63.0,5.0
14757,2020-09-06 21:00:00,496.37,296.0,55.0,2.0,0.0,79.0,63.0,5.0
14758,2020-09-06 22:00:00,531.84,349.0,53.0,2.0,0.0,71.0,61.0,5.0
14759,2020-09-06 23:00:00,532.03,318.0,58.0,2.0,0.0,59.0,58.0,5.0
14760,2020-09-07 00:00:00,531.06,308.0,60.0,2.0,0.0,55.0,58.0,5.0
14761,2020-09-07 01:00:00,545.18,341.0,58.0,2.0,0.0,60.0,54.0,5.0
14762,2020-09-07 02:00:00,549.86,350.0,55.0,2.0,0.0,58.0,56.0,5.0
14763,2020-09-07 03:00:00,552.54,363.0,56.0,2.0,1.0,57.0,58.0,5.0
14764,2020-09-07 04:00:00,547.52,394.0,56.0,2.0,7.0,68.0,58.0,5.0
14765,2020-09-07 05:00:00,528.18,394.0,58.0,2.0,26.0,67.0,61.0,5.0
14766,2020-09-07 06:00:00,509.06,398.0,58.0,2.0,52.0,65.0,62.0,5.0
14767,2020-09-07 07:00:00,486.57,399.0,59.0,2.0,68.0,77.0,64.0,5.0
14768,2020-09-07 08:00:00,479.36,388.0,62.0,2.0,72.0,77.0,63.0,5.0
14769,2020-09-07 09:00:00,502.53,396.0,63.0,2.0,61.0,60.0,64.0,5.0
14770,2020-09-07 10:00:00,506.99,400.0,64.0,2.0,60.0,57.0,64.0,5.0
14771,2020-09-07 11:00:00,516.16,397.0,64.0,2.0,56.0,50.0,62.0,5.0
14772,2020-09-07 12:00:00,525.89,392.0,64.0,2.0,52.0,40.0,62.0,5.0
14773,2020-09-07 13:00:00,550.63,386.0,64.0,2.0,34.0,29.0,61.0,5.0
14774,2020-09-07 14:00:00,574.3,398.0,61.0,2.0,23.0,21.0,61.0,5.0
14775,2020-09-07 15:00:00,595.0,398.0,64.0,2.0,9.0,16.0,59.0,5.0
14776,2020-09-07 16:00:00,608.94,391.0,63.0,2.0,2.0,9.0,59.0,5.0
14777,2020-09-07 17:00:00,611.28,392.0,61.0,2.0,0.0,11.0,58.0,5.0
14778,2020-09-07 18:00:00,612.21,402.0,60.0,2.0,0.0,12.0,59.0,5.0
14779,2020-09-07 19:00:00,597.11,368.0,61.0,2.0,0.0,15.0,60.0,5.0
14780,2020-09-07 20:00:00,553.88,285.0,64.0,2.0,0.0,23.0,60.0,5.0
14781,2020-09-07 21:00:00,510.51,223.0,64.0,2.0,0.0,30.0,60.0,5.0
14782,2020-09-07 22:00:00,506.96,222.0,61.0,2.0,0.0,34.0,59.0,5.0
14783,2020-09-07 23:00:00,497.58,223.0,60.0,2.0,0.0,44.0,57.0,5.0
14784,2020-09-08 00:00:00,502.11,223.0,58.0,2.0,0.0,42.0,56.0,5.0
14785,2020-09-08 01:00:00,511.01,223.0,59.0,2.0,0.0,37.0,54.0,5.0
14786,2020-09-08 02:00:00,496.07,225.0,61.0,2.0,0.0,47.0,56.0,5.0
14787,2020-09-08 03:00:00,525.95,307.0,61.0,2.0,1.0,59.0,57.0,5.0
14788,2020-09-08 04:00:00,534.33,375.0,61.0,2.0,6.0,75.0,57.0,5.0
14789,2020-09-08 05:00:00,507.79,392.0,64.0,2.0,18.0,97.0,61.0,5.0
14790,2020-09-08 06:00:00,483.26,393.0,64.0,2.0,26.0,116.0,67.0,5.0
14791,2020-09-08 07:00:00,483.34,394.0,66.0,2.0,33.0,113.0,63.0,5.0
14792,2020-09-08 08:00:00,453.36,388.0,64.0,2.0,38.0,149.0,63.0,5.0
14793,2020-09-08 09:00:00,437.39,380.0,64.0,2.0,33.0,174.0,63.0,5.0
14794,2020-09-08 10:00:00,453.99,390.0,66.0,2.0,19.0,168.0,63.0,5.0
14795,2020-09-08 11:00:00,467.99,395.0,65.0,2.0,12.0,162.0,58.0,5.0
14796,2020-09-08 12:00:00,479.83,392.0,65.0,2.0,10.0,146.0,57.0,5.0
14797,2020-09-08 13:00:00,497.51,394.0,65.0,2.0,8.0,124.0,58.0,5.0
14798,2020-09-08 14:00:00,491.71,389.0,65.0,2.0,8.0,129.0,58.0,5.0
14799,2020-09-08 15:00:00,465.5,391.0,66.0,2.0,4.0,172.0,57.0,5.0
14800,2020-09-08 16:00:00,479.73,406.0,62.0,2.0,2.0,163.0,57.0,5.0
14801,2020-09-08 17:00:00,487.14,416.0,62.0,2.0,0.0,157.0,60.0,5.0
14802,2020-09-08 18:00:00,488.98,405.0,59.0,2.0,0.0,148.0,61.0,5.0
14803,2020-09-08 19:00:00,487.2,397.0,59.0,2.0,0.0,145.0,62.0,5.0
14804,2020-09-08 20:00:00,460.02,332.0,60.0,2.0,0.0,140.0,64.0,5.0
14805,2020-09-08 21:00:00,413.92,236.0,59.0,2.0,0.0,127.0,64.0,5.0
14806,2020-09-08 22:00:00,426.49,229.0,59.0,2.0,0.0,108.0,63.0,5.0
14807,2020-09-08 23:00:00,447.16,231.0,64.0,2.0,0.0,90.0,60.0,5.0
14808,2020-09-09 00:00:00,456.63,231.0,62.0,2.0,0.0,82.0,59.0,5.0
14809,2020-09-09 01:00:00,474.27,230.0,62.0,2.0,0.0,68.0,56.0,5.0
14810,2020-09-09 02:00:00,493.76,235.0,62.0,2.0,0.0,52.0,58.0,5.0
14811,2020-09-09 03:00:00,532.86,318.0,62.0,2.0,1.0,56.0,58.0,5.0
14812,2020-09-09 04:00:00,560.01,402.0,61.0,2.0,6.0,57.0,58.0,5.0
14813,2020-09-09 05:00:00,547.58,407.0,59.0,2.0,27.0,49.0,61.0,5.0
14814,2020-09-09 06:00:00,516.43,402.0,57.0,2.0,55.0,52.0,65.0,5.0
14815,2020-09-09 07:00:00,496.32,407.0,59.0,2.0,71.0,65.0,64.0,5.0
14816,2020-09-09 08:00:00,480.6,403.0,62.0,2.0,73.0,82.0,64.0,5.0
14817,2020-09-09 09:00:00,471.55,402.0,65.0,2.0,64.0,102.0,65.0,5.0
14818,2020-09-09 10:00:00,470.08,402.0,66.0,2.0,44.0,124.0,65.0,5.0
14819,2020-09-09 11:00:00,484.32,396.0,65.0,2.0,24.0,122.0,63.0,5.0
14820,2020-09-09 12:00:00,475.47,382.0,66.0,2.0,15.0,143.0,55.0,5.0
14821,2020-09-09 13:00:00,497.44,400.0,66.0,2.0,11.0,123.0,59.0,5.0
14822,2020-09-09 14:00:00,489.74,401.0,62.0,2.0,5.0,142.0,58.0,5.0
14823,2020-09-09 15:00:00,489.93,401.0,65.0,2.0,2.0,143.0,59.0,5.0
14824,2020-09-09 16:00:00,483.44,407.0,63.0,2.0,1.0,157.0,59.0,5.0
14825,2020-09-09 17:00:00,474.18,405.0,60.0,2.0,0.0,170.0,60.0,5.0
14826,2020-09-09 18:00:00,460.5,388.0,59.0,2.0,0.0,178.0,62.0,5.0
14827,2020-09-09 19:00:00,390.99,286.0,61.0,2.0,0.0,205.0,62.0,5.0
14828,2020-09-09 20:00:00,337.59,221.0,62.0,2.0,0.0,221.0,63.0,5.0
14829,2020-09-09 21:00:00,351.62,239.0,62.0,2.0,0.0,217.0,65.0,5.0
14830,2020-09-09 22:00:00,357.97,235.0,61.0,2.0,0.0,205.0,62.0,5.0
14831,2020-09-09 23:00:00,363.71,235.0,60.0,2.0,0.0,199.0,59.0,5.0
14832,2020-09-10 00:00:00,363.12,236.0,60.0,2.0,0.0,201.0,59.0,5.0
14833,2020-09-10 01:00:00,356.94,230.0,61.0,2.0,0.0,206.0,57.0,5.0
14834,2020-09-10 02:00:00,363.61,233.0,62.0,2.0,0.0,199.0,57.0,5.0
14835,2020-09-10 03:00:00,411.73,305.0,59.0,2.0,0.0,195.0,57.0,5.0
14836,2020-09-10 04:00:00,435.09,364.0,63.0,2.0,5.0,199.0,58.0,5.0
14837,2020-09-10 05:00:00,427.67,397.0,61.0,2.0,16.0,226.0,58.0,5.0
14838,2020-09-10 06:00:00,421.31,403.0,64.0,2.0,27.0,225.0,64.0,5.0
14839,2020-09-10 07:00:00,426.91,408.0,53.0,2.0,37.0,213.0,61.0,5.0
14840,2020-09-10 08:00:00,431.75,430.0,39.0,2.0,42.0,226.0,53.0,5.0
14841,2020-09-10 09:00:00,417.17,446.0,39.0,2.0,49.0,256.0,57.0,5.0
14842,2020-09-10 10:00:00,395.85,432.0,41.0,2.0,63.0,268.0,64.0,5.0
14843,2020-09-10 11:00:00,399.98,440.0,43.0,2.0,63.0,266.0,64.0,5.0
14844,2020-09-10 12:00:00,402.56,452.0,43.0,2.0,66.0,269.0,63.0,5.0
14845,2020-09-10 13:00:00,407.9,455.0,41.0,2.0,53.0,272.0,64.0,5.0
14846,2020-09-10 14:00:00,428.52,473.0,41.0,2.0,31.0,266.0,63.0,5.0
14847,2020-09-10 15:00:00,442.72,465.0,41.0,2.0,12.0,253.0,61.0,5.0
14848,2020-09-10 16:00:00,452.18,465.0,38.0,2.0,2.0,249.0,58.0,5.0
14849,2020-09-10 17:00:00,453.48,467.0,38.0,2.0,0.0,248.0,60.0,5.0
14850,2020-09-10 18:00:00,457.46,469.0,39.0,2.0,0.0,240.0,62.0,5.0
14851,2020-09-10 19:00:00,443.15,406.0,41.0,2.0,0.0,220.0,63.0,5.0
14852,2020-09-10 20:00:00,447.61,379.0,40.0,2.0,0.0,193.0,64.0,5.0
14853,2020-09-10 21:00:00,446.6,335.0,38.0,2.0,0.0,165.0,63.0,5.0
14854,2020-09-10 22:00:00,456.23,317.0,39.0,2.0,0.0,141.0,62.0,5.0
14855,2020-09-10 23:00:00,431.02,236.0,41.0,2.0,0.0,115.0,59.0,5.0
14856,2020-09-11 00:00:00,455.54,231.0,41.0,2.0,0.0,88.0,58.0,5.0
14857,2020-09-11 01:00:00,468.62,234.0,41.0,2.0,0.0,80.0,56.0,5.0
14858,2020-09-11 02:00:00,512.89,300.0,40.0,2.0,0.0,75.0,57.0,5.0
14859,2020-09-11 03:00:00,550.08,391.0,38.0,2.0,0.0,77.0,58.0,5.0
14860,2020-09-11 04:00:00,528.58,385.0,40.0,2.0,5.0,90.0,60.0,5.0
14861,2020-09-11 05:00:00,528.63,392.0,40.0,2.0,13.0,84.0,61.0,5.0
14862,2020-09-11 06:00:00,545.02,424.0,39.0,2.0,24.0,66.0,63.0,5.0
14863,2020-09-11 07:00:00,541.29,438.0,42.0,2.0,35.0,59.0,68.0,5.0
14864,2020-09-11 08:00:00,536.31,442.0,41.0,2.0,48.0,58.0,64.0,5.0
14865,2020-09-11 09:00:00,528.41,427.0,42.0,2.0,50.0,59.0,64.0,5.0
14866,2020-09-11 10:00:00,512.61,398.0,42.0,2.0,48.0,65.0,66.0,5.0
14867,2020-09-11 11:00:00,517.68,405.0,39.0,2.0,48.0,66.0,63.0,5.0
14868,2020-09-11 12:00:00,493.05,390.0,40.0,2.0,46.0,88.0,66.0,5.0
14869,2020-09-11 13:00:00,510.01,377.0,38.0,2.0,38.0,69.0,66.0,5.0
14870,2020-09-11 14:00:00,521.11,395.0,40.0,2.0,26.0,77.0,65.0,5.0
14871,2020-09-11 15:00:00,541.83,400.0,39.0,2.0,9.0,76.0,62.0,5.0
14872,2020-09-11 16:00:00,559.49,402.0,39.0,2.0,1.0,69.0,59.0,5.0
14873,2020-09-11 17:00:00,555.68,413.0,36.0,2.0,0.0,77.0,61.0,5.0
14874,2020-09-11 18:00:00,419.05,190.0,38.0,2.0,0.0,87.0,63.0,5.0
14875,2020-09-11 19:00:00,325.37,116.0,38.0,2.0,0.0,98.0,64.0,5.0
14876,2020-09-11 20:00:00,313.43,120.0,38.0,2.0,0.0,115.0,65.0,5.0
14877,2020-09-11 21:00:00,326.96,127.0,38.0,2.0,0.0,109.0,66.0,5.0
14878,2020-09-11 22:00:00,341.79,131.0,40.0,2.0,0.0,102.0,63.0,5.0
14879,2020-09-11 23:00:00,332.74,131.0,37.0,2.0,0.0,112.0,62.0,5.0
14880,2020-09-12 00:00:00,315.3,129.0,40.0,2.0,0.0,130.0,61.0,5.0
14881,2020-09-12 01:00:00,291.28,122.0,40.0,2.0,0.0,152.0,58.0,5.0
14882,2020-09-12 02:00:00,292.67,120.0,40.0,2.0,0.0,146.0,59.0,5.0
14883,2020-09-12 03:00:00,294.19,125.0,40.0,2.0,0.0,152.0,59.0,5.0
14884,2020-09-12 04:00:00,282.44,127.0,39.0,2.0,2.0,169.0,59.0,5.0
14885,2020-09-12 05:00:00,271.45,125.0,37.0,2.0,8.0,176.0,58.0,5.0
14886,2020-09-12 06:00:00,255.53,123.0,40.0,2.0,13.0,195.0,57.0,5.0
14887,2020-09-12 07:00:00,255.72,131.0,39.0,2.0,19.0,201.0,60.0,5.0
14888,2020-09-12 08:00:00,239.52,131.0,41.0,2.0,39.0,210.0,63.0,5.0
14889,2020-09-12 09:00:00,229.52,131.0,42.0,2.0,49.0,222.0,63.0,5.0
14890,2020-09-12 10:00:00,234.35,131.0,43.0,2.0,42.0,218.0,64.0,5.0
14891,2020-09-12 11:00:00,246.2,129.0,40.0,2.0,28.0,202.0,64.0,5.0
14892,2020-09-12 12:00:00,252.34,126.0,41.0,2.0,15.0,197.0,65.0,5.0
14893,2020-09-12 13:00:00,270.12,133.0,41.0,2.0,11.0,188.0,61.0,5.0
14894,2020-09-12 14:00:00,271.78,131.0,39.0,2.0,9.0,183.0,61.0,5.0
14895,2020-09-12 15:00:00,263.67,126.0,37.0,2.0,4.0,191.0,61.0,5.0
14896,2020-09-12 16:00:00,271.17,129.0,38.0,2.0,1.0,189.0,60.0,5.0
14897,2020-09-12 17:00:00,273.74,138.0,38.0,2.0,0.0,201.0,61.0,5.0
14898,2020-09-12 18:00:00,255.09,133.0,41.0,2.0,0.0,223.0,63.0,5.0
14899,2020-09-12 19:00:00,239.3,129.0,39.0,2.0,0.0,243.0,64.0,5.0
14900,2020-09-12 20:00:00,235.59,127.0,37.0,2.0,0.0,244.0,65.0,5.0
14901,2020-09-12 21:00:00,259.57,128.0,45.0,2.0,0.0,205.0,65.0,5.0
14902,2020-09-12 22:00:00,254.17,122.0,59.0,2.0,0.0,211.0,63.0,5.0
14903,2020-09-12 23:00:00,260.32,121.0,61.0,2.0,0.0,200.0,62.0,5.0
14904,2020-09-13 00:00:00,274.99,132.0,60.0,1.0,0.0,197.0,61.0,5.0
14905,2020-09-13 01:00:00,263.76,125.0,47.0,1.0,0.0,201.0,58.0,5.0
14906,2020-09-13 02:00:00,270.24,132.0,41.0,1.0,0.0,200.0,59.0,5.0
14907,2020-09-13 03:00:00,275.4,134.0,43.0,1.0,0.0,196.0,59.0,5.0
14908,2020-09-13 04:00:00,258.36,127.0,40.0,1.0,4.0,206.0,59.0,5.0
14909,2020-09-13 05:00:00,254.56,137.0,39.0,1.0,21.0,215.0,59.0,5.0
14910,2020-09-13 06:00:00,223.28,130.0,39.0,1.0,46.0,234.0,65.0,5.0
14911,2020-09-13 07:00:00,209.59,128.0,42.0,2.0,62.0,247.0,66.0,5.0
14912,2020-09-13 08:00:00,206.9,131.0,43.0,2.0,80.0,246.0,65.0,5.0
14913,2020-09-13 09:00:00,196.72,128.0,43.0,2.0,90.0,256.0,66.0,5.0
14914,2020-09-13 10:00:00,192.27,121.0,43.0,2.0,97.0,242.0,66.0,5.0
14915,2020-09-13 11:00:00,201.7,127.0,41.0,2.0,89.0,239.0,65.0,5.0
14916,2020-09-13 12:00:00,212.19,131.0,42.0,2.0,78.0,233.0,65.0,5.0
14917,2020-09-13 13:00:00,220.61,130.0,43.0,2.0,59.0,228.0,66.0,5.0
14918,2020-09-13 14:00:00,247.61,139.0,44.0,2.0,32.0,216.0,66.0,5.0
14919,2020-09-13 15:00:00,275.18,141.0,41.0,2.0,10.0,194.0,62.0,5.0
14920,2020-09-13 16:00:00,298.98,140.0,40.0,2.0,1.0,166.0,61.0,5.0
14921,2020-09-13 17:00:00,299.59,136.0,40.0,2.0,0.0,158.0,63.0,5.0
14922,2020-09-13 18:00:00,299.94,135.0,40.0,2.0,0.0,155.0,64.0,5.0
14923,2020-09-13 19:00:00,284.07,131.0,41.0,2.0,0.0,169.0,66.0,5.0
14924,2020-09-13 20:00:00,292.2,127.0,52.0,2.0,0.0,153.0,67.0,5.0
14925,2020-09-13 21:00:00,291.11,119.0,57.0,2.0,0.0,143.0,67.0,5.0
14926,2020-09-13 22:00:00,320.27,118.0,58.0,2.0,0.0,108.0,65.0,5.0
14927,2020-09-13 23:00:00,345.83,129.0,60.0,2.0,0.0,96.0,64.0,5.0
14928,2020-09-14 00:00:00,352.39,119.0,64.0,2.0,0.0,79.0,63.0,5.0
14929,2020-09-14 01:00:00,377.41,118.0,63.0,2.0,0.0,59.0,60.0,5.0
14930,2020-09-14 02:00:00,381.1,118.0,64.0,2.0,0.0,55.0,61.0,5.0
14931,2020-09-14 03:00:00,402.92,131.0,64.0,2.0,0.0,49.0,62.0,5.0
14932,2020-09-14 04:00:00,392.95,115.0,64.0,2.0,3.0,41.0,60.0,5.0
14933,2020-09-14 05:00:00,438.33,162.0,67.0,2.0,13.0,34.0,61.0,5.0
14934,2020-09-14 06:00:00,466.88,235.0,66.0,2.0,29.0,42.0,62.0,5.0
14935,2020-09-14 07:00:00,480.83,347.0,67.0,2.0,54.0,66.0,65.0,5.0
14936,2020-09-14 08:00:00,473.16,403.0,66.0,2.0,75.0,86.0,68.0,5.0
14937,2020-09-14 09:00:00,470.38,430.0,65.0,2.0,86.0,99.0,65.0,5.0
14938,2020-09-14 10:00:00,470.83,440.0,67.0,2.0,91.0,99.0,65.0,5.0
14939,2020-09-14 11:00:00,468.25,455.0,65.0,2.0,89.0,114.0,66.0,5.0
14940,2020-09-14 12:00:00,479.66,472.0,65.0,2.0,78.0,112.0,70.0,5.0
14941,2020-09-14 13:00:00,507.22,496.0,66.0,2.0,53.0,104.0,71.0,5.0
14942,2020-09-14 14:00:00,543.35,527.0,64.0,2.0,25.0,92.0,71.0,5.0
14943,2020-09-14 15:00:00,559.23,474.0,63.0,2.0,7.0,74.0,66.0,5.0
14944,2020-09-14 16:00:00,579.58,521.0,64.0,2.0,1.0,71.0,65.0,5.0
14945,2020-09-14 17:00:00,574.71,501.0,52.0,2.0,0.0,76.0,65.0,5.0
14946,2020-09-14 18:00:00,586.52,546.0,39.0,2.0,0.0,75.0,70.0,5.0
14947,2020-09-14 19:00:00,563.41,490.0,41.0,2.0,0.0,82.0,73.0,5.0
14948,2020-09-14 20:00:00,554.78,432.0,42.0,2.0,0.0,73.0,71.0,5.0
14949,2020-09-14 21:00:00,565.91,459.0,39.0,2.0,0.0,70.0,72.0,5.0
14950,2020-09-14 22:00:00,541.73,341.0,59.0,2.0,0.0,48.0,69.0,5.0
14951,2020-09-14 23:00:00,552.32,326.0,66.0,2.0,0.0,34.0,65.0,5.0
14952,2020-09-15 00:00:00,578.96,365.0,64.0,2.0,0.0,25.0,64.0,5.0
14953,2020-09-15 01:00:00,595.45,395.0,66.0,2.0,0.0,21.0,61.0,5.0
14954,2020-09-15 02:00:00,608.29,436.0,65.0,2.0,0.0,17.0,64.0,5.0
14955,2020-09-15 03:00:00,636.38,572.0,66.0,2.0,0.0,14.0,67.0,5.0
14956,2020-09-15 04:00:00,647.77,672.0,65.0,2.0,2.0,13.0,71.0,5.0
14957,2020-09-15 05:00:00,657.33,829.0,66.0,2.0,6.0,20.0,72.0,5.0
14958,2020-09-15 06:00:00,658.63,893.0,68.0,2.0,10.0,22.0,73.0,5.0
14959,2020-09-15 07:00:00,662.03,937.0,68.0,2.0,14.0,18.0,74.0,5.0
14960,2020-09-15 08:00:00,659.94,954.0,66.0,2.0,20.0,19.0,74.0,5.0
14961,2020-09-15 09:00:00,654.33,943.0,66.0,2.0,25.0,22.0,74.0,5.0
14962,2020-09-15 10:00:00,646.87,953.0,68.0,2.0,34.0,27.0,74.0,5.0
14963,2020-09-15 11:00:00,645.41,955.0,68.0,2.0,36.0,29.0,73.0,5.0
14964,2020-09-15 12:00:00,647.93,973.0,67.0,2.0,38.0,25.0,74.0,5.0
14965,2020-09-15 13:00:00,656.22,951.0,66.0,2.0,29.0,18.0,72.0,5.0
14966,2020-09-15 14:00:00,668.77,969.0,66.0,2.0,15.0,12.0,73.0,5.0
14967,2020-09-15 15:00:00,678.95,970.0,66.0,2.0,4.0,6.0,73.0,5.0
14968,2020-09-15 16:00:00,683.42,983.0,64.0,2.0,1.0,4.0,73.0,5.0
14969,2020-09-15 17:00:00,682.2,970.0,63.0,2.0,0.0,4.0,75.0,5.0
14970,2020-09-15 18:00:00,680.22,967.0,65.0,2.0,0.0,4.0,77.0,5.0
14971,2020-09-15 19:00:00,679.62,984.0,65.0,2.0,0.0,7.0,77.0,5.0
14972,2020-09-15 20:00:00,647.78,701.0,65.0,2.0,0.0,13.0,78.0,5.0
14973,2020-09-15 21:00:00,628.6,574.0,67.0,2.0,0.0,15.0,75.0,5.0
14974,2020-09-15 22:00:00,618.72,511.0,63.0,2.0,0.0,17.0,72.0,5.0
14975,2020-09-15 23:00:00,605.67,477.0,65.0,2.0,0.0,26.0,68.0,5.0
14976,2020-09-16 00:00:00,583.49,447.0,66.0,2.0,0.0,42.0,67.0,5.0
14977,2020-09-16 01:00:00,573.01,424.0,66.0,2.0,0.0,49.0,64.0,5.0
14978,2020-09-16 02:00:00,577.02,450.0,66.0,2.0,0.0,51.0,66.0,5.0
14979,2020-09-16 03:00:00,595.78,553.0,64.0,2.0,0.0,57.0,69.0,5.0
14980,2020-09-16 04:00:00,600.65,649.0,65.0,2.0,2.0,71.0,72.0,5.0
14981,2020-09-16 05:00:00,583.6,614.0,67.0,2.0,11.0,76.0,72.0,5.0
14982,2020-09-16 06:00:00,572.95,631.0,65.0,2.0,25.0,82.0,74.0,5.0
14983,2020-09-16 07:00:00,560.76,652.0,67.0,2.0,45.0,83.0,79.0,5.0
14984,2020-09-16 08:00:00,552.32,654.0,67.0,2.0,64.0,79.0,79.0,5.0
14985,2020-09-16 09:00:00,541.09,653.0,68.0,2.0,79.0,82.0,80.0,5.0
14986,2020-09-16 10:00:00,529.47,654.0,67.0,2.0,88.0,97.0,78.0,5.0
14987,2020-09-16 11:00:00,527.0,658.0,65.0,2.0,86.0,107.0,77.0,5.0
14988,2020-09-16 12:00:00,532.72,595.0,63.0,2.0,60.0,98.0,75.0,5.0
14989,2020-09-16 13:00:00,556.92,617.0,63.0,2.0,35.0,91.0,76.0,5.0
14990,2020-09-16 14:00:00,566.82,642.0,63.0,2.0,17.0,102.0,76.0,5.0
14991,2020-09-16 15:00:00,564.81,652.0,65.0,2.0,5.0,123.0,73.0,5.0
14992,2020-09-16 16:00:00,581.91,636.0,62.0,2.0,1.0,98.0,71.0,5.0
14993,2020-09-16 17:00:00,544.1,639.0,62.0,2.0,0.0,158.0,74.0,5.0
14994,2020-09-16 18:00:00,513.3,568.0,63.0,2.0,0.0,179.0,75.0,5.0
14995,2020-09-16 19:00:00,459.52,427.0,64.0,2.0,0.0,191.0,75.0,5.0
14996,2020-09-16 20:00:00,400.47,307.0,63.0,2.0,0.0,195.0,76.0,5.0
14997,2020-09-16 21:00:00,390.96,284.0,64.0,2.0,0.0,190.0,75.0,5.0
14998,2020-09-16 22:00:00,330.65,197.0,63.0,2.0,0.0,192.0,73.0,5.0
14999,2020-09-16 23:00:00,306.53,166.0,63.0,2.0,0.0,191.0,70.0,5.0
15000,2020-09-17 00:00:00,368.57,241.0,65.0,2.0,0.0,188.0,69.0,5.0
15001,2020-09-17 01:00:00,409.78,322.0,64.0,2.0,0.0,203.0,66.0,5.0
15002,2020-09-17 02:00:00,422.76,355.0,64.0,2.0,0.0,204.0,71.0,5.0
15003,2020-09-17 03:00:00,414.03,326.0,41.0,2.0,0.0,199.0,69.0,5.0
15004,2020-09-17 04:00:00,442.61,375.0,39.0,2.0,2.0,186.0,74.0,5.0
15005,2020-09-17 05:00:00,443.52,394.0,40.0,2.0,9.0,192.0,73.0,5.0
15006,2020-09-17 06:00:00,431.59,393.0,40.0,2.0,15.0,197.0,81.0,5.0
15007,2020-09-17 07:00:00,423.43,393.0,41.0,2.0,17.0,210.0,80.0,5.0
15008,2020-09-17 08:00:00,438.29,433.0,41.0,2.0,20.0,210.0,81.0,5.0
15009,2020-09-17 09:00:00,451.75,466.0,39.0,2.0,22.0,208.0,80.0,4.0
15010,2020-09-17 10:00:00,468.28,525.0,38.0,2.0,21.0,216.0,81.0,4.0
15011,2020-09-17 11:00:00,485.72,566.0,40.0,2.0,17.0,213.0,79.0,5.0
15012,2020-09-17 12:00:00,465.82,504.0,40.0,2.0,13.0,221.0,75.0,4.0
15013,2020-09-17 13:00:00,451.08,469.0,39.0,2.0,10.0,230.0,73.0,3.0
15014,2020-09-17 14:00:00,468.46,514.0,36.0,2.0,6.0,232.0,73.0,3.0
15015,2020-09-17 15:00:00,485.86,545.0,22.0,2.0,2.0,225.0,74.0,4.0
15016,2020-09-17 16:00:00,495.43,566.0,20.0,2.0,0.0,221.0,75.0,5.0
15017,2020-09-17 17:00:00,503.87,588.0,20.0,2.0,0.0,216.0,76.0,3.0
15018,2020-09-17 18:00:00,497.51,585.0,20.0,2.0,0.0,225.0,77.0,3.0
15019,2020-09-17 19:00:00,481.03,518.0,26.0,2.0,0.0,219.0,74.0,3.0
15020,2020-09-17 20:00:00,453.81,432.0,34.0,2.0,0.0,217.0,67.0,3.0
15021,2020-09-17 21:00:00,445.67,399.0,37.0,2.0,0.0,207.0,67.0,3.0
15022,2020-09-17 22:00:00,433.35,364.0,23.0,2.0,0.0,204.0,66.0,3.0
15023,2020-09-17 23:00:00,419.86,331.0,19.0,2.0,0.0,202.0,63.0,3.0
15024,2020-09-18 00:00:00,425.69,334.0,18.0,2.0,0.0,197.0,62.0,3.0
15025,2020-09-18 01:00:00,429.78,334.0,19.0,2.0,0.0,194.0,59.0,3.0
15026,2020-09-18 02:00:00,442.92,334.0,20.0,2.0,0.0,173.0,62.0,4.0
15027,2020-09-18 03:00:00,445.52,334.0,19.0,2.0,0.0,170.0,62.0,5.0
15028,2020-09-18 04:00:00,478.53,394.0,21.0,2.0,3.0,161.0,62.0,5.0
15029,2020-09-18 05:00:00,497.27,410.0,25.0,2.0,13.0,135.0,61.0,5.0
15030,2020-09-18 06:00:00,496.46,408.0,25.0,2.0,33.0,115.0,61.0,5.0
15031,2020-09-18 07:00:00,494.97,409.0,23.0,2.0,51.0,98.0,63.0,5.0
15032,2020-09-18 08:00:00,473.19,394.0,27.0,2.0,78.0,87.0,67.0,5.0
15033,2020-09-18 09:00:00,442.96,369.0,40.0,2.0,97.0,93.0,67.0,5.0
15034,2020-09-18 10:00:00,429.91,366.0,41.0,2.0,102.0,106.0,67.0,5.0
15035,2020-09-18 11:00:00,423.51,374.0,47.0,2.0,99.0,126.0,66.0,5.0
15036,2020-09-18 12:00:00,411.07,338.0,49.0,2.0,89.0,128.0,65.0,5.0
15037,2020-09-18 13:00:00,430.38,350.0,48.0,2.0,66.0,129.0,66.0,5.0
15038,2020-09-18 14:00:00,461.05,352.0,48.0,2.0,32.0,121.0,65.0,5.0
15039,2020-09-18 15:00:00,490.15,374.0,48.0,2.0,7.0,127.0,59.0,5.0
15040,2020-09-18 16:00:00,489.6,399.0,46.0,2.0,1.0,147.0,60.0,5.0
15041,2020-09-18 17:00:00,499.07,400.0,46.0,2.0,0.0,134.0,62.0,5.0
15042,2020-09-18 18:00:00,456.72,285.0,45.0,2.0,0.0,117.0,63.0,5.0
15043,2020-09-18 19:00:00,407.51,200.0,44.0,2.0,0.0,105.0,64.0,5.0
15044,2020-09-18 20:00:00,302.58,106.0,46.0,2.0,0.0,108.0,65.0,5.0
15045,2020-09-18 21:00:00,278.54,101.0,46.0,2.0,0.0,127.0,66.0,5.0
15046,2020-09-18 22:00:00,243.35,67.0,46.0,2.0,0.0,107.0,64.0,5.0
15047,2020-09-18 23:00:00,250.2,66.0,46.0,2.0,0.0,99.0,62.0,5.0
15048,2020-09-19 00:00:00,255.73,64.0,46.0,2.0,0.0,92.0,59.0,5.0
15049,2020-09-19 01:00:00,261.78,62.0,46.0,2.0,0.0,85.0,56.0,5.0
15050,2020-09-19 02:00:00,261.35,62.0,45.0,2.0,0.0,82.0,59.0,5.0
15051,2020-09-19 03:00:00,346.99,103.0,47.0,2.0,0.0,68.0,59.0,5.0
15052,2020-09-19 04:00:00,433.11,203.0,47.0,2.0,4.0,82.0,60.0,5.0
15053,2020-09-19 05:00:00,407.65,211.0,48.0,2.0,23.0,95.0,60.0,5.0
15054,2020-09-19 06:00:00,384.81,228.0,46.0,2.0,53.0,103.0,65.0,5.0
15055,2020-09-19 07:00:00,380.21,272.0,47.0,2.0,77.0,128.0,66.0,5.0
15056,2020-09-19 08:00:00,355.9,273.0,49.0,2.0,91.0,156.0,66.0,5.0
15057,2020-09-19 09:00:00,326.46,252.0,49.0,2.0,100.0,176.0,67.0,5.0
15058,2020-09-19 10:00:00,324.97,244.0,47.0,2.0,100.0,169.0,66.0,5.0
15059,2020-09-19 11:00:00,329.94,245.0,49.0,2.0,92.0,169.0,66.0,5.0
15060,2020-09-19 12:00:00,324.1,242.0,47.0,2.0,79.0,189.0,66.0,5.0
15061,2020-09-19 13:00:00,357.92,263.0,45.0,2.0,60.0,173.0,65.0,5.0
15062,2020-09-19 14:00:00,374.74,248.0,50.0,2.0,33.0,156.0,66.0,5.0
15063,2020-09-19 15:00:00,428.45,266.0,48.0,2.0,9.0,128.0,62.0,5.0
15064,2020-09-19 16:00:00,433.42,254.0,48.0,2.0,1.0,121.0,62.0,5.0
15065,2020-09-19 17:00:00,445.58,270.0,47.0,2.0,0.0,119.0,63.0,5.0
15066,2020-09-19 18:00:00,449.63,272.0,46.0,2.0,0.0,113.0,66.0,5.0
15067,2020-09-19 19:00:00,435.15,235.0,47.0,2.0,0.0,100.0,68.0,5.0
15068,2020-09-19 20:00:00,408.75,216.0,49.0,2.0,0.0,110.0,71.0,5.0
15069,2020-09-19 21:00:00,420.46,218.0,49.0,2.0,0.0,94.0,76.0,5.0
15070,2020-09-19 22:00:00,457.1,237.0,49.0,2.0,0.0,64.0,83.0,5.0
15071,2020-09-19 23:00:00,472.8,238.0,49.0,2.0,0.0,49.0,84.0,5.0
15072,2020-09-20 00:00:00,493.2,242.0,47.0,2.0,0.0,35.0,83.0,5.0
15073,2020-09-20 01:00:00,507.61,249.0,46.0,2.0,0.0,30.0,80.0,5.0
15074,2020-09-20 02:00:00,499.49,240.0,46.0,2.0,0.0,29.0,83.0,5.0
15075,2020-09-20 03:00:00,506.99,252.0,46.0,2.0,0.0,30.0,82.0,5.0
15076,2020-09-20 04:00:00,480.59,247.0,46.0,2.0,3.0,47.0,82.0,5.0
15077,2020-09-20 05:00:00,462.4,261.0,46.0,2.0,24.0,52.0,82.0,5.0
15078,2020-09-20 06:00:00,421.88,247.0,47.0,2.0,54.0,51.0,87.0,5.0
15079,2020-09-20 07:00:00,396.87,247.0,48.0,2.0,78.0,58.0,87.0,5.0
15080,2020-09-20 08:00:00,382.82,260.0,50.0,2.0,90.0,78.0,87.0,5.0
15081,2020-09-20 09:00:00,370.8,249.0,49.0,2.0,86.0,89.0,87.0,5.0
15082,2020-09-20 10:00:00,355.94,244.0,49.0,2.0,81.0,113.0,86.0,5.0
15083,2020-09-20 11:00:00,357.09,243.0,49.0,2.0,74.0,118.0,85.0,5.0
15084,2020-09-20 12:00:00,366.28,249.0,49.0,2.0,61.0,123.0,85.0,5.0
15085,2020-09-20 13:00:00,369.9,242.0,47.0,2.0,47.0,123.0,86.0,5.0
15086,2020-09-20 14:00:00,403.63,248.0,49.0,2.0,23.0,107.0,85.0,5.0
15087,2020-09-20 15:00:00,440.09,259.0,49.0,2.0,6.0,94.0,80.0,5.0
15088,2020-09-20 16:00:00,434.09,267.0,48.0,2.0,0.0,111.0,82.0,5.0
15089,2020-09-20 17:00:00,419.74,286.0,48.0,2.0,0.0,143.0,83.0,5.0
15090,2020-09-20 18:00:00,423.28,313.0,46.0,2.0,0.0,157.0,86.0,5.0
15091,2020-09-20 19:00:00,362.72,222.0,46.0,2.0,0.0,159.0,86.0,5.0
15092,2020-09-20 20:00:00,302.62,135.0,47.0,2.0,0.0,130.0,87.0,5.0
15093,2020-09-20 21:00:00,314.71,138.0,49.0,2.0,0.0,120.0,86.0,5.0
15094,2020-09-20 22:00:00,355.71,168.0,49.0,2.0,0.0,110.0,84.0,5.0
15095,2020-09-20 23:00:00,373.35,161.0,49.0,2.0,0.0,85.0,82.0,5.0
15096,2020-09-21 00:00:00,377.12,151.0,49.0,2.0,0.0,73.0,80.0,5.0
15097,2020-09-21 01:00:00,381.39,151.0,48.0,2.0,0.0,72.0,77.0,5.0
15098,2020-09-21 02:00:00,410.95,174.0,48.0,2.0,0.0,63.0,80.0,5.0
15099,2020-09-21 03:00:00,452.22,220.0,50.0,2.0,0.0,61.0,79.0,5.0
15100,2020-09-21 04:00:00,503.02,298.0,49.0,2.0,2.0,57.0,79.0,5.0
15101,2020-09-21 05:00:00,539.97,392.0,51.0,2.0,9.0,53.0,80.0,5.0
15102,2020-09-21 06:00:00,533.16,397.0,50.0,2.0,19.0,54.0,79.0,5.0
15103,2020-09-21 07:00:00,493.61,339.0,51.0,2.0,24.0,62.0,83.0,5.0
15104,2020-09-21 08:00:00,480.94,365.0,51.0,2.0,35.0,79.0,85.0,5.0
15105,2020-09-21 09:00:00,478.7,392.0,50.0,2.0,42.0,93.0,83.0,5.0
15106,2020-09-21 10:00:00,476.51,396.0,52.0,2.0,39.0,100.0,84.0,5.0
15107,2020-09-21 11:00:00,476.54,394.0,51.0,2.0,34.0,105.0,83.0,5.0
15108,2020-09-21 12:00:00,456.87,353.0,50.0,2.0,22.0,119.0,83.0,5.0
15109,2020-09-21 13:00:00,457.5,351.0,49.0,2.0,14.0,129.0,79.0,5.0
15110,2020-09-21 14:00:00,454.71,389.0,51.0,2.0,10.0,162.0,79.0,5.0
15111,2020-09-21 15:00:00,451.62,392.0,50.0,2.0,4.0,175.0,79.0,5.0
15112,2020-09-21 16:00:00,444.43,405.0,48.0,2.0,0.0,198.0,81.0,5.0
15113,2020-09-21 17:00:00,431.2,406.0,44.0,2.0,0.0,221.0,82.0,5.0
15114,2020-09-21 18:00:00,410.68,365.0,45.0,2.0,0.0,223.0,83.0,5.0
15115,2020-09-21 19:00:00,354.03,258.0,45.0,2.0,0.0,215.0,84.0,5.0
15116,2020-09-21 20:00:00,346.57,226.0,46.0,2.0,0.0,188.0,86.0,5.0
15117,2020-09-21 21:00:00,367.64,236.0,48.0,2.0,0.0,167.0,86.0,5.0
15118,2020-09-21 22:00:00,378.79,235.0,47.0,2.0,0.0,152.0,84.0,5.0
15119,2020-09-21 23:00:00,383.22,231.0,47.0,2.0,0.0,144.0,82.0,5.0
15120,2020-09-22 00:00:00,392.14,237.0,47.0,2.0,0.0,138.0,82.0,5.0
15121,2020-09-22 01:00:00,391.51,234.0,47.0,2.0,0.0,139.0,79.0,5.0
15122,2020-09-22 02:00:00,387.62,235.0,48.0,2.0,0.0,144.0,80.0,5.0
15123,2020-09-22 03:00:00,400.44,241.0,47.0,2.0,0.0,133.0,80.0,5.0
15124,2020-09-22 04:00:00,446.21,317.0,49.0,2.0,1.0,134.0,79.0,5.0
15125,2020-09-22 05:00:00,492.5,402.0,49.0,2.0,6.0,121.0,78.0,5.0
15126,2020-09-22 06:00:00,479.1,410.0,50.0,2.0,15.0,135.0,78.0,5.0
15127,2020-09-22 07:00:00,462.69,409.0,50.0,2.0,36.0,136.0,80.0,5.0
15128,2020-09-22 08:00:00,436.5,401.0,51.0,2.0,63.0,142.0,84.0,5.0
15129,2020-09-22 09:00:00,425.1,406.0,51.0,2.0,90.0,141.0,82.0,5.0
15130,2020-09-22 10:00:00,428.53,400.0,52.0,2.0,84.0,135.0,83.0,5.0
15131,2020-09-22 11:00:00,433.58,400.0,53.0,2.0,79.0,132.0,82.0,5.0
15132,2020-09-22 12:00:00,433.31,381.0,54.0,2.0,72.0,124.0,83.0,5.0
15133,2020-09-22 13:00:00,459.01,377.0,54.0,2.0,52.0,101.0,83.0,5.0
15134,2020-09-22 14:00:00,514.18,401.0,51.0,2.0,27.0,71.0,78.0,5.0
15135,2020-09-22 15:00:00,545.97,383.0,54.0,2.0,6.0,42.0,83.0,5.0
15136,2020-09-22 16:00:00,568.5,403.0,51.0,2.0,0.0,31.0,85.0,5.0
15137,2020-09-22 17:00:00,572.48,405.0,50.0,2.0,0.0,36.0,77.0,5.0
15138,2020-09-22 18:00:00,511.53,304.0,48.0,2.0,0.0,52.0,81.0,5.0
15139,2020-09-22 19:00:00,437.52,230.0,46.0,2.0,0.0,78.0,84.0,5.0
15140,2020-09-22 20:00:00,432.73,232.0,49.0,2.0,0.0,84.0,84.0,5.0
15141,2020-09-22 21:00:00,438.56,230.0,52.0,2.0,0.0,75.0,85.0,5.0
15142,2020-09-22 22:00:00,452.16,229.0,51.0,2.0,0.0,64.0,82.0,5.0
15143,2020-09-22 23:00:00,461.92,228.0,47.0,2.0,0.0,57.0,80.0,5.0
15144,2020-09-23 00:00:00,463.46,228.0,50.0,2.0,0.0,55.0,80.0,5.0
15145,2020-09-23 01:00:00,463.07,229.0,50.0,2.0,0.0,57.0,79.0,5.0
15146,2020-09-23 02:00:00,442.61,229.0,47.0,2.0,0.0,75.0,81.0,5.0
15147,2020-09-23 03:00:00,482.03,309.0,48.0,2.0,0.0,83.0,83.0,5.0
15148,2020-09-23 04:00:00,510.95,389.0,48.0,1.0,3.0,91.0,82.0,5.0
15149,2020-09-23 05:00:00,505.08,405.0,49.0,1.0,17.0,93.0,81.0,5.0
15150,2020-09-23 06:00:00,498.22,406.0,47.0,1.0,44.0,75.0,82.0,5.0
15151,2020-09-23 07:00:00,489.32,410.0,52.0,1.0,69.0,61.0,84.0,5.0
15152,2020-09-23 08:00:00,477.19,404.0,51.0,1.0,87.0,59.0,82.0,5.0
15153,2020-09-23 09:00:00,463.25,391.0,53.0,2.0,95.0,62.0,82.0,5.0
15154,2020-09-23 10:00:00,460.04,391.0,47.0,2.0,92.0,70.0,83.0,5.0
15155,2020-09-23 11:00:00,457.85,380.0,42.0,2.0,84.0,76.0,82.0,5.0
15156,2020-09-23 12:00:00,467.72,373.0,49.0,2.0,67.0,74.0,81.0,5.0
15157,2020-09-23 13:00:00,487.9,389.0,49.0,2.0,45.0,77.0,82.0,5.0
15158,2020-09-23 14:00:00,506.22,407.0,51.0,2.0,21.0,89.0,79.0,5.0
15159,2020-09-23 15:00:00,515.53,378.0,49.0,2.0,5.0,81.0,78.0,5.0
15160,2020-09-23 16:00:00,534.41,402.0,49.0,2.0,0.0,75.0,78.0,5.0
15161,2020-09-23 17:00:00,524.54,406.0,50.0,2.0,0.0,87.0,79.0,5.0
15162,2020-09-23 18:00:00,502.23,373.0,50.0,2.0,0.0,97.0,80.0,5.0
15163,2020-09-23 19:00:00,456.34,290.0,49.0,2.0,0.0,102.0,81.0,5.0
15164,2020-09-23 20:00:00,419.12,231.0,49.0,2.0,0.0,99.0,83.0,5.0
15165,2020-09-23 21:00:00,412.4,230.0,47.0,2.0,0.0,106.0,83.0,5.0
15166,2020-09-23 22:00:00,427.98,229.0,47.0,2.0,0.0,90.0,81.0,5.0
15167,2020-09-23 23:00:00,433.69,236.0,49.0,2.0,0.0,91.0,79.0,5.0
15168,2020-09-24 00:00:00,434.3,230.0,48.0,2.0,0.0,86.0,79.0,5.0
15169,2020-09-24 01:00:00,430.83,229.0,47.0,2.0,0.0,91.0,77.0,5.0
15170,2020-09-24 02:00:00,439.99,238.0,48.0,2.0,0.0,85.0,80.0,5.0
15171,2020-09-24 03:00:00,483.98,311.0,48.0,2.0,0.0,86.0,79.0,5.0
15172,2020-09-24 04:00:00,516.24,397.0,46.0,2.0,2.0,92.0,79.0,5.0
15173,2020-09-24 05:00:00,510.41,402.0,48.0,2.0,15.0,88.0,79.0,5.0
15174,2020-09-24 06:00:00,495.76,405.0,46.0,2.0,42.0,79.0,82.0,5.0
15175,2020-09-24 07:00:00,473.75,406.0,52.0,2.0,70.0,79.0,84.0,5.0
15176,2020-09-24 08:00:00,453.78,404.0,54.0,2.0,89.0,90.0,83.0,5.0
15177,2020-09-24 09:00:00,439.77,391.0,52.0,2.0,99.0,94.0,83.0,5.0
15178,2020-09-24 10:00:00,433.46,402.0,51.0,2.0,100.0,112.0,83.0,5.0
15179,2020-09-24 11:00:00,426.42,399.0,52.0,2.0,93.0,130.0,82.0,5.0
15180,2020-09-24 12:00:00,419.98,360.0,53.0,2.0,76.0,126.0,83.0,5.0
15181,2020-09-24 13:00:00,463.63,395.0,48.0,2.0,50.0,109.0,83.0,5.0
15182,2020-09-24 14:00:00,492.35,409.0,45.0,2.0,22.0,108.0,80.0,5.0
15183,2020-09-24 15:00:00,493.99,376.0,49.0,2.0,4.0,106.0,79.0,5.0
15184,2020-09-24 16:00:00,485.99,392.0,50.0,2.0,0.0,129.0,79.0,5.0
15185,2020-09-24 17:00:00,479.65,399.0,49.0,2.0,0.0,140.0,81.0,5.0
15186,2020-09-24 18:00:00,402.42,262.0,49.0,2.0,0.0,147.0,82.0,5.0
15187,2020-09-24 19:00:00,390.21,228.0,47.0,2.0,0.0,131.0,83.0,5.0
15188,2020-09-24 20:00:00,395.93,226.0,47.0,2.0,0.0,121.0,84.0,5.0
15189,2020-09-24 21:00:00,395.93,226.0,47.0,2.0,0.0,120.0,85.0,5.0
15190,2020-09-24 22:00:00,413.36,248.0,47.0,2.0,0.0,120.0,83.0,5.0
15191,2020-09-24 23:00:00,400.35,224.0,45.0,2.0,0.0,117.0,81.0,5.0
15192,2020-09-25 00:00:00,425.96,224.0,26.0,2.0,0.0,92.0,80.0,5.0
15193,2020-09-25 01:00:00,433.79,225.0,26.0,2.0,0.0,87.0,78.0,5.0
15194,2020-09-25 02:00:00,446.93,233.0,27.0,2.0,0.0,77.0,81.0,5.0
15195,2020-09-25 03:00:00,527.75,340.0,27.0,2.0,0.0,61.0,79.0,5.0
15196,2020-09-25 04:00:00,548.88,401.0,26.0,2.0,2.0,62.0,80.0,5.0
15197,2020-09-25 05:00:00,553.23,406.0,27.0,2.0,12.0,48.0,81.0,5.0
15198,2020-09-25 06:00:00,547.1,409.0,26.0,2.0,30.0,39.0,80.0,5.0
15199,2020-09-25 07:00:00,535.23,404.0,26.0,2.0,46.0,34.0,80.0,5.0
15200,2020-09-25 08:00:00,517.72,410.0,26.0,2.0,60.0,40.0,83.0,5.0
15201,2020-09-25 09:00:00,502.94,398.0,27.0,2.0,73.0,37.0,85.0,5.0
15202,2020-09-25 10:00:00,493.91,386.0,27.0,2.0,76.0,41.0,83.0,5.0
15203,2020-09-25 11:00:00,503.91,395.0,28.0,2.0,72.0,38.0,82.0,5.0
15204,2020-09-25 12:00:00,470.4,312.0,29.0,2.0,62.0,40.0,83.0,5.0
15205,2020-09-25 13:00:00,496.63,325.0,28.0,2.0,43.0,38.0,83.0,5.0
15206,2020-09-25 14:00:00,547.37,390.0,27.0,2.0,19.0,40.0,82.0,5.0
15207,2020-09-25 15:00:00,550.66,405.0,28.0,2.0,4.0,59.0,80.0,5.0
15208,2020-09-25 16:00:00,517.2,398.0,26.0,2.0,0.0,97.0,81.0,5.0
15209,2020-09-25 17:00:00,487.33,382.0,40.0,2.0,0.0,121.0,82.0,5.0
15210,2020-09-25 18:00:00,365.68,199.0,47.0,2.0,0.0,134.0,82.0,5.0
15211,2020-09-25 19:00:00,230.88,81.0,48.0,2.0,0.0,136.0,84.0,5.0
15212,2020-09-25 20:00:00,214.74,73.0,46.0,2.0,0.0,139.0,86.0,5.0
15213,2020-09-25 21:00:00,210.33,72.0,45.0,2.0,0.0,143.0,86.0,5.0
15214,2020-09-25 22:00:00,212.9,72.0,44.0,2.0,0.0,140.0,84.0,5.0
15215,2020-09-25 23:00:00,220.89,71.0,44.0,2.0,0.0,127.0,82.0,5.0
15216,2020-09-26 00:00:00,227.59,71.0,42.0,2.0,0.0,116.0,82.0,5.0
15217,2020-09-26 01:00:00,223.95,68.0,42.0,2.0,0.0,116.0,80.0,5.0
15218,2020-09-26 02:00:00,235.85,78.0,43.0,2.0,0.0,121.0,82.0,5.0
15219,2020-09-26 03:00:00,236.96,78.0,44.0,2.0,0.0,120.0,82.0,5.0
15220,2020-09-26 04:00:00,291.48,119.0,44.0,2.0,2.0,122.0,82.0,5.0
15221,2020-09-26 05:00:00,359.56,182.0,45.0,2.0,16.0,106.0,83.0,5.0
15222,2020-09-26 06:00:00,362.48,187.0,48.0,2.0,38.0,84.0,85.0,5.0
15223,2020-09-26 07:00:00,384.56,237.0,49.0,2.0,62.0,81.0,87.0,5.0
15224,2020-09-26 08:00:00,366.96,236.0,48.0,2.0,79.0,88.0,87.0,5.0
15225,2020-09-26 09:00:00,360.58,239.0,49.0,2.0,88.0,93.0,86.0,5.0
15226,2020-09-26 10:00:00,354.18,238.0,49.0,2.0,93.0,97.0,86.0,5.0
15227,2020-09-26 11:00:00,360.63,240.0,48.0,2.0,88.0,94.0,86.0,5.0
15228,2020-09-26 12:00:00,369.44,230.0,47.0,2.0,70.0,89.0,85.0,5.0
15229,2020-09-26 13:00:00,405.46,238.0,48.0,2.0,42.0,76.0,86.0,5.0
15230,2020-09-26 14:00:00,424.85,236.0,46.0,2.0,17.0,81.0,82.0,5.0
15231,2020-09-26 15:00:00,404.19,210.0,47.0,2.0,3.0,98.0,80.0,5.0
15232,2020-09-26 16:00:00,343.78,166.0,48.0,2.0,0.0,126.0,80.0,5.0
15233,2020-09-26 17:00:00,377.96,221.0,47.0,2.0,0.0,140.0,83.0,5.0
15234,2020-09-26 18:00:00,339.39,168.0,48.0,2.0,0.0,132.0,82.0,5.0
15235,2020-09-26 19:00:00,237.26,81.0,49.0,2.0,0.0,128.0,83.0,5.0
15236,2020-09-26 20:00:00,224.62,70.0,50.0,2.0,0.0,121.0,84.0,5.0
15237,2020-09-26 21:00:00,221.67,69.0,50.0,2.0,0.0,123.0,84.0,5.0
15238,2020-09-26 22:00:00,221.83,68.0,48.0,2.0,0.0,120.0,83.0,5.0
15239,2020-09-26 23:00:00,227.67,68.0,47.0,2.0,0.0,113.0,81.0,5.0
15240,2020-09-27 00:00:00,232.39,68.0,46.0,2.0,0.0,107.0,80.0,5.0
15241,2020-09-27 01:00:00,246.88,69.0,48.0,2.0,0.0,95.0,77.0,5.0
15242,2020-09-27 02:00:00,242.81,69.0,50.0,2.0,0.0,98.0,80.0,5.0
15243,2020-09-27 03:00:00,240.21,70.0,51.0,2.0,0.0,104.0,80.0,5.0
15244,2020-09-27 04:00:00,229.3,70.0,48.0,2.0,2.0,114.0,81.0,5.0
15245,2020-09-27 05:00:00,224.68,71.0,48.0,2.0,15.0,110.0,81.0,5.0
15246,2020-09-27 06:00:00,228.37,74.0,47.0,2.0,42.0,83.0,82.0,5.0
15247,2020-09-27 07:00:00,229.99,85.0,47.0,2.0,70.0,76.0,84.0,5.0
15248,2020-09-27 08:00:00,217.54,88.0,49.0,2.0,89.0,87.0,84.0,5.0
15249,2020-09-27 09:00:00,186.14,74.0,47.0,2.0,99.0,99.0,85.0,5.0
15250,2020-09-27 10:00:00,214.82,91.0,48.0,2.0,101.0,87.0,84.0,5.0
15251,2020-09-27 11:00:00,201.6,74.0,50.0,2.0,91.0,81.0,82.0,5.0
15252,2020-09-27 12:00:00,218.63,79.0,48.0,2.0,76.0,77.0,82.0,5.0
15253,2020-09-27 13:00:00,238.3,82.0,46.0,2.0,49.0,78.0,83.0,5.0
15254,2020-09-27 14:00:00,254.13,79.0,47.0,2.0,21.0,81.0,81.0,5.0
15255,2020-09-27 15:00:00,315.85,126.0,45.0,2.0,3.0,102.0,82.0,5.0
15256,2020-09-27 16:00:00,360.14,190.0,39.0,2.0,0.0,131.0,82.0,5.0
15257,2020-09-27 17:00:00,372.5,212.0,38.0,2.0,0.0,138.0,83.0,5.0
15258,2020-09-27 18:00:00,316.03,155.0,36.0,2.0,0.0,143.0,83.0,5.0
15259,2020-09-27 19:00:00,248.59,95.0,43.0,2.0,0.0,138.0,83.0,5.0
15260,2020-09-27 20:00:00,276.71,114.0,46.0,2.0,0.0,134.0,84.0,5.0
15261,2020-09-27 21:00:00,298.43,131.0,49.0,2.0,0.0,134.0,83.0,5.0
15262,2020-09-27 22:00:00,341.69,167.0,50.0,2.0,0.0,127.0,83.0,5.0
15263,2020-09-27 23:00:00,394.75,206.0,46.0,2.0,0.0,107.0,81.0,5.0
15264,2020-09-28 00:00:00,408.59,205.0,46.0,2.0,0.0,92.0,80.0,5.0
15265,2020-09-28 01:00:00,411.89,195.0,47.0,2.0,0.0,81.0,79.0,5.0
15266,2020-09-28 02:00:00,432.82,241.0,47.0,2.0,0.0,93.0,82.0,5.0
15267,2020-09-28 03:00:00,506.23,365.0,47.0,2.0,0.0,86.0,83.0,5.0
15268,2020-09-28 04:00:00,559.63,505.0,50.0,2.0,1.0,71.0,90.0,5.0
15269,2020-09-28 05:00:00,567.01,565.0,50.0,2.0,10.0,70.0,93.0,5.0
15270,2020-09-28 06:00:00,572.45,585.0,50.0,2.0,25.0,51.0,96.0,5.0
15271,2020-09-28 07:00:00,571.31,584.0,48.0,2.0,38.0,40.0,96.0,5.0
15272,2020-09-28 08:00:00,551.75,573.0,47.0,2.0,50.0,53.0,96.0,5.0
15273,2020-09-28 09:00:00,545.08,570.0,53.0,2.0,50.0,63.0,93.0,5.0
15274,2020-09-28 10:00:00,553.94,571.0,50.0,2.0,39.0,61.0,94.0,5.0
15275,2020-09-28 11:00:00,567.47,561.0,50.0,2.0,33.0,43.0,95.0,5.0
15276,2020-09-28 12:00:00,579.05,569.0,52.0,2.0,27.0,34.0,96.0,5.0
15277,2020-09-28 13:00:00,582.81,568.0,51.0,2.0,14.0,43.0,95.0,5.0
15278,2020-09-28 14:00:00,597.08,566.0,48.0,2.0,5.0,35.0,94.0,5.0
15279,2020-09-28 15:00:00,610.53,567.0,47.0,2.0,1.0,23.0,94.0,5.0
15280,2020-09-28 16:00:00,604.77,569.0,51.0,2.0,0.0,29.0,95.0,5.0
15281,2020-09-28 17:00:00,604.65,563.0,50.0,2.0,0.0,26.0,97.0,5.0
15282,2020-09-28 18:00:00,612.46,555.0,49.0,2.0,0.0,15.0,97.0,5.0
15283,2020-09-28 19:00:00,607.95,524.0,48.0,2.0,0.0,15.0,95.0,5.0
15284,2020-09-28 20:00:00,603.09,492.0,46.0,2.0,0.0,15.0,93.0,5.0
15285,2020-09-28 21:00:00,594.86,473.0,48.0,2.0,0.0,18.0,93.0,5.0
15286,2020-09-28 22:00:00,602.42,486.0,49.0,2.0,0.0,14.0,92.0,5.0
15287,2020-09-28 23:00:00,598.98,461.0,49.0,2.0,0.0,14.0,89.0,5.0
15288,2020-09-29 00:00:00,599.13,463.0,50.0,2.0,0.0,14.0,89.0,5.0
15289,2020-09-29 01:00:00,603.0,463.0,50.0,2.0,0.0,12.0,87.0,5.0
15290,2020-09-29 02:00:00,602.58,469.0,50.0,2.0,0.0,12.0,89.0,5.0
15291,2020-09-29 03:00:00,606.74,490.0,50.0,2.0,0.0,13.0,89.0,5.0
15292,2020-09-29 04:00:00,621.01,553.0,48.0,2.0,0.0,9.0,93.0,5.0
15293,2020-09-29 05:00:00,622.85,558.0,48.0,2.0,2.0,6.0,93.0,5.0
15294,2020-09-29 06:00:00,618.74,553.0,47.0,2.0,5.0,7.0,93.0,5.0
15295,2020-09-29 07:00:00,620.67,578.0,48.0,2.0,8.0,7.0,93.0,5.0
15296,2020-09-29 08:00:00,619.4,596.0,47.0,2.0,13.0,8.0,93.0,5.0
15297,2020-09-29 09:00:00,623.09,611.0,44.0,2.0,14.0,7.0,93.0,5.0
15298,2020-09-29 10:00:00,621.99,612.0,43.0,2.0,15.0,8.0,93.0,5.0
15299,2020-09-29 11:00:00,624.16,619.0,45.0,2.0,14.0,8.0,92.0,5.0
15300,2020-09-29 12:00:00,623.16,606.0,46.0,2.0,14.0,6.0,92.0,5.0
15301,2020-09-29 13:00:00,628.05,608.0,47.0,2.0,9.0,4.0,93.0,5.0
15302,2020-09-29 14:00:00,632.67,611.0,47.0,2.0,5.0,3.0,93.0,5.0
15303,2020-09-29 15:00:00,635.83,610.0,47.0,2.0,1.0,3.0,93.0,5.0
15304,2020-09-29 16:00:00,639.16,619.0,44.0,2.0,0.0,2.0,94.0,5.0
15305,2020-09-29 17:00:00,638.0,623.0,42.0,2.0,0.0,3.0,96.0,5.0
15306,2020-09-29 18:00:00,637.74,614.0,41.0,2.0,0.0,3.0,95.0,5.0
15307,2020-09-29 19:00:00,615.69,497.0,43.0,2.0,0.0,4.0,93.0,5.0
15308,2020-09-29 20:00:00,579.11,381.0,47.0,2.0,0.0,4.0,96.0,5.0
15309,2020-09-29 21:00:00,581.28,394.0,47.0,2.0,0.0,6.0,96.0,5.0
15310,2020-09-29 22:00:00,582.85,389.0,47.0,2.0,0.0,5.0,94.0,5.0
15311,2020-09-29 23:00:00,581.5,376.0,45.0,2.0,0.0,4.0,93.0,5.0
15312,2020-09-30 00:00:00,583.84,383.0,45.0,2.0,0.0,3.0,94.0,5.0
15313,2020-09-30 01:00:00,587.77,384.0,47.0,2.0,0.0,2.0,91.0,5.0
15314,2020-09-30 02:00:00,605.65,444.0,46.0,2.0,0.0,2.0,91.0,5.0
15315,2020-09-30 03:00:00,625.39,551.0,47.0,2.0,0.0,4.0,93.0,5.0
15316,2020-09-30 04:00:00,632.84,622.0,47.0,2.0,1.0,8.0,94.0,5.0
15317,2020-09-30 05:00:00,627.26,629.0,48.0,2.0,4.0,12.0,95.0,5.0
15318,2020-09-30 06:00:00,620.22,620.0,48.0,2.0,11.0,13.0,94.0,5.0
15319,2020-09-30 07:00:00,614.05,626.0,49.0,2.0,24.0,10.0,93.0,5.0
15320,2020-09-30 08:00:00,604.31,636.0,48.0,2.0,34.0,12.0,97.0,5.0
15321,2020-09-30 09:00:00,594.32,631.0,47.0,2.0,42.0,15.0,99.0,5.0
15322,2020-09-30 10:00:00,586.55,633.0,49.0,2.0,51.0,17.0,99.0,5.0
15323,2020-09-30 11:00:00,585.38,634.0,49.0,2.0,52.0,19.0,98.0,5.0
15324,2020-09-30 12:00:00,582.67,611.0,49.0,2.0,48.0,20.0,98.0,5.0
15325,2020-09-30 13:00:00,600.02,622.0,46.0,2.0,31.0,16.0,99.0,5.0
15326,2020-09-30 14:00:00,616.33,632.0,45.0,2.0,14.0,17.0,96.0,5.0
15327,2020-09-30 15:00:00,621.81,630.0,46.0,2.0,2.0,22.0,95.0,5.0
15328,2020-09-30 16:00:00,617.66,643.0,42.0,2.0,0.0,33.0,96.0,5.0
15329,2020-09-30 17:00:00,599.92,642.0,42.0,2.0,0.0,56.0,97.0,5.0
15330,2020-09-30 18:00:00,588.86,630.0,43.0,2.0,0.0,68.0,97.0,5.0
15331,2020-09-30 19:00:00,580.59,589.0,44.0,2.0,0.0,71.0,93.0,5.0
15332,2020-09-30 20:00:00,543.87,423.0,45.0,2.0,0.0,66.0,86.0,5.0
15333,2020-09-30 21:00:00,493.43,284.0,45.0,2.0,0.0,55.0,86.0,5.0
15334,2020-09-30 22:00:00,496.31,277.0,47.0,2.0,0.0,51.0,83.0,5.0
15335,2020-09-30 23:00:00,503.36,278.0,47.0,2.0,0.0,45.0,83.0,5.0
15336,2020-10-01 00:00:00,511.37,279.0,48.0,2.0,0.0,39.0,82.0,5.0
15337,2020-10-01 01:00:00,513.54,275.0,45.0,2.0,0.0,39.0,79.0,5.0
15338,2020-10-01 02:00:00,507.3,281.0,43.0,2.0,0.0,46.0,81.0,5.0
15339,2020-10-01 03:00:00,512.05,311.0,44.0,2.0,0.0,56.0,81.0,5.0
15340,2020-10-01 04:00:00,558.41,435.0,45.0,2.0,1.0,59.0,80.0,5.0
15341,2020-10-01 05:00:00,564.17,487.0,44.0,2.0,13.0,59.0,80.0,5.0
15342,2020-10-01 06:00:00,545.83,484.0,44.0,2.0,38.0,54.0,82.0,5.0
15343,2020-10-01 07:00:00,519.73,475.0,49.0,2.0,65.0,54.0,85.0,5.0
15344,2020-10-01 08:00:00,504.32,475.0,47.0,2.0,84.0,59.0,84.0,5.0
15345,2020-10-01 09:00:00,482.62,435.0,47.0,2.0,93.0,62.0,83.0,5.0
15346,2020-10-01 10:00:00,483.58,437.0,50.0,2.0,89.0,66.0,82.0,5.0
15347,2020-10-01 11:00:00,511.15,484.0,48.0,2.0,75.0,65.0,81.0,5.0
15348,2020-10-01 12:00:00,532.23,488.0,50.0,2.0,56.0,55.0,81.0,5.0
15349,2020-10-01 13:00:00,547.18,485.0,46.0,2.0,34.0,57.0,81.0,5.0
15350,2020-10-01 14:00:00,559.07,476.0,45.0,2.0,12.0,62.0,80.0,5.0
15351,2020-10-01 15:00:00,556.16,479.0,44.0,2.0,2.0,78.0,79.0,5.0
15352,2020-10-01 16:00:00,521.93,472.0,44.0,2.0,0.0,122.0,79.0,5.0
15353,2020-10-01 17:00:00,510.53,462.0,45.0,2.0,0.0,129.0,83.0,5.0
15354,2020-10-01 18:00:00,484.75,365.0,43.0,2.0,0.0,113.0,83.0,5.0
15355,2020-10-01 19:00:00,461.32,318.0,41.0,2.0,0.0,113.0,84.0,5.0
15356,2020-10-01 20:00:00,442.85,288.0,41.0,2.0,0.0,113.0,86.0,5.0
15357,2020-10-01 21:00:00,453.2,291.0,40.0,2.0,0.0,103.0,86.0,5.0
15358,2020-10-01 22:00:00,465.99,280.0,38.0,2.0,0.0,84.0,84.0,5.0
15359,2020-10-01 23:00:00,491.4,285.0,39.0,2.0,0.0,63.0,82.0,5.0
15360,2020-10-02 00:00:00,492.17,285.0,40.0,2.0,0.0,60.0,84.0,5.0
15361,2020-10-02 01:00:00,492.91,284.0,39.0,2.0,0.0,60.0,83.0,5.0
15362,2020-10-02 02:00:00,474.86,282.0,38.0,2.0,0.0,76.0,84.0,5.0
15363,2020-10-02 03:00:00,491.35,343.0,38.0,2.0,0.0,94.0,83.0,5.0
15364,2020-10-02 04:00:00,539.34,470.0,37.0,2.0,1.0,97.0,81.0,5.0
15365,2020-10-02 05:00:00,525.75,483.0,36.0,2.0,10.0,112.0,81.0,5.0
15366,2020-10-02 06:00:00,524.62,477.0,39.0,2.0,33.0,87.0,81.0,5.0
15367,2020-10-02 07:00:00,522.41,481.0,42.0,2.0,62.0,57.0,86.0,5.0
15368,2020-10-02 08:00:00,501.14,469.0,42.0,2.0,83.0,62.0,85.0,5.0
15369,2020-10-02 09:00:00,480.6,457.0,42.0,2.0,90.0,80.0,85.0,5.0
15370,2020-10-02 10:00:00,491.52,466.0,42.0,2.0,86.0,74.0,83.0,5.0
15371,2020-10-02 11:00:00,507.58,472.0,42.0,2.0,71.0,69.0,82.0,5.0
15372,2020-10-02 12:00:00,518.75,464.0,43.0,2.0,50.0,70.0,82.0,5.0
15373,2020-10-02 13:00:00,539.61,473.0,43.0,2.0,27.0,71.0,80.0,5.0
15374,2020-10-02 14:00:00,548.13,477.0,45.0,2.0,9.0,81.0,78.0,5.0
15375,2020-10-02 15:00:00,528.63,474.0,43.0,2.0,1.0,114.0,78.0,5.0
15376,2020-10-02 16:00:00,500.53,471.0,38.0,2.0,0.0,153.0,80.0,5.0
15377,2020-10-02 17:00:00,461.43,393.0,38.0,2.0,0.0,164.0,82.0,5.0
15378,2020-10-02 18:00:00,282.18,137.0,38.0,2.0,0.0,164.0,83.0,5.0
15379,2020-10-02 19:00:00,173.84,55.0,39.0,2.0,0.0,155.0,84.0,5.0
15380,2020-10-02 20:00:00,174.59,51.0,38.0,2.0,0.0,137.0,86.0,5.0
15381,2020-10-02 21:00:00,172.57,46.0,40.0,2.0,0.0,126.0,86.0,5.0
15382,2020-10-02 22:00:00,201.92,58.0,39.0,2.0,0.0,116.0,84.0,5.0
15383,2020-10-02 23:00:00,228.63,70.0,40.0,2.0,0.0,112.0,81.0,5.0
15384,2020-10-03 00:00:00,236.09,77.0,44.0,2.0,0.0,120.0,81.0,5.0
15385,2020-10-03 01:00:00,241.24,74.0,58.0,2.0,0.0,116.0,79.0,5.0
15386,2020-10-03 02:00:00,262.43,77.0,66.0,2.0,0.0,96.0,81.0,5.0
15387,2020-10-03 03:00:00,209.52,47.0,65.0,2.0,0.0,99.0,81.0,5.0
15388,2020-10-03 04:00:00,227.31,54.0,65.0,2.0,1.0,92.0,80.0,5.0
15389,2020-10-03 05:00:00,292.17,95.0,64.0,2.0,5.0,86.0,81.0,5.0
15390,2020-10-03 06:00:00,390.31,188.0,66.0,2.0,16.0,78.0,81.0,5.0
15391,2020-10-03 07:00:00,391.04,210.0,65.0,2.0,36.0,79.0,80.0,5.0
15392,2020-10-03 08:00:00,369.48,213.0,64.0,2.0,62.0,81.0,83.0,5.0
15393,2020-10-03 09:00:00,354.27,220.0,66.0,2.0,77.0,93.0,86.0,5.0
15394,2020-10-03 10:00:00,338.78,199.0,66.0,2.0,73.0,97.0,85.0,5.0
15395,2020-10-03 11:00:00,328.88,193.0,66.0,2.0,71.0,108.0,84.0,5.0
15396,2020-10-03 12:00:00,323.12,178.0,65.0,2.0,53.0,116.0,83.0,5.0
15397,2020-10-03 13:00:00,341.44,177.0,67.0,2.0,30.0,110.0,84.0,5.0
15398,2020-10-03 14:00:00,351.3,161.0,66.0,2.0,11.0,102.0,79.0,5.0
15399,2020-10-03 15:00:00,349.68,155.0,67.0,2.0,1.0,106.0,80.0,5.0
15400,2020-10-03 16:00:00,377.35,193.0,68.0,2.0,0.0,114.0,81.0,5.0
15401,2020-10-03 17:00:00,339.57,158.0,66.0,2.0,0.0,119.0,84.0,5.0
15402,2020-10-03 18:00:00,269.5,96.0,66.0,2.0,0.0,119.0,84.0,5.0
15403,2020-10-03 19:00:00,224.93,66.0,67.0,2.0,0.0,122.0,84.0,5.0
15404,2020-10-03 20:00:00,224.7,66.0,68.0,2.0,0.0,121.0,86.0,5.0
15405,2020-10-03 21:00:00,211.17,63.0,66.0,2.0,0.0,134.0,86.0,5.0
15406,2020-10-03 22:00:00,207.16,62.0,67.0,2.0,0.0,142.0,83.0,5.0
15407,2020-10-03 23:00:00,208.82,63.0,66.0,2.0,0.0,144.0,80.0,5.0
15408,2020-10-04 00:00:00,207.03,64.0,65.0,2.0,0.0,148.0,81.0,5.0
15409,2020-10-04 01:00:00,205.4,65.0,68.0,2.0,0.0,158.0,79.0,5.0
15410,2020-10-04 02:00:00,198.53,65.0,61.0,2.0,0.0,163.0,81.0,5.0
15411,2020-10-04 03:00:00,197.46,66.0,68.0,2.0,0.0,174.0,81.0,5.0
15412,2020-10-04 04:00:00,194.9,67.0,69.0,2.0,0.0,183.0,81.0,5.0
15413,2020-10-04 05:00:00,191.67,69.0,66.0,2.0,2.0,191.0,81.0,5.0
15414,2020-10-04 06:00:00,184.52,68.0,64.0,2.0,5.0,199.0,81.0,5.0
15415,2020-10-04 07:00:00,189.1,73.0,60.0,2.0,7.0,198.0,81.0,5.0
15416,2020-10-04 08:00:00,223.35,102.0,61.0,2.0,7.0,203.0,81.0,5.0
15417,2020-10-04 09:00:00,205.78,81.0,65.0,2.0,7.0,189.0,81.0,5.0
15418,2020-10-04 10:00:00,270.23,142.0,65.0,2.0,8.0,197.0,80.0,5.0
15419,2020-10-04 11:00:00,191.78,72.0,61.0,2.0,9.0,190.0,79.0,5.0
15420,2020-10-04 12:00:00,182.86,72.0,44.0,2.0,10.0,191.0,80.0,5.0
15421,2020-10-04 13:00:00,194.37,76.0,41.0,2.0,7.0,178.0,81.0,5.0
15422,2020-10-04 14:00:00,190.51,73.0,40.0,2.0,5.0,178.0,81.0,5.0
15423,2020-10-04 15:00:00,196.65,73.0,40.0,2.0,1.0,170.0,81.0,5.0
15424,2020-10-04 16:00:00,217.37,86.0,40.0,2.0,0.0,168.0,81.0,5.0
15425,2020-10-04 17:00:00,257.65,114.0,38.0,2.0,0.0,161.0,82.0,5.0
15426,2020-10-04 18:00:00,240.22,98.0,37.0,2.0,0.0,154.0,83.0,5.0
15427,2020-10-04 19:00:00,202.28,73.0,38.0,2.0,0.0,155.0,85.0,5.0
15428,2020-10-04 20:00:00,202.14,74.0,38.0,2.0,0.0,157.0,86.0,5.0
15429,2020-10-04 21:00:00,191.59,68.0,40.0,2.0,0.0,161.0,86.0,5.0
15430,2020-10-04 22:00:00,217.31,91.0,42.0,2.0,0.0,181.0,82.0,5.0
15431,2020-10-04 23:00:00,175.28,65.0,43.0,2.0,0.0,194.0,80.0,5.0
15432,2020-10-05 00:00:00,185.68,64.0,60.0,2.0,0.0,186.0,80.0,5.0
15433,2020-10-05 01:00:00,195.6,65.0,67.0,2.0,0.0,178.0,77.0,5.0
15434,2020-10-05 02:00:00,212.72,68.0,67.0,2.0,0.0,151.0,80.0,5.0
15435,2020-10-05 03:00:00,263.62,102.0,67.0,2.0,0.0,144.0,79.0,5.0
15436,2020-10-05 04:00:00,396.74,222.0,67.0,2.0,1.0,119.0,79.0,5.0
15437,2020-10-05 05:00:00,451.55,288.0,67.0,2.0,12.0,93.0,79.0,5.0
15438,2020-10-05 06:00:00,432.58,296.0,67.0,2.0,40.0,95.0,79.0,5.0
15439,2020-10-05 07:00:00,403.87,275.0,67.0,2.0,67.0,87.0,83.0,5.0
15440,2020-10-05 08:00:00,400.67,280.0,69.0,2.0,86.0,75.0,85.0,5.0
15441,2020-10-05 09:00:00,406.96,286.0,68.0,2.0,93.0,67.0,82.0,5.0
15442,2020-10-05 10:00:00,430.31,300.0,68.0,2.0,92.0,46.0,82.0,5.0
15443,2020-10-05 11:00:00,439.29,292.0,68.0,2.0,84.0,36.0,82.0,5.0
15444,2020-10-05 12:00:00,442.21,265.0,67.0,2.0,61.0,35.0,83.0,5.0
15445,2020-10-05 13:00:00,447.59,251.0,67.0,2.0,36.0,45.0,82.0,5.0
15446,2020-10-05 14:00:00,484.0,254.0,67.0,2.0,12.0,37.0,79.0,5.0
15447,2020-10-05 15:00:00,515.82,295.0,68.0,2.0,1.0,39.0,79.0,5.0
15448,2020-10-05 16:00:00,494.16,310.0,66.0,2.0,0.0,69.0,80.0,5.0
15449,2020-10-05 17:00:00,487.46,305.0,64.0,2.0,0.0,72.0,82.0,5.0
15450,2020-10-05 18:00:00,476.17,280.0,67.0,2.0,0.0,69.0,82.0,5.0
15451,2020-10-05 19:00:00,399.52,167.0,66.0,2.0,0.0,62.0,84.0,5.0
15452,2020-10-05 20:00:00,361.12,129.0,63.0,2.0,0.0,60.0,85.0,5.0
15453,2020-10-05 21:00:00,313.13,132.0,63.0,2.0,59.0,58.0,85.0,5.0
15454,2020-10-05 22:00:00,363.46,131.0,65.0,2.0,0.0,62.0,83.0,5.0
15455,2020-10-05 23:00:00,358.12,130.0,63.0,2.0,0.0,68.0,81.0,5.0
15456,2020-10-06 00:00:00,346.57,126.0,65.0,2.0,0.0,75.0,81.0,5.0
15457,2020-10-06 01:00:00,345.08,128.0,66.0,2.0,0.0,81.0,79.0,5.0
15458,2020-10-06 02:00:00,330.32,131.0,49.0,2.0,0.0,98.0,80.0,5.0
15459,2020-10-06 03:00:00,327.68,150.0,49.0,2.0,0.0,126.0,80.0,5.0
15460,2020-10-06 04:00:00,413.52,277.0,48.0,2.0,0.0,147.0,80.0,5.0
15461,2020-10-06 05:00:00,411.0,295.0,45.0,2.0,3.0,163.0,80.0,5.0
15462,2020-10-06 06:00:00,404.61,298.0,45.0,2.0,12.0,165.0,81.0,5.0
15463,2020-10-06 07:00:00,394.03,301.0,47.0,2.0,20.0,177.0,80.0,5.0
15464,2020-10-06 08:00:00,390.83,303.0,48.0,2.0,24.0,177.0,83.0,5.0
15465,2020-10-06 09:00:00,378.97,276.0,46.0,2.0,20.0,173.0,84.0,5.0
15466,2020-10-06 10:00:00,383.17,279.0,55.0,2.0,14.0,179.0,80.0,5.0
15467,2020-10-06 11:00:00,379.26,270.0,67.0,2.0,11.0,180.0,79.0,5.0
15468,2020-10-06 12:00:00,373.32,249.0,69.0,2.0,9.0,169.0,80.0,5.0
15469,2020-10-06 13:00:00,409.22,276.0,69.0,2.0,9.0,141.0,80.0,5.0
15470,2020-10-06 14:00:00,420.03,265.0,70.0,2.0,5.0,121.0,80.0,5.0
15471,2020-10-06 15:00:00,445.34,302.0,70.0,2.0,1.0,120.0,80.0,5.0
15472,2020-10-06 16:00:00,454.78,303.0,68.0,2.0,0.0,110.0,80.0,5.0
15473,2020-10-06 17:00:00,443.22,300.0,66.0,2.0,0.0,120.0,83.0,5.0
15474,2020-10-06 18:00:00,399.0,224.0,67.0,2.0,0.0,114.0,84.0,5.0
15475,2020-10-06 19:00:00,336.37,149.0,68.0,2.0,0.0,112.0,84.0,5.0
15476,2020-10-06 20:00:00,304.9,128.0,68.0,2.0,0.0,122.0,86.0,5.0
15477,2020-10-06 21:00:00,315.52,128.0,67.0,2.0,0.0,107.0,87.0,5.0
15478,2020-10-06 22:00:00,334.66,130.0,68.0,2.0,0.0,90.0,84.0,5.0
15479,2020-10-06 23:00:00,319.99,129.0,68.0,2.0,0.0,108.0,82.0,5.0
15480,2020-10-07 00:00:00,319.05,129.0,67.0,2.0,0.0,109.0,82.0,5.0
15481,2020-10-07 01:00:00,338.14,130.0,67.0,2.0,0.0,89.0,81.0,5.0
15482,2020-10-07 02:00:00,344.85,131.0,68.0,2.0,0.0,81.0,83.0,5.0
15483,2020-10-07 03:00:00,407.16,187.0,67.0,2.0,0.0,74.0,82.0,5.0
15484,2020-10-07 04:00:00,474.64,276.0,68.0,2.0,0.0,71.0,79.0,5.0
15485,2020-10-07 05:00:00,491.54,297.0,69.0,2.0,5.0,60.0,79.0,5.0
15486,2020-10-07 06:00:00,487.28,297.0,67.0,2.0,16.0,52.0,81.0,5.0
15487,2020-10-07 07:00:00,471.91,308.0,70.0,2.0,26.0,62.0,84.0,5.0
15488,2020-10-07 08:00:00,432.38,303.0,71.0,2.0,50.0,82.0,87.0,5.0
15489,2020-10-07 09:00:00,410.6,289.0,70.0,2.0,75.0,77.0,87.0,5.0
15490,2020-10-07 10:00:00,406.75,287.0,70.0,2.0,78.0,79.0,86.0,5.0
15491,2020-10-07 11:00:00,424.52,285.0,70.0,2.0,66.0,65.0,85.0,5.0
15492,2020-10-07 12:00:00,432.93,280.0,70.0,2.0,57.0,59.0,85.0,5.0
15493,2020-10-07 13:00:00,462.72,283.0,70.0,2.0,31.0,50.0,86.0,5.0
15494,2020-10-07 14:00:00,474.98,264.0,70.0,2.0,8.0,54.0,80.0,5.0
15495,2020-10-07 15:00:00,482.19,274.0,68.0,2.0,1.0,60.0,80.0,5.0
15496,2020-10-07 16:00:00,481.35,308.0,66.0,2.0,0.0,81.0,81.0,5.0
15497,2020-10-07 17:00:00,464.09,292.0,66.0,2.0,0.0,89.0,83.0,5.0
15498,2020-10-07 18:00:00,440.49,276.0,67.0,2.0,0.0,106.0,83.0,5.0
15499,2020-10-07 19:00:00,442.07,278.0,64.0,2.0,0.0,104.0,85.0,5.0
15500,2020-10-07 20:00:00,430.84,243.0,66.0,2.0,0.0,90.0,86.0,5.0
15501,2020-10-07 21:00:00,441.83,241.0,68.0,2.0,0.0,76.0,86.0,5.0
15502,2020-10-07 22:00:00,457.32,241.0,67.0,2.0,0.0,61.0,85.0,5.0
15503,2020-10-07 23:00:00,466.91,243.0,66.0,2.0,0.0,54.0,84.0,5.0
15504,2020-10-08 00:00:00,476.98,244.0,66.0,2.0,0.0,46.0,83.0,5.0
15505,2020-10-08 01:00:00,478.25,243.0,67.0,2.0,0.0,45.0,82.0,5.0
15506,2020-10-08 02:00:00,471.29,245.0,66.0,2.0,0.0,53.0,82.0,5.0
15507,2020-10-08 03:00:00,469.71,249.0,66.0,2.0,0.0,58.0,81.0,5.0
15508,2020-10-08 04:00:00,500.11,301.0,66.0,2.0,0.0,57.0,81.0,5.0
15509,2020-10-08 05:00:00,484.93,285.0,70.0,2.0,2.0,62.0,80.0,5.0
15510,2020-10-08 06:00:00,490.92,289.0,66.0,2.0,8.0,53.0,80.0,5.0
15511,2020-10-08 07:00:00,480.48,287.0,65.0,2.0,17.0,54.0,80.0,5.0
15512,2020-10-08 08:00:00,464.76,291.0,64.0,2.0,28.0,62.0,81.0,5.0
15513,2020-10-08 09:00:00,431.83,280.0,59.0,2.0,44.0,79.0,81.0,5.0
15514,2020-10-08 10:00:00,418.88,274.0,60.0,2.0,54.0,81.0,81.0,5.0
15515,2020-10-08 11:00:00,409.63,274.0,66.0,2.0,53.0,92.0,83.0,5.0
15516,2020-10-08 12:00:00,416.88,274.0,66.0,2.0,42.0,92.0,84.0,5.0
15517,2020-10-08 13:00:00,442.56,293.0,65.0,2.0,24.0,94.0,81.0,5.0
15518,2020-10-08 14:00:00,451.11,277.0,67.0,2.0,9.0,88.0,80.0,5.0
15519,2020-10-08 15:00:00,459.51,278.0,67.0,2.0,1.0,86.0,81.0,5.0
15520,2020-10-08 16:00:00,459.67,304.0,66.0,2.0,0.0,104.0,81.0,5.0
15521,2020-10-08 17:00:00,436.9,280.0,63.0,2.0,0.0,114.0,83.0,5.0
15522,2020-10-08 18:00:00,414.95,244.0,63.0,2.0,0.0,112.0,84.0,5.0
15523,2020-10-08 19:00:00,354.26,172.0,65.0,2.0,0.0,116.0,85.0,5.0
15524,2020-10-08 20:00:00,309.53,134.0,65.0,2.0,0.0,123.0,87.0,5.0
15525,2020-10-08 21:00:00,315.91,135.0,65.0,2.0,0.0,115.0,88.0,5.0
15526,2020-10-08 22:00:00,322.84,134.0,66.0,2.0,0.0,109.0,84.0,5.0
15527,2020-10-08 23:00:00,324.46,134.0,66.0,2.0,0.0,109.0,82.0,5.0
15528,2020-10-09 00:00:00,336.77,133.0,64.0,2.0,0.0,93.0,82.0,5.0
15529,2020-10-09 01:00:00,341.55,134.0,65.0,2.0,0.0,92.0,79.0,5.0
15530,2020-10-09 02:00:00,344.43,134.0,67.0,2.0,0.0,86.0,82.0,5.0
15531,2020-10-09 03:00:00,439.26,234.0,66.0,2.0,0.0,79.0,81.0,5.0
15532,2020-10-09 04:00:00,483.4,308.0,69.0,2.0,0.0,77.0,82.0,5.0
15533,2020-10-09 05:00:00,473.84,309.0,67.0,2.0,5.0,84.0,82.0,5.0
15534,2020-10-09 06:00:00,452.61,320.0,64.0,2.0,18.0,106.0,81.0,5.0
15535,2020-10-09 07:00:00,421.08,322.0,66.0,2.0,35.0,132.0,84.0,5.0
15536,2020-10-09 08:00:00,382.68,306.0,67.0,2.0,60.0,154.0,86.0,5.0
15537,2020-10-09 09:00:00,359.41,305.0,70.0,2.0,72.0,183.0,88.0,5.0
15538,2020-10-09 10:00:00,370.92,315.0,71.0,2.0,61.0,184.0,86.0,5.0
15539,2020-10-09 11:00:00,363.57,297.0,71.0,2.0,38.0,202.0,86.0,5.0
15540,2020-10-09 12:00:00,383.29,294.0,71.0,2.0,15.0,189.0,83.0,5.0
15541,2020-10-09 13:00:00,409.61,313.0,70.0,2.0,7.0,174.0,80.0,5.0
15542,2020-10-09 14:00:00,439.54,297.0,70.0,2.0,3.0,121.0,81.0,5.0
15543,2020-10-09 15:00:00,464.69,301.0,71.0,2.0,0.0,94.0,82.0,5.0
15544,2020-10-09 16:00:00,468.23,316.0,67.0,2.0,0.0,100.0,82.0,5.0
15545,2020-10-09 17:00:00,467.47,311.0,66.0,2.0,0.0,95.0,85.0,5.0
15546,2020-10-09 18:00:00,451.29,289.0,67.0,2.0,0.0,99.0,86.0,5.0
15547,2020-10-09 19:00:00,395.74,200.0,67.0,2.0,0.0,93.0,87.0,5.0
15548,2020-10-09 20:00:00,366.4,155.0,66.0,2.0,0.0,80.0,88.0,5.0
15549,2020-10-09 21:00:00,347.1,144.0,67.0,2.0,0.0,88.0,89.0,5.0
15550,2020-10-09 22:00:00,361.48,151.0,67.0,2.0,0.0,82.0,87.0,5.0
15551,2020-10-09 23:00:00,341.5,133.0,67.0,2.0,0.0,86.0,84.0,5.0
15552,2020-10-10 00:00:00,340.8,134.0,67.0,2.0,0.0,88.0,84.0,5.0
15553,2020-10-10 01:00:00,340.04,135.0,66.0,2.0,0.0,93.0,81.0,5.0
15554,2020-10-10 02:00:00,359.37,148.0,68.0,2.0,0.0,85.0,83.0,5.0
15555,2020-10-10 03:00:00,351.58,138.0,67.0,2.0,0.0,82.0,83.0,5.0
15556,2020-10-10 04:00:00,362.78,145.0,66.0,2.0,0.0,78.0,83.0,5.0
15557,2020-10-10 05:00:00,356.59,149.0,63.0,2.0,7.0,82.0,83.0,5.0
15558,2020-10-10 06:00:00,395.21,212.0,62.0,2.0,23.0,86.0,83.0,5.0
15559,2020-10-10 07:00:00,406.35,227.0,63.0,2.0,36.0,73.0,83.0,5.0
15560,2020-10-10 08:00:00,387.01,209.0,65.0,2.0,49.0,66.0,84.0,5.0
15561,2020-10-10 09:00:00,331.13,157.0,68.0,2.0,55.0,70.0,88.0,5.0
15562,2020-10-10 10:00:00,314.27,139.0,66.0,2.0,54.0,69.0,88.0,5.0
15563,2020-10-10 11:00:00,371.25,180.0,67.0,2.0,43.0,57.0,89.0,5.0
15564,2020-10-10 12:00:00,378.85,168.0,69.0,2.0,26.0,54.0,88.0,5.0
15565,2020-10-10 13:00:00,440.99,219.0,68.0,2.0,14.0,48.0,85.0,5.0
15566,2020-10-10 14:00:00,406.47,161.0,68.0,2.0,5.0,47.0,82.0,5.0
15567,2020-10-10 15:00:00,470.8,254.0,66.0,2.0,0.0,58.0,83.0,5.0
15568,2020-10-10 16:00:00,496.29,311.0,67.0,2.0,0.0,63.0,84.0,5.0
15569,2020-10-10 17:00:00,477.05,290.0,67.0,2.0,0.0,69.0,87.0,5.0
15570,2020-10-10 18:00:00,381.76,162.0,66.0,2.0,0.0,71.0,88.0,5.0
15571,2020-10-10 19:00:00,380.79,163.0,66.0,2.0,0.0,72.0,89.0,5.0
15572,2020-10-10 20:00:00,362.58,143.0,65.0,2.0,0.0,69.0,90.0,5.0
15573,2020-10-10 21:00:00,400.73,184.0,67.0,2.0,0.0,71.0,89.0,5.0
15574,2020-10-10 22:00:00,359.2,138.0,67.0,2.0,0.0,70.0,87.0,5.0
15575,2020-10-10 23:00:00,369.02,135.0,66.0,2.0,0.0,59.0,85.0,5.0
15576,2020-10-11 00:00:00,374.37,136.0,66.0,2.0,0.0,55.0,85.0,5.0
15577,2020-10-11 01:00:00,397.23,135.0,66.0,2.0,0.0,37.0,82.0,5.0
15578,2020-10-11 02:00:00,413.99,139.0,67.0,2.0,0.0,24.0,85.0,5.0
15579,2020-10-11 03:00:00,415.95,136.0,67.0,2.0,0.0,21.0,84.0,5.0
15580,2020-10-11 04:00:00,403.81,140.0,67.0,2.0,0.0,33.0,85.0,5.0
15581,2020-10-11 05:00:00,396.82,139.0,66.0,2.0,1.0,37.0,85.0,5.0
15582,2020-10-11 06:00:00,394.64,137.0,66.0,2.0,5.0,33.0,85.0,5.0
15583,2020-10-11 07:00:00,399.06,150.0,67.0,2.0,12.0,34.0,85.0,5.0
15584,2020-10-11 08:00:00,427.82,187.0,66.0,2.0,25.0,27.0,84.0,5.0
15585,2020-10-11 09:00:00,418.96,189.0,66.0,2.0,37.0,25.0,84.0,5.0
15586,2020-10-11 10:00:00,393.34,168.0,66.0,2.0,46.0,23.0,84.0,5.0
15587,2020-10-11 11:00:00,367.15,138.0,66.0,2.0,46.0,20.0,83.0,5.0
15588,2020-10-11 12:00:00,382.01,138.0,66.0,2.0,35.0,16.0,84.0,5.0
15589,2020-10-11 13:00:00,433.79,165.0,66.0,2.0,19.0,10.0,85.0,5.0
15590,2020-10-11 14:00:00,474.55,187.0,66.0,2.0,6.0,6.0,85.0,5.0
15591,2020-10-11 15:00:00,539.21,272.0,66.0,2.0,1.0,3.0,85.0,5.0
15592,2020-10-11 16:00:00,557.76,310.0,67.0,2.0,0.0,3.0,85.0,5.0
15593,2020-10-11 17:00:00,557.52,314.0,66.0,2.0,0.0,4.0,86.0,5.0
15594,2020-10-11 18:00:00,551.64,312.0,67.0,2.0,0.0,7.0,87.0,5.0
15595,2020-10-11 19:00:00,549.78,306.0,68.0,2.0,0.0,5.0,88.0,5.0
15596,2020-10-11 20:00:00,504.93,234.0,67.0,2.0,0.0,10.0,89.0,5.0
15597,2020-10-11 21:00:00,514.63,260.0,66.0,2.0,0.0,14.0,90.0,5.0
15598,2020-10-11 22:00:00,493.12,222.0,68.0,2.0,0.0,15.0,87.0,5.0
15599,2020-10-11 23:00:00,453.64,173.0,66.0,2.0,0.0,19.0,85.0,5.0
15600,2020-10-12 00:00:00,479.11,200.0,67.0,2.0,0.0,16.0,85.0,5.0
15601,2020-10-12 01:00:00,475.6,203.0,65.0,2.0,0.0,23.0,83.0,5.0
15602,2020-10-12 02:00:00,474.2,231.0,65.0,2.0,0.0,38.0,86.0,5.0
15603,2020-10-12 03:00:00,530.6,342.0,67.0,2.0,0.0,38.0,88.0,5.0
15604,2020-10-12 04:00:00,532.68,354.0,67.0,2.0,0.0,41.0,88.0,5.0
15605,2020-10-12 05:00:00,527.63,353.0,70.0,2.0,4.0,40.0,89.0,5.0
15606,2020-10-12 06:00:00,522.28,399.0,69.0,2.0,18.0,52.0,90.0,5.0
15607,2020-10-12 07:00:00,514.54,423.0,69.0,2.0,42.0,50.0,89.0,5.0
15608,2020-10-12 08:00:00,489.55,438.0,69.0,2.0,72.0,60.0,92.0,5.0
15609,2020-10-12 09:00:00,499.98,508.0,69.0,2.0,72.0,77.0,96.0,5.0
15610,2020-10-12 10:00:00,522.1,528.0,69.0,2.0,53.0,69.0,97.0,5.0
15611,2020-10-12 11:00:00,533.84,570.0,68.0,2.0,37.0,83.0,99.0,5.0
15612,2020-10-12 12:00:00,553.9,569.0,69.0,2.0,22.0,67.0,98.0,5.0
15613,2020-10-12 13:00:00,567.31,568.0,69.0,2.0,10.0,61.0,96.0,5.0
15614,2020-10-12 14:00:00,574.18,564.0,69.0,2.0,3.0,57.0,96.0,5.0
15615,2020-10-12 15:00:00,570.12,565.0,69.0,2.0,0.0,66.0,96.0,5.0
15616,2020-10-12 16:00:00,566.15,567.0,67.0,2.0,0.0,73.0,96.0,5.0
15617,2020-10-12 17:00:00,570.61,568.0,67.0,2.0,0.0,64.0,99.0,5.0
15618,2020-10-12 18:00:00,563.82,543.0,67.0,2.0,0.0,65.0,99.0,5.0
15619,2020-10-12 19:00:00,541.49,483.0,67.0,2.0,0.0,72.0,100.0,5.0
15620,2020-10-12 20:00:00,537.74,432.0,67.0,2.0,0.0,54.0,102.0,5.0
15621,2020-10-12 21:00:00,539.41,415.0,67.0,2.0,0.0,45.0,102.0,5.0
15622,2020-10-12 22:00:00,507.66,339.0,67.0,2.0,2.0,53.0,94.0,5.0
15623,2020-10-12 23:00:00,527.01,354.0,67.0,2.0,0.0,44.0,91.0,5.0
15624,2020-10-13 00:00:00,540.12,363.0,67.0,2.0,0.0,35.0,90.0,5.0
15625,2020-10-13 01:00:00,549.23,363.0,66.0,2.0,0.0,28.0,88.0,5.0
15626,2020-10-13 02:00:00,544.46,371.0,66.0,2.0,0.0,34.0,90.0,5.0
15627,2020-10-13 03:00:00,580.12,461.0,66.0,2.0,0.0,26.0,91.0,5.0
15628,2020-10-13 04:00:00,601.55,559.0,65.0,2.0,0.0,24.0,96.0,5.0
15629,2020-10-13 05:00:00,606.68,565.0,68.0,2.0,2.0,15.0,97.0,5.0
15630,2020-10-13 06:00:00,599.83,559.0,68.0,2.0,10.0,14.0,97.0,5.0
15631,2020-10-13 07:00:00,584.01,562.0,69.0,2.0,26.0,19.0,97.0,5.0
15632,2020-10-13 08:00:00,572.98,567.0,68.0,2.0,42.0,19.0,98.0,5.0
15633,2020-10-13 09:00:00,559.1,559.0,68.0,2.0,50.0,25.0,101.0,5.0
15634,2020-10-13 10:00:00,561.76,568.0,69.0,2.0,49.0,26.0,100.0,5.0
15635,2020-10-13 11:00:00,565.19,565.0,69.0,2.0,48.0,24.0,97.0,5.0
15636,2020-10-13 12:00:00,573.46,566.0,68.0,2.0,37.0,25.0,96.0,5.0
15637,2020-10-13 13:00:00,594.92,564.0,67.0,2.0,18.0,16.0,95.0,5.0
15638,2020-10-13 14:00:00,608.61,561.0,67.0,2.0,4.0,12.0,95.0,5.0
15639,2020-10-13 15:00:00,615.72,567.0,69.0,2.0,0.0,8.0,95.0,5.0
15640,2020-10-13 16:00:00,614.1,568.0,67.0,2.0,0.0,9.0,97.0,5.0
15641,2020-10-13 17:00:00,606.36,570.0,62.0,2.0,0.0,19.0,99.0,5.0
15642,2020-10-13 18:00:00,594.54,546.0,63.0,2.0,0.0,28.0,98.0,5.0
15643,2020-10-13 19:00:00,565.06,429.0,64.0,2.0,0.0,29.0,95.0,5.0
15644,2020-10-13 20:00:00,532.86,353.0,65.0,2.0,0.0,33.0,96.0,5.0
15645,2020-10-13 21:00:00,511.44,332.0,65.0,2.0,0.0,45.0,97.0,5.0
15646,2020-10-13 22:00:00,509.38,329.0,64.0,2.0,0.0,49.0,94.0,5.0
15647,2020-10-13 23:00:00,506.55,328.0,66.0,2.0,0.0,53.0,92.0,5.0
15648,2020-10-14 00:00:00,505.42,331.0,65.0,2.0,0.0,56.0,92.0,5.0
15649,2020-10-14 01:00:00,492.24,331.0,64.0,2.0,0.0,73.0,90.0,5.0
15650,2020-10-14 02:00:00,479.51,331.0,64.0,2.0,0.0,87.0,91.0,5.0
15651,2020-10-14 03:00:00,465.05,336.0,65.0,2.0,0.0,109.0,90.0,5.0
15652,2020-10-14 04:00:00,516.79,470.0,66.0,2.0,0.0,110.0,91.0,5.0
15653,2020-10-14 05:00:00,539.63,565.0,67.0,2.0,4.0,109.0,95.0,5.0
15654,2020-10-14 06:00:00,530.61,565.0,65.0,2.0,21.0,107.0,95.0,5.0
15655,2020-10-14 07:00:00,513.37,559.0,65.0,2.0,42.0,111.0,96.0,5.0
15656,2020-10-14 08:00:00,494.99,554.0,65.0,2.0,52.0,130.0,97.0,5.0
15657,2020-10-14 09:00:00,486.06,560.0,65.0,2.0,54.0,145.0,100.0,5.0
15658,2020-10-14 10:00:00,489.69,558.0,65.0,2.0,47.0,148.0,96.0,5.0
15659,2020-10-14 11:00:00,491.97,553.0,65.0,2.0,41.0,148.0,95.0,5.0
15660,2020-10-14 12:00:00,486.99,523.0,67.0,2.0,31.0,151.0,94.0,5.0
15661,2020-10-14 13:00:00,496.05,529.0,68.0,2.0,17.0,149.0,97.0,5.0
15662,2020-10-14 14:00:00,514.71,556.0,66.0,2.0,5.0,143.0,97.0,5.0
15663,2020-10-14 15:00:00,510.42,562.0,67.0,2.0,0.0,159.0,96.0,5.0
15664,2020-10-14 16:00:00,502.02,567.0,65.0,2.0,0.0,175.0,98.0,5.0
15665,2020-10-14 17:00:00,504.1,566.0,64.0,2.0,0.0,168.0,101.0,5.0
15666,2020-10-14 18:00:00,439.9,412.0,65.0,2.0,0.0,192.0,97.0,5.0
15667,2020-10-14 19:00:00,405.8,333.0,65.0,2.0,0.0,189.0,96.0,5.0
15668,2020-10-14 20:00:00,409.34,334.0,64.0,2.0,0.0,181.0,99.0,5.0
15669,2020-10-14 21:00:00,401.34,322.0,63.0,2.0,0.0,185.0,98.0,5.0
15670,2020-10-14 22:00:00,421.3,342.0,31.0,2.0,0.0,173.0,98.0,5.0
15671,2020-10-14 23:00:00,418.08,340.0,43.0,2.0,0.0,179.0,94.0,5.0
15672,2020-10-15 00:00:00,426.98,339.0,61.0,2.0,0.0,163.0,93.0,5.0
15673,2020-10-15 01:00:00,427.86,343.0,59.0,2.0,0.0,168.0,90.0,5.0
15674,2020-10-15 02:00:00,444.3,362.0,46.0,2.0,0.0,157.0,92.0,5.0
15675,2020-10-15 03:00:00,443.54,359.0,46.0,2.0,0.0,157.0,91.0,5.0
15676,2020-10-15 04:00:00,501.7,479.0,47.0,2.0,0.0,141.0,92.0,5.0
15677,2020-10-15 05:00:00,513.75,532.0,45.0,2.0,3.0,143.0,95.0,5.0
15678,2020-10-15 06:00:00,511.11,535.0,44.0,2.0,17.0,134.0,96.0,5.0
15679,2020-10-15 07:00:00,509.24,524.0,50.0,2.0,33.0,111.0,99.0,5.0
15680,2020-10-15 08:00:00,506.8,531.0,48.0,2.0,45.0,106.0,100.0,5.0
15681,2020-10-15 09:00:00,520.96,527.0,46.0,2.0,42.0,85.0,100.0,5.0
15682,2020-10-15 10:00:00,534.84,534.0,46.0,2.0,39.0,71.0,99.0,5.0
15683,2020-10-15 11:00:00,547.7,553.0,45.0,2.0,30.0,71.0,97.0,5.0
15684,2020-10-15 12:00:00,550.78,549.0,45.0,2.0,29.0,69.0,94.0,5.0
15685,2020-10-15 13:00:00,568.89,546.0,50.0,2.0,20.0,50.0,94.0,5.0
15686,2020-10-15 14:00:00,589.94,546.0,49.0,2.0,6.0,36.0,95.0,5.0
15687,2020-10-15 15:00:00,595.45,559.0,51.0,2.0,0.0,37.0,96.0,5.0
15688,2020-10-15 16:00:00,584.92,557.0,48.0,2.0,0.0,50.0,97.0,5.0
15689,2020-10-15 17:00:00,574.09,561.0,61.0,2.0,0.0,58.0,100.0,5.0
15690,2020-10-15 18:00:00,564.66,474.0,64.0,2.0,0.0,43.0,97.0,5.0
15691,2020-10-15 19:00:00,515.55,340.0,63.0,2.0,0.0,45.0,97.0,5.0
15692,2020-10-15 20:00:00,514.4,338.0,64.0,2.0,0.0,44.0,98.0,5.0
15693,2020-10-15 21:00:00,508.87,329.0,66.0,2.0,0.0,45.0,98.0,5.0
15694,2020-10-15 22:00:00,510.05,331.0,65.0,2.0,0.0,48.0,95.0,5.0
15695,2020-10-15 23:00:00,518.4,337.0,65.0,2.0,0.0,44.0,93.0,5.0
15696,2020-10-16 00:00:00,520.98,337.0,66.0,2.0,0.0,41.0,93.0,5.0
15697,2020-10-16 01:00:00,505.65,327.0,64.0,2.0,0.0,55.0,91.0,5.0
15698,2020-10-16 02:00:00,496.14,329.0,62.0,2.0,0.0,66.0,92.0,5.0
15699,2020-10-16 03:00:00,538.64,414.0,59.0,2.0,0.0,58.0,92.0,5.0
15700,2020-10-16 04:00:00,579.82,553.0,63.0,2.0,0.0,52.0,95.0,5.0
15701,2020-10-16 05:00:00,574.22,562.0,67.0,2.0,2.0,58.0,96.0,5.0
15702,2020-10-16 06:00:00,567.32,561.0,65.0,2.0,13.0,59.0,94.0,5.0
15703,2020-10-16 07:00:00,560.66,556.0,67.0,2.0,28.0,50.0,95.0,4.0
15704,2020-10-16 08:00:00,561.46,564.0,66.0,2.0,35.0,45.0,95.0,3.0
15705,2020-10-16 09:00:00,561.15,558.0,64.0,2.0,40.0,39.0,95.0,3.0
15706,2020-10-16 10:00:00,556.79,560.0,67.0,2.0,44.0,39.0,97.0,3.0
15707,2020-10-16 11:00:00,559.94,556.0,67.0,2.0,44.0,35.0,95.0,3.0
15708,2020-10-16 12:00:00,571.12,551.0,66.0,2.0,33.0,28.0,96.0,3.0
15709,2020-10-16 13:00:00,589.44,553.0,67.0,2.0,15.0,24.0,94.0,3.0
15710,2020-10-16 14:00:00,601.77,555.0,67.0,2.0,4.0,19.0,95.0,3.0
15711,2020-10-16 15:00:00,608.57,578.0,68.0,2.0,0.0,19.0,96.0,3.0
15712,2020-10-16 16:00:00,610.13,595.0,66.0,2.0,0.0,22.0,96.0,3.0
15713,2020-10-16 17:00:00,615.42,616.0,64.0,2.0,0.0,18.0,99.0,3.0
15714,2020-10-16 18:00:00,593.88,470.0,62.0,2.0,0.0,13.0,93.0,3.0
15715,2020-10-16 19:00:00,509.11,233.0,63.0,2.0,0.0,10.0,86.0,3.0
15716,2020-10-16 20:00:00,458.68,162.0,63.0,2.0,0.0,5.0,88.0,3.0
15717,2020-10-16 21:00:00,468.26,171.0,63.0,2.0,0.0,5.0,87.0,3.0
15718,2020-10-16 22:00:00,480.46,182.0,63.0,2.0,0.0,5.0,85.0,3.0
15719,2020-10-16 23:00:00,485.67,192.0,63.0,2.0,0.0,9.0,83.0,3.0
15720,2020-10-17 00:00:00,474.88,192.0,63.0,2.0,0.0,17.0,83.0,3.0
15721,2020-10-17 01:00:00,418.34,141.0,63.0,2.0,0.0,27.0,80.0,3.0
15722,2020-10-17 02:00:00,433.2,162.0,63.0,2.0,0.0,29.0,83.0,3.0
15723,2020-10-17 03:00:00,438.85,176.0,62.0,2.0,0.0,35.0,83.0,3.0
15724,2020-10-17 04:00:00,397.54,147.0,63.0,2.0,0.0,46.0,83.0,3.0
15725,2020-10-17 05:00:00,447.1,221.0,61.0,2.0,4.0,55.0,84.0,3.0
15726,2020-10-17 06:00:00,465.02,290.0,62.0,2.0,22.0,64.0,84.0,3.0
15727,2020-10-17 07:00:00,457.78,311.0,63.0,2.0,45.0,63.0,84.0,3.0
15728,2020-10-17 08:00:00,433.47,314.0,65.0,2.0,65.0,76.0,85.0,3.0
15729,2020-10-17 09:00:00,407.21,309.0,65.0,2.0,78.0,99.0,84.0,3.0
15730,2020-10-17 10:00:00,402.39,306.0,65.0,2.0,71.0,106.0,89.0,3.0
15731,2020-10-17 11:00:00,414.93,297.0,66.0,2.0,56.0,97.0,86.0,3.0
15732,2020-10-17 12:00:00,423.66,300.0,65.0,2.0,38.0,108.0,83.0,3.0
15733,2020-10-17 13:00:00,443.2,305.0,66.0,2.0,15.0,106.0,85.0,3.0
15734,2020-10-17 14:00:00,450.01,303.0,65.0,2.0,3.0,108.0,85.0,3.0
15735,2020-10-17 15:00:00,435.59,290.0,66.0,2.0,0.0,121.0,84.0,3.0
15736,2020-10-17 16:00:00,373.77,211.0,64.0,2.0,0.0,133.0,84.0,3.0
15737,2020-10-17 17:00:00,373.34,222.0,61.0,2.0,0.0,144.0,85.0,3.0
15738,2020-10-17 18:00:00,306.99,146.0,63.0,2.0,0.0,142.0,87.0,3.0
15739,2020-10-17 19:00:00,295.55,130.0,63.0,2.0,0.0,135.0,86.0,3.0
15740,2020-10-17 20:00:00,285.33,122.0,64.0,2.0,0.0,135.0,88.0,3.0
15741,2020-10-17 21:00:00,296.26,134.0,62.0,2.0,0.0,138.0,88.0,3.0
15742,2020-10-17 22:00:00,276.37,117.0,65.0,2.0,0.0,143.0,85.0,3.0
15743,2020-10-17 23:00:00,271.67,114.0,49.0,2.0,0.0,139.0,85.0,3.0
15744,2020-10-18 00:00:00,273.32,115.0,45.0,2.0,0.0,138.0,84.0,3.0
15745,2020-10-18 01:00:00,275.82,117.0,45.0,2.0,0.0,141.0,81.0,3.0
15746,2020-10-18 02:00:00,270.39,118.0,46.0,2.0,0.0,149.0,83.0,3.0
15747,2020-10-18 03:00:00,288.35,122.0,44.0,2.0,0.0,131.0,82.0,3.0
15748,2020-10-18 04:00:00,302.24,117.0,45.0,2.0,0.0,105.0,83.0,3.0
15749,2020-10-18 05:00:00,323.94,118.0,41.0,2.0,1.0,81.0,83.0,3.0
15750,2020-10-18 06:00:00,325.59,123.0,41.0,2.0,4.0,83.0,83.0,3.0
15751,2020-10-18 07:00:00,346.43,135.0,42.0,2.0,6.0,76.0,82.0,3.0
15752,2020-10-18 08:00:00,371.51,165.0,45.0,2.0,13.0,75.0,84.0,3.0
15753,2020-10-18 09:00:00,370.55,165.0,45.0,2.0,17.0,72.0,84.0,3.0
15754,2020-10-18 10:00:00,365.84,165.0,45.0,2.0,22.0,72.0,84.0,3.0
15755,2020-10-18 11:00:00,364.24,168.0,46.0,2.0,24.0,75.0,84.0,3.0
15756,2020-10-18 12:00:00,371.28,160.0,47.0,2.0,24.0,59.0,84.0,3.0
15757,2020-10-18 13:00:00,354.97,158.0,44.0,2.0,14.0,83.0,85.0,3.0
15758,2020-10-18 14:00:00,348.15,171.0,44.0,2.0,3.0,118.0,84.0,3.0
15759,2020-10-18 15:00:00,337.04,187.0,43.0,2.0,0.0,154.0,85.0,3.0
15760,2020-10-18 16:00:00,283.67,147.0,43.0,2.0,0.0,176.0,85.0,3.0
15761,2020-10-18 17:00:00,310.11,176.0,42.0,2.0,0.0,178.0,86.0,3.0
15762,2020-10-18 18:00:00,281.9,162.0,42.0,2.0,0.0,203.0,86.0,3.0
15763,2020-10-18 19:00:00,291.92,170.0,43.0,2.0,0.0,198.0,87.0,3.0
15764,2020-10-18 20:00:00,334.59,207.0,44.0,2.0,0.0,181.0,87.0,3.0
15765,2020-10-18 21:00:00,342.68,214.0,42.0,2.0,0.0,173.0,91.0,3.0
15766,2020-10-18 22:00:00,316.75,179.0,42.0,2.0,0.0,172.0,86.0,3.0
15767,2020-10-18 23:00:00,313.07,174.0,39.0,2.0,0.0,171.0,85.0,3.0
15768,2020-10-19 00:00:00,337.73,200.0,40.0,2.0,0.0,167.0,87.0,3.0
15769,2020-10-19 01:00:00,298.9,164.0,43.0,2.0,0.0,180.0,84.0,3.0
15770,2020-10-19 02:00:00,307.04,167.0,44.0,2.0,0.0,170.0,86.0,3.0
15771,2020-10-19 03:00:00,392.62,277.0,45.0,2.0,0.0,168.0,88.0,3.0
15772,2020-10-19 04:00:00,442.48,444.0,58.0,2.0,0.0,216.0,92.0,3.0
15773,2020-10-19 05:00:00,478.97,557.0,59.0,2.0,2.0,214.0,96.0,3.0
15774,2020-10-19 06:00:00,472.49,561.0,60.0,2.0,8.0,223.0,96.0,3.0
15775,2020-10-19 07:00:00,474.95,557.0,63.0,2.0,14.0,210.0,95.0,3.0
15776,2020-10-19 08:00:00,473.43,556.0,65.0,2.0,17.0,209.0,95.0,3.0
15777,2020-10-19 09:00:00,462.37,541.0,70.0,2.0,27.0,207.0,99.0,3.0
15778,2020-10-19 10:00:00,466.78,547.0,69.0,2.0,30.0,204.0,94.0,3.0
15779,2020-10-19 11:00:00,471.1,538.0,68.0,2.0,28.0,190.0,96.0,3.0
15780,2020-10-19 12:00:00,420.93,385.0,68.0,2.0,20.0,185.0,96.0,3.0
15781,2020-10-19 13:00:00,365.38,268.0,66.0,2.0,13.0,180.0,97.0,3.0
15782,2020-10-19 14:00:00,387.76,283.0,68.0,2.0,3.0,169.0,96.0,3.0
15783,2020-10-19 15:00:00,421.14,312.0,67.0,2.0,0.0,147.0,95.0,3.0
15784,2020-10-19 16:00:00,416.9,316.0,64.0,2.0,0.0,155.0,97.0,3.0
15785,2020-10-19 17:00:00,428.92,333.0,66.0,2.0,0.0,148.0,99.0,3.0
15786,2020-10-19 18:00:00,441.6,352.0,66.0,2.0,0.0,143.0,99.0,3.0
15787,2020-10-19 19:00:00,439.84,314.0,66.0,2.0,0.0,121.0,96.0,3.0
15788,2020-10-19 20:00:00,446.97,322.0,66.0,2.0,0.0,116.0,97.0,3.0
15789,2020-10-19 21:00:00,468.09,345.0,66.0,2.0,0.0,103.0,97.0,3.0
15790,2020-10-19 22:00:00,459.54,344.0,65.0,2.0,0.0,117.0,94.0,3.0
15791,2020-10-19 23:00:00,457.23,338.0,66.0,2.0,0.0,118.0,92.0,3.0
15792,2020-10-20 00:00:00,450.81,338.0,65.0,2.0,0.0,127.0,92.0,3.0
15793,2020-10-20 01:00:00,477.55,369.0,66.0,2.0,0.0,111.0,91.0,3.0
15794,2020-10-20 02:00:00,492.43,384.0,65.0,2.0,0.0,97.0,94.0,3.0
15795,2020-10-20 03:00:00,492.93,352.0,65.0,2.0,0.0,81.0,92.0,3.0
15796,2020-10-20 04:00:00,545.5,491.0,66.0,2.0,0.0,74.0,96.0,3.0
15797,2020-10-20 05:00:00,570.63,522.0,69.0,2.0,2.0,47.0,98.0,3.0
15798,2020-10-20 06:00:00,569.38,537.0,68.0,2.0,16.0,41.0,97.0,3.0
15799,2020-10-20 07:00:00,561.21,531.0,68.0,2.0,37.0,30.0,96.0,3.0
15800,2020-10-20 08:00:00,560.41,556.0,68.0,2.0,48.0,28.0,97.0,3.0
15801,2020-10-20 09:00:00,558.01,552.0,65.0,2.0,52.0,27.0,97.0,3.0
15802,2020-10-20 10:00:00,546.61,540.0,68.0,2.0,55.0,28.0,104.0,3.0
15803,2020-10-20 11:00:00,543.18,504.0,67.0,2.0,51.0,28.0,99.0,3.0
15804,2020-10-20 12:00:00,571.15,544.0,65.0,2.0,37.0,22.0,96.0,3.0
15805,2020-10-20 13:00:00,587.3,530.0,67.0,2.0,16.0,17.0,96.0,3.0
15806,2020-10-20 14:00:00,601.64,524.0,67.0,2.0,3.0,11.0,96.0,3.0
15807,2020-10-20 15:00:00,604.65,526.0,67.0,2.0,0.0,12.0,95.0,3.0
15808,2020-10-20 16:00:00,607.37,541.0,66.0,2.0,0.0,13.0,95.0,3.0
15809,2020-10-20 17:00:00,606.69,538.0,61.0,2.0,0.0,13.0,97.0,3.0
15810,2020-10-20 18:00:00,556.05,388.0,64.0,2.0,0.0,22.0,97.0,3.0
15811,2020-10-20 19:00:00,517.07,312.0,63.0,2.0,0.0,33.0,94.0,3.0
15812,2020-10-20 20:00:00,500.75,312.0,65.0,2.0,0.0,47.0,96.0,3.0
15813,2020-10-20 21:00:00,497.08,299.0,65.0,2.0,0.0,44.0,96.0,3.0
15814,2020-10-20 22:00:00,499.02,309.0,66.0,2.0,0.0,49.0,94.0,3.0
15815,2020-10-20 23:00:00,497.11,309.0,66.0,2.0,0.0,54.0,91.0,3.0
15816,2020-10-21 00:00:00,488.04,309.0,65.0,2.0,0.0,64.0,91.0,3.0
15817,2020-10-21 01:00:00,475.23,310.0,65.0,2.0,0.0,81.0,89.0,3.0
15818,2020-10-21 02:00:00,469.38,307.0,65.0,2.0,0.0,86.0,89.0,3.0
15819,2020-10-21 03:00:00,472.28,306.0,65.0,2.0,0.0,81.0,90.0,3.0
15820,2020-10-21 04:00:00,496.07,376.0,65.0,2.0,0.0,89.0,93.0,3.0
15821,2020-10-21 05:00:00,483.9,375.0,66.0,2.0,1.0,100.0,96.0,3.0
15822,2020-10-21 06:00:00,487.6,369.0,65.0,2.0,4.0,89.0,96.0,3.0
15823,2020-10-21 07:00:00,488.28,371.0,66.0,2.0,7.0,85.0,97.0,3.0
15824,2020-10-21 08:00:00,485.96,367.0,65.0,2.0,8.0,85.0,97.0,3.0
15825,2020-10-21 09:00:00,491.12,374.0,66.0,2.0,8.0,81.0,98.0,3.0
15826,2020-10-21 10:00:00,499.7,391.0,66.0,2.0,7.0,81.0,97.0,3.0
15827,2020-10-21 11:00:00,499.36,371.0,66.0,2.0,5.0,75.0,95.0,3.0
15828,2020-10-21 12:00:00,510.71,395.0,66.0,2.0,3.0,73.0,97.0,3.0
15829,2020-10-21 13:00:00,506.53,377.0,67.0,2.0,1.0,72.0,96.0,3.0
15830,2020-10-21 14:00:00,495.66,353.0,66.0,2.0,0.0,74.0,96.0,3.0
15831,2020-10-21 15:00:00,497.52,361.0,66.0,2.0,0.0,75.0,97.0,3.0
15832,2020-10-21 16:00:00,492.25,373.0,66.0,2.0,0.0,89.0,96.0,3.0
15833,2020-10-21 17:00:00,499.39,395.0,64.0,2.0,0.0,90.0,98.0,3.0
15834,2020-10-21 18:00:00,448.89,294.0,66.0,2.0,0.0,97.0,94.0,3.0
15835,2020-10-21 19:00:00,435.66,274.0,66.0,2.0,0.0,100.0,93.0,3.0
15836,2020-10-21 20:00:00,433.06,279.0,66.0,2.0,0.0,105.0,95.0,3.0
15837,2020-10-21 21:00:00,430.35,281.0,66.0,2.0,0.0,110.0,95.0,3.0
15838,2020-10-21 22:00:00,436.47,274.0,66.0,2.0,0.0,99.0,93.0,3.0
15839,2020-10-21 23:00:00,450.16,289.0,66.0,2.0,0.0,94.0,92.0,3.0
15840,2020-10-22 00:00:00,459.73,311.0,66.0,2.0,0.0,96.0,93.0,3.0
15841,2020-10-22 01:00:00,457.3,317.0,66.0,2.0,0.0,104.0,92.0,3.0
15842,2020-10-22 02:00:00,460.97,318.0,66.0,2.0,0.0,98.0,94.0,3.0
15843,2020-10-22 03:00:00,430.71,279.0,66.0,2.0,0.0,112.0,91.0,3.0
15844,2020-10-22 04:00:00,426.01,290.0,64.0,2.0,0.0,127.0,91.0,3.0
15845,2020-10-22 05:00:00,437.22,324.0,66.0,2.0,0.0,134.0,94.0,3.0
15846,2020-10-22 06:00:00,444.0,343.0,66.0,2.0,1.0,136.0,95.0,3.0
15847,2020-10-22 07:00:00,445.62,356.0,65.0,2.0,2.0,141.0,96.0,3.0
15848,2020-10-22 08:00:00,448.84,360.0,65.0,2.0,3.0,139.0,95.0,3.0
15849,2020-10-22 09:00:00,439.01,348.0,66.0,2.0,4.0,144.0,95.0,3.0
15850,2020-10-22 10:00:00,444.15,363.0,66.0,2.0,4.0,146.0,96.0,3.0
15851,2020-10-22 11:00:00,448.57,364.0,66.0,2.0,3.0,145.0,92.0,3.0
15852,2020-10-22 12:00:00,452.79,360.0,66.0,2.0,3.0,134.0,94.0,3.0
15853,2020-10-22 13:00:00,473.27,362.0,64.0,2.0,2.0,107.0,95.0,3.0
15854,2020-10-22 14:00:00,473.84,364.0,66.0,2.0,0.0,109.0,95.0,3.0
15855,2020-10-22 15:00:00,409.74,350.0,66.0,2.0,0.0,192.0,100.0,3.0
15856,2020-10-22 16:00:00,398.55,351.0,65.0,2.0,0.0,215.0,98.0,3.0
15857,2020-10-22 17:00:00,399.91,356.0,65.0,2.0,0.0,215.0,100.0,3.0
15858,2020-10-22 18:00:00,377.19,312.0,64.0,2.0,0.0,219.0,96.0,3.0
15859,2020-10-22 19:00:00,390.06,330.0,66.0,2.0,0.0,212.0,97.0,3.0
15860,2020-10-22 20:00:00,386.3,297.0,66.0,2.0,0.0,186.0,98.0,3.0
15861,2020-10-22 21:00:00,388.82,271.0,65.0,2.0,0.0,159.0,96.0,3.0
15862,2020-10-22 22:00:00,397.97,275.0,64.0,2.0,0.0,150.0,95.0,3.0
15863,2020-10-22 23:00:00,414.47,297.0,63.0,2.0,0.0,147.0,93.0,3.0
15864,2020-10-23 00:00:00,406.61,285.0,66.0,2.0,0.0,148.0,93.0,3.0
15865,2020-10-23 01:00:00,398.84,272.0,64.0,2.0,0.0,152.0,89.0,3.0
15866,2020-10-23 02:00:00,386.88,272.0,64.0,2.0,0.0,169.0,90.0,3.0
15867,2020-10-23 03:00:00,383.66,272.0,65.0,2.0,0.0,172.0,92.0,3.0
15868,2020-10-23 04:00:00,422.77,326.0,65.0,2.0,0.0,157.0,94.0,3.0
15869,2020-10-23 05:00:00,427.74,341.0,66.0,2.0,1.0,159.0,95.0,3.0
15870,2020-10-23 06:00:00,414.83,329.0,64.0,2.0,6.0,164.0,96.0,3.0
15871,2020-10-23 07:00:00,417.4,336.0,61.0,2.0,12.0,160.0,96.0,3.0
15872,2020-10-23 08:00:00,411.26,334.0,64.0,1.0,17.0,164.0,96.0,3.0
15873,2020-10-23 09:00:00,406.96,336.0,63.0,1.0,18.0,173.0,95.0,3.0
15874,2020-10-23 10:00:00,414.42,343.0,67.0,1.0,19.0,165.0,95.0,3.0
15875,2020-10-23 11:00:00,415.2,340.0,69.0,1.0,22.0,157.0,96.0,3.0
15876,2020-10-23 12:00:00,404.31,336.0,69.0,1.0,16.0,174.0,100.0,3.0
15877,2020-10-23 13:00:00,415.97,339.0,68.0,1.0,6.0,170.0,97.0,3.0
15878,2020-10-23 14:00:00,424.66,339.0,68.0,1.0,1.0,161.0,97.0,3.0
15879,2020-10-23 15:00:00,427.67,337.0,66.0,1.0,0.0,155.0,98.0,3.0
15880,2020-10-23 16:00:00,462.45,356.0,64.0,1.0,0.0,118.0,98.0,3.0
15881,2020-10-23 17:00:00,478.11,345.0,62.0,1.0,0.0,90.0,99.0,3.0
15882,2020-10-23 18:00:00,415.84,221.0,64.0,2.0,0.0,78.0,97.0,3.0
15883,2020-10-23 19:00:00,394.26,184.0,66.0,2.0,0.0,71.0,95.0,3.0
15884,2020-10-23 20:00:00,415.96,190.0,66.0,2.0,0.0,53.0,96.0,3.0
15885,2020-10-23 21:00:00,450.66,216.0,62.0,2.0,0.0,38.0,98.0,3.0
15886,2020-10-23 22:00:00,431.34,191.0,60.0,2.0,0.0,40.0,96.0,3.0
15887,2020-10-23 23:00:00,448.04,195.0,61.0,2.0,0.0,30.0,94.0,3.0
15888,2020-10-24 00:00:00,466.16,213.0,58.0,2.0,0.0,26.0,95.0,3.0
15889,2020-10-24 01:00:00,472.1,213.0,58.0,2.0,0.0,22.0,94.0,3.0
15890,2020-10-24 02:00:00,467.98,211.0,59.0,2.0,0.0,24.0,94.0,3.0
15891,2020-10-24 03:00:00,455.53,194.0,61.0,2.0,0.0,24.0,93.0,3.0
15892,2020-10-24 04:00:00,463.93,200.0,61.0,1.0,0.0,23.0,92.0,3.0
15893,2020-10-24 05:00:00,460.71,195.0,58.0,1.0,1.0,23.0,91.0,3.0
15894,2020-10-24 06:00:00,460.77,224.0,62.0,1.0,8.0,32.0,93.0,3.0
15895,2020-10-24 07:00:00,474.31,259.0,62.0,1.0,16.0,31.0,95.0,3.0
15896,2020-10-24 08:00:00,464.87,268.0,63.0,1.0,28.0,35.0,94.0,3.0
15897,2020-10-24 09:00:00,461.08,263.0,62.0,1.0,34.0,29.0,95.0,3.0
15898,2020-10-24 10:00:00,455.13,266.0,64.0,1.0,37.0,33.0,96.0,3.0
15899,2020-10-24 11:00:00,462.82,259.0,60.0,1.0,26.0,32.0,96.0,3.0
15900,2020-10-24 12:00:00,479.76,269.0,60.0,1.0,13.0,33.0,97.0,3.0
15901,2020-10-24 13:00:00,474.95,268.0,61.0,1.0,6.0,44.0,97.0,3.0
15902,2020-10-24 14:00:00,469.61,275.0,60.0,1.0,1.0,59.0,97.0,3.0
15903,2020-10-24 15:00:00,427.6,245.0,63.0,1.0,0.0,86.0,96.0,3.0
15904,2020-10-24 16:00:00,421.96,238.0,63.0,2.0,0.0,86.0,96.0,3.0
15905,2020-10-24 17:00:00,450.54,237.0,65.0,2.0,0.0,53.0,97.0,3.0
15906,2020-10-24 18:00:00,368.89,135.0,63.0,2.0,0.0,54.0,89.0,3.0
15907,2020-10-24 19:00:00,314.02,95.0,65.0,2.0,0.0,61.0,86.0,3.0
15908,2020-10-24 20:00:00,337.84,107.0,65.0,2.0,0.0,52.0,88.0,3.0
15909,2020-10-24 21:00:00,332.32,103.0,64.0,2.0,0.0,51.0,89.0,3.0
15910,2020-10-24 22:00:00,325.65,95.0,66.0,2.0,0.0,49.0,87.0,3.0
15911,2020-10-24 23:00:00,305.82,86.0,65.0,2.0,0.0,57.0,85.0,3.0
15912,2020-10-25 00:00:00,333.85,191.0,128.0,2.0,0.0,93.0,167.0,6.0
15913,2020-10-25 01:00:00,353.03,156.0,79.25,1.5,0.0,77.25,107.25,3.75
15914,2020-10-25 02:00:00,346.75,97.0,66.0,1.0,0.0,39.0,82.0,3.0
15915,2020-10-25 03:00:00,367.42,100.0,65.0,1.0,0.0,24.0,84.0,3.0
15916,2020-10-25 04:00:00,374.03,96.0,63.0,1.0,0.0,14.0,85.0,3.0
15917,2020-10-25 05:00:00,378.3,96.0,65.0,1.0,1.0,10.0,85.0,3.0
15918,2020-10-25 06:00:00,386.99,101.0,64.0,1.0,4.0,6.0,85.0,3.0
15919,2020-10-25 07:00:00,385.5,103.0,63.0,1.0,8.0,6.0,84.0,3.0
15920,2020-10-25 08:00:00,359.87,93.0,64.0,1.0,14.0,8.0,84.0,3.0
15921,2020-10-25 09:00:00,350.4,97.0,66.0,1.0,21.0,13.0,84.0,3.0
15922,2020-10-25 10:00:00,341.1,98.0,66.0,1.0,23.0,20.0,84.0,3.0
15923,2020-10-25 11:00:00,324.24,97.0,66.0,1.0,24.0,33.0,84.0,3.0
15924,2020-10-25 12:00:00,321.39,95.0,66.0,1.0,17.0,41.0,83.0,3.0
15925,2020-10-25 13:00:00,335.2,101.0,66.0,1.0,6.0,48.0,82.0,3.0
15926,2020-10-25 14:00:00,317.03,97.0,66.0,1.0,1.0,62.0,85.0,3.0
15927,2020-10-25 15:00:00,288.55,100.0,66.0,1.0,0.0,98.0,86.0,3.0
15928,2020-10-25 16:00:00,275.61,97.0,65.0,1.0,0.0,109.0,86.0,3.0
15929,2020-10-25 17:00:00,245.52,84.0,65.0,1.0,0.0,126.0,86.0,3.0
15930,2020-10-25 18:00:00,242.22,85.0,61.0,1.0,0.0,133.0,84.0,3.0
15931,2020-10-25 19:00:00,236.89,88.0,63.0,1.0,0.0,148.0,85.0,3.0
15932,2020-10-25 20:00:00,237.25,93.0,64.0,1.0,0.0,157.0,87.0,3.0
15933,2020-10-25 21:00:00,232.25,86.0,66.0,1.0,0.0,151.0,87.0,3.0
15934,2020-10-25 22:00:00,232.33,85.0,65.0,1.0,0.0,149.0,86.0,3.0
15935,2020-10-25 23:00:00,232.77,90.0,64.0,1.0,0.0,159.0,86.0,3.0
15936,2020-10-26 00:00:00,251.16,108.0,62.0,1.0,0.0,165.0,86.0,3.0
15937,2020-10-26 01:00:00,275.42,123.0,65.0,1.0,0.0,155.0,86.0,3.0
15938,2020-10-26 02:00:00,279.16,131.0,62.0,1.0,0.0,161.0,87.0,3.0
15939,2020-10-26 03:00:00,278.61,133.0,61.0,1.0,0.0,164.0,88.0,3.0
15940,2020-10-26 04:00:00,280.33,142.0,59.0,1.0,0.0,176.0,88.0,3.0
15941,2020-10-26 05:00:00,351.46,227.0,61.0,1.0,1.0,174.0,93.0,3.0
15942,2020-10-26 06:00:00,367.88,257.0,64.0,1.0,5.0,175.0,95.0,3.0
15943,2020-10-26 07:00:00,372.06,275.0,66.0,1.0,12.0,180.0,95.0,3.0
15944,2020-10-26 08:00:00,360.15,268.0,61.0,1.0,20.0,185.0,95.0,3.0
15945,2020-10-26 09:00:00,371.29,268.0,63.0,1.0,23.0,162.0,96.0,3.0
15946,2020-10-26 10:00:00,383.07,272.0,63.0,1.0,24.0,146.0,96.0,3.0
15947,2020-10-26 11:00:00,392.4,264.0,65.0,1.0,13.0,135.0,96.0,3.0
15948,2020-10-26 12:00:00,399.18,258.0,62.0,1.0,4.0,129.0,96.0,3.0
15949,2020-10-26 13:00:00,416.41,265.0,61.0,1.0,2.0,113.0,97.0,3.0
15950,2020-10-26 14:00:00,444.93,279.0,62.0,1.0,0.0,90.0,97.0,3.0
15951,2020-10-26 15:00:00,435.24,266.0,63.0,1.0,0.0,92.0,97.0,3.0
15952,2020-10-26 16:00:00,441.67,271.0,63.0,1.0,0.0,87.0,98.0,3.0
15953,2020-10-26 17:00:00,446.05,288.0,62.0,1.0,0.0,94.0,98.0,3.0
15954,2020-10-26 18:00:00,453.8,282.0,60.0,1.0,0.0,81.0,98.0,3.0
15955,2020-10-26 19:00:00,433.83,240.0,64.0,1.0,0.0,75.0,96.0,3.0
15956,2020-10-26 20:00:00,422.31,221.0,63.0,1.0,0.0,74.0,95.0,3.0
15957,2020-10-26 21:00:00,405.58,214.0,60.0,1.0,0.0,86.0,96.0,3.0
15958,2020-10-26 22:00:00,400.99,215.0,62.0,1.0,0.0,92.0,96.0,3.0
15959,2020-10-26 23:00:00,398.44,215.0,62.0,1.0,0.0,95.0,96.0,3.0
15960,2020-10-27 00:00:00,386.13,214.0,40.0,1.0,0.0,113.0,93.0,3.0
15961,2020-10-27 01:00:00,385.4,214.0,37.0,1.0,0.0,115.0,92.0,3.0
15962,2020-10-27 02:00:00,382.94,214.0,36.0,1.0,0.0,121.0,89.0,3.0
15963,2020-10-27 03:00:00,377.42,229.0,36.0,1.0,0.0,140.0,92.0,3.0
15964,2020-10-27 04:00:00,399.45,273.0,37.0,2.0,0.0,148.0,95.0,3.0
15965,2020-10-27 05:00:00,399.85,286.0,39.0,2.0,0.0,157.0,97.0,3.0
15966,2020-10-27 06:00:00,382.23,283.0,38.0,2.0,1.0,181.0,96.0,3.0
15967,2020-10-27 07:00:00,376.59,282.0,39.0,2.0,3.0,187.0,96.0,3.0
15968,2020-10-27 08:00:00,379.07,288.0,40.0,2.0,4.0,188.0,96.0,3.0
15969,2020-10-27 09:00:00,396.07,307.0,37.0,2.0,4.0,180.0,95.0,3.0
15970,2020-10-27 10:00:00,424.4,345.0,38.0,2.0,4.0,167.0,96.0,3.0
15971,2020-10-27 11:00:00,435.58,353.0,39.0,2.0,4.0,156.0,96.0,3.0
15972,2020-10-27 12:00:00,438.49,348.0,39.0,1.0,2.0,151.0,96.0,3.0
15973,2020-10-27 13:00:00,442.82,333.0,39.0,1.0,1.0,135.0,96.0,3.0
15974,2020-10-27 14:00:00,464.15,342.0,38.0,1.0,0.0,113.0,97.0,3.0
15975,2020-10-27 15:00:00,473.4,343.0,38.0,1.0,0.0,102.0,97.0,3.0
15976,2020-10-27 16:00:00,477.97,347.0,37.0,1.0,0.0,99.0,97.0,3.0
15977,2020-10-27 17:00:00,481.54,332.0,37.0,1.0,0.0,85.0,98.0,3.0
15978,2020-10-27 18:00:00,477.46,299.0,38.0,1.0,0.0,74.0,94.0,3.0
15979,2020-10-27 19:00:00,475.61,289.0,38.0,1.0,0.0,71.0,93.0,3.0
15980,2020-10-27 20:00:00,455.95,278.0,38.0,1.0,0.0,81.0,97.0,3.0
15981,2020-10-27 21:00:00,414.8,250.0,39.0,1.0,0.0,106.0,98.0,3.0
15982,2020-10-27 22:00:00,445.94,282.0,38.0,1.0,0.0,93.0,99.0,3.0
15983,2020-10-27 23:00:00,454.63,291.0,39.0,1.0,0.0,91.0,97.0,3.0
15984,2020-10-28 00:00:00,450.32,323.0,39.0,1.0,0.0,123.0,92.0,3.0
15985,2020-10-28 01:00:00,421.55,331.0,56.0,1.0,0.0,166.0,93.0,3.0
15986,2020-10-28 02:00:00,415.44,331.0,61.0,1.0,0.0,178.0,90.0,3.0
15987,2020-10-28 03:00:00,428.59,332.0,64.0,1.0,0.0,157.0,91.0,3.0
15988,2020-10-28 04:00:00,444.04,348.0,63.0,1.0,0.0,146.0,91.0,3.0
15989,2020-10-28 05:00:00,474.61,455.0,60.0,1.0,1.0,164.0,95.0,3.0
15990,2020-10-28 06:00:00,488.72,509.0,62.0,1.0,8.0,163.0,96.0,3.0
15991,2020-10-28 07:00:00,495.33,516.0,64.0,1.0,17.0,146.0,96.0,3.0
15992,2020-10-28 08:00:00,485.19,525.0,67.0,1.0,24.0,159.0,98.0,3.0
15993,2020-10-28 09:00:00,485.19,517.0,69.0,1.0,26.0,153.0,97.0,3.0
15994,2020-10-28 10:00:00,489.31,523.0,65.0,1.0,33.0,144.0,96.0,3.0
15995,2020-10-28 11:00:00,502.8,523.0,68.0,1.0,25.0,130.0,94.0,3.0
15996,2020-10-28 12:00:00,509.45,521.0,68.0,1.0,18.0,128.0,91.0,3.0
15997,2020-10-28 13:00:00,516.86,512.0,64.0,1.0,7.0,124.0,91.0,3.0
15998,2020-10-28 14:00:00,525.49,563.0,66.0,1.0,1.0,136.0,94.0,3.0
15999,2020-10-28 15:00:00,512.88,564.0,65.0,1.0,0.0,156.0,97.0,3.0
16000,2020-10-28 16:00:00,510.95,570.0,66.0,1.0,0.0,160.0,99.0,3.0
16001,2020-10-28 17:00:00,481.3,515.0,64.0,1.0,0.0,188.0,95.0,3.0
16002,2020-10-28 18:00:00,472.99,511.0,63.0,1.0,0.0,201.0,95.0,3.0
16003,2020-10-28 19:00:00,472.38,494.0,62.0,1.0,0.0,191.0,96.0,3.0
16004,2020-10-28 20:00:00,444.84,416.0,63.0,1.0,0.0,189.0,95.0,3.0
16005,2020-10-28 21:00:00,405.77,329.0,62.0,1.0,0.0,186.0,96.0,3.0
16006,2020-10-28 22:00:00,423.08,320.0,63.0,1.0,0.0,153.0,94.0,3.0
16007,2020-10-28 23:00:00,439.75,323.0,64.0,1.0,0.0,131.0,94.0,3.0
16008,2020-10-29 00:00:00,453.37,322.0,63.0,1.0,0.0,114.0,92.0,3.0
16009,2020-10-29 01:00:00,467.08,324.0,62.0,1.0,0.0,99.0,91.0,3.0
16010,2020-10-29 02:00:00,476.4,330.0,63.0,1.0,0.0,93.0,89.0,3.0
16011,2020-10-29 03:00:00,483.88,333.0,62.0,1.0,0.0,84.0,91.0,3.0
16012,2020-10-29 04:00:00,538.09,457.0,63.0,1.0,0.0,76.0,92.0,3.0
16013,2020-10-29 05:00:00,563.84,567.0,62.0,1.0,0.0,80.0,95.0,3.0
16014,2020-10-29 06:00:00,560.89,555.0,62.0,1.0,2.0,79.0,94.0,3.0
16015,2020-10-29 07:00:00,569.71,566.0,63.0,1.0,6.0,66.0,94.0,3.0
16016,2020-10-29 08:00:00,572.75,570.0,66.0,1.0,10.0,58.0,94.0,3.0
16017,2020-10-29 09:00:00,580.25,570.0,65.0,1.0,16.0,41.0,95.0,3.0
16018,2020-10-29 10:00:00,585.23,567.0,66.0,1.0,17.0,33.0,94.0,3.0
16019,2020-10-29 11:00:00,590.74,568.0,66.0,1.0,13.0,29.0,95.0,3.0
16020,2020-10-29 12:00:00,601.17,563.0,64.0,1.0,7.0,22.0,94.0,3.0
16021,2020-10-29 13:00:00,607.53,561.0,63.0,1.0,3.0,18.0,94.0,3.0
16022,2020-10-29 14:00:00,604.67,562.0,65.0,1.0,1.0,22.0,95.0,3.0
16023,2020-10-29 15:00:00,609.65,569.0,64.0,1.0,0.0,19.0,95.0,3.0
16024,2020-10-29 16:00:00,608.6,571.0,66.0,1.0,0.0,20.0,95.0,3.0
16025,2020-10-29 17:00:00,607.22,569.0,64.0,1.0,0.0,21.0,96.0,3.0
16026,2020-10-29 18:00:00,607.94,567.0,63.0,1.0,0.0,20.0,96.0,3.0
16027,2020-10-29 19:00:00,602.87,562.0,63.0,1.0,0.0,23.0,98.0,3.0
16028,2020-10-29 20:00:00,603.13,544.0,63.0,1.0,0.0,19.0,97.0,3.0
16029,2020-10-29 21:00:00,574.0,420.0,65.0,1.0,0.0,16.0,96.0,3.0
16030,2020-10-29 22:00:00,544.07,325.0,63.0,1.0,0.0,13.0,95.0,3.0
16031,2020-10-29 23:00:00,547.78,326.0,63.0,1.0,0.0,10.0,95.0,3.0
16032,2020-10-30 00:00:00,550.57,330.0,63.0,1.0,0.0,10.0,94.0,3.0
16033,2020-10-30 01:00:00,554.71,332.0,63.0,1.0,0.0,7.0,94.0,3.0
16034,2020-10-30 02:00:00,559.0,338.0,61.0,1.0,0.0,8.0,92.0,3.0
16035,2020-10-30 03:00:00,574.9,373.0,62.0,1.0,0.0,5.0,92.0,3.0
16036,2020-10-30 04:00:00,599.67,461.0,63.0,1.0,0.0,4.0,94.0,3.0
16037,2020-10-30 05:00:00,620.58,562.0,62.0,1.0,0.0,5.0,95.0,3.0
16038,2020-10-30 06:00:00,615.96,566.0,63.0,1.0,2.0,7.0,97.0,3.0
16039,2020-10-30 07:00:00,612.12,560.0,66.0,1.0,6.0,7.0,95.0,3.0
16040,2020-10-30 08:00:00,617.39,589.0,62.0,1.0,8.0,7.0,95.0,3.0
16041,2020-10-30 09:00:00,616.69,599.0,60.0,1.0,10.0,8.0,96.0,3.0
16042,2020-10-30 10:00:00,619.0,610.0,59.0,1.0,10.0,8.0,96.0,3.0
16043,2020-10-30 11:00:00,626.42,633.0,58.0,1.0,9.0,7.0,94.0,3.0
16044,2020-10-30 12:00:00,632.89,640.0,56.0,1.0,5.0,5.0,94.0,3.0
16045,2020-10-30 13:00:00,635.99,649.0,58.0,1.0,2.0,5.0,94.0,3.0
16046,2020-10-30 14:00:00,636.34,647.0,56.0,1.0,0.0,6.0,95.0,3.0
16047,2020-10-30 15:00:00,632.36,644.0,62.0,1.0,0.0,7.0,96.0,3.0
16048,2020-10-30 16:00:00,632.44,645.0,62.0,1.0,0.0,7.0,96.0,4.0
16049,2020-10-30 17:00:00,629.24,643.0,64.0,1.0,0.0,7.0,99.0,3.0
16050,2020-10-30 18:00:00,628.03,642.0,60.0,1.0,0.0,9.0,100.0,3.0
16051,2020-10-30 19:00:00,624.71,636.0,65.0,1.0,0.0,9.0,101.0,3.0
16052,2020-10-30 20:00:00,608.88,537.0,64.0,1.0,0.0,8.0,99.0,3.0
16053,2020-10-30 21:00:00,603.95,499.0,64.0,1.0,0.0,6.0,97.0,3.0
16054,2020-10-30 22:00:00,581.04,410.0,64.0,1.0,0.0,5.0,97.0,3.0
16055,2020-10-30 23:00:00,601.15,500.0,65.0,1.0,0.0,8.0,98.0,3.0
16056,2020-10-31 00:00:00,602.9,496.0,65.0,1.0,0.0,7.0,96.0,3.0
16057,2020-10-31 01:00:00,602.5,489.0,64.0,1.0,0.0,6.0,96.0,3.0
16058,2020-10-31 02:00:00,600.13,483.0,64.0,1.0,0.0,10.0,93.0,3.0
16059,2020-10-31 03:00:00,598.93,473.0,63.0,1.0,0.0,7.0,95.0,3.0
16060,2020-10-31 04:00:00,608.16,508.0,63.0,1.0,0.0,6.0,95.0,3.0
16061,2020-10-31 05:00:00,610.65,525.0,64.0,2.0,1.0,7.0,93.0,3.0
16062,2020-10-31 06:00:00,611.8,556.0,62.0,1.0,4.0,9.0,96.0,3.0
16063,2020-10-31 07:00:00,594.51,538.0,60.0,1.0,19.0,12.0,95.0,3.0
16064,2020-10-31 08:00:00,568.89,509.0,63.0,1.0,34.0,18.0,96.0,3.0
16065,2020-10-31 09:00:00,555.72,485.0,64.0,1.0,41.0,19.0,96.0,3.0
16066,2020-10-31 10:00:00,542.11,425.0,63.0,1.0,38.0,18.0,94.0,3.0
16067,2020-10-31 11:00:00,565.27,452.0,63.0,1.0,27.0,14.0,92.0,3.0
16068,2020-10-31 12:00:00,578.66,463.0,64.0,1.0,20.0,11.0,90.0,3.0
16069,2020-10-31 13:00:00,585.18,438.0,62.0,1.0,9.0,7.0,91.0,3.0
16070,2020-10-31 14:00:00,573.86,370.0,62.0,1.0,1.0,4.0,92.0,3.0
16071,2020-10-31 15:00:00,592.69,426.0,59.0,1.0,0.0,6.0,91.0,3.0
16072,2020-10-31 16:00:00,595.01,432.0,60.0,1.0,0.0,11.0,85.0,3.0
16073,2020-10-31 17:00:00,578.77,428.0,61.0,1.0,0.0,24.0,87.0,3.0
16074,2020-10-31 18:00:00,578.58,470.0,62.0,1.0,0.0,37.0,87.0,3.0
16075,2020-10-31 19:00:00,545.98,406.0,63.0,1.0,0.0,51.0,87.0,3.0
16076,2020-10-31 20:00:00,436.4,202.0,64.0,1.0,0.0,53.0,87.0,3.0
16077,2020-10-31 21:00:00,290.9,75.0,63.0,1.0,0.0,52.0,88.0,3.0
16078,2020-10-31 22:00:00,316.31,94.0,63.0,1.0,0.0,56.0,88.0,3.0
16079,2020-10-31 23:00:00,302.34,83.0,61.0,1.0,0.0,54.0,87.0,3.0
16080,2020-11-01 00:00:00,303.98,83.0,59.0,1.0,0.0,55.0,84.0,3.0
16081,2020-11-01 01:00:00,293.06,84.0,62.0,1.0,0.0,67.0,85.0,3.0
16082,2020-11-01 02:00:00,303.91,84.0,61.0,1.0,0.0,57.0,84.0,3.0
16083,2020-11-01 03:00:00,313.61,85.0,64.0,1.0,0.0,49.0,85.0,3.0
16084,2020-11-01 04:00:00,323.36,93.0,63.0,1.0,0.0,52.0,84.0,3.0
16085,2020-11-01 05:00:00,308.24,82.0,61.0,1.0,0.0,52.0,82.0,3.0
16086,2020-11-01 06:00:00,303.98,79.0,59.0,1.0,1.0,50.0,82.0,3.0
16087,2020-11-01 07:00:00,292.16,80.0,60.0,1.0,4.0,60.0,82.0,3.0
16088,2020-11-01 08:00:00,301.18,90.0,62.0,2.0,6.0,63.0,83.0,3.0
16089,2020-11-01 09:00:00,300.05,93.0,63.0,2.0,8.0,65.0,85.0,3.0
16090,2020-11-01 10:00:00,281.23,83.0,62.0,2.0,7.0,71.0,84.0,3.0
16091,2020-11-01 11:00:00,274.27,84.0,60.0,2.0,6.0,81.0,84.0,3.0
16092,2020-11-01 12:00:00,273.54,82.0,62.0,2.0,4.0,82.0,83.0,3.0
16093,2020-11-01 13:00:00,274.97,82.0,61.0,1.0,2.0,82.0,84.0,3.0
16094,2020-11-01 14:00:00,281.59,85.0,62.0,1.0,0.0,82.0,84.0,3.0
16095,2020-11-01 15:00:00,271.46,86.0,63.0,1.0,0.0,96.0,84.0,3.0
16096,2020-11-01 16:00:00,269.14,98.0,61.0,1.0,0.0,120.0,84.0,3.0
16097,2020-11-01 17:00:00,247.24,91.0,61.0,1.0,0.0,136.0,86.0,3.0
16098,2020-11-01 18:00:00,244.85,99.0,60.0,1.0,0.0,157.0,85.0,3.0
16099,2020-11-01 19:00:00,223.07,87.0,59.0,1.0,0.0,165.0,87.0,3.0
16100,2020-11-01 20:00:00,219.37,86.0,60.0,1.0,0.0,171.0,86.0,3.0
16101,2020-11-01 21:00:00,214.2,79.0,60.0,1.0,0.0,163.0,86.0,3.0
16102,2020-11-01 22:00:00,211.56,83.0,57.0,1.0,0.0,174.0,88.0,3.0
16103,2020-11-01 23:00:00,238.67,92.0,56.0,1.0,0.0,148.0,87.0,3.0
16104,2020-11-02 00:00:00,154.9,37.0,60.0,1.0,0.0,151.0,84.0,3.0
16105,2020-11-02 01:00:00,149.74,35.0,57.0,1.0,0.0,150.0,84.0,3.0
16106,2020-11-02 02:00:00,139.96,34.0,56.0,1.0,0.0,170.0,81.0,3.0
16107,2020-11-02 03:00:00,133.36,32.0,59.0,1.0,0.0,182.0,82.0,3.0
16108,2020-11-02 04:00:00,198.71,78.0,58.0,1.0,0.0,194.0,81.0,3.0
16109,2020-11-02 05:00:00,239.51,114.0,57.0,1.0,1.0,199.0,82.0,3.0
16110,2020-11-02 06:00:00,230.48,123.0,61.0,1.0,9.0,233.0,81.0,3.0
16111,2020-11-02 07:00:00,207.4,113.0,62.0,1.0,27.0,245.0,82.0,3.0
16112,2020-11-02 08:00:00,190.96,108.0,62.0,1.0,41.0,262.0,82.0,3.0
16113,2020-11-02 09:00:00,191.3,105.0,63.0,1.0,35.0,263.0,78.0,3.0
16114,2020-11-02 10:00:00,199.03,105.0,61.0,1.0,22.0,254.0,77.0,3.0
16115,2020-11-02 11:00:00,206.92,112.0,60.0,2.0,15.0,256.0,79.0,3.0
16116,2020-11-02 12:00:00,213.35,115.0,63.0,2.0,7.0,256.0,81.0,3.0
16117,2020-11-02 13:00:00,199.68,103.0,59.0,2.0,2.0,259.0,82.0,3.0
16118,2020-11-02 14:00:00,207.4,110.0,62.0,2.0,1.0,261.0,83.0,3.0
16119,2020-11-02 15:00:00,219.04,123.0,60.0,2.0,0.0,266.0,82.0,3.0
16120,2020-11-02 16:00:00,208.9,115.0,64.0,2.0,0.0,273.0,83.0,3.0
16121,2020-11-02 17:00:00,207.83,115.0,63.0,2.0,0.0,273.0,85.0,3.0
16122,2020-11-02 18:00:00,192.86,102.0,60.0,2.0,0.0,272.0,87.0,3.0
16123,2020-11-02 19:00:00,168.32,82.0,58.0,2.0,0.0,276.0,87.0,3.0
16124,2020-11-02 20:00:00,167.99,82.0,58.0,2.0,0.0,277.0,87.0,3.0
16125,2020-11-02 21:00:00,168.79,82.0,55.0,2.0,0.0,272.0,86.0,3.0
16126,2020-11-02 22:00:00,169.2,80.0,56.0,2.0,0.0,265.0,86.0,3.0
16127,2020-11-02 23:00:00,172.6,81.0,58.0,2.0,0.0,262.0,85.0,3.0
16128,2020-11-03 00:00:00,172.1,80.0,58.0,2.0,0.0,263.0,82.0,3.0
16129,2020-11-03 01:00:00,172.6,81.0,58.0,2.0,0.0,266.0,81.0,3.0
16130,2020-11-03 02:00:00,178.32,83.0,61.0,2.0,0.0,262.0,79.0,3.0
16131,2020-11-03 03:00:00,178.66,83.0,60.0,2.0,0.0,258.0,81.0,3.0
16132,2020-11-03 04:00:00,183.28,85.0,60.0,2.0,0.0,252.0,81.0,3.0
16133,2020-11-03 05:00:00,201.41,91.0,61.0,2.0,0.0,226.0,81.0,3.0
16134,2020-11-03 06:00:00,206.4,96.0,62.0,2.0,2.0,226.0,82.0,3.0
16135,2020-11-03 07:00:00,234.95,109.0,61.0,2.0,11.0,189.0,81.0,3.0
16136,2020-11-03 08:00:00,244.06,118.0,61.0,2.0,19.0,181.0,83.0,3.0
16137,2020-11-03 09:00:00,216.4,98.0,66.0,2.0,33.0,182.0,81.0,3.0
16138,2020-11-03 10:00:00,211.15,90.0,65.0,2.0,33.0,173.0,80.0,3.0
16139,2020-11-03 11:00:00,203.93,84.0,62.0,2.0,28.0,173.0,82.0,3.0
16140,2020-11-03 12:00:00,208.87,82.0,64.0,2.0,17.0,171.0,81.0,3.0
16141,2020-11-03 13:00:00,232.03,89.0,64.0,2.0,6.0,156.0,81.0,3.0
16142,2020-11-03 14:00:00,222.95,80.0,63.0,2.0,1.0,154.0,82.0,3.0
16143,2020-11-03 15:00:00,272.76,116.0,63.0,2.0,0.0,149.0,82.0,3.0
16144,2020-11-03 16:00:00,271.79,117.0,65.0,2.0,0.0,153.0,82.0,3.0
16145,2020-11-03 17:00:00,268.45,114.0,63.0,2.0,0.0,149.0,85.0,3.0
16146,2020-11-03 18:00:00,267.64,107.0,62.0,2.0,0.0,137.0,85.0,3.0
16147,2020-11-03 19:00:00,263.91,92.0,61.0,2.0,0.0,113.0,86.0,3.0
16148,2020-11-03 20:00:00,259.22,84.0,61.0,2.0,0.0,104.0,86.0,3.0
16149,2020-11-03 21:00:00,278.54,88.0,60.0,2.0,0.0,86.0,87.0,3.0
16150,2020-11-03 22:00:00,259.09,78.0,62.0,2.0,0.0,93.0,86.0,3.0
16151,2020-11-03 23:00:00,250.83,73.0,63.0,2.0,0.0,95.0,85.0,3.0
16152,2020-11-04 00:00:00,266.88,75.0,62.0,2.0,0.0,81.0,83.0,3.0
16153,2020-11-04 01:00:00,263.22,72.0,63.0,2.0,0.0,80.0,83.0,3.0
16154,2020-11-04 02:00:00,264.17,68.0,62.0,2.0,0.0,73.0,81.0,3.0
16155,2020-11-04 03:00:00,302.3,84.0,63.0,2.0,0.0,59.0,83.0,3.0
16156,2020-11-04 04:00:00,273.67,71.0,64.0,2.0,0.0,68.0,82.0,3.0
16157,2020-11-04 05:00:00,404.69,186.0,65.0,2.0,0.0,75.0,82.0,3.0
16158,2020-11-04 06:00:00,483.08,306.0,64.0,2.0,2.0,74.0,83.0,3.0
16159,2020-11-04 07:00:00,515.48,384.0,62.0,2.0,5.0,76.0,82.0,3.0
16160,2020-11-04 08:00:00,533.04,455.0,62.0,2.0,7.0,84.0,82.0,3.0
16161,2020-11-04 09:00:00,521.46,484.0,61.0,2.0,8.0,113.0,81.0,3.0
16162,2020-11-04 10:00:00,511.19,484.0,65.0,2.0,10.0,125.0,81.0,3.0
16163,2020-11-04 11:00:00,499.21,486.0,67.0,2.0,10.0,143.0,82.0,3.0
16164,2020-11-04 12:00:00,496.87,486.0,66.0,2.0,10.0,147.0,82.0,3.0
16165,2020-11-04 13:00:00,472.87,433.0,67.0,2.0,5.0,160.0,82.0,3.0
16166,2020-11-04 14:00:00,470.91,410.0,67.0,2.0,1.0,151.0,84.0,3.0
16167,2020-11-04 15:00:00,476.01,443.0,67.0,2.0,0.0,164.0,84.0,3.0
16168,2020-11-04 16:00:00,490.97,469.0,67.0,2.0,0.0,155.0,84.0,3.0
16169,2020-11-04 17:00:00,494.25,454.0,66.0,2.0,0.0,140.0,86.0,3.0
16170,2020-11-04 18:00:00,462.65,358.0,64.0,2.0,0.0,130.0,86.0,3.0
16171,2020-11-04 19:00:00,389.43,232.0,64.0,2.0,0.0,130.0,87.0,3.0
16172,2020-11-04 20:00:00,287.01,137.0,63.0,2.0,0.0,157.0,88.0,3.0
16173,2020-11-04 21:00:00,268.74,123.0,63.0,2.0,0.0,162.0,88.0,3.0
16174,2020-11-04 22:00:00,281.77,125.0,63.0,2.0,0.0,147.0,86.0,3.0
16175,2020-11-04 23:00:00,276.31,116.0,64.0,2.0,0.0,141.0,85.0,3.0
16176,2020-11-05 00:00:00,268.98,115.0,63.0,2.0,0.0,152.0,83.0,3.0
16177,2020-11-05 01:00:00,260.97,115.0,61.0,2.0,0.0,165.0,82.0,3.0
16178,2020-11-05 02:00:00,261.97,117.0,63.0,2.0,0.0,169.0,81.0,3.0
16179,2020-11-05 03:00:00,259.58,117.0,63.0,2.0,0.0,172.0,82.0,3.0
16180,2020-11-05 04:00:00,254.62,117.0,64.0,2.0,0.0,181.0,82.0,3.0
16181,2020-11-05 05:00:00,298.8,166.0,63.0,2.0,0.0,189.0,83.0,3.0
16182,2020-11-05 06:00:00,356.87,268.0,66.0,2.0,5.0,217.0,83.0,3.0
16183,2020-11-05 07:00:00,357.46,284.0,67.0,2.0,10.0,229.0,83.0,3.0
16184,2020-11-05 08:00:00,358.62,302.0,69.0,2.0,13.0,245.0,82.0,3.0
16185,2020-11-05 09:00:00,350.46,298.0,69.0,2.0,17.0,253.0,82.0,3.0
16186,2020-11-05 10:00:00,346.46,291.0,69.0,2.0,12.0,258.0,82.0,3.0
16187,2020-11-05 11:00:00,354.43,299.0,68.0,2.0,7.0,255.0,83.0,3.0
16188,2020-11-05 12:00:00,355.4,299.0,67.0,2.0,4.0,256.0,83.0,3.0
16189,2020-11-05 13:00:00,342.1,282.0,67.0,2.0,2.0,265.0,83.0,3.0
16190,2020-11-05 14:00:00,353.84,291.0,68.0,2.0,0.0,255.0,82.0,3.0
16191,2020-11-05 15:00:00,373.98,313.0,65.0,1.0,0.0,240.0,83.0,3.0
16192,2020-11-05 16:00:00,389.39,315.0,65.0,1.0,0.0,214.0,83.0,3.0
16193,2020-11-05 17:00:00,375.88,291.0,62.0,1.0,0.0,212.0,85.0,3.0
16194,2020-11-05 18:00:00,337.85,224.0,42.0,1.0,0.0,200.0,85.0,3.0
16195,2020-11-05 19:00:00,271.87,138.0,44.0,2.0,0.0,180.0,85.0,3.0
16196,2020-11-05 20:00:00,272.82,132.0,42.0,1.0,0.0,168.0,85.0,3.0
16197,2020-11-05 21:00:00,253.68,126.0,43.0,2.0,0.0,187.0,86.0,3.0
16198,2020-11-05 22:00:00,282.87,146.0,41.0,1.0,0.0,175.0,86.0,3.0
16199,2020-11-05 23:00:00,268.07,126.0,43.0,1.0,0.0,166.0,84.0,3.0
16200,2020-11-06 00:00:00,289.53,135.0,42.0,1.0,0.0,151.0,82.0,3.0
16201,2020-11-06 01:00:00,262.3,129.0,43.0,1.0,0.0,183.0,82.0,3.0
16202,2020-11-06 02:00:00,258.78,120.0,44.0,1.0,0.0,174.0,80.0,3.0
16203,2020-11-06 03:00:00,255.75,120.0,44.0,1.0,0.0,178.0,81.0,3.0
16204,2020-11-06 04:00:00,275.2,136.0,44.0,1.0,0.0,177.0,80.0,3.0
16205,2020-11-06 05:00:00,340.01,205.0,42.0,1.0,0.0,177.0,81.0,3.0
16206,2020-11-06 06:00:00,393.33,277.0,44.0,1.0,6.0,170.0,80.0,3.0
16207,2020-11-06 07:00:00,403.93,301.0,43.0,1.0,26.0,156.0,80.0,3.0
16208,2020-11-06 08:00:00,378.45,294.0,43.0,1.0,50.0,165.0,81.0,3.0
16209,2020-11-06 09:00:00,366.13,288.0,45.0,1.0,62.0,167.0,82.0,3.0
16210,2020-11-06 10:00:00,378.99,276.0,43.0,1.0,63.0,132.0,82.0,3.0
16211,2020-11-06 11:00:00,394.9,287.0,43.0,1.0,48.0,134.0,81.0,3.0
16212,2020-11-06 12:00:00,449.26,316.0,42.0,1.0,28.0,103.0,80.0,3.0
16213,2020-11-06 13:00:00,463.9,313.0,42.0,1.0,8.0,103.0,80.0,3.0
16214,2020-11-06 14:00:00,460.22,313.0,44.0,1.0,1.0,112.0,82.0,3.0
16215,2020-11-06 15:00:00,444.28,314.0,42.0,1.0,0.0,134.0,82.0,3.0
16216,2020-11-06 16:00:00,429.3,315.0,41.0,2.0,0.0,154.0,82.0,3.0
16217,2020-11-06 17:00:00,437.17,311.0,43.0,2.0,0.0,138.0,84.0,3.0
16218,2020-11-06 18:00:00,423.96,288.0,42.0,2.0,0.0,137.0,85.0,3.0
16219,2020-11-06 19:00:00,416.21,285.0,41.0,2.0,0.0,144.0,86.0,3.0
16220,2020-11-06 20:00:00,394.28,287.0,42.0,2.0,0.0,177.0,86.0,3.0
16221,2020-11-06 21:00:00,408.81,299.0,43.0,2.0,0.0,165.0,87.0,3.0
16222,2020-11-06 22:00:00,430.01,312.0,39.0,2.0,0.0,146.0,87.0,3.0
16223,2020-11-06 23:00:00,368.6,197.0,35.0,2.0,0.0,123.0,86.0,3.0
16224,2020-11-07 00:00:00,294.46,116.0,38.0,2.0,0.0,110.0,84.0,3.0
16225,2020-11-07 01:00:00,323.35,122.0,41.0,2.0,0.0,86.0,85.0,3.0
16226,2020-11-07 02:00:00,366.8,124.0,43.0,2.0,0.0,52.0,81.0,3.0
16227,2020-11-07 03:00:00,377.93,122.0,43.0,2.0,0.0,37.0,85.0,3.0
16228,2020-11-07 04:00:00,367.6,119.0,43.0,2.0,0.0,43.0,84.0,3.0
16229,2020-11-07 05:00:00,360.02,126.0,44.0,2.0,0.0,57.0,84.0,3.0
16230,2020-11-07 06:00:00,427.44,209.0,42.0,2.0,5.0,69.0,82.0,3.0
16231,2020-11-07 07:00:00,459.38,272.0,45.0,2.0,17.0,68.0,83.0,3.0
16232,2020-11-07 08:00:00,467.81,293.0,32.0,2.0,29.0,63.0,83.0,3.0
16233,2020-11-07 09:00:00,460.78,312.0,17.0,2.0,30.0,86.0,82.0,3.0
16234,2020-11-07 10:00:00,449.16,316.0,20.0,2.0,22.0,109.0,83.0,3.0
16235,2020-11-07 11:00:00,453.09,316.0,21.0,2.0,12.0,114.0,83.0,3.0
16236,2020-11-07 12:00:00,433.27,314.0,19.0,2.0,4.0,146.0,83.0,3.0
16237,2020-11-07 13:00:00,416.57,314.0,18.0,2.0,1.0,171.0,84.0,3.0
16238,2020-11-07 14:00:00,423.4,316.0,34.0,2.0,0.0,162.0,84.0,3.0
16239,2020-11-07 15:00:00,416.85,316.0,38.0,1.0,0.0,172.0,84.0,3.0
16240,2020-11-07 16:00:00,397.85,306.0,41.0,1.0,0.0,191.0,85.0,3.0
16241,2020-11-07 17:00:00,397.43,290.0,42.0,1.0,0.0,175.0,87.0,3.0
16242,2020-11-07 18:00:00,404.66,294.0,40.0,1.0,0.0,168.0,87.0,3.0
16243,2020-11-07 19:00:00,422.06,293.0,41.0,1.0,0.0,144.0,86.0,4.0
16244,2020-11-07 20:00:00,400.28,222.0,43.0,1.0,0.0,112.0,85.0,4.0
16245,2020-11-07 21:00:00,315.43,137.0,43.0,1.0,0.0,115.0,87.0,3.0
16246,2020-11-07 22:00:00,305.0,126.0,44.0,2.0,0.0,111.0,87.0,3.0
16247,2020-11-07 23:00:00,295.97,124.0,43.0,2.0,0.0,120.0,86.0,3.0
16248,2020-11-08 00:00:00,312.07,121.0,42.0,2.0,0.0,98.0,84.0,3.0
16249,2020-11-08 01:00:00,339.79,136.0,42.0,2.0,0.0,87.0,85.0,3.0
16250,2020-11-08 02:00:00,342.5,126.0,42.0,2.0,0.0,76.0,81.0,3.0
16251,2020-11-08 03:00:00,330.58,123.0,42.0,2.0,0.0,83.0,82.0,3.0
16252,2020-11-08 04:00:00,324.75,120.0,42.0,2.0,0.0,86.0,81.0,3.0
16253,2020-11-08 05:00:00,318.02,119.0,44.0,2.0,0.0,91.0,82.0,3.0
16254,2020-11-08 06:00:00,329.09,127.0,44.0,2.0,2.0,89.0,81.0,3.0
16255,2020-11-08 07:00:00,403.08,206.0,45.0,2.0,15.0,81.0,82.0,3.0
16256,2020-11-08 08:00:00,433.25,276.0,42.0,2.0,37.0,81.0,83.0,3.0
16257,2020-11-08 09:00:00,416.71,278.0,46.0,2.0,55.0,85.0,83.0,3.0
16258,2020-11-08 10:00:00,409.92,294.0,44.0,2.0,64.0,100.0,82.0,3.0
16259,2020-11-08 11:00:00,418.44,288.0,45.0,2.0,56.0,90.0,83.0,3.0
16260,2020-11-08 12:00:00,458.72,309.0,45.0,2.0,33.0,78.0,82.0,3.0
16261,2020-11-08 13:00:00,497.0,309.0,43.0,2.0,8.0,60.0,83.0,3.0
16262,2020-11-08 14:00:00,499.89,293.0,42.0,1.0,1.0,56.0,84.0,3.0
16263,2020-11-08 15:00:00,509.63,298.0,43.0,1.0,0.0,51.0,83.0,3.0
16264,2020-11-08 16:00:00,527.35,305.0,43.0,2.0,0.0,36.0,84.0,3.0
16265,2020-11-08 17:00:00,526.36,303.0,43.0,2.0,0.0,34.0,86.0,3.0
16266,2020-11-08 18:00:00,523.72,286.0,42.0,2.0,0.0,29.0,86.0,3.0
16267,2020-11-08 19:00:00,522.02,285.0,42.0,2.0,0.0,29.0,87.0,3.0
16268,2020-11-08 20:00:00,505.67,264.0,38.0,2.0,0.0,34.0,87.0,3.0
16269,2020-11-08 21:00:00,497.91,268.0,41.0,2.0,0.0,41.0,88.0,3.0
16270,2020-11-08 22:00:00,493.38,260.0,40.0,2.0,0.0,39.0,90.0,3.0
16271,2020-11-08 23:00:00,433.17,188.0,40.0,2.0,0.0,46.0,89.0,3.0
16272,2020-11-09 00:00:00,455.51,218.0,40.0,2.0,0.0,50.0,87.0,3.0
16273,2020-11-09 01:00:00,433.58,186.0,41.0,2.0,0.0,46.0,87.0,3.0
16274,2020-11-09 02:00:00,492.54,272.0,41.0,2.0,0.0,53.0,83.0,3.0
16275,2020-11-09 03:00:00,466.04,239.0,41.0,2.0,0.0,57.0,84.0,3.0
16276,2020-11-09 04:00:00,512.66,324.0,42.0,1.0,0.0,60.0,84.0,3.0
16277,2020-11-09 05:00:00,531.05,414.0,42.0,1.0,0.0,81.0,84.0,3.0
16278,2020-11-09 06:00:00,553.47,564.0,47.0,1.0,1.0,102.0,91.0,3.0
16279,2020-11-09 07:00:00,572.96,726.0,48.0,1.0,4.0,123.0,92.0,3.0
16280,2020-11-09 08:00:00,566.67,718.0,49.0,1.0,8.0,128.0,91.0,3.0
16281,2020-11-09 09:00:00,558.52,722.0,49.0,1.0,11.0,140.0,92.0,3.0
16282,2020-11-09 10:00:00,578.42,738.0,49.0,1.0,10.0,111.0,92.0,3.0
16283,2020-11-09 11:00:00,588.64,742.0,51.0,1.0,11.0,93.0,92.0,3.0
16284,2020-11-09 12:00:00,594.98,745.0,49.0,1.0,8.0,86.0,93.0,3.0
16285,2020-11-09 13:00:00,602.35,749.0,49.0,1.0,3.0,80.0,93.0,3.0
16286,2020-11-09 14:00:00,588.09,741.0,50.0,1.0,0.0,104.0,93.0,3.0
16287,2020-11-09 15:00:00,587.52,742.0,48.0,1.0,0.0,106.0,93.0,3.0
16288,2020-11-09 16:00:00,596.19,740.0,48.0,1.0,0.0,88.0,96.0,3.0
16289,2020-11-09 17:00:00,607.48,739.0,47.0,1.0,0.0,70.0,96.0,3.0
16290,2020-11-09 18:00:00,616.32,736.0,46.0,1.0,0.0,55.0,97.0,3.0
16291,2020-11-09 19:00:00,620.74,731.0,44.0,1.0,0.0,47.0,98.0,3.0
16292,2020-11-09 20:00:00,607.57,590.0,43.0,1.0,0.0,36.0,94.0,4.0
16293,2020-11-09 21:00:00,607.02,565.0,44.0,2.0,0.0,31.0,92.0,4.0
16294,2020-11-09 22:00:00,609.87,579.0,44.0,2.0,0.0,31.0,92.0,4.0
16295,2020-11-09 23:00:00,602.36,537.0,45.0,2.0,0.0,30.0,91.0,4.0
16296,2020-11-10 00:00:00,570.56,415.0,45.0,2.0,0.0,31.0,89.0,4.0
16297,2020-11-10 01:00:00,574.06,428.0,44.0,2.0,0.0,33.0,88.0,4.0
16298,2020-11-10 02:00:00,582.35,447.0,42.0,2.0,0.0,34.0,85.0,4.0
16299,2020-11-10 03:00:00,587.18,465.0,40.0,2.0,0.0,33.0,87.0,3.0
16300,2020-11-10 04:00:00,636.91,695.0,43.0,2.0,0.0,23.0,91.0,3.0
16301,2020-11-10 05:00:00,656.86,838.0,44.0,2.0,0.0,20.0,90.0,3.0
16302,2020-11-10 06:00:00,659.68,880.0,42.0,2.0,3.0,19.0,91.0,3.0
16303,2020-11-10 07:00:00,655.85,902.0,41.0,2.0,14.0,18.0,91.0,3.0
16304,2020-11-10 08:00:00,648.98,900.0,41.0,1.0,27.0,17.0,91.0,3.0
16305,2020-11-10 09:00:00,639.1,900.0,45.0,1.0,38.0,19.0,93.0,3.0
16306,2020-11-10 10:00:00,634.38,889.0,45.0,1.0,42.0,21.0,93.0,3.0
16307,2020-11-10 11:00:00,640.88,898.0,44.0,1.0,36.0,18.0,93.0,3.0
16308,2020-11-10 12:00:00,651.25,903.0,45.0,2.0,21.0,15.0,93.0,3.0
16309,2020-11-10 13:00:00,665.39,899.0,46.0,1.0,6.0,9.0,91.0,3.0
16310,2020-11-10 14:00:00,669.82,907.0,44.0,1.0,0.0,11.0,90.0,3.0
16311,2020-11-10 15:00:00,668.55,907.0,44.0,1.0,0.0,14.0,89.0,3.0
16312,2020-11-10 16:00:00,669.08,905.0,46.0,1.0,0.0,20.0,81.0,3.0
16313,2020-11-10 17:00:00,671.54,904.0,46.0,1.0,0.0,19.0,78.0,3.0
16314,2020-11-10 18:00:00,669.9,827.0,42.0,1.0,0.0,13.0,78.0,3.0
16315,2020-11-10 19:00:00,647.22,670.0,43.0,1.0,0.0,18.0,79.0,3.0
16316,2020-11-10 20:00:00,634.47,565.0,42.0,1.0,0.0,14.0,79.0,3.0
16317,2020-11-10 21:00:00,640.01,561.0,40.0,1.0,0.0,7.0,80.0,3.0
16318,2020-11-10 22:00:00,639.96,547.0,41.0,1.0,0.0,6.0,78.0,3.0
16319,2020-11-10 23:00:00,615.06,430.0,43.0,2.0,0.0,8.0,74.0,3.0
16320,2020-11-11 00:00:00,584.27,324.0,42.0,2.0,0.0,9.0,71.0,3.0
16321,2020-11-11 01:00:00,579.03,329.0,41.0,2.0,0.0,14.0,72.0,3.0
16322,2020-11-11 02:00:00,579.02,331.0,40.0,2.0,0.0,17.0,70.0,3.0
16323,2020-11-11 03:00:00,579.71,336.0,40.0,2.0,0.0,17.0,71.0,3.0
16324,2020-11-11 04:00:00,606.87,439.0,40.0,2.0,0.0,22.0,71.0,3.0
16325,2020-11-11 05:00:00,623.18,557.0,42.0,2.0,0.0,28.0,75.0,3.0
16326,2020-11-11 06:00:00,616.54,569.0,43.0,2.0,1.0,36.0,76.0,3.0
16327,2020-11-11 07:00:00,617.61,571.0,46.0,2.0,2.0,33.0,76.0,3.0
16328,2020-11-11 08:00:00,611.16,568.0,46.0,2.0,4.0,38.0,76.0,3.0
16329,2020-11-11 09:00:00,619.1,570.0,46.0,2.0,5.0,29.0,75.0,3.0
16330,2020-11-11 10:00:00,620.31,571.0,48.0,2.0,6.0,26.0,75.0,3.0
16331,2020-11-11 11:00:00,625.09,571.0,49.0,2.0,5.0,21.0,75.0,3.0
16332,2020-11-11 12:00:00,625.28,572.0,49.0,2.0,3.0,22.0,76.0,3.0
16333,2020-11-11 13:00:00,629.06,569.0,49.0,2.0,1.0,20.0,75.0,3.0
16334,2020-11-11 14:00:00,629.06,569.0,49.0,2.0,0.0,21.0,75.0,3.0
16335,2020-11-11 15:00:00,626.23,567.0,51.0,2.0,0.0,23.0,75.0,3.0
16336,2020-11-11 16:00:00,621.36,573.0,51.0,2.0,0.0,28.0,77.0,3.0
16337,2020-11-11 17:00:00,611.46,562.0,49.0,1.0,0.0,37.0,79.0,3.0
16338,2020-11-11 18:00:00,609.27,570.0,48.0,1.0,0.0,42.0,79.0,3.0
16339,2020-11-11 19:00:00,603.48,571.0,49.0,1.0,0.0,48.0,80.0,3.0
16340,2020-11-11 20:00:00,590.93,513.0,50.0,1.0,0.0,50.0,77.0,3.0
16341,2020-11-11 21:00:00,570.82,416.0,48.0,1.0,0.0,45.0,75.0,3.0
16342,2020-11-11 22:00:00,540.66,335.0,51.0,1.0,0.0,44.0,75.0,3.0
16343,2020-11-11 23:00:00,543.67,327.0,51.0,1.0,0.0,39.0,74.0,3.0
16344,2020-11-12 00:00:00,548.27,330.0,51.0,1.0,0.0,38.0,72.0,3.0
16345,2020-11-12 01:00:00,547.6,331.0,51.0,1.0,0.0,39.0,72.0,3.0
16346,2020-11-12 02:00:00,558.84,331.0,51.0,1.0,0.0,33.0,68.0,3.0
16347,2020-11-12 03:00:00,553.19,340.0,49.0,1.0,0.0,40.0,70.0,3.0
16348,2020-11-12 04:00:00,586.78,465.0,52.0,2.0,0.0,42.0,74.0,3.0
16349,2020-11-12 05:00:00,613.18,563.0,52.0,2.0,0.0,38.0,74.0,3.0
16350,2020-11-12 06:00:00,610.28,566.0,50.0,2.0,2.0,40.0,75.0,3.0
16351,2020-11-12 07:00:00,607.99,566.0,52.0,2.0,7.0,36.0,76.0,3.0
16352,2020-11-12 08:00:00,607.4,564.0,50.0,2.0,13.0,34.0,73.0,3.0
16353,2020-11-12 09:00:00,608.87,564.0,48.0,2.0,16.0,31.0,72.0,3.0
16354,2020-11-12 10:00:00,606.21,564.0,46.0,2.0,14.0,37.0,72.0,3.0
16355,2020-11-12 11:00:00,615.61,566.0,44.0,2.0,9.0,32.0,72.0,3.0
16356,2020-11-12 12:00:00,626.35,571.0,43.0,2.0,4.0,26.0,72.0,3.0
16357,2020-11-12 13:00:00,630.51,573.0,47.0,2.0,1.0,24.0,71.0,3.0
16358,2020-11-12 14:00:00,623.21,574.0,48.0,2.0,0.0,34.25,70.0,3.0
16359,2020-11-12 15:00:00,619.0,573.0,48.0,2.0,0.0,40.0,69.0,3.0
16360,2020-11-12 16:00:00,618.47,579.0,48.0,2.0,0.0,39.0,72.0,3.0
16361,2020-11-12 17:00:00,607.65,563.0,46.0,2.0,0.0,49.0,72.0,3.0
16362,2020-11-12 18:00:00,601.59,560.0,45.0,2.0,0.0,56.0,72.0,3.0
16363,2020-11-12 19:00:00,605.82,549.0,40.0,2.0,0.0,49.0,73.0,3.0
16364,2020-11-12 20:00:00,601.53,506.0,42.0,2.0,0.0,45.0,70.0,3.0
16365,2020-11-12 21:00:00,567.97,412.0,44.0,2.0,0.0,53.0,69.0,3.0
16366,2020-11-12 22:00:00,534.85,331.0,44.0,2.0,0.0,49.0,75.0,3.0
16367,2020-11-12 23:00:00,533.92,332.0,45.0,2.0,0.0,49.0,76.0,3.0
16368,2020-11-13 00:00:00,534.86,327.0,45.0,1.0,0.0,50.0,73.0,3.0
16369,2020-11-13 01:00:00,532.12,328.0,45.0,1.0,0.0,53.0,73.0,3.0
16370,2020-11-13 02:00:00,529.73,329.0,44.0,1.0,0.0,59.0,70.0,3.0
16371,2020-11-13 03:00:00,526.8,331.0,43.0,1.0,0.0,62.0,71.0,3.0
16372,2020-11-13 04:00:00,562.99,422.0,43.0,1.0,0.0,60.0,72.0,3.0
16373,2020-11-13 05:00:00,590.41,554.0,43.0,1.0,0.0,66.0,76.0,3.0
16374,2020-11-13 06:00:00,596.07,576.0,43.0,1.0,1.0,64.0,76.0,3.0
16375,2020-11-13 07:00:00,598.18,574.0,45.0,1.0,2.0,59.0,76.0,3.0
16376,2020-11-13 08:00:00,599.73,573.0,47.0,1.0,3.0,55.0,76.0,3.0
16377,2020-11-13 09:00:00,606.35,571.0,45.0,1.0,4.0,45.0,77.0,3.0
16378,2020-11-13 10:00:00,602.52,572.0,45.0,1.0,4.0,50.0,77.0,3.0
16379,2020-11-13 11:00:00,599.42,571.0,44.0,2.0,3.0,54.0,77.0,3.0
16380,2020-11-13 12:00:00,598.66,574.0,46.0,2.0,2.0,54.0,79.0,3.0
16381,2020-11-13 13:00:00,592.86,572.0,43.0,2.0,1.0,53.0,89.0,3.0
16382,2020-11-13 14:00:00,589.52,570.0,45.0,2.0,0.0,52.0,94.0,3.0
16383,2020-11-13 15:00:00,582.7,571.0,43.0,2.0,0.0,61.0,95.0,3.0
16384,2020-11-13 16:00:00,578.7,571.0,44.0,2.0,0.0,64.0,97.0,3.0
16385,2020-11-13 17:00:00,582.96,573.0,41.0,2.0,0.0,60.0,97.0,3.0
16386,2020-11-13 18:00:00,582.96,573.0,41.0,2.0,0.0,59.0,98.0,3.0
16387,2020-11-13 19:00:00,574.81,571.0,42.0,2.0,0.0,68.0,99.0,3.0
16388,2020-11-13 20:00:00,579.57,566.0,42.0,2.0,0.0,60.0,99.0,3.0
16389,2020-11-13 21:00:00,581.68,563.0,40.0,2.0,0.0,56.0,100.0,3.0
16390,2020-11-13 22:00:00,580.88,564.0,41.0,2.0,0.0,57.0,100.0,3.0
16391,2020-11-13 23:00:00,554.09,431.0,43.0,2.0,0.0,49.0,95.0,3.0
16392,2020-11-14 00:00:00,521.89,338.0,43.0,2.0,0.0,49.0,91.0,3.0
16393,2020-11-14 01:00:00,523.82,335.0,42.0,2.0,0.0,45.0,92.0,3.0
16394,2020-11-14 02:00:00,519.39,331.0,44.0,2.0,0.0,50.0,89.0,3.0
16395,2020-11-14 03:00:00,522.49,333.0,40.0,2.0,0.0,47.0,91.0,3.0
16396,2020-11-14 04:00:00,520.5,343.0,42.0,2.0,0.0,53.0,91.0,3.0
16397,2020-11-14 05:00:00,514.5,353.0,42.0,2.0,0.0,63.0,92.0,3.0
16398,2020-11-14 06:00:00,540.69,439.0,42.0,2.0,0.0,70.0,93.0,3.0
16399,2020-11-14 07:00:00,573.44,556.0,42.0,2.0,2.0,66.0,96.0,3.0
16400,2020-11-14 08:00:00,580.77,570.0,41.0,2.0,5.0,65.0,89.0,3.0
16401,2020-11-14 09:00:00,577.32,566.0,42.0,1.0,6.0,66.0,91.0,3.0
16402,2020-11-14 10:00:00,583.27,569.0,42.0,1.0,6.0,59.0,91.0,3.0
16403,2020-11-14 11:00:00,584.9,567.0,40.0,1.0,5.0,58.0,91.0,3.0
16404,2020-11-14 12:00:00,596.59,567.0,40.0,1.0,3.0,44.0,92.0,3.0
16405,2020-11-14 13:00:00,591.78,564.0,38.0,1.0,1.0,52.0,92.0,3.0
16406,2020-11-14 14:00:00,584.28,564.0,37.0,1.0,0.0,61.0,94.0,3.0
16407,2020-11-14 15:00:00,579.22,564.0,36.0,1.0,0.0,69.0,93.0,3.0
16408,2020-11-14 16:00:00,573.47,561.0,38.0,1.0,0.0,73.0,95.0,3.0
16409,2020-11-14 17:00:00,572.98,559.0,38.0,1.0,0.0,73.0,95.0,3.0
16410,2020-11-14 18:00:00,575.47,560.0,38.0,1.0,0.0,69.0,96.0,3.0
16411,2020-11-14 19:00:00,582.53,572.0,39.0,2.0,0.0,63.0,95.0,3.0
16412,2020-11-14 20:00:00,551.26,449.0,40.0,2.0,0.0,71.0,84.0,3.0
16413,2020-11-14 21:00:00,520.01,358.0,40.0,2.0,0.0,69.0,83.0,3.0
16414,2020-11-14 22:00:00,507.27,324.0,40.0,2.0,0.0,66.0,83.0,3.0
16415,2020-11-14 23:00:00,377.29,153.0,40.0,2.0,0.0,72.0,82.0,3.0
16416,2020-11-15 00:00:00,335.55,124.0,39.0,2.0,0.0,80.0,81.0,3.0
16417,2020-11-15 01:00:00,376.38,160.0,39.0,2.0,0.0,82.0,80.0,3.0
16418,2020-11-15 02:00:00,370.1,156.0,41.0,2.0,0.0,87.0,77.0,3.0
16419,2020-11-15 03:00:00,329.34,125.0,43.0,2.0,0.0,90.0,79.0,3.0
16420,2020-11-15 04:00:00,370.25,159.0,42.0,2.0,0.0,88.0,79.0,3.0
16421,2020-11-15 05:00:00,351.95,138.0,41.0,2.0,0.0,84.0,78.0,3.0
16422,2020-11-15 06:00:00,341.9,129.0,39.0,2.0,1.0,82.0,78.0,3.0
16423,2020-11-15 07:00:00,423.67,205.0,38.0,2.0,5.0,74.0,78.0,3.0
16424,2020-11-15 08:00:00,469.05,286.0,43.0,2.0,8.0,80.0,79.0,3.0
16425,2020-11-15 09:00:00,479.66,299.0,54.0,2.0,8.0,74.0,79.0,3.0
16426,2020-11-15 10:00:00,488.43,300.0,55.0,2.0,7.0,66.0,79.0,3.0
16427,2020-11-15 11:00:00,489.81,299.0,55.0,2.0,5.0,66.0,79.0,3.0
16428,2020-11-15 12:00:00,488.32,298.0,55.0,2.0,2.0,70.0,79.0,3.0
16429,2020-11-15 13:00:00,483.17,299.0,55.0,2.0,1.0,77.0,79.0,3.0
16430,2020-11-15 14:00:00,476.55,292.0,55.0,2.0,0.0,81.0,79.0,3.0
16431,2020-11-15 15:00:00,477.78,301.0,55.0,2.0,0.0,85.0,79.0,3.0
16432,2020-11-15 16:00:00,475.07,296.0,55.0,2.0,0.0,83.0,81.0,3.0
16433,2020-11-15 17:00:00,469.65,296.0,55.0,2.0,0.0,87.0,83.0,3.0
16434,2020-11-15 18:00:00,451.48,275.0,54.0,2.0,0.0,94.0,83.0,3.0
16435,2020-11-15 19:00:00,411.91,211.0,54.0,1.0,0.0,89.0,84.0,3.0
16436,2020-11-15 20:00:00,328.69,124.0,56.0,1.0,0.0,87.0,84.0,3.0
16437,2020-11-15 21:00:00,320.79,122.0,56.0,1.0,0.0,94.0,83.0,3.0
16438,2020-11-15 22:00:00,317.9,129.0,56.0,1.0,0.0,107.0,83.0,3.0
16439,2020-11-15 23:00:00,304.26,127.0,56.0,1.0,0.0,122.0,82.0,3.0
16440,2020-11-16 00:00:00,289.5,120.0,54.0,1.0,0.0,132.0,80.0,3.0
16441,2020-11-16 01:00:00,291.45,121.0,54.0,1.0,0.0,130.0,81.0,3.0
16442,2020-11-16 02:00:00,292.3,132.0,56.0,1.0,0.0,151.0,77.0,3.0
16443,2020-11-16 03:00:00,293.05,141.0,55.0,1.0,0.0,162.0,79.0,3.0
16444,2020-11-16 04:00:00,321.8,167.0,55.0,2.0,0.0,156.0,80.0,3.0
16445,2020-11-16 05:00:00,392.41,257.0,55.0,2.0,0.0,157.0,80.0,3.0
16446,2020-11-16 06:00:00,434.5,358.0,55.0,2.0,0.0,177.0,82.0,3.0
16447,2020-11-16 07:00:00,449.12,406.0,56.0,2.0,1.0,182.0,87.0,3.0
16448,2020-11-16 08:00:00,461.66,445.0,57.0,2.0,3.0,183.0,89.0,3.0
16449,2020-11-16 09:00:00,452.09,443.0,58.0,2.0,4.0,197.0,89.0,3.0
16450,2020-11-16 10:00:00,449.93,443.0,57.0,2.0,4.0,201.0,89.0,3.0
16451,2020-11-16 11:00:00,457.83,446.0,58.0,2.0,3.0,188.0,91.0,3.0
16452,2020-11-16 12:00:00,460.01,445.0,56.0,2.0,4.0,183.0,91.0,3.0
16453,2020-11-16 13:00:00,458.74,442.0,57.0,2.0,1.0,187.0,90.0,3.0
16454,2020-11-16 14:00:00,462.3,438.0,54.0,2.0,0.0,180.0,90.0,3.0
16455,2020-11-16 15:00:00,473.68,442.0,54.0,2.0,0.0,163.0,91.0,3.0
16456,2020-11-16 16:00:00,469.05,440.0,55.0,2.0,0.0,168.0,92.0,3.0
16457,2020-11-16 17:00:00,465.92,443.0,55.0,2.0,0.0,172.0,95.0,3.0
16458,2020-11-16 18:00:00,458.51,439.0,54.0,2.0,0.0,182.0,95.0,3.0
16459,2020-11-16 19:00:00,433.95,385.0,56.0,2.0,0.0,184.0,96.0,3.0
16460,2020-11-16 20:00:00,413.98,337.0,55.0,2.0,0.0,183.0,92.0,3.0
16461,2020-11-16 21:00:00,361.52,244.0,55.0,2.0,0.0,179.0,91.0,3.0
16462,2020-11-16 22:00:00,320.89,196.0,55.0,2.0,0.0,186.0,91.0,3.0
16463,2020-11-16 23:00:00,291.38,166.0,56.0,2.0,0.0,193.0,90.0,3.0
16464,2020-11-17 00:00:00,290.25,160.0,55.0,2.0,0.0,187.0,88.0,3.0
16465,2020-11-17 01:00:00,307.21,167.0,55.0,2.0,0.0,170.0,88.0,3.0
16466,2020-11-17 02:00:00,323.27,173.0,55.0,2.0,0.0,157.0,85.0,3.0
16467,2020-11-17 03:00:00,320.68,173.0,56.0,2.0,0.0,160.0,86.0,3.0
16468,2020-11-17 04:00:00,331.65,173.0,55.0,1.0,0.0,146.0,85.0,3.0
16469,2020-11-17 05:00:00,404.64,283.0,56.0,1.0,0.0,157.0,87.0,3.0
16470,2020-11-17 06:00:00,455.48,381.0,56.0,1.0,0.0,154.0,90.0,3.0
16471,2020-11-17 07:00:00,472.25,418.0,57.0,1.0,1.0,152.0,89.0,3.0
16472,2020-11-17 08:00:00,467.26,422.0,58.0,1.0,3.0,159.0,90.0,3.0
16473,2020-11-17 09:00:00,463.13,418.0,58.0,1.0,3.0,164.0,89.0,3.0
16474,2020-11-17 10:00:00,487.47,469.0,57.0,1.0,3.0,155.0,90.0,3.0
16475,2020-11-17 11:00:00,493.28,473.0,57.0,1.0,2.0,150.0,89.0,3.0
16476,2020-11-17 12:00:00,497.58,489.0,56.0,1.0,1.0,153.0,89.0,3.0
16477,2020-11-17 13:00:00,497.91,499.0,55.0,2.0,0.0,156.0,91.0,3.0
16478,2020-11-17 14:00:00,486.45,471.0,56.0,2.0,0.0,161.0,89.0,3.0
16479,2020-11-17 15:00:00,474.07,462.0,56.0,2.0,0.0,176.0,89.0,3.0
16480,2020-11-17 16:00:00,474.55,482.0,57.0,2.0,0.0,185.0,91.0,3.0
16481,2020-11-17 17:00:00,466.97,470.0,56.0,2.0,0.0,191.0,91.0,3.0
16482,2020-11-17 18:00:00,448.01,445.0,56.0,2.0,0.0,209.0,90.0,3.0
16483,2020-11-17 19:00:00,381.65,325.0,56.0,2.0,0.0,229.0,91.0,3.0
16484,2020-11-17 20:00:00,284.26,192.0,55.0,2.0,0.0,247.0,92.0,3.0
16485,2020-11-17 21:00:00,261.91,170.0,56.0,2.0,0.0,257.0,91.0,3.0
16486,2020-11-17 22:00:00,257.44,171.0,56.0,2.0,0.0,269.0,91.0,3.0
16487,2020-11-17 23:00:00,264.14,179.0,56.0,2.0,0.0,271.0,89.0,3.0
16488,2020-11-18 00:00:00,260.39,181.0,43.0,2.0,0.0,280.0,87.0,3.0
16489,2020-11-18 01:00:00,256.59,180.0,41.0,2.0,0.0,285.0,88.0,3.0
16490,2020-11-18 02:00:00,258.25,180.0,43.0,2.0,0.0,284.0,86.0,3.0
16491,2020-11-18 03:00:00,260.16,177.0,41.0,2.0,0.0,272.0,87.0,3.0
16492,2020-11-18 04:00:00,282.72,183.0,42.0,2.0,0.0,236.0,87.0,3.0
16493,2020-11-18 05:00:00,284.57,183.0,44.0,2.0,0.0,234.0,86.0,3.0
16494,2020-11-18 06:00:00,328.21,225.0,45.0,2.0,0.0,211.0,91.0,3.0
16495,2020-11-18 07:00:00,342.66,235.0,47.0,2.0,2.0,195.0,93.0,3.0
16496,2020-11-18 08:00:00,370.15,251.0,47.0,2.0,4.0,169.0,91.0,3.0
16497,2020-11-18 09:00:00,384.54,242.0,47.0,2.0,6.0,137.0,91.0,3.0
16498,2020-11-18 10:00:00,382.39,239.0,47.0,2.0,7.0,136.0,91.0,3.0
16499,2020-11-18 11:00:00,385.31,237.0,49.0,1.0,5.0,132.0,92.0,3.0
16500,2020-11-18 12:00:00,387.27,248.0,48.0,1.0,3.0,142.0,92.0,3.0
16501,2020-11-18 13:00:00,375.3,243.0,48.0,1.0,1.0,156.0,92.0,3.0
16502,2020-11-18 14:00:00,361.04,239.0,45.0,1.0,0.0,177.0,89.0,3.0
16503,2020-11-18 15:00:00,350.83,238.0,46.0,1.0,0.0,195.0,86.0,3.0
16504,2020-11-18 16:00:00,336.25,250.0,48.0,1.0,0.0,227.0,94.0,3.0
16505,2020-11-18 17:00:00,311.61,236.0,42.0,1.0,0.0,254.0,95.0,3.0
16506,2020-11-18 18:00:00,300.68,230.0,43.0,1.0,0.0,268.0,95.0,3.0
16507,2020-11-18 19:00:00,304.21,236.0,45.0,1.0,0.0,270.0,95.0,3.0
16508,2020-11-18 20:00:00,241.77,157.0,44.0,1.0,0.0,273.0,90.0,3.0
16509,2020-11-18 21:00:00,184.62,90.0,43.0,1.0,0.0,247.0,82.0,3.0
16510,2020-11-18 22:00:00,213.99,113.0,42.0,1.0,0.0,242.0,81.0,3.0
16511,2020-11-18 23:00:00,183.25,86.0,48.0,2.0,0.0,244.0,80.0,3.0
16512,2020-11-19 00:00:00,175.97,77.0,55.0,2.0,0.0,243.0,78.0,3.0
16513,2020-11-19 01:00:00,196.41,94.0,56.0,2.0,0.0,244.0,79.0,3.0
16514,2020-11-19 02:00:00,203.51,99.0,56.0,2.0,0.0,243.0,77.0,3.0
16515,2020-11-19 03:00:00,183.57,84.0,53.0,2.0,0.0,243.0,79.0,3.0
16516,2020-11-19 04:00:00,171.91,79.0,44.0,2.0,0.0,247.0,79.0,3.0
16517,2020-11-19 05:00:00,177.65,85.0,44.0,2.0,0.0,252.0,79.0,3.0
16518,2020-11-19 06:00:00,178.84,86.0,42.0,2.0,0.0,250.0,79.0,3.0
16519,2020-11-19 07:00:00,176.62,83.0,43.0,2.0,1.0,245.0,80.0,3.0
16520,2020-11-19 08:00:00,195.8,99.0,46.0,2.0,2.0,248.0,80.0,3.0
16521,2020-11-19 09:00:00,184.19,89.0,45.0,2.0,3.0,244.0,81.0,3.0
16522,2020-11-19 10:00:00,177.75,86.0,44.0,2.0,2.0,253.0,79.0,3.0
16523,2020-11-19 11:00:00,177.72,86.0,43.0,2.0,2.0,252.0,79.0,3.0
16524,2020-11-19 12:00:00,174.57,82.0,43.0,1.0,2.0,248.0,79.0,3.0
16525,2020-11-19 13:00:00,181.77,88.0,44.0,1.0,1.0,251.0,79.0,3.0
16526,2020-11-19 14:00:00,180.05,86.0,44.0,1.0,0.0,249.0,80.0,3.0
16527,2020-11-19 15:00:00,182.98,89.0,42.0,1.0,0.0,249.0,80.0,3.0
16528,2020-11-19 16:00:00,194.34,100.0,41.0,1.0,0.0,252.0,81.0,3.0
16529,2020-11-19 17:00:00,198.01,100.0,42.0,1.0,0.0,241.0,84.0,3.0
16530,2020-11-19 18:00:00,160.78,71.0,42.0,1.0,0.0,242.0,84.0,3.0
16531,2020-11-19 19:00:00,170.87,87.0,42.0,1.0,0.0,270.0,85.0,3.0
16532,2020-11-19 20:00:00,169.07,87.0,41.0,1.0,0.0,274.0,85.0,3.0
16533,2020-11-19 21:00:00,165.17,81.0,41.0,1.0,0.0,266.0,83.0,3.0
16534,2020-11-19 22:00:00,162.06,74.0,40.0,1.0,0.0,248.0,83.0,3.0
16535,2020-11-19 23:00:00,146.7,60.0,41.0,1.0,0.0,239.0,82.0,3.0
16536,2020-11-20 00:00:00,138.31,57.0,39.0,1.0,0.0,250.0,80.0,3.0
16537,2020-11-20 01:00:00,172.1,70.0,39.0,1.0,0.0,209.0,81.0,3.0
16538,2020-11-20 02:00:00,269.62,152.0,38.0,1.0,0.0,212.0,81.0,3.0
16539,2020-11-20 03:00:00,333.51,228.0,39.0,1.0,0.0,213.0,84.0,3.0
16540,2020-11-20 04:00:00,357.29,250.0,39.0,1.0,0.0,201.0,83.0,3.0
16541,2020-11-20 05:00:00,384.52,297.0,40.0,1.0,0.0,204.0,85.0,3.0
16542,2020-11-20 06:00:00,456.3,454.0,42.0,1.0,1.0,204.0,89.0,3.0
16543,2020-11-20 07:00:00,508.4,632.0,41.0,1.0,7.0,202.0,92.0,3.0
16544,2020-11-20 08:00:00,527.57,724.0,41.0,1.0,16.0,197.0,93.0,3.0
16545,2020-11-20 09:00:00,547.43,785.0,40.0,1.0,19.0,176.0,96.0,3.0
16546,2020-11-20 10:00:00,554.18,758.0,41.0,1.0,16.0,155.0,96.0,3.0
16547,2020-11-20 11:00:00,550.27,773.0,42.0,1.0,15.0,170.0,95.0,3.0
16548,2020-11-20 12:00:00,567.16,784.0,42.0,1.0,7.0,148.0,96.0,3.0
16549,2020-11-20 13:00:00,571.09,746.0,42.0,1.0,1.0,135.0,95.0,3.0
16550,2020-11-20 14:00:00,561.97,785.0,43.0,1.0,0.0,166.0,95.0,3.0
16551,2020-11-20 15:00:00,563.74,791.0,42.0,1.0,0.0,167.0,93.0,3.0
16552,2020-11-20 16:00:00,577.26,809.0,42.0,1.0,0.0,145.0,95.0,3.0
16553,2020-11-20 17:00:00,580.04,789.0,38.0,1.0,0.0,134.0,96.0,3.0
16554,2020-11-20 18:00:00,566.91,617.0,38.0,1.0,0.0,101.0,95.0,3.0
16555,2020-11-20 19:00:00,526.91,428.0,39.0,1.0,0.0,81.0,96.0,3.0
16556,2020-11-20 20:00:00,466.81,278.0,40.0,1.0,0.0,69.0,97.0,3.0
16557,2020-11-20 21:00:00,481.77,270.0,41.0,1.0,0.0,50.0,96.0,3.0
16558,2020-11-20 22:00:00,499.53,266.0,43.0,1.0,0.0,32.0,95.0,3.0
16559,2020-11-20 23:00:00,384.43,128.0,41.0,1.0,0.0,40.0,84.0,3.0
16560,2020-11-21 00:00:00,315.39,80.0,39.0,1.0,0.0,41.0,80.0,3.0
16561,2020-11-21 01:00:00,316.43,82.0,39.0,1.0,0.0,44.0,79.0,3.0
16562,2020-11-21 02:00:00,335.08,85.0,39.0,1.0,0.0,34.0,79.0,3.0
16563,2020-11-21 03:00:00,383.51,116.0,39.0,1.0,0.0,33.0,80.0,3.0
16564,2020-11-21 04:00:00,390.69,116.0,39.0,1.0,0.0,29.0,79.0,3.0
16565,2020-11-21 05:00:00,325.87,95.0,38.0,1.0,0.0,53.0,80.0,3.0
16566,2020-11-21 06:00:00,296.62,93.0,40.0,1.0,1.0,75.0,81.0,3.0
16567,2020-11-21 07:00:00,284.04,94.0,41.0,1.0,9.0,81.0,82.0,3.0
16568,2020-11-21 08:00:00,261.95,92.0,40.0,1.0,13.0,100.0,81.0,3.0
16569,2020-11-21 09:00:00,222.61,88.0,39.0,1.0,15.0,147.0,80.0,3.0
16570,2020-11-21 10:00:00,205.23,86.0,45.0,1.0,15.0,177.0,81.0,3.0
16571,2020-11-21 11:00:00,211.72,89.0,50.0,1.0,8.0,183.0,81.0,3.0
16572,2020-11-21 12:00:00,213.74,97.0,52.0,1.0,4.0,204.0,82.0,3.0
16573,2020-11-21 13:00:00,193.12,86.0,52.0,1.0,1.0,225.0,79.0,3.0
16574,2020-11-21 14:00:00,183.23,85.0,53.0,1.0,0.0,245.0,82.0,3.0
16575,2020-11-21 15:00:00,207.9,107.0,52.0,1.0,0.0,246.0,83.0,3.0
16576,2020-11-21 16:00:00,193.65,95.0,53.0,1.0,0.0,248.0,83.0,3.0
16577,2020-11-21 17:00:00,182.6,81.0,54.0,1.0,0.0,233.0,84.0,3.0
16578,2020-11-21 18:00:00,183.16,84.0,51.0,1.0,0.0,238.0,84.0,3.0
16579,2020-11-21 19:00:00,191.34,92.0,52.0,1.0,0.0,242.0,85.0,3.0
16580,2020-11-21 20:00:00,187.27,88.0,55.0,1.0,0.0,242.0,86.0,3.0
16581,2020-11-21 21:00:00,188.15,89.0,50.0,1.0,0.0,239.0,85.0,3.0
16582,2020-11-21 22:00:00,195.43,85.0,41.0,1.0,0.0,203.0,84.0,3.0
16583,2020-11-21 23:00:00,220.4,90.0,41.0,1.0,0.0,168.0,84.0,3.0
16584,2020-11-22 00:00:00,205.33,88.0,41.0,2.0,0.0,193.0,81.0,3.0
16585,2020-11-22 01:00:00,188.27,89.0,41.0,1.0,0.0,235.0,80.0,3.0
16586,2020-11-22 02:00:00,187.58,80.0,48.0,1.0,0.0,216.0,80.0,3.0
16587,2020-11-22 03:00:00,192.41,76.0,54.0,1.0,0.0,197.0,82.0,3.0
16588,2020-11-22 04:00:00,218.18,83.0,56.0,1.0,0.0,168.0,81.0,3.0
16589,2020-11-22 05:00:00,208.35,85.0,55.0,1.0,0.0,191.0,81.0,3.0
16590,2020-11-22 06:00:00,197.82,86.0,55.0,1.0,1.0,215.0,81.0,3.0
16591,2020-11-22 07:00:00,207.53,81.0,55.0,1.0,7.0,175.0,81.0,3.0
16592,2020-11-22 08:00:00,215.14,89.0,55.0,1.0,20.0,166.0,83.0,3.0
16593,2020-11-22 09:00:00,217.8,100.0,56.0,1.0,25.0,184.0,83.0,3.0
16594,2020-11-22 10:00:00,228.4,103.0,56.0,1.0,25.0,170.0,83.0,3.0
16595,2020-11-22 11:00:00,249.9,113.0,55.0,1.0,20.0,158.0,82.0,3.0
16596,2020-11-22 12:00:00,260.18,112.0,55.0,1.0,7.0,152.0,82.0,3.0
16597,2020-11-22 13:00:00,265.97,115.0,56.0,1.0,1.0,156.0,81.0,3.0
16598,2020-11-22 14:00:00,249.23,100.0,56.0,1.0,0.0,152.0,83.0,3.0
16599,2020-11-22 15:00:00,288.97,120.0,55.0,1.0,0.0,131.0,82.0,3.0
16600,2020-11-22 16:00:00,251.35,92.0,55.0,1.0,0.0,131.0,84.0,3.0
16601,2020-11-22 17:00:00,216.3,85.0,54.0,1.0,0.0,170.0,86.0,3.0
16602,2020-11-22 18:00:00,218.97,86.0,56.0,1.0,0.0,168.0,87.0,3.0
16603,2020-11-22 19:00:00,219.47,88.0,56.0,1.0,0.0,165.0,94.0,3.0
16604,2020-11-22 20:00:00,210.45,84.0,56.0,1.0,0.0,170.0,96.0,3.0
16605,2020-11-22 21:00:00,216.69,85.0,55.0,1.0,0.0,162.0,94.0,3.0
16606,2020-11-22 22:00:00,229.41,92.0,55.0,1.0,0.0,157.0,93.0,3.0
16607,2020-11-22 23:00:00,195.47,70.0,56.0,1.0,0.0,165.0,92.0,3.0
16608,2020-11-23 00:00:00,192.63,66.0,55.0,1.0,0.0,160.0,90.0,3.0
16609,2020-11-23 01:00:00,188.56,63.0,55.0,1.0,0.0,160.0,89.0,3.0
16610,2020-11-23 02:00:00,193.25,63.0,55.0,1.0,0.0,153.0,87.0,3.0
16611,2020-11-23 03:00:00,194.96,70.0,56.0,1.0,0.0,170.0,88.0,3.0
16612,2020-11-23 04:00:00,199.14,70.0,55.0,1.0,0.0,161.0,88.0,3.0
16613,2020-11-23 05:00:00,219.0,84.0,56.0,1.0,0.0,162.0,88.0,3.0
16614,2020-11-23 06:00:00,232.65,95.0,58.0,1.0,1.0,164.0,88.0,3.0
16615,2020-11-23 07:00:00,226.76,96.0,58.0,1.0,5.0,173.0,88.0,3.0
16616,2020-11-23 08:00:00,225.23,91.0,58.0,1.0,13.0,155.0,89.0,3.0
16617,2020-11-23 09:00:00,189.56,74.0,58.0,1.0,24.0,171.0,88.0,3.0
16618,2020-11-23 10:00:00,175.42,66.0,57.0,1.0,26.0,176.0,87.0,3.0
16619,2020-11-23 11:00:00,171.42,64.0,58.0,1.0,21.0,187.0,85.0,3.0
16620,2020-11-23 12:00:00,202.5,84.0,45.0,1.0,10.0,179.0,84.0,3.0
16621,2020-11-23 13:00:00,239.8,106.0,55.0,1.0,2.0,178.0,83.0,3.0
16622,2020-11-23 14:00:00,252.49,117.0,58.0,1.0,0.0,180.0,85.0,3.0
16623,2020-11-23 15:00:00,298.47,158.0,58.0,1.0,0.0,175.0,85.0,3.0
16624,2020-11-23 16:00:00,311.63,170.0,58.0,1.0,0.0,170.0,87.0,3.0
16625,2020-11-23 17:00:00,302.85,169.0,55.0,1.0,0.0,181.0,88.0,3.0
16626,2020-11-23 18:00:00,255.89,124.0,56.0,1.0,0.0,183.0,89.0,3.0
16627,2020-11-23 19:00:00,235.76,107.0,54.0,1.0,0.0,184.0,88.0,3.0
16628,2020-11-23 20:00:00,262.15,121.0,55.0,1.0,0.0,168.0,87.0,3.0
16629,2020-11-23 21:00:00,249.87,112.0,55.0,1.0,0.0,169.0,89.0,3.0
16630,2020-11-23 22:00:00,239.71,105.0,55.0,1.0,0.0,174.0,87.0,3.0
16631,2020-11-23 23:00:00,260.2,117.0,56.0,1.0,0.0,166.0,85.0,3.0
16632,2020-11-24 00:00:00,261.57,110.0,55.0,1.0,0.0,152.0,83.0,3.0
16633,2020-11-24 01:00:00,252.2,109.0,55.0,1.0,0.0,164.0,84.0,3.0
16634,2020-11-24 02:00:00,254.04,107.0,55.0,1.0,0.0,159.0,82.0,3.0
16635,2020-11-24 03:00:00,262.03,113.0,55.0,1.0,0.0,157.0,83.0,3.0
16636,2020-11-24 04:00:00,266.27,116.0,55.0,1.0,0.0,155.0,84.0,3.0
16637,2020-11-24 05:00:00,354.05,202.0,56.0,1.0,0.0,152.0,83.0,3.0
16638,2020-11-24 06:00:00,441.79,302.0,58.0,1.0,1.0,123.0,84.0,3.0
16639,2020-11-24 07:00:00,451.63,308.0,56.0,1.0,7.0,107.0,86.0,3.0
16640,2020-11-24 08:00:00,430.83,288.0,57.0,1.0,19.0,107.0,86.0,3.0
16641,2020-11-24 09:00:00,389.16,248.0,56.0,1.0,26.0,123.0,85.0,3.0
16642,2020-11-24 10:00:00,365.13,203.0,56.0,1.0,25.0,111.0,85.0,3.0
16643,2020-11-24 11:00:00,423.41,239.0,56.0,1.0,15.0,84.0,84.0,3.0
16644,2020-11-24 12:00:00,469.23,273.0,56.0,1.0,5.0,68.0,84.0,3.0
16645,2020-11-24 13:00:00,488.03,275.0,57.0,1.0,1.0,55.0,83.0,3.0
16646,2020-11-24 14:00:00,509.5,273.0,57.0,1.0,0.0,31.0,87.0,3.0
16647,2020-11-24 15:00:00,518.64,268.0,56.0,1.0,0.0,21.0,87.0,3.0
16648,2020-11-24 16:00:00,520.47,267.0,56.0,1.0,0.0,18.0,88.0,3.0
16649,2020-11-24 17:00:00,514.92,265.0,55.0,1.0,0.0,20.0,90.0,3.0
16650,2020-11-24 18:00:00,512.35,259.0,56.0,1.0,0.0,18.0,91.0,3.0
16651,2020-11-24 19:00:00,494.7,224.0,54.0,1.0,0.0,16.0,90.0,3.0
16652,2020-11-24 20:00:00,491.34,210.0,54.0,1.0,0.0,13.0,88.0,3.0
16653,2020-11-24 21:00:00,421.55,135.0,53.0,1.0,0.0,14.0,88.0,3.0
16654,2020-11-24 22:00:00,406.94,122.0,56.0,1.0,0.0,14.0,87.0,3.0
16655,2020-11-24 23:00:00,399.54,115.0,55.0,1.0,0.0,13.0,87.0,3.0
16656,2020-11-25 00:00:00,406.83,115.0,45.0,1.0,0.0,10.0,86.0,3.0
16657,2020-11-25 01:00:00,407.03,114.0,45.0,1.0,0.0,10.0,85.0,3.0
16658,2020-11-25 02:00:00,455.2,153.0,44.0,1.0,0.0,11.0,83.0,3.0
16659,2020-11-25 03:00:00,455.67,163.0,46.0,1.0,0.0,12.0,88.0,3.0
16660,2020-11-25 04:00:00,462.38,180.0,43.0,1.0,0.0,21.0,86.0,3.0
16661,2020-11-25 05:00:00,518.48,249.0,43.0,1.0,0.0,14.0,89.0,3.0
16662,2020-11-25 06:00:00,547.55,307.0,44.0,1.0,1.0,13.0,90.0,3.0
16663,2020-11-25 07:00:00,534.92,320.0,45.0,1.0,4.0,25.0,91.0,3.0
16664,2020-11-25 08:00:00,518.18,314.0,45.0,1.0,7.0,36.0,90.0,3.0
16665,2020-11-25 09:00:00,506.66,314.0,46.0,1.0,8.0,47.0,89.0,3.0
16666,2020-11-25 10:00:00,500.09,305.0,46.0,1.0,6.0,50.0,90.0,3.0
16667,2020-11-25 11:00:00,494.94,313.0,44.0,1.0,4.0,62.0,90.0,3.0
16668,2020-11-25 12:00:00,494.51,321.0,43.0,1.0,2.0,69.0,90.0,3.0
16669,2020-11-25 13:00:00,493.07,326.0,44.0,1.0,0.0,76.0,89.0,3.0
16670,2020-11-25 14:00:00,477.45,324.0,46.0,1.0,0.0,90.0,91.0,3.0
16671,2020-11-25 15:00:00,471.36,325.0,45.0,1.0,0.0,97.0,92.0,3.0
16672,2020-11-25 16:00:00,470.85,324.0,45.0,1.0,0.0,97.0,92.0,3.0
16673,2020-11-25 17:00:00,456.27,325.0,43.0,1.0,0.0,114.0,94.0,3.0
16674,2020-11-25 18:00:00,453.2,329.0,41.0,1.0,0.0,122.0,93.0,3.0
16675,2020-11-25 19:00:00,443.16,308.0,43.0,1.0,0.0,120.0,93.0,3.0
16676,2020-11-25 20:00:00,406.43,249.0,43.0,1.0,0.0,121.0,92.0,3.0
16677,2020-11-25 21:00:00,356.7,203.0,44.0,1.0,0.0,141.0,91.0,3.0
16678,2020-11-25 22:00:00,385.13,252.0,45.0,1.0,0.0,155.0,89.0,3.0
16679,2020-11-25 23:00:00,346.9,208.0,50.0,1.0,0.0,164.0,88.0,3.0
16680,2020-11-26 00:00:00,321.4,165.0,56.0,1.0,0.0,148.0,87.0,3.0
16681,2020-11-26 01:00:00,338.12,168.0,56.0,1.0,0.0,129.0,87.0,3.0
16682,2020-11-26 02:00:00,340.42,168.0,56.0,1.0,0.0,128.0,85.0,3.0
16683,2020-11-26 03:00:00,337.17,167.0,56.0,1.0,0.0,129.0,87.0,3.0
16684,2020-11-26 04:00:00,372.99,208.0,56.0,1.0,0.0,130.0,86.0,3.0
16685,2020-11-26 05:00:00,401.63,241.0,55.0,1.0,0.0,124.0,87.0,3.0
16686,2020-11-26 06:00:00,476.51,367.0,58.0,1.0,0.0,116.0,89.0,3.0
16687,2020-11-26 07:00:00,504.5,425.0,55.0,1.0,0.0,111.0,89.0,3.0
16688,2020-11-26 08:00:00,507.23,428.0,58.0,1.0,1.0,108.0,88.0,3.0
16689,2020-11-26 09:00:00,466.86,306.0,57.0,1.0,1.0,90.0,89.0,3.0
16690,2020-11-26 10:00:00,405.14,204.0,57.0,1.0,2.0,83.0,89.0,3.0
16691,2020-11-26 11:00:00,496.43,300.0,54.0,1.0,1.0,55.0,89.0,3.0
16692,2020-11-26 12:00:00,545.5,393.0,55.0,1.0,1.0,45.0,90.0,3.0
16693,2020-11-26 13:00:00,566.84,411.0,55.0,1.0,0.0,30.0,90.0,3.0
16694,2020-11-26 14:00:00,580.86,428.0,55.0,1.0,0.0,20.0,91.0,3.0
16695,2020-11-26 15:00:00,570.4,392.0,55.0,1.0,0.0,18.0,92.0,3.0
16696,2020-11-26 16:00:00,551.92,389.0,57.0,1.0,0.0,33.0,94.0,3.0
16697,2020-11-26 17:00:00,544.84,392.0,56.0,1.0,0.0,41.0,95.0,3.0
16698,2020-11-26 18:00:00,543.37,383.0,56.0,1.0,0.0,40.0,94.0,3.0
16699,2020-11-26 19:00:00,536.75,374.0,54.0,1.0,0.0,46.0,92.0,3.0
16700,2020-11-26 20:00:00,521.33,335.0,54.0,1.0,0.0,45.0,92.0,3.0
16701,2020-11-26 21:00:00,465.14,281.0,53.0,1.0,0.0,75.0,92.0,3.0
16702,2020-11-26 22:00:00,455.65,288.0,54.0,1.0,0.0,91.0,91.0,3.0
16703,2020-11-26 23:00:00,449.72,304.0,54.0,1.0,0.0,111.0,89.0,3.0
16704,2020-11-27 00:00:00,436.33,274.0,54.0,1.0,0.0,108.0,87.0,3.0
16705,2020-11-27 01:00:00,430.16,277.0,53.0,1.0,0.0,117.0,88.0,3.0
16706,2020-11-27 02:00:00,465.56,332.0,52.0,1.0,0.0,113.0,86.0,3.0
16707,2020-11-27 03:00:00,481.19,373.0,55.0,1.0,0.0,115.0,88.0,3.0
16708,2020-11-27 04:00:00,523.22,421.0,54.0,1.0,0.0,86.0,88.0,3.0
16709,2020-11-27 05:00:00,550.93,526.0,54.0,1.0,0.0,92.0,89.0,3.0
16710,2020-11-27 06:00:00,564.33,612.0,53.0,1.0,0.0,105.0,88.0,3.0
16711,2020-11-27 07:00:00,572.67,684.0,53.0,1.0,2.0,112.0,90.0,3.0
16712,2020-11-27 08:00:00,579.14,721.0,53.0,1.0,4.0,110.0,91.0,3.0
16713,2020-11-27 09:00:00,596.45,774.0,53.0,1.0,6.0,95.0,90.0,3.0
16714,2020-11-27 10:00:00,592.07,787.0,51.0,1.0,7.0,106.0,90.0,3.0
16715,2020-11-27 11:00:00,596.32,790.0,52.0,1.0,5.0,101.0,90.0,3.0
16716,2020-11-27 12:00:00,598.55,785.0,54.0,1.0,3.0,96.0,91.0,3.0
16717,2020-11-27 13:00:00,594.88,785.0,55.0,1.0,1.0,104.0,91.0,3.0
16718,2020-11-27 14:00:00,590.63,782.0,54.0,1.0,0.0,111.0,92.0,3.0
16719,2020-11-27 15:00:00,585.26,781.0,52.0,1.0,0.0,122.0,91.0,3.0
16720,2020-11-27 16:00:00,574.51,775.0,54.0,1.0,0.0,137.0,93.0,3.0
16721,2020-11-27 17:00:00,569.0,778.0,52.0,1.0,0.0,147.0,95.0,3.0
16722,2020-11-27 18:00:00,565.05,761.0,51.0,1.0,0.0,150.0,94.0,3.0
16723,2020-11-27 19:00:00,555.28,714.0,52.0,1.0,0.0,149.0,96.0,3.0
16724,2020-11-27 20:00:00,541.23,615.0,53.0,1.0,0.0,135.0,96.0,3.0
16725,2020-11-27 21:00:00,506.25,474.0,52.0,1.0,0.0,127.0,96.0,3.0
16726,2020-11-27 22:00:00,471.12,356.0,51.0,1.0,0.0,112.0,95.0,3.0
16727,2020-11-27 23:00:00,485.9,372.0,52.0,1.0,0.0,104.0,93.0,3.0
16728,2020-11-28 00:00:00,502.4,395.0,53.0,1.0,0.0,96.0,92.0,3.0
16729,2020-11-28 01:00:00,496.74,402.0,53.0,1.0,0.0,105.0,94.0,3.0
16730,2020-11-28 02:00:00,484.36,383.0,53.0,1.0,0.0,115.0,90.0,3.0
16731,2020-11-28 03:00:00,485.16,380.0,54.0,1.0,0.0,109.0,93.0,3.0
16732,2020-11-28 04:00:00,501.15,375.0,54.0,1.0,0.0,87.0,92.0,3.0
16733,2020-11-28 05:00:00,508.19,380.0,54.0,1.0,0.0,78.0,95.0,3.0
16734,2020-11-28 06:00:00,515.72,413.0,53.0,1.0,0.0,83.0,97.0,3.0
16735,2020-11-28 07:00:00,517.5,437.0,53.0,1.0,1.0,89.0,99.0,3.0
16736,2020-11-28 08:00:00,510.19,438.0,54.0,1.0,4.0,96.0,99.0,3.0
16737,2020-11-28 09:00:00,511.83,442.0,53.0,1.0,5.0,94.0,100.0,3.0
16738,2020-11-28 10:00:00,523.7,454.0,55.0,1.0,4.0,84.0,100.0,3.0
16739,2020-11-28 11:00:00,521.74,436.0,53.0,1.0,3.0,80.0,100.0,3.0
16740,2020-11-28 12:00:00,547.91,454.0,52.0,1.0,1.0,56.0,101.0,3.0
16741,2020-11-28 13:00:00,569.2,452.0,53.0,1.0,0.0,31.0,101.0,3.0
16742,2020-11-28 14:00:00,571.0,448.0,52.0,1.0,0.0,27.0,102.0,3.0
16743,2020-11-28 15:00:00,568.3,453.0,54.0,1.0,0.0,31.0,102.0,3.0
16744,2020-11-28 16:00:00,569.47,455.0,55.0,1.0,0.0,30.0,102.0,3.0
16745,2020-11-28 17:00:00,573.62,456.0,54.0,1.0,0.0,24.0,104.0,3.0
16746,2020-11-28 18:00:00,567.73,453.0,53.0,1.0,0.0,30.0,104.0,3.0
16747,2020-11-28 19:00:00,570.09,437.0,53.0,1.0,0.0,24.0,102.0,3.0
16748,2020-11-28 20:00:00,566.16,437.0,51.0,1.0,0.0,31.0,100.0,3.0
16749,2020-11-28 21:00:00,552.62,391.0,51.0,1.0,0.0,32.0,97.0,3.0
16750,2020-11-28 22:00:00,523.6,304.0,53.0,1.0,0.0,25.0,96.0,3.0
16751,2020-11-28 23:00:00,491.19,250.0,54.0,1.0,0.0,27.0,96.0,3.0
16752,2020-11-29 00:00:00,503.16,271.0,52.0,1.0,0.0,30.0,94.0,3.0
16753,2020-11-29 01:00:00,514.26,283.0,52.0,1.0,0.0,25.0,95.0,3.0
16754,2020-11-29 02:00:00,475.85,223.0,53.0,1.0,0.0,29.0,92.0,3.0
16755,2020-11-29 03:00:00,475.11,224.0,54.0,1.0,0.0,29.0,93.0,3.0
16756,2020-11-29 04:00:00,473.07,225.0,51.0,1.0,0.0,32.0,93.0,3.0
16757,2020-11-29 05:00:00,465.69,218.0,51.0,1.0,0.0,33.0,94.0,3.0
16758,2020-11-29 06:00:00,490.44,257.0,52.0,1.0,0.0,33.0,95.0,3.0
16759,2020-11-29 07:00:00,529.0,329.0,53.0,1.0,1.0,28.0,98.0,3.0
16760,2020-11-29 08:00:00,564.21,429.0,55.0,1.0,3.0,26.0,100.0,3.0
16761,2020-11-29 09:00:00,569.47,442.0,54.0,1.0,4.0,23.0,101.0,3.0
16762,2020-11-29 10:00:00,565.84,439.0,54.0,1.0,4.0,26.0,101.0,3.0
16763,2020-11-29 11:00:00,568.59,436.0,51.0,1.0,3.0,25.0,100.0,3.0
16764,2020-11-29 12:00:00,565.25,434.0,48.0,1.0,1.0,30.0,101.0,3.0
16765,2020-11-29 13:00:00,567.71,445.0,51.0,1.0,0.0,31.0,101.0,3.0
16766,2020-11-29 14:00:00,563.49,442.0,53.0,1.0,0.0,33.0,102.0,3.0
16767,2020-11-29 15:00:00,560.09,447.0,49.0,1.0,0.0,40.0,102.0,3.0
16768,2020-11-29 16:00:00,552.48,435.0,50.0,1.0,0.0,44.0,102.0,3.0
16769,2020-11-29 17:00:00,558.26,432.0,51.0,1.0,0.0,35.0,103.0,3.0
16770,2020-11-29 18:00:00,559.16,432.0,51.0,1.0,0.0,34.0,103.0,3.0
16771,2020-11-29 19:00:00,557.96,432.0,52.0,1.0,0.0,36.0,102.0,3.0
16772,2020-11-29 20:00:00,556.16,431.0,51.0,1.0,0.0,38.0,102.0,3.0
16773,2020-11-29 21:00:00,552.74,402.0,54.0,1.0,0.0,31.0,101.0,3.0
16774,2020-11-29 22:00:00,513.84,298.0,54.0,1.0,0.0,30.0,97.0,3.0
16775,2020-11-29 23:00:00,557.22,372.0,52.0,1.0,0.0,21.0,96.0,3.0
16776,2020-11-30 00:00:00,574.97,391.0,50.0,1.0,0.0,13.0,94.0,3.0
16777,2020-11-30 01:00:00,586.71,430.0,54.0,1.0,0.0,11.0,95.0,3.0
16778,2020-11-30 02:00:00,597.06,459.0,53.0,1.0,0.0,10.0,94.0,3.0
16779,2020-11-30 03:00:00,603.12,496.0,54.0,1.0,0.0,10.0,97.0,3.0
16780,2020-11-30 04:00:00,607.64,522.0,53.0,1.0,0.0,12.0,97.0,3.0
16781,2020-11-30 05:00:00,642.21,713.0,53.0,1.0,0.0,11.0,96.0,3.0
16782,2020-11-30 06:00:00,657.67,854.0,56.0,1.0,0.0,10.0,97.0,3.0
16783,2020-11-30 07:00:00,658.43,881.0,56.0,1.0,1.0,12.0,97.0,3.0
16784,2020-11-30 08:00:00,658.81,885.0,56.0,1.0,1.0,15.0,94.0,3.0
16785,2020-11-30 09:00:00,653.64,889.0,56.0,1.0,2.0,22.0,95.0,3.0
16786,2020-11-30 10:00:00,649.22,838.0,55.0,1.0,1.0,20.0,97.0,3.0
16787,2020-11-30 11:00:00,654.81,883.0,54.0,1.0,1.0,19.0,97.0,3.0
16788,2020-11-30 12:00:00,659.21,885.0,50.0,1.0,1.0,14.0,97.0,3.0
16789,2020-11-30 13:00:00,660.89,885.0,53.0,1.0,0.0,10.0,98.0,3.0
16790,2020-11-30 14:00:00,657.95,887.0,53.0,1.0,0.0,14.0,99.0,3.0
16791,2020-11-30 15:00:00,656.31,892.0,54.0,1.0,0.0,17.0,99.0,3.0
16792,2020-11-30 16:00:00,655.2,887.0,54.0,1.0,0.0,17.0,100.0,3.0
16793,2020-11-30 17:00:00,655.2,887.0,54.0,1.0,0.0,16.0,101.0,3.0
16794,2020-11-30 18:00:00,632.07,695.0,54.0,1.0,0.0,16.0,101.0,3.0
16795,2020-11-30 19:00:00,573.63,418.0,53.0,1.0,0.0,19.0,97.0,3.0
16796,2020-11-30 20:00:00,559.56,397.0,54.0,1.0,0.0,27.0,96.0,3.0
16797,2020-11-30 21:00:00,524.51,325.0,55.0,1.0,0.0,34.0,95.0,3.0
16798,2020-11-30 22:00:00,501.91,299.0,54.0,1.0,0.0,45.0,94.0,3.0
16799,2020-11-30 23:00:00,504.43,311.0,45.0,1.0,0.0,51.0,94.0,3.0
16800,2020-12-01 00:00:00,492.99,306.0,41.0,1.0,0.0,63.0,92.0,3.0
16801,2020-12-01 01:00:00,490.54,341.0,40.0,1.0,0.0,84.0,93.0,3.0
16802,2020-12-01 02:00:00,475.52,331.0,39.0,1.0,0.0,99.0,90.0,3.0
16803,2020-12-01 03:00:00,483.1,353.0,38.0,1.0,0.0,102.0,91.0,3.0
16804,2020-12-01 04:00:00,507.67,432.0,41.0,1.0,0.0,110.0,93.0,3.0
16805,2020-12-01 05:00:00,569.18,674.0,40.0,1.0,0.0,116.0,95.0,3.0
16806,2020-12-01 06:00:00,586.89,811.0,41.0,1.0,0.0,128.0,95.0,3.0
16807,2020-12-01 07:00:00,589.8,871.0,41.0,1.0,1.0,140.0,94.0,3.0
16808,2020-12-01 08:00:00,598.6,893.0,41.0,1.0,3.0,127.0,94.0,3.0
16809,2020-12-01 09:00:00,594.09,895.0,42.0,1.0,5.0,132.0,96.0,3.0
16810,2020-12-01 10:00:00,597.48,896.0,41.0,1.0,5.0,127.0,95.0,3.0
16811,2020-12-01 11:00:00,601.64,882.0,39.0,1.0,4.0,115.0,97.0,3.0
16812,2020-12-01 12:00:00,599.3,884.0,39.0,1.0,2.0,122.0,97.0,3.0
16813,2020-12-01 13:00:00,605.15,882.0,40.0,1.0,0.0,110.0,99.0,3.0
16814,2020-12-01 14:00:00,606.5,892.0,40.0,1.0,0.0,109.0,100.0,3.0
16815,2020-12-01 15:00:00,607.15,896.0,42.0,1.0,0.0,108.0,100.0,3.0
16816,2020-12-01 16:00:00,604.93,899.0,42.0,1.0,0.0,112.0,101.0,3.0
16817,2020-12-01 17:00:00,597.34,895.0,41.0,1.0,0.0,126.0,101.0,3.0
16818,2020-12-01 18:00:00,597.67,896.0,40.0,1.0,0.0,127.0,100.0,3.0
16819,2020-12-01 19:00:00,566.16,753.0,40.0,1.0,0.0,143.0,100.0,3.0
16820,2020-12-01 20:00:00,524.24,583.0,39.0,1.0,0.0,153.0,97.0,3.0
16821,2020-12-01 21:00:00,491.6,449.0,39.0,1.0,0.0,138.0,97.0,3.0
16822,2020-12-01 22:00:00,491.92,426.0,39.0,1.0,0.0,125.0,97.0,3.0
16823,2020-12-01 23:00:00,496.27,420.0,38.0,1.0,0.0,116.0,97.0,3.0
16824,2020-12-02 00:00:00,493.7,407.0,48.0,1.0,0.0,113.0,94.0,3.0
16825,2020-12-02 01:00:00,511.68,406.0,52.0,1.0,0.0,87.0,95.0,3.0
16826,2020-12-02 02:00:00,521.8,418.0,52.0,1.0,0.0,83.0,92.0,3.0
16827,2020-12-02 03:00:00,516.45,418.0,51.0,1.0,0.0,89.0,93.0,3.0
16828,2020-12-02 04:00:00,556.55,548.0,52.0,1.0,0.0,89.0,93.0,3.0
16829,2020-12-02 05:00:00,613.72,783.0,54.0,1.0,0.0,69.0,95.0,3.0
16830,2020-12-02 06:00:00,605.51,764.0,56.0,1.0,1.0,75.0,96.0,3.0
16831,2020-12-02 07:00:00,592.99,720.0,55.0,1.0,4.0,82.0,95.0,3.0
16832,2020-12-02 08:00:00,591.57,740.0,55.0,1.0,14.0,80.0,95.0,3.0
16833,2020-12-02 09:00:00,569.2,661.0,56.0,1.0,24.0,82.0,95.0,3.0
16834,2020-12-02 10:00:00,566.23,639.0,54.0,1.0,25.0,79.0,95.0,3.0
16835,2020-12-02 11:00:00,571.58,633.0,53.0,1.0,17.0,77.0,95.0,3.0
16836,2020-12-02 12:00:00,582.97,636.0,55.0,1.0,6.0,71.0,95.0,3.0
16837,2020-12-02 13:00:00,603.69,737.0,56.0,1.0,1.0,71.0,96.0,3.0
16838,2020-12-02 14:00:00,607.38,789.0,54.0,1.0,0.0,79.0,97.0,3.0
16839,2020-12-02 15:00:00,586.67,693.0,56.0,1.0,0.0,88.0,95.0,3.0
16840,2020-12-02 16:00:00,569.81,610.0,56.0,1.0,0.0,88.0,95.0,3.0
16841,2020-12-02 17:00:00,584.86,683.0,53.0,1.0,0.0,87.0,97.0,3.0
16842,2020-12-02 18:00:00,581.65,672.0,55.0,1.0,0.0,91.0,94.0,3.0
16843,2020-12-02 19:00:00,582.77,719.0,51.0,1.0,0.0,108.0,91.0,3.0
16844,2020-12-02 20:00:00,563.9,611.0,51.0,1.0,0.0,104.0,90.0,3.0
16845,2020-12-02 21:00:00,531.15,474.0,51.0,1.0,0.0,94.0,94.0,3.0
16846,2020-12-02 22:00:00,517.04,443.0,51.0,1.0,0.0,97.0,96.0,3.0
16847,2020-12-02 23:00:00,489.5,350.0,53.0,1.0,0.0,85.0,95.0,3.0
16848,2020-12-03 00:00:00,506.36,366.0,51.0,1.0,0.0,76.0,93.0,3.0
16849,2020-12-03 01:00:00,511.58,369.0,49.0,1.0,0.0,72.0,93.0,3.0
16850,2020-12-03 02:00:00,501.77,337.0,49.0,1.0,0.0,70.0,90.0,3.0
16851,2020-12-03 03:00:00,528.48,379.0,51.0,1.0,0.0,57.0,93.0,3.0
16852,2020-12-03 04:00:00,557.8,483.0,54.0,1.0,0.0,61.0,95.0,3.0
16853,2020-12-03 05:00:00,585.66,628.0,54.0,1.0,0.0,70.0,96.0,3.0
16854,2020-12-03 06:00:00,599.71,728.0,56.0,1.0,0.0,75.0,97.0,3.0
16855,2020-12-03 07:00:00,603.89,732.0,57.0,1.0,1.0,71.0,94.0,3.0
16856,2020-12-03 08:00:00,607.29,731.0,58.0,1.0,1.0,66.0,93.0,3.0
16857,2020-12-03 09:00:00,603.88,742.0,56.0,1.0,2.0,73.0,94.0,3.0
16858,2020-12-03 10:00:00,611.38,754.0,56.0,1.0,2.0,69.0,89.0,3.0
16859,2020-12-03 11:00:00,614.67,749.0,55.0,1.0,2.0,59.0,93.0,3.0
16860,2020-12-03 12:00:00,612.13,749.0,55.0,1.0,1.0,61.0,96.0,3.0
16861,2020-12-03 13:00:00,612.43,751.0,55.0,1.0,0.0,60.0,98.0,3.0
16862,2020-12-03 14:00:00,607.72,749.0,55.0,1.0,0.0,66.0,99.0,3.0
16863,2020-12-03 15:00:00,598.92,747.0,57.0,1.0,0.0,79.0,99.0,3.0
16864,2020-12-03 16:00:00,588.32,744.0,54.0,1.0,0.0,96.0,100.0,3.0
16865,2020-12-03 17:00:00,578.56,737.0,53.0,1.0,0.0,111.0,100.0,3.0
16866,2020-12-03 18:00:00,572.39,707.0,53.0,1.0,0.0,112.0,100.0,3.0
16867,2020-12-03 19:00:00,537.89,561.0,54.0,1.0,0.0,116.0,98.0,3.0
16868,2020-12-03 20:00:00,515.39,497.0,54.0,1.0,0.0,124.0,96.0,3.0
16869,2020-12-03 21:00:00,473.32,384.0,56.0,1.0,0.0,124.0,96.0,3.0
16870,2020-12-03 22:00:00,453.04,342.0,52.0,1.0,0.0,128.0,94.0,3.0
16871,2020-12-03 23:00:00,436.19,309.0,55.0,1.0,0.0,128.0,93.0,3.0
16872,2020-12-04 00:00:00,434.35,307.0,55.0,1.0,0.0,131.0,91.0,3.0
16873,2020-12-04 01:00:00,453.68,332.0,54.0,1.0,0.0,124.0,90.0,3.0
16874,2020-12-04 02:00:00,427.5,305.0,54.0,1.0,0.0,142.0,88.0,3.0
16875,2020-12-04 03:00:00,408.97,297.0,54.0,1.0,0.0,160.0,90.0,3.0
16876,2020-12-04 04:00:00,450.39,374.0,50.0,1.0,0.0,158.0,90.0,3.0
16877,2020-12-04 05:00:00,464.75,422.0,53.0,1.0,0.0,167.0,90.0,3.0
16878,2020-12-04 06:00:00,507.13,555.0,56.0,1.0,0.0,166.0,95.0,3.0
16879,2020-12-04 07:00:00,522.83,613.0,56.0,1.0,1.0,162.0,98.0,3.0
16880,2020-12-04 08:00:00,518.94,561.0,52.0,1.0,1.0,146.0,98.0,3.0
16881,2020-12-04 09:00:00,516.02,554.0,54.0,1.0,2.0,146.0,98.0,3.0
16882,2020-12-04 10:00:00,516.95,560.0,55.0,1.0,2.0,150.0,95.0,3.0
16883,2020-12-04 11:00:00,522.51,590.0,53.0,1.0,2.0,158.0,92.0,3.0
16884,2020-12-04 12:00:00,507.84,558.0,57.0,1.0,1.0,168.0,92.0,3.0
16885,2020-12-04 13:00:00,506.82,557.0,58.0,1.0,0.0,169.0,93.0,3.0
16886,2020-12-04 14:00:00,505.83,561.0,57.0,1.0,0.0,171.0,95.0,3.0
16887,2020-12-04 15:00:00,503.96,554.0,56.0,1.0,0.0,170.0,96.0,3.0
16888,2020-12-04 16:00:00,498.05,559.0,53.0,1.0,0.0,182.0,98.0,4.0
16889,2020-12-04 17:00:00,492.9,568.0,54.0,1.0,0.0,196.0,98.0,4.0
16890,2020-12-04 18:00:00,473.96,512.0,54.0,1.0,0.0,200.0,97.0,4.0
16891,2020-12-04 19:00:00,457.46,455.0,52.0,1.0,0.0,196.0,95.0,4.0
16892,2020-12-04 20:00:00,427.45,375.0,53.0,1.0,0.0,194.0,91.0,4.0
16893,2020-12-04 21:00:00,376.18,284.0,54.0,1.0,0.0,202.0,88.0,4.0
16894,2020-12-04 22:00:00,319.3,211.0,54.0,1.0,0.0,214.0,88.0,4.0
16895,2020-12-04 23:00:00,275.52,154.0,55.0,1.0,0.0,205.0,88.0,4.0
16896,2020-12-05 00:00:00,280.44,158.0,52.0,1.0,0.0,205.0,85.0,4.0
16897,2020-12-05 01:00:00,125.66,35.0,54.0,1.0,0.0,210.0,85.0,4.0
16898,2020-12-05 02:00:00,276.07,154.0,55.0,1.0,0.0,209.0,83.0,4.0
16899,2020-12-05 03:00:00,287.8,159.0,53.0,1.0,0.0,194.0,85.0,4.0
16900,2020-12-05 04:00:00,298.25,158.0,53.0,1.0,0.0,176.0,85.0,5.0
16901,2020-12-05 05:00:00,310.42,161.0,55.0,1.0,0.0,162.0,85.0,5.0
16902,2020-12-05 06:00:00,307.52,158.0,55.0,1.0,0.0,162.0,85.0,5.0
16903,2020-12-05 07:00:00,310.42,154.0,55.0,1.0,1.0,151.0,84.0,4.0
16904,2020-12-05 08:00:00,360.97,207.0,56.0,1.0,1.0,145.0,85.0,3.0
16905,2020-12-05 09:00:00,365.24,210.0,56.0,1.0,2.0,144.0,83.0,4.0
16906,2020-12-05 10:00:00,363.15,216.0,55.0,1.0,2.0,153.0,84.0,5.0
16907,2020-12-05 11:00:00,343.87,198.0,53.0,1.0,2.0,160.0,84.0,5.0
16908,2020-12-05 12:00:00,313.76,161.0,55.0,1.0,1.0,155.0,86.0,5.0
16909,2020-12-05 13:00:00,344.32,186.0,55.0,1.0,0.0,145.0,86.0,5.0
16910,2020-12-05 14:00:00,402.14,271.0,54.0,1.0,0.0,151.0,87.0,5.0
16911,2020-12-05 15:00:00,420.72,311.0,55.0,1.0,0.0,158.0,87.0,5.0
16912,2020-12-05 16:00:00,431.11,329.0,54.0,1.0,0.0,156.0,88.0,5.0
16913,2020-12-05 17:00:00,436.13,318.0,51.0,1.0,0.0,157.0,72.0,5.0
16914,2020-12-05 18:00:00,382.96,240.0,53.0,1.0,0.0,168.0,68.0,5.0
16915,2020-12-05 19:00:00,302.36,154.0,51.0,1.0,0.0,182.0,66.0,5.0
16916,2020-12-05 20:00:00,301.69,148.0,51.0,1.0,0.0,173.0,66.0,4.0
16917,2020-12-05 21:00:00,300.03,148.0,53.0,1.0,0.0,174.0,67.0,3.0
16918,2020-12-05 22:00:00,302.07,148.0,53.0,1.0,0.0,171.0,67.0,3.0
16919,2020-12-05 23:00:00,308.42,150.0,54.0,1.0,0.0,165.0,67.0,3.0
16920,2020-12-06 00:00:00,319.42,150.0,55.0,1.0,0.0,152.0,65.0,3.0
16921,2020-12-06 01:00:00,316.38,151.0,52.0,1.0,0.0,146.0,76.0,3.0
16922,2020-12-06 02:00:00,316.79,152.0,53.0,1.0,0.0,140.0,83.0,3.0
16923,2020-12-06 03:00:00,312.59,152.0,54.0,1.0,0.0,144.0,85.0,3.0
16924,2020-12-06 04:00:00,309.76,152.0,54.0,1.0,0.0,148.0,85.0,3.0
16925,2020-12-06 05:00:00,303.6,152.0,54.0,1.0,0.0,156.0,86.0,3.0
16926,2020-12-06 06:00:00,291.76,151.0,55.0,1.0,0.0,173.0,86.0,3.0
16927,2020-12-06 07:00:00,289.5,152.0,54.0,1.0,1.0,177.0,86.0,3.0
16928,2020-12-06 08:00:00,287.68,152.0,54.0,1.0,2.0,179.0,86.0,3.0
16929,2020-12-06 09:00:00,287.86,152.0,55.0,1.0,3.0,178.0,86.0,3.0
16930,2020-12-06 10:00:00,313.2,170.0,55.0,1.0,3.0,165.0,86.0,3.0
16931,2020-12-06 11:00:00,325.52,185.0,53.0,1.0,2.0,168.0,87.0,5.0
16932,2020-12-06 12:00:00,298.63,155.0,54.0,1.0,1.0,168.0,87.0,5.0
16933,2020-12-06 13:00:00,294.68,148.0,53.0,1.0,0.0,166.0,85.0,5.0
16934,2020-12-06 14:00:00,301.76,149.0,54.0,1.0,0.0,155.0,87.0,5.0
16935,2020-12-06 15:00:00,299.86,153.0,54.0,1.0,0.0,163.0,88.0,5.0
16936,2020-12-06 16:00:00,299.81,151.0,54.0,1.0,0.0,159.0,89.0,5.0
16937,2020-12-06 17:00:00,296.06,150.0,53.0,1.0,0.0,163.0,89.0,5.0
16938,2020-12-06 18:00:00,279.41,147.0,52.0,1.0,0.0,186.0,88.0,5.0
16939,2020-12-06 19:00:00,270.44,143.0,53.0,1.0,0.0,197.0,86.0,5.0
16940,2020-12-06 20:00:00,267.68,143.0,53.0,1.0,0.0,202.0,86.0,5.0
16941,2020-12-06 21:00:00,259.44,139.0,51.0,1.0,0.0,208.0,87.0,5.0
16942,2020-12-06 22:00:00,269.5,149.0,54.0,1.0,0.0,209.0,87.0,5.0
16943,2020-12-06 23:00:00,232.55,119.0,52.0,1.0,0.0,222.0,85.0,5.0
16944,2020-12-07 00:00:00,231.26,120.0,52.0,1.0,0.0,228.0,84.0,5.0
16945,2020-12-07 01:00:00,234.41,119.0,50.0,1.0,0.0,217.0,85.0,5.0
16946,2020-12-07 02:00:00,235.13,121.0,50.0,1.0,0.0,224.0,81.0,5.0
16947,2020-12-07 03:00:00,232.59,120.0,50.0,1.0,0.0,224.0,84.0,5.0
16948,2020-12-07 04:00:00,235.75,126.0,52.0,1.0,0.0,233.0,83.0,5.0
16949,2020-12-07 05:00:00,304.79,206.0,51.0,1.0,0.0,238.0,84.0,5.0
16950,2020-12-07 06:00:00,365.74,289.0,52.0,1.0,1.0,229.0,84.0,5.0
16951,2020-12-07 07:00:00,375.55,300.0,52.0,1.0,6.0,219.0,83.0,5.0
16952,2020-12-07 08:00:00,359.57,289.0,40.0,1.0,23.0,218.0,84.0,5.0
16953,2020-12-07 09:00:00,275.54,184.0,41.0,1.0,36.0,224.0,82.0,5.0
16954,2020-12-07 10:00:00,288.12,193.0,56.0,1.0,38.0,214.0,83.0,4.0
16955,2020-12-07 11:00:00,357.67,274.0,57.0,1.0,27.0,201.0,83.0,3.0
16956,2020-12-07 12:00:00,372.85,267.0,53.0,1.0,9.0,187.0,82.0,4.0
16957,2020-12-07 13:00:00,400.41,289.0,49.0,1.0,1.0,173.0,83.0,5.0
16958,2020-12-07 14:00:00,398.82,294.0,48.0,1.0,0.0,179.0,85.0,5.0
16959,2020-12-07 15:00:00,384.87,298.0,50.0,1.0,0.0,204.0,86.0,5.0
16960,2020-12-07 16:00:00,373.23,296.0,50.0,1.0,0.0,221.0,87.0,5.0
16961,2020-12-07 17:00:00,361.19,287.0,47.0,1.0,0.0,231.0,89.0,5.0
16962,2020-12-07 18:00:00,326.97,212.0,49.0,1.0,0.0,202.0,88.0,5.0
16963,2020-12-07 19:00:00,260.26,134.0,49.0,1.0,0.0,198.0,85.0,5.0
16964,2020-12-07 20:00:00,270.53,145.0,49.0,1.0,0.0,199.0,86.0,5.0
16965,2020-12-07 21:00:00,283.44,156.0,51.0,1.0,0.0,194.0,88.0,5.0
16966,2020-12-07 22:00:00,269.18,146.0,51.0,1.0,0.0,203.0,87.0,5.0
16967,2020-12-07 23:00:00,268.48,144.0,52.0,1.0,0.0,201.0,87.0,5.0
16968,2020-12-08 00:00:00,286.41,149.0,50.0,1.0,0.0,180.0,85.0,5.0
16969,2020-12-08 01:00:00,317.14,168.0,50.0,1.0,0.0,161.0,85.0,5.0
16970,2020-12-08 02:00:00,325.11,167.0,49.0,1.0,0.0,151.0,82.0,5.0
16971,2020-12-08 03:00:00,319.0,169.0,46.0,1.0,0.0,161.0,83.0,5.0
16972,2020-12-08 04:00:00,289.52,136.0,47.0,1.0,0.0,156.0,82.0,5.0
16973,2020-12-08 05:00:00,358.91,217.0,48.0,1.0,0.0,162.0,84.0,5.0
16974,2020-12-08 06:00:00,438.67,351.0,49.0,1.0,1.0,164.0,85.0,5.0
16975,2020-12-08 07:00:00,478.82,446.0,48.0,1.0,5.0,162.0,84.0,5.0
16976,2020-12-08 08:00:00,474.78,462.0,48.0,1.0,19.0,162.0,86.0,5.0
16977,2020-12-08 09:00:00,433.11,377.0,47.0,1.0,32.0,159.0,87.0,4.0
16978,2020-12-08 10:00:00,472.5,441.0,46.0,1.0,34.0,137.0,87.0,3.0
16979,2020-12-08 11:00:00,495.48,458.0,48.0,1.0,24.0,121.0,87.0,4.0
16980,2020-12-08 12:00:00,507.39,459.0,45.0,1.0,8.0,120.0,88.0,5.0
16981,2020-12-08 13:00:00,492.49,448.0,49.0,1.0,1.0,141.0,89.0,5.0
16982,2020-12-08 14:00:00,479.15,452.0,48.0,1.0,0.0,165.0,89.0,5.0
16983,2020-12-08 15:00:00,466.87,453.0,51.0,1.0,0.0,185.0,89.0,5.0
16984,2020-12-08 16:00:00,468.56,454.0,50.0,1.0,0.0,181.0,91.0,5.0
16985,2020-12-08 17:00:00,450.03,407.0,49.0,1.0,0.0,181.0,91.0,5.0
16986,2020-12-08 18:00:00,442.52,388.0,48.0,1.0,0.0,182.0,89.0,5.0
16987,2020-12-08 19:00:00,400.78,294.0,48.0,1.0,0.0,175.0,86.0,5.0
16988,2020-12-08 20:00:00,393.8,272.5,48.75,1.25,0.0,162.0,89.5,5.0
16989,2020-12-08 21:00:00,356.42,220.0,48.0,2.0,0.0,165.0,87.0,5.0
16990,2020-12-08 22:00:00,343.11,190.0,48.0,2.0,0.0,149.0,87.0,5.0
16991,2020-12-08 23:00:00,329.38,174.0,47.0,2.0,0.0,148.0,87.0,5.0
16992,2020-12-09 00:00:00,328.93,178.0,48.0,2.0,0.0,154.0,87.0,5.0
16993,2020-12-09 01:00:00,327.38,171.0,48.0,2.0,0.0,145.0,89.0,5.0
16994,2020-12-09 02:00:00,337.54,170.0,49.0,2.0,0.0,133.0,86.0,5.0
16995,2020-12-09 03:00:00,359.51,180.0,51.0,2.0,0.0,116.0,87.0,5.0
16996,2020-12-09 04:00:00,433.76,258.0,50.0,2.0,0.0,99.0,87.0,4.0
16997,2020-12-09 05:00:00,486.15,336.0,51.0,2.0,0.0,90.0,86.0,5.0
16998,2020-12-09 06:00:00,526.76,454.0,52.0,2.0,1.0,93.0,90.0,5.0
16999,2020-12-09 07:00:00,544.2,533.0,52.0,2.0,4.0,94.0,95.0,5.0
17000,2020-12-09 08:00:00,544.59,558.0,53.0,2.0,16.0,92.0,94.0,5.0
17001,2020-12-09 09:00:00,532.83,539.0,53.0,2.0,26.0,91.0,95.0,5.0
17002,2020-12-09 10:00:00,541.26,558.0,50.0,1.0,28.0,85.0,96.0,5.0
17003,2020-12-09 11:00:00,555.27,561.0,54.0,1.0,20.0,71.0,97.0,5.0
17004,2020-12-09 12:00:00,571.09,548.0,52.0,1.0,7.0,60.0,95.0,5.0
17005,2020-12-09 13:00:00,576.54,556.0,50.0,1.0,1.0,61.0,96.0,5.0
17006,2020-12-09 14:00:00,571.76,562.0,54.0,1.0,0.0,69.0,96.0,5.0
17007,2020-12-09 15:00:00,563.39,561.0,55.0,1.0,0.0,80.0,96.0,5.0
17008,2020-12-09 16:00:00,552.68,550.0,56.0,1.0,0.0,90.0,97.0,5.0
17009,2020-12-09 17:00:00,543.67,552.0,53.0,1.0,0.0,105.0,97.0,5.0
17010,2020-12-09 18:00:00,527.28,485.0,52.0,1.0,0.0,101.0,97.0,5.0
17011,2020-12-09 19:00:00,505.16,436.0,51.0,1.0,0.0,108.0,98.0,5.0
17012,2020-12-09 20:00:00,502.06,431.0,50.0,1.0,0.0,109.0,99.0,5.0
17013,2020-12-09 21:00:00,489.94,344.0,51.0,1.0,0.0,80.0,97.0,5.0
17014,2020-12-09 22:00:00,435.43,227.0,52.0,1.0,0.0,67.0,95.0,5.0
17015,2020-12-09 23:00:00,416.43,207.0,51.0,1.0,0.0,72.0,94.0,5.0
17016,2020-12-10 00:00:00,424.16,212.0,52.0,1.0,0.0,69.0,93.0,5.0
17017,2020-12-10 01:00:00,432.19,216.0,52.0,1.0,0.0,65.0,92.0,5.0
17018,2020-12-10 02:00:00,443.88,220.0,55.0,2.0,0.0,58.0,89.0,5.0
17019,2020-12-10 03:00:00,463.49,254.0,53.0,2.0,0.0,59.0,92.0,5.0
17020,2020-12-10 04:00:00,559.1,479.0,54.0,2.0,0.0,58.0,94.0,5.0
17021,2020-12-10 05:00:00,598.33,590.0,53.0,2.0,0.0,43.0,94.0,5.0
17022,2020-12-10 06:00:00,613.5,669.0,54.0,2.0,0.0,41.0,95.0,5.0
17023,2020-12-10 07:00:00,629.05,743.0,54.0,2.0,2.0,33.0,95.0,5.0
17024,2020-12-10 08:00:00,637.99,801.0,54.0,2.0,7.0,25.0,96.0,5.0
17025,2020-12-10 09:00:00,630.56,786.0,53.0,2.0,12.0,30.0,95.0,5.0
17026,2020-12-10 10:00:00,631.25,799.0,52.0,2.0,11.0,33.0,95.0,5.0
17027,2020-12-10 11:00:00,638.05,818.0,52.0,2.0,8.0,28.0,96.0,5.0
17028,2020-12-10 12:00:00,638.21,808.0,54.0,2.0,4.0,28.0,97.0,5.0
17029,2020-12-10 13:00:00,633.01,812.0,54.0,2.0,1.0,39.0,98.0,5.0
17030,2020-12-10 14:00:00,631.33,834.0,52.0,2.0,0.0,47.0,99.0,5.0
17031,2020-12-10 15:00:00,627.82,836.0,55.0,2.0,0.0,53.0,98.0,5.0
17032,2020-12-10 16:00:00,621.91,828.0,53.0,2.0,0.0,61.0,99.0,5.0
17033,2020-12-10 17:00:00,616.72,815.0,55.0,2.0,0.0,63.0,102.0,5.0
17034,2020-12-10 18:00:00,615.57,809.0,54.0,1.0,0.0,67.0,100.0,4.0
17035,2020-12-10 19:00:00,600.73,706.0,52.0,1.0,0.0,67.0,99.0,5.0
17036,2020-12-10 20:00:00,572.58,555.0,50.0,1.0,0.0,67.0,96.0,5.0
17037,2020-12-10 21:00:00,535.16,400.0,50.0,1.0,0.0,56.0,96.0,5.0
17038,2020-12-10 22:00:00,516.46,343.0,54.0,1.0,0.0,50.0,96.0,5.0
17039,2020-12-10 23:00:00,556.27,453.0,54.0,1.0,0.0,51.0,96.0,5.0
17040,2020-12-11 00:00:00,575.27,526.0,53.0,1.0,0.0,53.0,96.0,5.0
17041,2020-12-11 01:00:00,571.71,495.0,54.0,1.0,0.0,49.0,94.0,5.0
17042,2020-12-11 02:00:00,569.79,461.0,54.0,1.0,0.0,44.0,90.0,5.0
17043,2020-12-11 03:00:00,581.72,506.0,55.0,1.0,0.0,41.0,93.0,5.0
17044,2020-12-11 04:00:00,602.13,589.0,55.0,1.0,0.0,38.0,94.0,5.0
17045,2020-12-11 05:00:00,623.74,692.0,56.0,1.0,0.0,33.0,94.0,5.0
17046,2020-12-11 06:00:00,643.26,855.0,58.0,1.0,0.0,35.0,94.0,5.0
17047,2020-12-11 07:00:00,644.08,887.0,59.0,1.0,1.0,38.0,94.0,5.0
17048,2020-12-11 08:00:00,643.49,887.0,59.0,1.0,1.0,39.0,94.0,5.0
17049,2020-12-11 09:00:00,645.56,893.0,58.0,1.0,3.0,34.0,95.0,5.0
17050,2020-12-11 10:00:00,640.02,861.0,59.0,1.0,3.0,36.0,96.0,5.0
17051,2020-12-11 11:00:00,643.25,873.0,61.0,1.0,2.0,33.0,96.0,5.0
17052,2020-12-11 12:00:00,644.97,889.0,61.0,1.0,1.0,33.0,97.0,5.0
17053,2020-12-11 13:00:00,646.94,876.0,62.0,1.0,0.0,36.0,89.0,5.0
17054,2020-12-11 14:00:00,648.57,880.0,62.0,1.0,0.0,41.0,82.0,5.0
17055,2020-12-11 15:00:00,661.64,900.0,23.0,1.0,0.0,40.0,82.0,5.0
17056,2020-12-11 16:00:00,664.88,901.0,5.0,1.0,0.0,42.0,83.0,5.0
17057,2020-12-11 17:00:00,665.18,898.0,3.0,1.0,0.0,42.0,83.0,5.0
17058,2020-12-11 18:00:00,664.44,896.0,3.0,1.0,0.0,43.0,83.0,4.0
17059,2020-12-11 19:00:00,663.24,893.0,13.0,1.0,0.0,42.0,81.0,4.0
17060,2020-12-11 20:00:00,653.45,779.0,22.0,1.0,0.0,35.0,81.0,4.0
17061,2020-12-11 21:00:00,574.83,378.0,19.0,1.0,0.0,34.0,80.0,4.0
17062,2020-12-11 22:00:00,505.86,234.0,19.0,1.0,0.0,34.0,78.0,4.0
17063,2020-12-11 23:00:00,493.21,228.0,16.0,1.0,0.0,42.0,77.0,4.0
17064,2020-12-12 00:00:00,485.47,221.0,24.0,1.0,0.0,45.0,74.0,4.0
17065,2020-12-12 01:00:00,482.94,221.0,28.0,1.0,0.0,45.0,75.0,4.0
17066,2020-12-12 02:00:00,478.14,216.0,36.0,1.0,0.0,47.0,72.0,4.0
17067,2020-12-12 03:00:00,475.64,214.0,26.0,1.0,0.0,49.0,73.0,4.0
17068,2020-12-12 04:00:00,474.56,213.0,18.0,1.0,0.0,50.0,74.0,4.0
17069,2020-12-12 05:00:00,468.64,215.0,17.0,2.0,0.0,54.0,75.0,4.0
17070,2020-12-12 06:00:00,530.71,335.0,17.0,2.0,0.0,60.0,78.0,5.0
17071,2020-12-12 07:00:00,564.57,450.0,17.0,2.0,2.0,67.0,79.0,5.0
17072,2020-12-12 08:00:00,574.53,519.0,24.0,2.0,4.0,73.0,80.0,5.0
17073,2020-12-12 09:00:00,570.99,531.0,25.0,2.0,5.0,80.0,80.0,4.0
17074,2020-12-12 10:00:00,568.87,528.0,27.0,2.0,4.0,82.0,80.0,4.0
17075,2020-12-12 11:00:00,577.25,553.0,28.0,2.0,3.0,80.0,80.0,4.0
17076,2020-12-12 12:00:00,577.35,552.0,24.0,2.0,1.0,82.0,81.0,4.0
17077,2020-12-12 13:00:00,583.32,552.0,25.0,2.0,0.0,74.0,82.0,4.0
17078,2020-12-12 14:00:00,586.76,553.0,33.0,1.0,0.0,66.0,84.0,4.0
17079,2020-12-12 15:00:00,583.54,554.0,45.0,1.0,0.0,66.0,84.0,4.0
17080,2020-12-12 16:00:00,577.54,555.0,51.0,1.0,0.0,71.0,85.0,3.0
17081,2020-12-12 17:00:00,578.28,557.0,50.0,1.0,0.0,71.0,85.0,4.0
17082,2020-12-12 18:00:00,577.33,553.0,50.0,1.0,0.0,71.0,85.0,4.0
17083,2020-12-12 19:00:00,574.11,506.0,53.0,1.0,0.0,61.0,83.0,4.0
17084,2020-12-12 20:00:00,564.81,451.0,52.0,1.0,0.0,55.0,82.0,4.0
17085,2020-12-12 21:00:00,557.67,421.0,53.0,1.0,0.0,53.0,81.0,3.0
17086,2020-12-12 22:00:00,487.71,284.0,55.0,1.0,0.0,65.0,80.0,4.0
17087,2020-12-12 23:00:00,481.34,259.0,55.0,1.0,0.0,58.0,79.0,4.0
17088,2020-12-13 00:00:00,496.59,267.0,52.0,1.0,0.0,50.0,78.0,4.0
17089,2020-12-13 01:00:00,510.0,279.0,52.0,1.0,0.0,44.0,78.0,4.0
17090,2020-12-13 02:00:00,527.68,285.0,53.0,1.0,0.0,34.0,75.0,4.0
17091,2020-12-13 03:00:00,530.78,258.0,52.0,1.0,0.0,18.0,77.0,4.0
17092,2020-12-13 04:00:00,541.09,279.0,51.0,1.0,0.0,19.0,77.0,4.0
17093,2020-12-13 05:00:00,534.43,267.0,52.0,1.0,0.0,19.0,77.0,4.0
17094,2020-12-13 06:00:00,599.7,437.0,54.0,1.0,0.0,16.0,79.0,3.0
17095,2020-12-13 07:00:00,604.42,476.0,55.0,1.0,0.0,19.0,81.0,4.0
17096,2020-12-13 08:00:00,611.55,551.0,57.0,1.0,1.0,28.0,81.0,4.0
17097,2020-12-13 09:00:00,611.75,533.0,58.0,1.0,2.0,23.0,80.0,4.0
17098,2020-12-13 10:00:00,612.21,531.0,58.0,1.0,2.0,21.0,81.0,4.0
17099,2020-12-13 11:00:00,608.52,506.0,58.0,1.0,1.0,20.0,81.0,4.0
17100,2020-12-13 12:00:00,621.48,549.0,57.0,1.0,1.0,16.0,81.0,4.0
17101,2020-12-13 13:00:00,624.46,560.0,57.0,2.0,0.0,14.0,82.0,4.0
17102,2020-12-13 14:00:00,620.82,559.0,57.0,2.0,0.0,16.0,84.0,4.0
17103,2020-12-13 15:00:00,621.71,555.0,57.0,2.0,0.0,14.0,84.0,5.0
17104,2020-12-13 16:00:00,618.33,551.0,57.0,2.0,0.0,16.0,85.0,5.0
17105,2020-12-13 17:00:00,618.59,545.0,58.0,2.0,0.0,14.0,85.0,4.0
17106,2020-12-13 18:00:00,620.54,546.0,58.0,2.0,0.0,12.0,85.0,4.0
17107,2020-12-13 19:00:00,620.12,527.0,56.0,2.0,0.0,11.0,83.0,4.0
17108,2020-12-13 20:00:00,622.63,545.0,59.0,2.0,0.0,11.0,83.0,4.0
17109,2020-12-13 21:00:00,612.27,494.0,58.0,2.0,0.0,11.0,83.0,4.0
17110,2020-12-13 22:00:00,595.85,400.0,45.0,2.0,0.0,10.0,81.0,4.0
17111,2020-12-13 23:00:00,561.81,311.0,58.0,2.0,0.0,10.0,78.0,4.0
17112,2020-12-14 00:00:00,541.75,270.0,60.0,2.0,0.0,11.0,77.0,4.0
17113,2020-12-14 01:00:00,559.09,301.0,57.0,2.0,0.0,10.0,77.0,4.0
17114,2020-12-14 02:00:00,578.83,344.0,60.0,2.0,0.0,9.0,75.0,4.0
17115,2020-12-14 03:00:00,611.76,457.0,62.0,2.0,0.0,8.0,76.0,4.0
17116,2020-12-14 04:00:00,649.09,673.0,62.0,2.0,0.0,7.0,79.0,3.0
17117,2020-12-14 05:00:00,670.09,867.0,62.0,1.0,0.0,8.0,79.0,4.0
17118,2020-12-14 06:00:00,671.22,880.0,62.0,1.0,0.0,8.0,79.0,4.0
17119,2020-12-14 07:00:00,670.58,891.0,63.0,1.0,1.0,9.0,79.0,4.0
17120,2020-12-14 08:00:00,670.28,895.0,63.0,1.0,2.0,9.0,79.0,4.0
17121,2020-12-14 09:00:00,668.34,893.0,67.0,1.0,3.0,8.0,80.0,4.0
17122,2020-12-14 10:00:00,672.2,890.0,66.0,1.0,3.0,6.0,76.0,4.0
17123,2020-12-14 11:00:00,673.73,893.0,66.0,1.0,2.0,5.0,76.0,4.0
17124,2020-12-14 12:00:00,674.06,882.0,64.0,1.0,1.0,5.0,76.0,4.0
17125,2020-12-14 13:00:00,675.35,901.0,63.0,2.0,0.0,5.0,77.0,3.0
17126,2020-12-14 14:00:00,671.93,896.0,62.0,2.0,0.0,9.0,78.0,4.0
17127,2020-12-14 15:00:00,671.93,846.0,63.0,2.0,0.0,6.0,74.0,4.0
17128,2020-12-14 16:00:00,667.88,803.0,61.0,2.0,0.0,7.0,74.0,4.0
17129,2020-12-14 17:00:00,666.28,805.0,60.0,2.0,0.0,9.0,75.0,4.0
17130,2020-12-14 18:00:00,661.92,776.0,60.0,2.0,0.0,11.0,75.0,4.0
17131,2020-12-14 19:00:00,652.87,701.0,61.0,2.0,0.0,12.0,74.0,5.0
17132,2020-12-14 20:00:00,628.81,539.0,61.0,2.0,0.0,11.0,74.0,4.0
17133,2020-12-14 21:00:00,608.4,454.0,61.0,2.0,0.0,11.0,76.0,4.0
17134,2020-12-14 22:00:00,591.4,401.0,62.0,2.0,0.0,14.0,75.0,4.0
17135,2020-12-14 23:00:00,566.02,329.0,63.0,2.0,0.0,14.0,75.0,4.0
17136,2020-12-15 00:00:00,518.59,237.0,62.0,2.0,0.0,18.0,73.0,4.0
17137,2020-12-15 01:00:00,506.37,221.0,64.0,1.0,0.0,19.0,74.0,4.0
17138,2020-12-15 02:00:00,529.03,254.0,64.0,1.0,0.0,20.0,71.0,4.0
17139,2020-12-15 03:00:00,531.65,272.0,63.0,1.0,0.0,25.0,72.0,4.0
17140,2020-12-15 04:00:00,580.67,425.0,64.0,1.0,0.0,35.0,72.0,4.0
17141,2020-12-15 05:00:00,593.3,487.0,63.0,1.0,0.0,41.0,71.0,4.0
17142,2020-12-15 06:00:00,598.04,567.0,64.0,1.0,0.0,57.0,71.0,4.0
17143,2020-12-15 07:00:00,584.62,514.0,63.0,1.0,0.0,59.0,71.0,4.0
17144,2020-12-15 08:00:00,574.79,468.0,64.0,1.0,1.0,56.0,70.0,4.0
17145,2020-12-15 09:00:00,576.85,529.0,64.0,1.0,2.0,72.0,70.0,4.0
17146,2020-12-15 10:00:00,576.12,518.0,54.0,1.0,2.0,73.0,70.0,4.0
17147,2020-12-15 11:00:00,583.09,533.0,62.0,1.0,1.0,65.0,72.0,4.0
17148,2020-12-15 12:00:00,579.1,517.0,65.0,1.0,1.0,65.0,71.0,4.0
17149,2020-12-15 13:00:00,589.45,570.0,64.0,1.0,0.0,68.0,72.0,4.0
17150,2020-12-15 14:00:00,595.84,633.0,64.0,1.0,0.0,75.0,74.0,4.0
17151,2020-12-15 15:00:00,588.98,632.0,63.0,1.0,0.0,85.0,74.0,4.0
17152,2020-12-15 16:00:00,508.52,382.0,64.0,1.0,0.0,95.0,76.0,4.0
17153,2020-12-15 17:00:00,471.6,352.0,61.0,1.0,0.0,126.0,76.0,4.0
17154,2020-12-15 18:00:00,475.11,350.0,62.0,1.0,0.0,120.0,76.0,4.0
17155,2020-12-15 19:00:00,491.02,410.0,62.0,1.0,0.0,135.0,74.0,4.0
17156,2020-12-15 20:00:00,500.5,437.0,62.0,1.0,0.0,136.0,74.0,4.0
17157,2020-12-15 21:00:00,472.15,345.0,61.0,1.0,0.0,121.0,76.0,4.0
17158,2020-12-15 22:00:00,412.55,235.0,63.0,1.0,0.0,117.0,75.0,4.0
17159,2020-12-15 23:00:00,407.63,220.0,63.0,1.0,0.0,111.0,74.0,4.0
17160,2020-12-16 00:00:00,413.77,228.0,60.0,1.0,0.0,111.0,74.0,4.0
17161,2020-12-16 01:00:00,393.63,221.0,59.0,1.0,0.0,122.0,81.0,4.0
17162,2020-12-16 02:00:00,395.33,243.0,62.0,2.0,0.0,136.0,84.0,4.0
17163,2020-12-16 03:00:00,401.87,254.0,64.0,2.0,0.0,134.0,87.0,4.0
17164,2020-12-16 04:00:00,410.48,272.0,63.0,2.0,0.0,137.0,88.0,4.0
17165,2020-12-16 05:00:00,406.95,272.0,62.0,2.0,0.0,143.0,87.0,4.0
17166,2020-12-16 06:00:00,407.03,293.0,63.0,2.0,0.0,161.0,87.0,4.0
17167,2020-12-16 07:00:00,425.26,344.0,63.0,2.0,0.0,176.0,86.0,4.0
17168,2020-12-16 08:00:00,467.2,419.0,65.0,2.0,1.0,171.0,76.0,4.0
17169,2020-12-16 09:00:00,483.25,454.0,63.0,2.0,1.0,157.0,86.0,4.0
17170,2020-12-16 10:00:00,480.6,440.0,59.0,2.0,1.0,154.0,86.0,4.0
17171,2020-12-16 11:00:00,502.19,447.0,61.0,2.0,1.0,125.0,86.0,4.0
17172,2020-12-16 12:00:00,521.67,461.0,62.0,2.0,1.0,103.0,87.0,4.0
17173,2020-12-16 13:00:00,504.13,450.0,60.0,1.0,0.0,124.0,88.0,4.0
17174,2020-12-16 14:00:00,491.35,452.0,60.0,1.0,0.0,142.0,90.0,4.0
17175,2020-12-16 15:00:00,489.56,447.0,64.0,1.0,0.0,143.0,88.0,4.0
17176,2020-12-16 16:00:00,493.08,443.0,62.0,1.0,0.0,133.0,91.0,4.0
17177,2020-12-16 17:00:00,469.82,411.0,60.0,1.0,0.0,150.0,91.0,4.0
17178,2020-12-16 18:00:00,471.61,406.0,61.0,1.0,0.0,144.0,91.0,4.0
17179,2020-12-16 19:00:00,444.28,338.0,62.0,1.0,0.0,142.0,88.0,4.0
17180,2020-12-16 20:00:00,455.87,331.0,63.0,1.0,0.0,120.0,89.0,4.0
17181,2020-12-16 21:00:00,411.04,247.0,63.0,1.0,0.0,113.0,91.0,4.0
17182,2020-12-16 22:00:00,379.52,188.0,61.0,1.0,0.0,97.0,91.0,4.0
17183,2020-12-16 23:00:00,365.18,171.0,62.0,1.0,0.0,97.0,90.0,4.0
17184,2020-12-17 00:00:00,364.9,167.0,63.0,1.0,0.0,95.0,88.0,4.0
17185,2020-12-17 01:00:00,358.49,163.0,63.0,1.0,0.0,99.0,87.0,4.0
17186,2020-12-17 02:00:00,370.31,169.0,63.0,1.0,0.0,94.0,85.0,4.0
17187,2020-12-17 03:00:00,375.62,163.0,62.0,1.0,0.0,81.0,86.0,4.0
17188,2020-12-17 04:00:00,433.77,222.0,63.0,1.0,0.0,70.0,88.0,4.0
17189,2020-12-17 05:00:00,501.52,338.0,64.0,1.0,0.0,67.0,90.0,4.0
17190,2020-12-17 06:00:00,529.45,410.0,66.0,1.0,0.0,64.0,94.0,4.0
17191,2020-12-17 07:00:00,553.43,444.0,63.0,1.0,1.0,49.0,94.0,4.0
17192,2020-12-17 08:00:00,566.04,444.0,67.0,1.0,2.0,35.0,91.0,4.0
17193,2020-12-17 09:00:00,590.83,479.0,67.0,1.0,3.0,20.0,88.0,4.0
17194,2020-12-17 10:00:00,604.96,530.0,66.0,1.0,3.0,16.0,90.0,4.0
17195,2020-12-17 11:00:00,621.74,653.0,64.0,2.0,2.0,23.0,92.0,4.0
17196,2020-12-17 12:00:00,607.42,587.0,62.0,2.0,1.0,27.0,93.0,4.0
17197,2020-12-17 13:00:00,613.4,576.0,59.0,2.0,0.0,17.0,95.0,4.0
17198,2020-12-17 14:00:00,613.08,591.0,64.0,2.0,0.0,17.0,97.0,4.0
17199,2020-12-17 15:00:00,603.46,589.0,61.0,2.0,0.0,30.0,97.0,4.0
17200,2020-12-17 16:00:00,590.41,557.0,64.0,2.0,0.0,37.0,97.0,4.0
17201,2020-12-17 17:00:00,577.7,508.0,62.0,2.0,0.0,36.0,100.0,4.0
17202,2020-12-17 18:00:00,536.84,393.0,60.0,2.0,0.0,43.0,100.0,4.0
17203,2020-12-17 19:00:00,511.21,353.0,59.0,2.0,0.0,59.0,95.0,4.0
17204,2020-12-17 20:00:00,524.92,402.0,59.0,2.0,0.0,66.0,95.0,4.0
17205,2020-12-17 21:00:00,468.79,279.0,58.0,1.0,0.0,65.0,96.0,4.0
17206,2020-12-17 22:00:00,429.98,234.0,57.0,1.0,0.0,76.0,96.0,4.0
17207,2020-12-17 23:00:00,426.25,232.0,61.0,1.0,0.0,79.0,95.0,4.0
17208,2020-12-18 00:00:00,412.35,218.0,62.0,1.0,0.0,85.0,93.0,4.0
17209,2020-12-18 01:00:00,406.47,215.0,63.0,1.0,0.0,88.0,94.0,4.0
17210,2020-12-18 02:00:00,406.21,218.0,62.0,1.0,0.0,95.0,90.0,4.0
17211,2020-12-18 03:00:00,401.27,216.0,62.0,1.0,0.0,98.0,91.0,4.0
17212,2020-12-18 04:00:00,411.13,235.0,60.0,1.0,0.0,102.0,92.0,4.0
17213,2020-12-18 05:00:00,491.9,393.0,60.0,1.0,0.0,103.0,96.0,4.0
17214,2020-12-18 06:00:00,508.11,458.0,61.0,1.0,0.0,114.0,96.0,4.0
17215,2020-12-18 07:00:00,510.59,461.0,57.0,1.0,0.0,114.0,95.0,4.0
17216,2020-12-18 08:00:00,514.53,459.0,55.0,1.0,1.0,106.0,96.0,4.0
17217,2020-12-18 09:00:00,524.08,460.0,56.0,1.0,1.0,95.0,94.0,4.0
17218,2020-12-18 10:00:00,509.71,434.0,57.0,1.0,2.0,100.0,95.0,4.0
17219,2020-12-18 11:00:00,510.92,445.0,56.0,1.0,2.0,103.0,96.0,4.0
17220,2020-12-18 12:00:00,500.87,419.0,55.0,1.0,1.0,106.0,95.0,4.0
17221,2020-12-18 13:00:00,514.26,428.0,57.0,1.0,0.0,92.0,96.0,4.0
17222,2020-12-18 14:00:00,512.07,422.0,57.0,1.0,0.0,90.0,98.0,4.0
17223,2020-12-18 15:00:00,506.07,442.0,57.0,1.0,0.0,108.0,98.0,4.0
17224,2020-12-18 16:00:00,491.9,443.0,57.0,1.0,0.0,129.0,98.0,4.0
17225,2020-12-18 17:00:00,484.69,426.0,58.0,1.0,0.0,129.0,99.0,4.0
17226,2020-12-18 18:00:00,454.59,348.0,53.0,1.0,0.0,131.0,93.0,4.0
17227,2020-12-18 19:00:00,371.83,207.0,58.0,1.0,0.0,131.0,86.0,4.0
17228,2020-12-18 20:00:00,385.29,173.0,56.0,1.0,0.0,81.0,86.0,4.0
17229,2020-12-18 21:00:00,379.49,144.0,58.0,1.0,0.0,56.0,88.0,4.0
17230,2020-12-18 22:00:00,351.84,121.0,60.0,1.0,0.0,57.0,88.0,4.0
17231,2020-12-18 23:00:00,356.15,121.0,60.0,1.0,0.0,55.0,86.0,4.0
17232,2020-12-19 00:00:00,365.06,121.0,59.0,1.0,0.0,48.0,85.0,4.0
17233,2020-12-19 01:00:00,379.41,122.0,58.0,1.0,0.0,36.0,86.0,4.0
17234,2020-12-19 02:00:00,390.73,122.0,60.0,1.0,0.0,30.0,83.0,4.0
17235,2020-12-19 03:00:00,384.36,121.0,60.0,1.0,0.0,33.0,84.0,4.0
17236,2020-12-19 04:00:00,379.36,123.0,60.0,1.0,0.0,40.0,83.0,4.0
17237,2020-12-19 05:00:00,431.97,171.0,57.0,1.0,0.0,39.0,83.0,4.0
17238,2020-12-19 06:00:00,377.15,130.0,56.0,1.0,0.0,49.0,83.0,4.0
17239,2020-12-19 07:00:00,441.79,197.0,56.0,1.0,1.0,49.0,83.0,4.0
17240,2020-12-19 08:00:00,476.31,261.0,55.0,1.0,2.0,58.0,83.0,4.0
17241,2020-12-19 09:00:00,468.9,283.0,55.0,1.0,3.0,79.0,82.0,4.0
17242,2020-12-19 10:00:00,448.87,267.0,58.0,1.0,3.0,89.0,83.0,4.0
17243,2020-12-19 11:00:00,420.72,231.0,56.0,1.0,2.0,94.0,84.0,4.0
17244,2020-12-19 12:00:00,431.3,237.0,56.0,1.0,1.0,89.0,83.0,4.0
17245,2020-12-19 13:00:00,451.88,259.0,59.0,1.0,0.0,84.0,82.0,4.0
17246,2020-12-19 14:00:00,458.78,276.0,58.0,1.0,0.0,86.0,84.0,4.0
17247,2020-12-19 15:00:00,450.81,276.0,58.0,1.0,0.0,94.0,85.0,4.0
17248,2020-12-19 16:00:00,444.23,272.0,57.0,1.0,0.0,98.0,86.0,4.0
17249,2020-12-19 17:00:00,453.79,289.0,60.0,1.0,0.0,96.0,88.0,4.0
17250,2020-12-19 18:00:00,431.23,268.0,61.0,1.0,0.0,109.0,87.0,4.0
17251,2020-12-19 19:00:00,338.78,175.0,61.0,1.0,0.0,139.0,86.0,4.0
17252,2020-12-19 20:00:00,340.74,174.0,60.0,1.0,0.0,135.0,86.0,4.0
17253,2020-12-19 21:00:00,341.71,175.0,61.0,1.0,0.0,134.0,87.0,4.0
17254,2020-12-19 22:00:00,282.71,126.0,62.0,1.0,0.0,148.0,87.0,4.0
17255,2020-12-19 23:00:00,277.07,121.0,62.0,1.0,0.0,150.0,85.0,4.0
17256,2020-12-20 00:00:00,283.57,121.0,61.0,1.0,0.0,142.0,83.0,4.0
17257,2020-12-20 01:00:00,286.56,123.0,61.0,1.0,0.0,139.0,85.0,4.0
17258,2020-12-20 02:00:00,301.34,122.0,60.0,1.0,0.0,121.0,81.0,4.0
17259,2020-12-20 03:00:00,301.11,121.0,61.0,1.0,0.0,118.0,83.0,4.0
17260,2020-12-20 04:00:00,299.62,123.0,61.0,1.0,0.0,122.0,84.0,4.0
17261,2020-12-20 05:00:00,302.11,122.0,60.0,1.0,0.0,117.0,84.0,4.0
17262,2020-12-20 06:00:00,297.09,121.0,60.0,1.0,0.0,123.0,83.0,4.0
17263,2020-12-20 07:00:00,308.59,121.0,58.0,1.0,0.0,108.0,83.0,4.0
17264,2020-12-20 08:00:00,301.54,124.0,61.0,1.0,1.0,120.0,84.0,4.0
17265,2020-12-20 09:00:00,299.27,124.0,61.0,1.0,1.0,123.0,84.0,4.0
17266,2020-12-20 10:00:00,320.02,151.0,59.0,1.0,2.0,132.0,85.0,4.0
17267,2020-12-20 11:00:00,293.85,126.0,59.0,1.0,1.0,133.0,84.0,4.0
17268,2020-12-20 12:00:00,297.23,124.0,58.0,1.0,1.0,125.0,84.0,4.0
17269,2020-12-20 13:00:00,336.41,155.0,60.0,1.0,0.0,120.0,83.0,4.0
17270,2020-12-20 14:00:00,329.66,159.0,61.0,1.0,0.0,132.0,85.0,4.0
17271,2020-12-20 15:00:00,331.16,159.0,61.0,1.0,0.0,129.0,86.0,4.0
17272,2020-12-20 16:00:00,310.69,133.0,59.0,1.0,0.0,119.0,87.0,4.0
17273,2020-12-20 17:00:00,329.28,148.0,60.0,1.0,0.0,117.0,86.0,4.0
17274,2020-12-20 18:00:00,340.84,163.0,56.0,1.0,0.0,121.0,86.0,4.0
17275,2020-12-20 19:00:00,338.58,168.0,55.0,1.0,0.0,131.0,85.0,4.0
17276,2020-12-20 20:00:00,340.48,174.0,56.0,1.0,0.0,136.0,85.0,4.0
17277,2020-12-20 21:00:00,284.11,121.0,57.0,1.0,0.0,137.0,86.0,4.0
17278,2020-12-20 22:00:00,310.1,141.0,57.0,1.0,0.0,132.0,86.0,4.0
17279,2020-12-20 23:00:00,322.2,154.0,58.0,1.0,0.0,136.0,84.0,4.0
17280,2020-12-21 00:00:00,322.0,162.0,57.0,1.0,0.0,147.0,84.0,4.0
17281,2020-12-21 01:00:00,274.25,128.0,57.0,1.0,0.0,166.0,84.0,4.0
17282,2020-12-21 02:00:00,291.05,145.0,57.0,1.0,0.0,169.0,83.0,4.0
17283,2020-12-21 03:00:00,314.12,161.0,57.0,1.0,0.0,155.0,86.0,4.0
17284,2020-12-21 04:00:00,355.22,209.0,57.0,1.0,0.0,155.0,87.0,4.0
17285,2020-12-21 05:00:00,398.08,271.0,59.0,1.0,0.0,156.0,87.0,4.0
17286,2020-12-21 06:00:00,437.46,335.0,60.0,1.0,0.0,149.0,89.0,4.0
17287,2020-12-21 07:00:00,451.77,391.0,60.0,1.0,0.0,164.0,92.0,4.0
17288,2020-12-21 08:00:00,481.97,441.0,61.0,1.0,1.0,145.0,94.0,4.0
17289,2020-12-21 09:00:00,406.16,277.0,56.0,1.0,1.0,144.0,92.0,4.0
17290,2020-12-21 10:00:00,396.19,268.0,59.0,1.0,2.0,151.0,90.0,4.0
17291,2020-12-21 11:00:00,433.67,365.0,61.0,1.0,1.0,174.0,91.0,4.0
17292,2020-12-21 12:00:00,427.99,389.0,60.0,1.0,1.0,201.0,92.0,4.0
17293,2020-12-21 13:00:00,444.83,448.0,57.0,1.0,0.0,212.0,96.0,4.0
17294,2020-12-21 14:00:00,413.08,389.0,60.0,1.0,0.0,225.0,96.0,4.0
17295,2020-12-21 15:00:00,417.39,389.0,60.0,1.0,0.0,216.0,97.0,4.0
17296,2020-12-21 16:00:00,428.32,408.0,61.0,1.0,0.0,209.0,99.0,4.0
17297,2020-12-21 17:00:00,407.11,355.0,59.0,1.0,0.0,206.0,97.0,4.0
17298,2020-12-21 18:00:00,351.88,247.0,58.0,1.0,0.0,199.0,92.0,4.0
17299,2020-12-21 19:00:00,354.64,239.0,54.0,1.0,0.0,190.0,87.0,4.0
17300,2020-12-21 20:00:00,359.68,239.0,56.0,1.0,0.0,183.0,86.0,4.0
17301,2020-12-21 21:00:00,369.46,240.0,58.0,1.0,0.0,168.0,87.0,4.0
17302,2020-12-21 22:00:00,378.26,235.0,57.0,1.0,0.0,151.0,86.0,4.0
17303,2020-12-21 23:00:00,272.11,114.0,56.0,1.0,0.0,142.0,86.0,4.0
17304,2020-12-22 00:00:00,283.31,113.0,58.0,1.0,0.0,126.0,85.0,4.0
17305,2020-12-22 01:00:00,325.14,150.0,53.0,1.0,0.0,124.0,86.0,4.0
17306,2020-12-22 02:00:00,318.58,146.0,34.0,1.0,0.0,128.0,82.0,4.0
17307,2020-12-22 03:00:00,332.18,147.0,33.0,1.0,0.0,112.0,83.0,4.0
17308,2020-12-22 04:00:00,357.29,168.0,34.0,1.0,0.0,109.0,83.0,4.0
17309,2020-12-22 05:00:00,388.03,205.0,31.0,1.0,0.0,113.0,83.0,4.0
17310,2020-12-22 06:00:00,416.31,224.0,31.0,1.0,0.0,100.0,82.0,4.0
17311,2020-12-22 07:00:00,437.68,251.0,33.0,1.0,0.0,97.0,83.0,4.0
17312,2020-12-22 08:00:00,451.33,280.0,31.0,1.0,1.0,102.0,83.0,4.0
17313,2020-12-22 09:00:00,454.4,296.0,33.0,1.0,2.0,107.0,84.0,4.0
17314,2020-12-22 10:00:00,445.35,295.0,33.0,1.0,3.0,115.0,85.0,4.0
17315,2020-12-22 11:00:00,440.72,287.0,32.0,1.0,2.0,116.0,85.0,4.0
17316,2020-12-22 12:00:00,402.24,256.0,30.0,1.0,1.0,141.0,84.0,4.0
17317,2020-12-22 13:00:00,394.43,244.0,32.0,1.0,0.0,141.0,84.0,4.0
17318,2020-12-22 14:00:00,402.9,264.0,33.0,1.0,0.0,146.0,86.0,4.0
17319,2020-12-22 15:00:00,413.98,286.0,34.0,1.0,0.0,150.0,86.0,4.0
17320,2020-12-22 16:00:00,404.09,276.0,33.0,1.0,0.0,154.0,87.0,4.0
17321,2020-12-22 17:00:00,404.82,287.0,29.0,1.0,0.0,163.0,87.0,4.0
17322,2020-12-22 18:00:00,330.8,200.0,30.0,1.0,0.0,178.0,87.0,4.0
17323,2020-12-22 19:00:00,277.67,143.0,28.0,1.0,0.0,174.0,87.0,4.0
17324,2020-12-22 20:00:00,291.3,146.0,34.0,1.0,0.0,161.0,86.0,4.0
17325,2020-12-22 21:00:00,339.03,187.0,44.0,1.0,0.0,150.0,88.0,4.0
17326,2020-12-22 22:00:00,333.56,175.0,40.0,1.0,0.0,143.0,87.0,4.0
17327,2020-12-22 23:00:00,355.28,197.0,51.0,1.0,0.0,142.0,86.0,4.0
17328,2020-12-23 00:00:00,357.52,196.0,55.0,1.0,0.0,139.0,85.0,4.0
17329,2020-12-23 01:00:00,321.42,150.0,54.0,1.0,0.0,130.0,85.0,4.0
17330,2020-12-23 02:00:00,311.57,135.0,55.0,1.0,0.0,125.0,82.0,4.0
17331,2020-12-23 03:00:00,326.42,142.0,55.0,1.0,0.0,114.0,84.0,4.0
17332,2020-12-23 04:00:00,320.48,127.0,56.0,1.0,0.0,101.0,84.0,4.0
17333,2020-12-23 05:00:00,400.19,214.0,55.0,1.0,0.0,104.0,85.0,4.0
17334,2020-12-23 06:00:00,452.6,292.0,57.0,1.0,0.0,105.0,83.0,4.0
17335,2020-12-23 07:00:00,455.68,290.0,57.0,1.0,0.0,99.0,84.0,4.0
17336,2020-12-23 08:00:00,446.57,288.0,60.0,1.0,1.0,107.0,84.0,4.0
17337,2020-12-23 09:00:00,471.1,285.0,59.0,1.0,1.0,77.0,84.0,4.0
17338,2020-12-23 10:00:00,444.46,236.0,58.0,1.0,2.0,72.0,84.0,4.0
17339,2020-12-23 11:00:00,473.9,281.0,57.0,1.0,2.0,72.0,83.0,4.0
17340,2020-12-23 12:00:00,466.95,287.0,58.0,1.0,1.0,84.0,83.0,4.0
17341,2020-12-23 13:00:00,442.5,278.0,59.0,1.0,0.0,105.0,85.0,4.0
17342,2020-12-23 14:00:00,434.53,285.0,59.0,1.0,0.0,119.0,86.0,4.0
17343,2020-12-23 15:00:00,445.41,286.0,60.0,1.0,0.0,105.0,87.0,4.0
17344,2020-12-23 16:00:00,438.89,290.0,60.0,1.0,0.0,114.0,89.0,4.0
17345,2020-12-23 17:00:00,448.85,297.0,57.0,1.0,0.0,107.0,89.0,4.0
17346,2020-12-23 18:00:00,421.64,241.0,56.0,1.0,0.0,98.0,89.0,4.0
17347,2020-12-23 19:00:00,360.62,168.0,60.0,1.0,0.0,102.0,87.0,4.0
17348,2020-12-23 20:00:00,332.74,139.0,59.0,1.0,0.0,100.0,87.0,4.0
17349,2020-12-23 21:00:00,321.97,125.0,59.0,1.0,0.0,94.0,87.0,4.0
17350,2020-12-23 22:00:00,315.99,125.0,59.0,1.0,0.0,100.0,88.0,4.0
17351,2020-12-23 23:00:00,317.31,126.0,60.0,1.0,0.0,101.0,87.0,4.0
17352,2020-12-24 00:00:00,316.31,128.0,60.0,1.0,0.0,107.0,85.0,4.0
17353,2020-12-24 01:00:00,315.5,126.0,59.0,1.0,0.0,105.0,85.0,4.0
17354,2020-12-24 02:00:00,336.41,128.0,60.0,1.0,0.0,87.0,82.0,4.0
17355,2020-12-24 03:00:00,346.83,127.0,61.0,1.0,0.0,74.0,83.0,4.0
17356,2020-12-24 04:00:00,355.9,127.0,59.0,1.0,0.0,65.0,83.0,4.0
17357,2020-12-24 05:00:00,362.46,128.0,61.0,1.0,0.0,60.0,83.0,4.0
17358,2020-12-24 06:00:00,370.09,127.0,61.0,1.0,0.0,52.0,83.0,4.0
17359,2020-12-24 07:00:00,386.6,128.0,60.0,1.0,1.0,38.0,83.0,4.0
17360,2020-12-24 08:00:00,419.69,146.0,58.0,1.0,2.0,26.0,84.0,4.0
17361,2020-12-24 09:00:00,414.82,138.0,59.0,1.0,4.0,21.0,84.0,4.0
17362,2020-12-24 10:00:00,446.7,163.0,61.0,1.0,4.0,15.0,85.0,4.0
17363,2020-12-24 11:00:00,476.82,193.0,60.0,1.0,3.0,13.0,85.0,4.0
17364,2020-12-24 12:00:00,477.67,189.0,60.0,1.0,1.0,12.0,85.0,4.0
17365,2020-12-24 13:00:00,494.28,211.0,60.0,1.0,0.0,11.0,87.0,4.0
17366,2020-12-24 14:00:00,496.96,220.0,59.0,1.0,0.0,13.0,88.0,4.0
17367,2020-12-24 15:00:00,485.87,204.0,58.0,1.0,0.0,13.0,88.0,4.0
17368,2020-12-24 16:00:00,475.33,190.0,57.0,1.0,0.0,12.0,89.0,4.0
17369,2020-12-24 17:00:00,440.13,150.0,58.0,1.0,0.0,11.0,89.0,4.0
17370,2020-12-24 18:00:00,417.29,129.0,57.0,1.0,0.0,12.0,88.0,4.0
17371,2020-12-24 19:00:00,417.29,129.0,57.0,1.0,0.0,12.0,88.0,4.0
17372,2020-12-24 20:00:00,413.11,128.0,58.0,1.0,0.0,15.0,87.0,4.0
17373,2020-12-24 21:00:00,390.45,128.0,58.0,1.0,0.0,30.0,89.0,4.0
17374,2020-12-24 22:00:00,378.25,123.0,56.0,1.0,0.0,36.0,88.0,4.0
17375,2020-12-24 23:00:00,396.98,137.0,60.0,1.0,0.0,35.0,87.0,4.0
17376,2020-12-25 00:00:00,402.49,142.0,60.0,1.0,0.0,36.0,86.0,4.0
17377,2020-12-25 01:00:00,381.85,123.0,59.0,1.0,0.0,35.0,86.0,4.0
17378,2020-12-25 02:00:00,383.11,120.0,60.0,1.0,0.0,34.0,83.0,4.0
17379,2020-12-25 03:00:00,386.85,121.0,61.0,1.0,0.0,30.0,85.0,4.0
17380,2020-12-25 04:00:00,384.33,122.0,60.0,1.0,0.0,34.0,84.0,4.0
17381,2020-12-25 05:00:00,385.15,135.0,60.0,1.0,0.0,46.0,84.0,4.0
17382,2020-12-25 06:00:00,415.65,159.0,57.0,1.0,0.0,42.0,84.0,4.0
17383,2020-12-25 07:00:00,388.0,127.0,58.0,1.0,0.0,36.0,84.0,4.0
17384,2020-12-25 08:00:00,358.09,120.0,57.0,1.0,2.0,51.0,85.0,4.0
17385,2020-12-25 09:00:00,347.24,120.0,57.0,1.0,4.0,59.0,85.0,4.0
17386,2020-12-25 10:00:00,332.84,119.0,57.0,1.0,4.0,72.0,85.0,4.0
17387,2020-12-25 11:00:00,368.82,158.0,58.0,1.0,3.0,82.0,84.0,4.0
17388,2020-12-25 12:00:00,423.86,228.0,57.0,1.0,2.0,89.0,83.0,4.0
17389,2020-12-25 13:00:00,454.14,290.0,56.0,1.0,0.0,101.0,84.0,4.0
17390,2020-12-25 14:00:00,446.58,287.0,50.0,1.0,0.0,107.0,86.0,4.0
17391,2020-12-25 15:00:00,451.71,291.0,37.0,1.0,0.0,110.0,82.0,4.0
17392,2020-12-25 16:00:00,441.09,293.0,50.0,1.0,0.0,123.0,81.0,4.0
17393,2020-12-25 17:00:00,369.85,196.0,52.0,1.0,0.0,125.0,83.0,4.0
17394,2020-12-25 18:00:00,358.85,188.0,46.0,1.0,0.0,129.0,84.0,4.0
17395,2020-12-25 19:00:00,333.23,160.0,47.0,1.0,0.0,130.0,82.0,4.0
17396,2020-12-25 20:00:00,333.94,156.0,47.0,1.0,0.0,124.0,82.0,4.0
17397,2020-12-25 21:00:00,370.57,194.0,51.0,1.0,0.0,116.0,89.0,4.0
17398,2020-12-25 22:00:00,232.22,75.0,55.0,1.0,0.0,118.0,90.0,4.0
17399,2020-12-25 23:00:00,267.58,98.0,55.0,1.0,0.0,117.0,88.0,4.0
17400,2020-12-26 00:00:00,250.06,74.0,54.0,1.0,0.0,94.0,87.0,4.0
17401,2020-12-26 01:00:00,219.57,51.0,54.0,1.0,0.0,80.0,88.0,4.0
17402,2020-12-26 02:00:00,235.02,54.0,55.0,1.0,0.0,72.0,85.0,4.0
17403,2020-12-26 03:00:00,238.46,53.0,57.0,1.0,0.0,66.0,86.0,4.0
17404,2020-12-26 04:00:00,318.11,95.0,54.0,1.0,0.0,58.0,85.0,4.0
17405,2020-12-26 05:00:00,294.51,76.0,51.0,1.0,0.0,51.0,85.0,4.0
17406,2020-12-26 06:00:00,323.58,93.0,52.0,1.0,0.0,51.0,84.0,4.0
17407,2020-12-26 07:00:00,325.23,85.0,53.0,1.0,0.0,40.0,83.0,4.0
17408,2020-12-26 08:00:00,283.57,59.0,55.0,1.0,0.0,37.0,82.0,4.0
17409,2020-12-26 09:00:00,287.36,59.0,52.0,1.0,1.0,32.0,82.0,4.0
17410,2020-12-26 10:00:00,328.7,78.0,53.0,1.0,1.0,27.0,83.0,4.0
17411,2020-12-26 11:00:00,341.63,84.0,53.0,1.0,1.0,25.0,83.0,4.0
17412,2020-12-26 12:00:00,379.45,106.0,55.0,1.0,1.0,22.0,83.0,4.0
17413,2020-12-26 13:00:00,386.46,108.0,55.0,1.0,0.0,19.0,84.0,4.0
17414,2020-12-26 14:00:00,327.66,72.0,54.0,1.0,0.0,16.0,88.0,4.0
17415,2020-12-26 15:00:00,312.7,63.0,52.0,1.0,0.0,13.0,89.0,4.0
17416,2020-12-26 16:00:00,344.3,73.0,56.0,1.0,0.0,6.0,88.0,4.0
17417,2020-12-26 17:00:00,335.92,70.0,57.0,1.0,0.0,7.0,89.0,4.0
17418,2020-12-26 18:00:00,326.98,67.0,55.0,1.0,0.0,8.0,90.0,4.0
17419,2020-12-26 19:00:00,394.84,113.0,53.0,1.0,0.0,14.0,88.0,4.0
17420,2020-12-26 20:00:00,299.16,63.0,56.0,1.0,0.0,25.0,88.0,4.0
17421,2020-12-26 21:00:00,264.6,61.0,58.0,1.0,0.0,52.0,89.0,4.0
17422,2020-12-26 22:00:00,241.24,57.0,56.0,1.0,0.0,68.0,89.0,4.0
17423,2020-12-26 23:00:00,218.7,55.0,54.0,1.0,0.0,91.0,88.0,4.0
17424,2020-12-27 00:00:00,216.5,57.0,54.0,1.0,0.0,100.0,87.0,4.0
17425,2020-12-27 01:00:00,201.99,56.0,54.0,1.0,0.0,119.0,87.0,4.0
17426,2020-12-27 02:00:00,201.29,61.0,54.0,1.0,0.0,137.0,84.0,4.0
17427,2020-12-27 03:00:00,189.64,62.0,53.0,1.0,0.0,159.0,85.0,4.0
17428,2020-12-27 04:00:00,187.59,63.0,54.0,1.0,0.0,167.0,85.0,4.0
17429,2020-12-27 05:00:00,181.76,63.0,54.0,1.0,0.0,180.0,84.0,4.0
17430,2020-12-27 06:00:00,169.8,62.0,50.0,1.0,0.0,198.0,85.0,4.0
17431,2020-12-27 07:00:00,165.05,62.0,52.0,1.0,0.0,212.0,85.0,4.0
17432,2020-12-27 08:00:00,153.07,63.0,34.0,1.0,1.0,222.0,85.0,4.0
17433,2020-12-27 09:00:00,147.56,61.0,30.0,1.0,1.0,222.0,86.0,4.0
17434,2020-12-27 10:00:00,150.22,63.0,28.0,1.0,1.0,220.0,86.0,4.0
17435,2020-12-27 11:00:00,145.73,61.0,28.0,1.0,0.0,224.0,87.0,4.0
17436,2020-12-27 12:00:00,141.63,59.0,28.0,1.0,0.0,230.0,84.0,4.0
17437,2020-12-27 13:00:00,137.95,58.0,29.0,1.0,0.0,237.0,85.0,4.0
17438,2020-12-27 14:00:00,134.49,57.0,29.0,1.0,0.0,240.0,88.0,4.0
17439,2020-12-27 15:00:00,134.49,57.0,29.0,1.0,0.0,240.0,88.0,4.0
17440,2020-12-27 16:00:00,152.39,72.0,30.0,1.0,0.0,250.0,90.0,4.0
17441,2020-12-27 17:00:00,146.47,69.0,29.0,1.0,0.0,255.0,89.0,4.0
17442,2020-12-27 18:00:00,132.63,61.0,28.0,1.0,0.0,262.0,89.0,4.0
17443,2020-12-27 19:00:00,129.71,59.0,30.0,1.0,0.0,267.0,88.0,4.0
17444,2020-12-27 20:00:00,132.29,60.0,30.0,1.0,0.0,264.0,87.0,4.0
17445,2020-12-27 21:00:00,153.69,76.0,30.0,1.0,0.0,263.0,89.0,4.0
17446,2020-12-27 22:00:00,69.93,21.0,27.0,1.0,0.0,263.0,88.0,4.0
17447,2020-12-27 23:00:00,54.02,11.0,29.0,1.0,0.0,264.0,87.0,4.0
17448,2020-12-28 00:00:00,46.89,6.0,30.0,1.0,0.0,257.0,85.0,4.0
17449,2020-12-28 01:00:00,44.95,4.0,31.0,1.0,0.0,249.0,85.0,4.0
17450,2020-12-28 02:00:00,43.43,3.0,30.0,1.0,0.0,240.0,83.0,4.0
17451,2020-12-28 03:00:00,44.46,3.0,31.0,1.0,0.0,237.0,85.0,4.0
17452,2020-12-28 04:00:00,47.26,4.0,29.0,1.0,0.0,217.0,85.0,4.0
17453,2020-12-28 05:00:00,72.88,17.0,28.0,1.0,0.0,216.0,85.0,4.0
17454,2020-12-28 06:00:00,201.61,99.0,28.0,1.0,0.0,220.0,84.0,4.0
17455,2020-12-28 07:00:00,224.2,110.0,29.0,1.0,0.0,202.0,85.0,4.0
17456,2020-12-28 08:00:00,330.85,207.0,30.0,1.0,1.0,189.0,84.0,4.0
17457,2020-12-28 09:00:00,392.9,291.0,30.0,1.0,2.0,184.0,85.0,4.0
17458,2020-12-28 10:00:00,384.11,273.0,31.0,1.0,3.0,180.0,84.0,4.0
17459,2020-12-28 11:00:00,384.01,284.0,29.0,1.0,1.0,193.0,84.0,4.0
17460,2020-12-28 12:00:00,391.4,294.0,32.0,1.0,1.0,192.0,83.0,4.0
17461,2020-12-28 13:00:00,392.75,291.0,34.0,1.0,0.0,188.0,83.0,4.0
17462,2020-12-28 14:00:00,392.83,290.0,33.0,1.0,0.0,184.0,86.0,4.0
17463,2020-12-28 15:00:00,392.05,293.0,33.0,1.0,0.0,187.0,87.0,4.0
17464,2020-12-28 16:00:00,383.82,293.0,32.0,1.0,0.0,199.0,88.0,4.0
17465,2020-12-28 17:00:00,377.1,293.0,32.0,1.0,0.0,210.0,88.0,4.0
17466,2020-12-28 18:00:00,375.3,292.0,31.0,1.0,0.0,212.0,88.0,4.0
17467,2020-12-28 19:00:00,377.12,292.0,30.0,1.0,0.0,212.0,85.0,4.0
17468,2020-12-28 20:00:00,324.0,218.0,32.0,1.0,0.0,215.0,85.0,4.0
17469,2020-12-28 21:00:00,241.09,127.0,32.0,1.0,0.0,209.0,86.0,4.0
17470,2020-12-28 22:00:00,243.66,126.0,30.0,1.0,0.0,201.0,86.0,4.0
17471,2020-12-28 23:00:00,246.73,127.0,31.0,1.0,0.0,198.0,86.0,4.0
17472,2020-12-29 00:00:00,246.46,127.0,32.0,1.0,0.0,201.0,84.0,4.0
17473,2020-12-29 01:00:00,240.09,127.0,34.0,1.0,0.0,213.0,85.0,4.0
17474,2020-12-29 02:00:00,243.02,128.0,33.0,1.0,0.0,213.0,81.0,4.0
17475,2020-12-29 03:00:00,242.65,127.0,30.0,1.0,0.0,209.0,82.0,4.0
17476,2020-12-29 04:00:00,254.39,127.0,32.0,1.0,0.0,189.0,82.0,4.0
17477,2020-12-29 05:00:00,353.0,215.0,33.0,1.0,0.0,169.0,82.0,4.0
17478,2020-12-29 06:00:00,404.64,278.0,33.0,1.0,0.0,161.0,81.0,4.0
17479,2020-12-29 07:00:00,412.0,286.0,31.0,1.0,0.0,157.0,82.0,4.0
17480,2020-12-29 08:00:00,419.09,283.0,23.0,1.0,0.0,145.0,83.0,4.0
17481,2020-12-29 09:00:00,433.44,297.0,21.0,1.0,1.0,137.0,83.0,4.0
17482,2020-12-29 10:00:00,444.5,294.0,23.0,1.0,1.0,121.0,83.0,4.0
17483,2020-12-29 11:00:00,432.61,296.0,23.0,1.0,1.0,136.0,84.0,4.0
17484,2020-12-29 12:00:00,425.14,294.0,23.0,1.0,0.0,146.0,83.0,4.0
17485,2020-12-29 13:00:00,422.84,289.0,23.0,1.0,0.0,143.0,85.0,4.0
17486,2020-12-29 14:00:00,431.02,296.0,23.0,1.0,0.0,136.0,87.0,4.0
17487,2020-12-29 15:00:00,436.93,306.0,23.0,1.0,0.0,136.0,87.0,4.0
17488,2020-12-29 16:00:00,442.84,308.0,23.0,1.0,0.0,130.0,87.0,4.0
17489,2020-12-29 17:00:00,444.82,303.0,23.0,1.0,0.0,122.0,89.0,4.0
17490,2020-12-29 18:00:00,444.71,296.0,24.0,1.0,0.0,118.0,88.0,4.0
17491,2020-12-29 19:00:00,421.93,263.0,34.0,1.0,0.0,120.0,87.0,4.0
17492,2020-12-29 20:00:00,380.11,214.0,35.0,1.0,0.0,128.0,86.0,4.0
17493,2020-12-29 21:00:00,318.55,155.0,37.0,1.0,0.0,134.0,89.0,4.0
17494,2020-12-29 22:00:00,288.48,129.0,36.0,1.0,0.0,136.0,88.0,4.0
17495,2020-12-29 23:00:00,294.46,129.0,36.0,1.0,0.0,128.0,88.0,4.0
17496,2020-12-30 00:00:00,318.72,143.0,36.0,1.0,0.0,120.0,86.0,4.0
17497,2020-12-30 01:00:00,344.65,160.0,34.0,1.0,0.0,111.0,86.0,4.0
17498,2020-12-30 02:00:00,317.82,150.0,37.0,1.0,0.0,134.0,83.0,4.0
17499,2020-12-30 03:00:00,260.59,124.0,37.0,1.0,0.0,173.0,84.0,4.0
17500,2020-12-30 04:00:00,326.8,206.0,37.0,1.0,0.0,196.0,84.0,4.0
17501,2020-12-30 05:00:00,305.67,200.0,39.0,1.0,0.0,225.0,83.0,4.0
17502,2020-12-30 06:00:00,331.15,260.0,37.0,1.0,0.0,257.0,86.0,4.0
17503,2020-12-30 07:00:00,394.57,371.0,39.0,1.0,1.0,256.0,85.0,4.0
17504,2020-12-30 08:00:00,418.4,414.0,39.0,1.0,3.0,253.0,78.0,4.0
17505,2020-12-30 09:00:00,403.06,373.0,37.0,1.0,7.0,255.0,66.0,4.0
17506,2020-12-30 10:00:00,376.08,310.0,36.0,1.0,9.0,243.0,65.0,4.0
17507,2020-12-30 11:00:00,418.88,390.0,35.0,1.0,9.0,239.0,66.0,4.0
17508,2020-12-30 12:00:00,436.64,411.0,37.0,1.0,4.0,229.0,66.0,4.0
17509,2020-12-30 13:00:00,454.99,410.0,37.0,1.0,1.0,202.0,65.0,4.0
17510,2020-12-30 14:00:00,474.92,420.0,36.0,1.0,0.0,177.0,67.0,4.0
17511,2020-12-30 15:00:00,481.42,433.0,36.0,1.0,0.0,172.0,70.0,4.0
17512,2020-12-30 16:00:00,481.77,456.0,35.0,1.0,0.0,181.0,74.0,4.0
17513,2020-12-30 17:00:00,486.93,460.0,32.0,1.0,0.0,168.0,82.0,4.0
17514,2020-12-30 18:00:00,513.88,452.0,32.0,1.0,0.0,119.0,88.0,4.0
17515,2020-12-30 19:00:00,527.82,459.0,31.0,1.0,0.0,104.0,88.0,4.0
17516,2020-12-30 20:00:00,503.15,346.0,31.0,1.0,0.0,78.0,90.0,4.0
17517,2020-12-30 21:00:00,440.52,226.0,32.0,1.0,0.0,67.0,92.0,4.0
17518,2020-12-30 22:00:00,399.26,179.0,34.0,1.0,0.0,68.0,92.0,4.0
17519,2020-12-30 23:00:00,413.61,177.0,36.0,1.0,0.0,54.0,91.0,4.0
17520,2020-12-31 00:00:00,398.57,173.0,37.0,1.0,0.0,65.0,90.0,4.0
17521,2020-12-31 01:00:00,409.58,174.0,36.0,1.0,0.0,55.0,91.0,4.0
17522,2020-12-31 02:00:00,432.65,173.0,36.0,1.0,0.0,39.0,87.0,4.0
17523,2020-12-31 03:00:00,440.42,173.0,36.0,1.0,0.0,31.0,89.0,4.0
17524,2020-12-31 04:00:00,451.04,174.0,35.0,1.0,0.0,25.0,88.0,4.0
17525,2020-12-31 05:00:00,462.96,184.0,35.0,1.0,0.0,22.0,89.0,4.0
17526,2020-12-31 06:00:00,516.7,258.0,35.0,1.0,0.0,18.0,93.0,4.0
17527,2020-12-31 07:00:00,570.08,362.0,36.0,1.0,0.0,14.0,93.0,4.0
17528,2020-12-31 08:00:00,584.36,418.0,37.0,1.0,1.0,13.0,97.0,4.0
17529,2020-12-31 09:00:00,587.89,434.0,35.0,1.0,3.0,12.0,98.0,4.0
17530,2020-12-31 10:00:00,592.42,445.0,34.0,1.0,3.0,10.0,99.0,4.0
17531,2020-12-31 11:00:00,592.17,434.0,37.0,1.0,3.0,6.0,99.0,4.0
17532,2020-12-31 12:00:00,597.01,444.0,37.0,1.0,2.0,5.0,99.0,4.0
17533,2020-12-31 13:00:00,593.61,427.0,36.0,1.0,0.0,6.0,99.0,4.0
17534,2020-12-31 14:00:00,591.83,435.0,36.0,1.0,0.0,7.0,102.0,4.0
17535,2020-12-31 15:00:00,593.94,446.0,36.0,1.0,0.0,7.0,103.0,4.0
17536,2020-12-31 16:00:00,591.62,447.0,35.0,1.0,0.0,11.0,102.0,4.0
17537,2020-12-31 17:00:00,590.34,456.0,32.0,1.0,0.0,15.0,103.0,4.0
17538,2020-12-31 18:00:00,569.55,402.0,27.0,1.0,0.0,23.0,101.0,4.0
17539,2020-12-31 19:00:00,557.99,382.0,25.0,1.0,0.0,31.0,98.0,4.0
17540,2020-12-31 20:00:00,513.57,283.0,26.0,1.0,0.0,35.0,93.0,4.0
17541,2020-12-31 21:00:00,405.05,149.0,26.0,1.0,0.0,40.0,89.0,4.0
17542,2020-12-31 22:00:00,417.28,153.0,28.0,1.0,0.0,36.0,87.0,4.0
17543,2020-12-31 23:00:00,434.85,159.0,28.0,1.0,0.0,29.0,86.0,4.0
17544,2021-01-01 00:00:00,393.12,122.0,29.0,1.0,0.0,29.0,84.0,4.0
17545,2021-01-01 01:00:00,403.05,126.0,28.0,1.0,0.0,25.0,85.0,4.0
17546,2021-01-01 02:00:00,414.69,124.0,26.0,1.0,0.0,20.0,81.0,4.0
17547,2021-01-01 03:00:00,409.66,125.0,26.0,1.0,0.0,23.0,82.0,4.0
17548,2021-01-01 04:00:00,404.02,122.0,26.0,1.0,0.0,23.0,83.0,4.0
17549,2021-01-01 05:00:00,407.23,121.0,27.0,1.0,0.0,20.0,83.0,4.0
17550,2021-01-01 06:00:00,427.91,125.0,25.0,1.0,0.0,12.0,82.0,4.0
17551,2021-01-01 07:00:00,431.8,124.0,25.0,1.0,1.0,8.0,82.0,4.0
17552,2021-01-01 08:00:00,429.8,124.0,26.0,1.0,2.0,7.0,83.0,4.0
17553,2021-01-01 09:00:00,428.06,124.0,26.0,1.0,3.0,7.0,83.0,4.0
17554,2021-01-01 10:00:00,424.64,124.0,26.0,1.0,4.0,7.0,84.0,4.0
17555,2021-01-01 11:00:00,425.0,123.0,26.0,1.0,3.0,6.0,85.0,4.0
17556,2021-01-01 12:00:00,424.42,124.0,27.0,1.0,2.0,8.0,85.0,4.0
17557,2021-01-01 13:00:00,425.24,124.0,31.0,1.0,0.0,9.0,85.0,4.0
17558,2021-01-01 14:00:00,473.99,173.0,33.0,1.0,0.0,11.0,86.0,4.0
17559,2021-01-01 15:00:00,464.23,171.0,34.0,1.0,0.0,15.0,87.0,4.0
17560,2021-01-01 16:00:00,452.99,164.0,34.0,1.0,0.0,17.0,88.0,4.0
17561,2021-01-01 17:00:00,478.29,203.0,37.0,1.0,0.0,23.0,88.0,4.0
17562,2021-01-01 18:00:00,492.06,219.0,40.0,1.0,0.0,22.0,87.0,4.0
17563,2021-01-01 19:00:00,457.57,181.0,40.0,1.0,0.0,27.0,85.0,4.0
17564,2021-01-01 20:00:00,456.64,192.0,40.0,1.0,0.0,35.0,85.0,4.0
17565,2021-01-01 21:00:00,441.53,182.0,40.0,1.0,0.0,40.0,85.0,4.0
17566,2021-01-01 22:00:00,442.26,193.0,42.0,1.0,0.0,47.0,85.0,4.0
17567,2021-01-01 23:00:00,429.92,191.0,43.0,1.0,0.0,56.0,85.0,4.0
17568,2021-01-02 00:00:00,357.34,127.0,41.0,1.0,0.0,63.0,83.0,4.0
17569,2021-01-02 01:00:00,342.29,122.0,42.0,1.0,0.0,69.0,85.0,4.0
17570,2021-01-02 02:00:00,350.5,125.0,43.0,1.0,0.0,68.0,82.0,4.0
17571,2021-01-02 03:00:00,361.55,134.0,41.0,1.0,0.0,67.0,83.0,4.0
17572,2021-01-02 04:00:00,383.47,151.0,36.0,1.0,0.0,65.0,83.0,4.0
17573,2021-01-02 05:00:00,405.0,168.0,34.0,1.0,0.0,62.0,83.0,4.0
17574,2021-01-02 06:00:00,440.7,203.0,33.0,1.0,0.0,58.0,84.0,4.0
17575,2021-01-02 07:00:00,430.03,180.0,32.0,1.0,0.0,49.0,85.0,4.0
17576,2021-01-02 08:00:00,520.39,295.0,32.0,1.0,1.0,39.0,86.0,4.0
17577,2021-01-02 09:00:00,547.04,348.0,33.0,1.0,3.0,34.0,87.0,4.0
17578,2021-01-02 10:00:00,551.25,353.0,33.0,1.0,4.0,31.0,87.0,4.0
17579,2021-01-02 11:00:00,557.54,357.0,32.0,1.0,3.0,28.0,87.0,4.0
17580,2021-01-02 12:00:00,564.96,359.0,29.0,1.0,1.0,25.0,87.0,4.0
17581,2021-01-02 13:00:00,557.56,357.0,26.0,1.0,0.0,31.0,89.0,4.0
17582,2021-01-02 14:00:00,551.86,359.0,26.0,1.0,0.0,36.0,90.0,4.0
17583,2021-01-02 15:00:00,551.71,356.0,23.0,1.0,0.0,36.0,90.0,4.0
17584,2021-01-02 16:00:00,548.41,355.0,22.0,1.0,0.0,37.0,92.0,4.0
17585,2021-01-02 17:00:00,548.81,355.0,27.0,1.0,0.0,33.0,94.0,4.0
17586,2021-01-02 18:00:00,548.24,358.0,23.0,1.0,0.0,36.0,94.0,4.0
17587,2021-01-02 19:00:00,545.86,354.0,22.0,1.0,0.0,39.0,92.0,4.0
17588,2021-01-02 20:00:00,537.14,354.0,23.0,1.0,0.0,47.0,92.0,4.0
17589,2021-01-02 21:00:00,479.79,255.0,25.0,1.0,0.0,50.0,93.0,4.0
17590,2021-01-02 22:00:00,495.52,280.0,28.0,1.0,0.0,49.0,93.0,4.0
17591,2021-01-02 23:00:00,440.46,200.0,27.0,1.0,0.0,48.0,93.0,4.0
17592,2021-01-03 00:00:00,459.6,210.0,27.0,1.0,0.0,42.0,90.0,4.0
17593,2021-01-03 01:00:00,434.47,188.0,28.0,1.0,0.0,46.0,91.0,4.0
17594,2021-01-03 02:00:00,417.7,179.0,28.0,1.0,0.0,56.0,88.0,4.0
17595,2021-01-03 03:00:00,417.85,177.0,30.0,1.0,0.0,52.0,90.0,4.0
17596,2021-01-03 04:00:00,424.49,178.0,32.0,1.0,0.0,47.0,90.0,4.0
17597,2021-01-03 05:00:00,422.5,185.0,34.0,1.0,0.0,56.0,88.0,4.0
17598,2021-01-03 06:00:00,439.12,197.0,33.0,1.0,0.0,50.0,89.0,4.0
17599,2021-01-03 07:00:00,430.87,188.0,35.0,1.0,0.0,50.0,89.0,4.0
17600,2021-01-03 08:00:00,430.86,185.0,33.0,1.0,1.0,47.0,89.0,4.0
17601,2021-01-03 09:00:00,448.24,190.0,36.0,1.0,2.0,36.0,88.0,4.0
17602,2021-01-03 10:00:00,477.07,232.0,33.0,1.0,2.0,39.0,89.0,4.0
17603,2021-01-03 11:00:00,489.91,261.0,31.0,1.0,2.0,44.0,90.0,4.0
17604,2021-01-03 12:00:00,516.16,294.0,33.0,1.0,1.0,39.0,89.0,4.0
17605,2021-01-03 13:00:00,480.43,229.0,35.0,1.0,0.0,34.0,91.0,4.0
17606,2021-01-03 14:00:00,508.48,270.0,37.0,1.0,0.0,31.0,92.0,4.0
17607,2021-01-03 15:00:00,500.05,240.0,36.0,1.0,0.0,22.0,93.0,4.0
17608,2021-01-03 16:00:00,504.19,238.0,35.0,1.0,0.0,18.0,93.0,4.0
17609,2021-01-03 17:00:00,515.4,248.0,36.0,1.0,0.0,14.0,93.0,4.0
17610,2021-01-03 18:00:00,523.33,248.0,36.0,1.0,0.0,8.0,93.0,4.0
17611,2021-01-03 19:00:00,473.94,179.0,36.0,1.0,0.0,9.0,91.0,4.0
17612,2021-01-03 20:00:00,507.08,216.0,38.0,1.0,0.0,6.0,91.0,4.0
17613,2021-01-03 21:00:00,488.76,196.0,39.0,1.0,0.0,7.0,92.0,4.0
17614,2021-01-03 22:00:00,468.64,178.0,55.0,1.0,0.0,7.0,92.0,4.0
17615,2021-01-03 23:00:00,470.06,180.0,56.0,1.0,0.0,7.0,92.0,4.0
17616,2021-01-04 00:00:00,473.63,180.0,58.0,1.0,0.0,6.0,90.0,4.0
17617,2021-01-04 01:00:00,472.35,180.0,53.0,1.0,0.0,7.0,91.0,4.0
17618,2021-01-04 02:00:00,479.44,180.0,40.0,1.0,0.0,8.0,88.0,4.0
17619,2021-01-04 03:00:00,480.41,179.0,39.0,1.0,0.0,7.0,88.0,4.0
17620,2021-01-04 04:00:00,490.8,198.0,54.0,1.0,0.0,6.0,89.0,4.0
17621,2021-01-04 05:00:00,530.12,267.0,60.0,1.0,0.0,7.0,90.0,4.0
17622,2021-01-04 06:00:00,568.9,363.0,60.0,1.0,0.0,8.0,92.0,4.0
17623,2021-01-04 07:00:00,588.44,439.0,59.0,1.0,0.0,10.0,95.0,4.0
17624,2021-01-04 08:00:00,585.91,444.0,62.0,1.0,1.0,10.0,97.0,4.0
17625,2021-01-04 09:00:00,586.15,439.0,60.0,1.0,1.0,9.0,97.0,4.0
17626,2021-01-04 10:00:00,585.08,433.0,50.0,1.0,1.0,14.0,95.0,4.0
17627,2021-01-04 11:00:00,582.98,434.0,54.0,1.0,1.0,16.0,94.0,4.0
17628,2021-01-04 12:00:00,581.07,437.0,62.0,1.0,0.0,19.0,92.0,4.0
17629,2021-01-04 13:00:00,588.65,438.0,63.0,1.0,0.0,10.0,93.0,4.0
17630,2021-01-04 14:00:00,586.02,441.0,62.0,1.0,0.0,14.0,93.0,4.0
17631,2021-01-04 15:00:00,583.28,436.0,63.0,1.0,0.0,12.0,96.0,4.0
17632,2021-01-04 16:00:00,580.5,438.0,59.0,1.0,0.0,15.0,98.0,4.0
17633,2021-01-04 17:00:00,565.67,427.0,60.0,1.0,0.0,26.0,99.0,4.0
17634,2021-01-04 18:00:00,572.76,432.0,60.0,1.0,0.0,22.0,97.0,4.0
17635,2021-01-04 19:00:00,537.72,347.0,60.0,1.0,0.0,30.0,94.0,4.0
17636,2021-01-04 20:00:00,478.8,236.0,59.0,1.0,0.0,32.0,93.0,4.0
17637,2021-01-04 21:00:00,485.15,229.0,61.0,1.0,0.0,21.0,94.0,4.0
17638,2021-01-04 22:00:00,488.37,233.0,59.0,1.0,0.0,21.0,94.0,4.0
17639,2021-01-04 23:00:00,479.45,222.0,60.0,1.0,0.0,23.0,93.0,4.0
17640,2021-01-05 00:00:00,483.9,232.0,60.0,1.0,0.0,27.0,91.0,4.0
17641,2021-01-05 01:00:00,469.64,222.0,62.0,1.0,0.0,33.0,91.0,4.0
17642,2021-01-05 02:00:00,469.9,224.0,62.0,1.0,0.0,36.0,89.0,4.0
17643,2021-01-05 03:00:00,483.9,242.0,63.0,1.0,0.0,33.0,90.0,4.0
17644,2021-01-05 04:00:00,474.98,234.0,60.0,1.0,0.0,37.0,90.0,4.0
17645,2021-01-05 05:00:00,539.72,369.0,60.0,1.0,0.0,39.0,92.0,4.0
17646,2021-01-05 06:00:00,561.63,439.0,62.0,1.0,0.0,40.0,93.0,4.0
17647,2021-01-05 07:00:00,564.0,439.0,60.0,1.0,0.0,39.0,92.0,4.0
17648,2021-01-05 08:00:00,562.78,438.0,63.0,1.0,1.0,37.0,93.0,4.0
17649,2021-01-05 09:00:00,562.26,440.0,58.0,1.0,1.0,40.0,93.0,4.0
17650,2021-01-05 10:00:00,565.47,438.0,60.0,1.0,1.0,35.0,93.0,4.0
17651,2021-01-05 11:00:00,569.67,438.0,61.0,1.0,1.0,30.0,93.0,4.0
17652,2021-01-05 12:00:00,564.58,439.0,61.0,1.0,1.0,36.0,93.0,4.0
17653,2021-01-05 13:00:00,557.8,437.0,61.0,1.0,0.0,45.0,92.0,4.0
17654,2021-01-05 14:00:00,557.49,436.0,58.0,1.0,0.0,44.0,94.0,4.0
17655,2021-01-05 15:00:00,550.33,437.0,57.0,1.0,0.0,52.0,95.0,4.0
17656,2021-01-05 16:00:00,550.2,434.0,57.0,1.0,0.0,49.0,97.0,4.0
17657,2021-01-05 17:00:00,545.05,439.0,54.0,1.0,0.0,56.0,99.0,4.0
17658,2021-01-05 18:00:00,545.21,442.0,54.0,1.0,0.0,58.0,98.0,4.0
17659,2021-01-05 19:00:00,521.56,364.0,51.0,1.0,0.0,57.0,94.0,4.0
17660,2021-01-05 20:00:00,472.46,257.0,52.0,1.0,0.0,52.0,93.0,4.0
17661,2021-01-05 21:00:00,440.42,216.0,56.0,1.0,0.0,53.0,95.0,4.0
17662,2021-01-05 22:00:00,446.31,228.0,55.0,1.0,0.0,56.0,95.0,4.0
17663,2021-01-05 23:00:00,438.72,221.0,58.0,1.0,0.0,60.0,93.0,4.0
17664,2021-01-06 00:00:00,424.2,216.0,58.0,1.0,0.0,73.0,91.0,4.0
17665,2021-01-06 01:00:00,426.58,219.0,57.0,1.0,0.0,73.0,91.0,4.0
17666,2021-01-06 02:00:00,429.48,219.0,57.0,1.0,0.0,72.0,89.0,4.0
17667,2021-01-06 03:00:00,428.26,227.0,53.0,1.0,0.0,78.0,91.0,4.0
17668,2021-01-06 04:00:00,442.56,227.0,55.0,1.0,0.0,64.0,90.0,4.0
17669,2021-01-06 05:00:00,441.63,228.0,59.0,1.0,0.0,64.0,91.0,4.0
17670,2021-01-06 06:00:00,451.92,260.0,57.0,1.0,0.0,75.0,92.0,4.0
17671,2021-01-06 07:00:00,499.39,350.0,55.0,1.0,0.0,76.0,92.0,4.0
17672,2021-01-06 08:00:00,534.76,436.0,55.0,1.0,1.0,74.0,91.0,4.0
17673,2021-01-06 09:00:00,534.61,431.0,52.0,1.0,1.0,71.0,93.0,4.0
17674,2021-01-06 10:00:00,535.98,442.0,55.0,1.0,1.0,71.0,95.0,4.0
17675,2021-01-06 11:00:00,539.97,450.0,56.0,1.0,1.0,69.0,95.0,4.0
17676,2021-01-06 12:00:00,523.73,439.0,56.0,1.0,0.0,87.0,94.0,4.0
17677,2021-01-06 13:00:00,513.9,427.0,57.0,1.0,0.0,93.0,95.0,4.0
17678,2021-01-06 14:00:00,511.79,428.0,58.0,1.0,0.0,93.0,98.0,4.0
17679,2021-01-06 15:00:00,510.39,428.0,58.0,1.0,0.0,94.0,99.0,5.0
17680,2021-01-06 16:00:00,519.06,432.0,49.0,1.0,0.0,87.0,99.0,5.0
17681,2021-01-06 17:00:00,532.55,431.0,54.0,1.0,0.0,67.0,100.0,5.0
17682,2021-01-06 18:00:00,533.48,429.0,54.0,1.0,0.0,66.0,99.0,5.0
17683,2021-01-06 19:00:00,529.05,435.0,51.0,1.0,0.0,76.0,98.0,5.0
17684,2021-01-06 20:00:00,537.02,429.0,53.0,1.0,0.0,64.0,97.0,5.0
17685,2021-01-06 21:00:00,549.99,449.0,54.0,1.0,0.0,54.0,99.0,5.0
17686,2021-01-06 22:00:00,551.04,433.0,53.0,1.0,0.0,48.0,98.0,5.0
17687,2021-01-06 23:00:00,548.54,422.0,52.0,1.0,0.0,49.0,96.0,5.0
17688,2021-01-07 00:00:00,543.18,424.0,55.0,1.0,0.0,56.0,95.0,5.0
17689,2021-01-07 01:00:00,541.16,428.0,55.0,1.0,0.0,59.0,96.0,5.0
17690,2021-01-07 02:00:00,546.13,426.0,53.0,1.0,0.0,55.0,94.0,5.0
17691,2021-01-07 03:00:00,536.33,427.0,53.0,1.0,0.0,65.0,96.0,5.0
17692,2021-01-07 04:00:00,537.19,428.0,51.0,1.0,0.0,66.0,95.0,5.0
17693,2021-01-07 05:00:00,537.64,434.0,54.0,1.0,0.0,67.0,95.0,5.0
17694,2021-01-07 06:00:00,533.95,432.0,53.0,1.0,0.0,71.0,95.0,5.0
17695,2021-01-07 07:00:00,552.29,498.0,53.0,1.0,0.0,75.0,94.0,5.0
17696,2021-01-07 08:00:00,563.01,550.0,57.0,1.0,1.0,76.0,95.0,5.0
17697,2021-01-07 09:00:00,561.58,550.0,57.0,1.0,1.0,77.0,96.0,5.0
17698,2021-01-07 10:00:00,571.48,553.0,58.0,1.0,1.0,65.0,95.0,5.0
17699,2021-01-07 11:00:00,571.48,553.0,58.0,1.0,1.0,64.0,96.0,5.0
17700,2021-01-07 12:00:00,572.44,555.0,59.0,1.0,0.0,64.0,96.0,5.0
17701,2021-01-07 13:00:00,572.77,556.0,53.0,1.0,0.0,64.0,98.0,5.0
17702,2021-01-07 14:00:00,576.25,555.0,53.0,1.0,0.0,58.0,99.0,5.0
17703,2021-01-07 15:00:00,575.37,552.0,62.0,1.0,0.0,55.0,99.0,5.0
17704,2021-01-07 16:00:00,574.92,549.0,61.0,1.0,0.0,54.0,100.0,5.0
17705,2021-01-07 17:00:00,582.79,550.0,58.0,1.0,0.0,46.0,99.0,5.0
17706,2021-01-07 18:00:00,584.58,542.0,56.0,1.0,0.0,43.0,98.0,5.0
17707,2021-01-07 19:00:00,576.77,494.0,50.0,1.0,0.0,42.0,96.0,5.0
17708,2021-01-07 20:00:00,574.85,484.0,53.0,1.0,0.0,40.0,96.0,5.0
17709,2021-01-07 21:00:00,560.54,440.0,55.0,1.0,0.0,40.0,97.0,5.0
17710,2021-01-07 22:00:00,556.47,440.0,54.0,1.0,0.0,44.0,98.0,5.0
17711,2021-01-07 23:00:00,564.49,451.0,56.0,1.0,0.0,38.0,98.0,5.0
17712,2021-01-08 00:00:00,572.89,467.0,58.0,1.0,0.0,35.0,96.0,5.0
17713,2021-01-08 01:00:00,573.22,466.0,56.0,1.0,0.0,35.0,96.0,5.0
17714,2021-01-08 02:00:00,572.92,466.0,57.0,1.0,0.0,39.0,92.0,5.0
17715,2021-01-08 03:00:00,579.0,485.0,57.0,1.0,0.0,38.0,92.0,5.0
17716,2021-01-08 04:00:00,584.53,513.0,57.0,1.0,0.0,40.0,92.0,5.0
17717,2021-01-08 05:00:00,600.84,585.0,54.0,1.0,0.0,40.0,93.0,5.0
17718,2021-01-08 06:00:00,624.91,757.0,57.0,1.0,0.0,44.0,95.0,5.0
17719,2021-01-08 07:00:00,638.44,848.0,57.0,1.0,0.0,41.0,95.0,5.0
17720,2021-01-08 08:00:00,637.48,871.0,57.0,1.0,1.0,44.0,97.0,5.0
17721,2021-01-08 09:00:00,640.82,876.0,53.0,1.0,1.0,44.0,94.0,5.0
17722,2021-01-08 10:00:00,635.93,873.0,57.0,1.0,1.0,49.0,95.0,5.0
17723,2021-01-08 11:00:00,633.97,862.0,55.0,1.0,1.0,49.0,97.0,5.0
17724,2021-01-08 12:00:00,634.99,858.0,49.0,1.0,1.0,49.0,97.0,5.0
17725,2021-01-08 13:00:00,635.4,859.0,55.0,1.0,0.0,47.0,97.0,5.0
17726,2021-01-08 14:00:00,635.34,870.0,58.0,1.0,0.0,46.0,99.0,5.0
17727,2021-01-08 15:00:00,624.86,875.0,56.0,1.0,0.0,65.0,100.0,5.0
17728,2021-01-08 16:00:00,620.43,880.0,56.0,1.0,0.0,73.0,101.0,5.0
17729,2021-01-08 17:00:00,614.18,871.0,54.0,1.0,0.0,83.0,101.0,5.0
17730,2021-01-08 18:00:00,600.9,784.0,53.0,1.0,0.0,86.0,100.0,5.0
17731,2021-01-08 19:00:00,581.78,603.0,54.0,1.0,0.0,66.0,98.0,5.0
17732,2021-01-08 20:00:00,571.29,541.0,56.0,1.0,0.0,60.0,98.0,5.0
17733,2021-01-08 21:00:00,558.36,494.0,52.0,1.0,0.0,62.0,98.0,5.0
17734,2021-01-08 22:00:00,541.02,454.0,54.0,1.0,0.0,69.0,97.0,5.0
17735,2021-01-08 23:00:00,538.33,450.0,50.0,1.0,0.0,72.0,97.0,5.0
17736,2021-01-09 00:00:00,541.3,446.0,49.0,1.0,0.0,69.0,95.0,5.0
17737,2021-01-09 01:00:00,545.09,456.0,50.0,1.0,0.0,66.0,97.0,5.0
17738,2021-01-09 02:00:00,551.35,456.0,51.0,1.0,0.0,61.0,94.0,5.0
17739,2021-01-09 03:00:00,551.24,453.0,51.0,1.0,0.0,58.0,96.0,5.0
17740,2021-01-09 04:00:00,554.8,451.0,51.0,1.0,0.0,54.0,95.0,5.0
17741,2021-01-09 05:00:00,546.98,450.0,51.0,1.0,0.0,63.0,95.0,5.0
17742,2021-01-09 06:00:00,556.66,478.0,50.0,1.0,0.0,63.0,94.0,5.0
17743,2021-01-09 07:00:00,553.78,497.0,49.0,1.0,0.0,74.0,94.0,5.0
17744,2021-01-09 08:00:00,565.59,502.0,51.0,1.0,2.0,57.0,95.0,5.0
17745,2021-01-09 09:00:00,577.36,508.0,52.0,1.0,4.0,42.0,95.0,5.0
17746,2021-01-09 10:00:00,581.44,520.0,54.0,1.0,5.0,38.0,96.0,5.0
17747,2021-01-09 11:00:00,589.92,529.0,52.0,1.0,4.0,32.0,96.0,5.0
17748,2021-01-09 12:00:00,578.85,499.0,53.0,1.0,2.0,38.0,96.0,5.0
17749,2021-01-09 13:00:00,587.51,510.0,53.0,1.0,0.0,31.0,98.0,5.0
17750,2021-01-09 14:00:00,587.97,514.0,52.0,1.0,0.0,30.0,100.0,5.0
17751,2021-01-09 15:00:00,599.38,526.0,49.0,1.0,0.0,21.0,100.0,5.0
17752,2021-01-09 16:00:00,602.6,528.0,51.0,1.0,0.0,16.0,101.0,5.0
17753,2021-01-09 17:00:00,605.47,526.0,54.0,1.0,0.0,12.0,100.0,5.0
17754,2021-01-09 18:00:00,600.18,485.0,52.0,1.0,0.0,8.0,100.0,5.0
17755,2021-01-09 19:00:00,585.43,415.0,48.0,1.0,0.0,7.0,98.0,5.0
17756,2021-01-09 20:00:00,584.12,402.0,49.0,1.0,0.0,6.0,96.0,5.0
17757,2021-01-09 21:00:00,571.37,343.0,49.0,1.0,0.0,5.0,90.0,5.0
17758,2021-01-09 22:00:00,564.23,327.0,51.0,1.0,0.0,5.0,90.0,5.0
17759,2021-01-09 23:00:00,552.27,303.0,49.0,1.0,0.0,5.0,92.0,5.0
17760,2021-01-10 00:00:00,551.66,299.0,49.0,1.0,0.0,6.0,90.0,5.0
17761,2021-01-10 01:00:00,552.43,306.0,49.0,1.0,0.0,7.0,91.0,5.0
17762,2021-01-10 02:00:00,550.38,305.0,50.0,1.0,0.0,10.0,89.0,5.0
17763,2021-01-10 03:00:00,543.83,312.0,51.0,1.0,0.0,16.0,91.0,5.0
17764,2021-01-10 04:00:00,532.18,311.0,51.0,1.0,0.0,26.0,91.0,5.0
17765,2021-01-10 05:00:00,528.35,316.0,50.0,1.0,0.0,32.0,91.0,5.0
17766,2021-01-10 06:00:00,520.2,332.0,47.0,1.0,0.0,47.0,92.0,5.0
17767,2021-01-10 07:00:00,525.78,375.0,49.0,1.0,0.0,60.0,92.0,5.0
17768,2021-01-10 08:00:00,511.57,387.0,49.0,1.0,1.0,80.0,93.0,5.0
17769,2021-01-10 09:00:00,512.05,392.0,48.0,1.0,1.0,81.0,94.0,4.0
17770,2021-01-10 10:00:00,509.17,404.0,50.0,1.0,2.0,87.0,96.0,5.0
17771,2021-01-10 11:00:00,517.88,400.0,51.0,1.0,1.0,76.0,95.0,5.0
17772,2021-01-10 12:00:00,516.77,395.0,51.0,1.0,1.0,75.0,95.0,5.0
17773,2021-01-10 13:00:00,513.4,402.0,49.0,1.0,0.0,84.0,95.0,5.0
17774,2021-01-10 14:00:00,492.26,389.0,50.0,1.0,0.0,102.0,97.0,5.0
17775,2021-01-10 15:00:00,479.92,404.0,47.0,1.0,0.0,127.0,98.0,5.0
17776,2021-01-10 16:00:00,478.76,408.0,47.0,1.0,0.0,132.0,97.0,5.0
17777,2021-01-10 17:00:00,461.48,407.0,48.0,1.0,0.0,154.0,100.0,5.0
17778,2021-01-10 18:00:00,450.52,403.0,46.0,1.0,0.0,170.0,99.0,5.0
17779,2021-01-10 19:00:00,445.71,408.0,48.0,1.0,0.0,182.0,98.0,5.0
17780,2021-01-10 20:00:00,443.4,411.0,48.0,1.0,0.0,188.0,98.0,5.0
17781,2021-01-10 21:00:00,421.57,375.0,48.0,1.0,0.0,196.0,100.0,5.0
17782,2021-01-10 22:00:00,387.6,311.0,49.0,1.0,0.0,200.0,98.0,5.0
17783,2021-01-10 23:00:00,411.34,360.0,51.0,1.0,0.0,204.0,97.0,5.0
17784,2021-01-11 00:00:00,417.64,361.0,51.0,1.0,0.0,196.0,95.0,5.0
17785,2021-01-11 01:00:00,435.95,393.0,51.0,1.0,0.0,188.0,97.0,5.0
17786,2021-01-11 02:00:00,447.69,375.0,52.0,1.0,0.0,161.0,92.0,5.0
17787,2021-01-11 03:00:00,468.48,395.0,52.0,1.0,0.0,139.0,96.0,5.0
17788,2021-01-11 04:00:00,485.57,406.0,52.0,1.0,0.0,122.0,95.0,5.0
17789,2021-01-11 05:00:00,501.18,413.0,53.0,1.0,0.0,104.0,95.0,4.0
17790,2021-01-11 06:00:00,514.75,418.0,52.0,1.0,0.0,89.0,95.0,4.0
17791,2021-01-11 07:00:00,529.14,419.0,54.0,1.0,0.0,72.0,94.0,5.0
17792,2021-01-11 08:00:00,534.95,419.0,54.0,1.0,1.0,64.0,94.0,5.0
17793,2021-01-11 09:00:00,541.74,419.0,54.0,1.0,1.0,56.0,94.0,5.0
17794,2021-01-11 10:00:00,543.26,420.0,56.0,1.0,1.0,53.0,95.0,5.0
17795,2021-01-11 11:00:00,554.72,430.0,58.0,1.0,2.0,43.0,94.0,5.0
17796,2021-01-11 12:00:00,559.44,432.0,59.0,1.0,1.0,40.0,93.0,4.0
17797,2021-01-11 13:00:00,566.83,454.0,57.0,1.0,0.0,41.0,93.0,5.0
17798,2021-01-11 14:00:00,560.23,468.0,56.0,1.0,0.0,51.0,96.0,5.0
17799,2021-01-11 15:00:00,561.06,500.0,57.0,1.0,0.0,58.0,99.0,5.0
17800,2021-01-11 16:00:00,543.74,491.0,55.0,1.0,0.0,78.0,99.0,5.0
17801,2021-01-11 17:00:00,528.03,489.0,51.0,1.0,0.0,100.0,99.0,5.0
17802,2021-01-11 18:00:00,489.99,406.0,31.0,1.0,0.0,117.0,99.0,5.0
17803,2021-01-11 19:00:00,456.15,378.0,27.0,1.0,0.0,154.0,93.0,5.0
17804,2021-01-11 20:00:00,422.77,358.0,27.0,1.0,0.0,189.0,94.0,5.0
17805,2021-01-11 21:00:00,439.57,408.0,25.0,1.0,0.0,198.0,96.0,5.0
17806,2021-01-11 22:00:00,431.73,392.0,26.0,1.0,0.0,199.0,96.0,5.0
17807,2021-01-11 23:00:00,446.71,419.0,25.0,1.0,0.0,195.0,95.0,5.0
17808,2021-01-12 00:00:00,466.22,478.0,26.0,1.0,0.0,200.0,96.0,5.0
17809,2021-01-12 01:00:00,479.2,505.0,26.0,1.0,0.0,197.0,93.0,5.0
17810,2021-01-12 02:00:00,460.04,466.0,26.0,1.0,0.0,208.0,91.0,5.0
17811,2021-01-12 03:00:00,464.5,495.0,25.0,1.0,0.0,216.0,94.0,5.0
17812,2021-01-12 04:00:00,491.3,577.0,26.0,1.0,0.0,213.0,96.0,5.0
17813,2021-01-12 05:00:00,497.44,585.0,25.0,1.0,0.0,207.0,95.0,4.0
17814,2021-01-12 06:00:00,502.45,597.0,25.0,1.0,0.0,204.0,95.0,4.0
17815,2021-01-12 07:00:00,495.64,583.0,26.0,1.0,0.0,209.0,95.0,4.0
17816,2021-01-12 08:00:00,490.55,589.0,26.0,1.0,1.0,221.0,95.0,5.0
17817,2021-01-12 09:00:00,489.4,590.0,25.0,1.0,1.0,224.0,95.0,5.0
17818,2021-01-12 10:00:00,469.27,532.0,27.0,1.0,1.0,228.0,95.0,5.0
17819,2021-01-12 11:00:00,465.35,541.0,28.0,1.0,1.0,240.0,96.0,5.0
17820,2021-01-12 12:00:00,470.85,545.0,27.0,1.0,1.0,233.0,95.0,5.0
17821,2021-01-12 13:00:00,483.6,565.0,25.0,1.0,0.0,221.0,96.0,5.0
17822,2021-01-12 14:00:00,484.47,556.0,26.0,1.0,0.0,213.0,97.0,5.0
17823,2021-01-12 15:00:00,488.36,559.0,24.0,1.0,0.0,206.0,99.0,5.0
17824,2021-01-12 16:00:00,497.3,562.0,26.0,1.0,0.0,190.0,100.0,5.0
17825,2021-01-12 17:00:00,507.65,567.0,24.0,1.0,0.0,175.0,100.0,5.0
17826,2021-01-12 18:00:00,515.22,566.0,23.0,1.0,0.0,161.0,101.0,5.0
17827,2021-01-12 19:00:00,528.12,559.0,23.0,1.0,0.0,139.0,99.0,5.0
17828,2021-01-12 20:00:00,546.69,560.0,24.0,1.0,0.0,118.0,92.0,5.0
17829,2021-01-12 21:00:00,554.32,560.0,24.0,1.0,0.0,108.0,91.0,5.0
17830,2021-01-12 22:00:00,546.89,506.0,23.0,1.0,0.0,110.0,79.0,5.0
17831,2021-01-12 23:00:00,522.71,408.0,23.0,1.0,0.0,106.0,72.0,5.0
17832,2021-01-13 00:00:00,521.52,394.0,23.0,1.0,0.0,103.0,70.0,5.0
17833,2021-01-13 01:00:00,526.71,405.0,23.0,1.0,0.0,101.0,71.0,5.0
17834,2021-01-13 02:00:00,529.83,404.0,23.0,1.0,0.0,100.0,68.0,5.0
17835,2021-01-13 03:00:00,522.07,375.0,22.0,1.0,0.0,94.0,70.0,5.0
17836,2021-01-13 04:00:00,554.51,478.0,22.0,1.0,0.0,96.0,73.0,5.0
17837,2021-01-13 05:00:00,569.24,541.0,21.0,1.0,0.0,99.0,74.0,5.0
17838,2021-01-13 06:00:00,571.77,549.0,22.0,1.0,0.0,98.0,74.0,5.0
17839,2021-01-13 07:00:00,570.76,545.0,22.0,1.0,0.0,98.0,74.0,5.0
17840,2021-01-13 08:00:00,571.32,541.0,19.0,1.0,1.0,96.0,74.0,5.0
17841,2021-01-13 09:00:00,574.16,541.0,20.0,1.0,1.0,92.0,74.0,5.0
17842,2021-01-13 10:00:00,581.43,546.0,21.0,1.0,1.0,89.0,69.0,5.0
17843,2021-01-13 11:00:00,584.14,544.0,21.0,1.0,1.0,90.0,64.0,5.0
17844,2021-01-13 12:00:00,575.14,544.0,22.0,1.0,1.0,93.0,72.0,5.0
17845,2021-01-13 13:00:00,579.61,543.0,22.0,1.0,0.0,92.0,68.0,5.0
17846,2021-01-13 14:00:00,576.34,532.0,21.0,1.0,0.0,89.0,72.0,5.0
17847,2021-01-13 15:00:00,567.91,531.0,22.0,1.0,0.0,94.0,77.0,5.0
17848,2021-01-13 16:00:00,565.56,528.0,22.0,1.0,0.0,95.0,78.0,5.0
17849,2021-01-13 17:00:00,567.93,529.0,20.0,1.0,0.0,92.0,79.0,5.0
17850,2021-01-13 18:00:00,567.69,534.0,20.0,1.0,0.0,95.0,78.0,5.0
17851,2021-01-13 19:00:00,568.18,527.0,20.0,1.0,0.0,94.0,76.0,5.0
17852,2021-01-13 20:00:00,570.03,533.0,19.0,1.0,0.0,94.0,76.0,5.0
17853,2021-01-13 21:00:00,577.86,538.0,21.0,1.0,0.0,83.0,78.0,5.0
17854,2021-01-13 22:00:00,568.6,491.0,21.0,1.0,0.0,81.0,76.0,5.0
17855,2021-01-13 23:00:00,583.34,523.0,20.0,1.0,0.0,76.0,74.0,5.0
17856,2021-01-14 00:00:00,596.11,552.0,20.0,1.0,0.0,71.0,72.0,5.0
17857,2021-01-14 01:00:00,601.84,550.0,19.0,1.0,0.0,63.0,73.0,5.0
17858,2021-01-14 02:00:00,620.2,623.0,20.0,1.0,0.0,61.0,70.0,5.0
17859,2021-01-14 03:00:00,616.15,661.0,20.0,1.0,0.0,72.0,73.0,5.0
17860,2021-01-14 04:00:00,634.33,741.0,20.0,1.0,0.0,67.0,70.0,5.0
17861,2021-01-14 05:00:00,620.66,791.0,23.0,1.0,0.0,97.0,70.0,4.0
17862,2021-01-14 06:00:00,622.85,907.0,23.0,1.0,0.0,117.0,72.0,5.0
17863,2021-01-14 07:00:00,640.97,949.0,23.0,1.0,0.0,93.0,72.0,5.0
17864,2021-01-14 08:00:00,650.18,1006.0,24.0,1.0,1.0,86.0,71.0,5.0
17865,2021-01-14 09:00:00,634.17,991.0,22.0,1.0,2.0,112.0,72.0,5.0
17866,2021-01-14 10:00:00,640.48,1014.0,23.0,1.0,2.0,103.0,73.0,5.0
17867,2021-01-14 11:00:00,653.75,1025.0,23.0,1.0,2.0,80.0,73.0,5.0
17868,2021-01-14 12:00:00,657.82,1020.0,27.0,1.0,1.0,71.0,73.0,5.0
17869,2021-01-14 13:00:00,651.95,1013.0,40.0,1.0,0.0,75.0,74.0,5.0
17870,2021-01-14 14:00:00,647.33,984.0,39.0,1.0,0.0,77.0,76.0,5.0
17871,2021-01-14 15:00:00,647.07,1032.0,41.0,1.0,0.0,84.0,77.0,5.0
17872,2021-01-14 16:00:00,644.35,1049.0,44.0,1.0,0.0,90.0,78.0,5.0
17873,2021-01-14 17:00:00,642.61,1027.0,45.0,1.0,0.0,88.0,79.0,5.0
17874,2021-01-14 18:00:00,633.87,1012.0,43.0,1.0,0.0,105.0,77.0,5.0
17875,2021-01-14 19:00:00,618.11,860.0,45.0,1.0,0.0,102.0,76.0,5.0
17876,2021-01-14 20:00:00,620.69,792.0,48.0,1.0,0.0,82.0,75.0,5.0
17877,2021-01-14 21:00:00,622.27,799.0,48.0,1.0,0.0,80.0,76.0,5.0
17878,2021-01-14 22:00:00,612.72,771.0,48.0,1.0,0.0,92.0,73.0,5.0
17879,2021-01-14 23:00:00,603.98,762.0,48.0,1.0,0.0,105.0,72.0,5.0
17880,2021-01-15 00:00:00,602.77,762.0,48.0,1.0,0.0,109.0,70.0,5.0
17881,2021-01-15 01:00:00,602.32,763.0,48.0,1.0,0.0,110.0,70.0,5.0
17882,2021-01-15 02:00:00,611.08,756.0,48.0,1.0,0.0,97.0,67.0,5.0
17883,2021-01-15 03:00:00,608.12,761.0,48.0,2.0,0.0,101.0,68.0,5.0
17884,2021-01-15 04:00:00,623.61,882.0,48.0,2.0,0.0,100.0,71.0,5.0
17885,2021-01-15 05:00:00,626.34,943.0,46.0,2.0,0.0,106.0,74.0,5.0
17886,2021-01-15 06:00:00,619.96,955.0,48.0,2.0,0.0,112.0,82.0,5.0
17887,2021-01-15 07:00:00,620.53,967.0,47.0,2.0,1.0,105.0,90.0,5.0
17888,2021-01-15 08:00:00,617.17,979.0,48.0,2.0,3.0,107.0,95.0,5.0
17889,2021-01-15 09:00:00,619.44,1007.0,50.0,2.0,5.0,101.0,100.0,5.0
17890,2021-01-15 10:00:00,624.96,1008.0,50.0,2.0,6.0,88.0,101.0,5.0
17891,2021-01-15 11:00:00,628.86,1009.0,51.0,2.0,5.0,83.0,99.0,5.0
17892,2021-01-15 12:00:00,630.07,1007.0,49.0,2.0,3.0,84.0,98.0,5.0
17893,2021-01-15 13:00:00,632.2,1001.0,48.0,2.0,1.0,80.0,99.0,5.0
17894,2021-01-15 14:00:00,633.23,1004.0,47.0,2.0,0.0,80.0,99.0,5.0
17895,2021-01-15 15:00:00,633.94,1003.0,48.0,2.0,0.0,77.0,100.0,5.0
17896,2021-01-15 16:00:00,639.05,994.0,49.0,2.0,0.0,65.0,100.0,5.0
17897,2021-01-15 17:00:00,640.84,967.0,48.0,2.0,0.0,61.0,96.0,5.0
17898,2021-01-15 18:00:00,640.71,958.0,47.0,1.0,0.0,62.0,95.0,5.0
17899,2021-01-15 19:00:00,620.65,806.0,51.0,1.0,0.0,65.0,94.0,5.0
17900,2021-01-15 20:00:00,613.03,688.0,47.0,1.0,0.0,51.0,94.0,5.0
17901,2021-01-15 21:00:00,579.91,540.0,46.0,1.0,0.0,54.0,96.0,5.0
17902,2021-01-15 22:00:00,576.14,521.0,51.0,1.0,0.0,50.0,97.0,5.0
17903,2021-01-15 23:00:00,581.06,517.0,50.0,1.0,0.0,43.0,97.0,5.0
17904,2021-01-16 00:00:00,567.47,506.0,51.0,1.0,0.0,58.0,95.0,5.0
17905,2021-01-16 01:00:00,560.58,515.0,51.0,1.0,0.0,69.0,96.0,5.0
17906,2021-01-16 02:00:00,557.09,517.0,52.0,1.0,0.0,78.0,92.0,5.0
17907,2021-01-16 03:00:00,563.17,540.0,52.0,1.0,0.0,77.0,93.0,5.0
17908,2021-01-16 04:00:00,568.35,532.0,50.0,1.0,0.0,68.0,93.0,5.0
17909,2021-01-16 05:00:00,584.51,541.0,50.0,1.0,0.0,48.0,95.0,5.0
17910,2021-01-16 06:00:00,586.38,541.0,49.0,1.0,0.0,46.0,95.0,5.0
17911,2021-01-16 07:00:00,597.17,543.0,47.0,1.0,1.0,33.0,95.0,5.0
17912,2021-01-16 08:00:00,607.55,543.0,46.0,1.0,2.0,21.0,94.0,5.0
17913,2021-01-16 09:00:00,607.62,544.0,49.0,1.0,2.0,18.0,96.0,5.0
17914,2021-01-16 10:00:00,605.91,540.0,49.0,2.0,3.0,16.0,97.0,5.0
17915,2021-01-16 11:00:00,607.83,541.0,49.0,2.0,2.0,15.0,97.0,5.0
17916,2021-01-16 12:00:00,608.23,542.0,51.0,2.0,1.0,15.0,97.0,5.0
17917,2021-01-16 13:00:00,603.01,526.0,51.0,2.0,0.0,17.0,98.0,5.0
17918,2021-01-16 14:00:00,604.73,537.0,48.0,2.0,0.0,18.0,99.0,5.0
17919,2021-01-16 15:00:00,606.55,543.0,49.0,2.0,0.0,17.0,99.0,5.0
17920,2021-01-16 16:00:00,600.82,546.0,48.0,2.0,0.0,24.0,100.0,5.0
17921,2021-01-16 17:00:00,601.92,544.0,51.0,2.0,0.0,23.0,98.0,5.0
17922,2021-01-16 18:00:00,611.92,540.0,49.0,2.0,0.0,13.0,96.0,5.0
17923,2021-01-16 19:00:00,609.94,533.0,53.0,2.0,0.0,12.0,96.0,5.0
17924,2021-01-16 20:00:00,608.3,523.0,54.0,2.0,0.0,10.0,97.0,5.0
17925,2021-01-16 21:00:00,612.27,525.0,54.0,1.0,0.0,8.0,96.0,5.0
17926,2021-01-16 22:00:00,613.87,530.0,55.0,1.0,0.0,7.0,96.0,5.0
17927,2021-01-16 23:00:00,616.21,531.0,54.0,1.0,0.0,6.0,95.0,5.0
17928,2021-01-17 00:00:00,619.26,539.0,55.0,1.0,0.0,5.0,94.0,5.0
17929,2021-01-17 01:00:00,617.79,530.0,54.0,1.0,0.0,6.0,93.0,5.0
17930,2021-01-17 02:00:00,616.8,527.0,55.0,1.0,0.0,7.0,92.0,5.0
17931,2021-01-17 03:00:00,615.08,529.0,56.0,1.0,0.0,8.0,93.0,5.0
17932,2021-01-17 04:00:00,611.1,536.0,54.0,1.0,0.0,15.0,93.0,5.0
17933,2021-01-17 05:00:00,600.96,519.0,55.0,1.0,0.0,21.0,94.0,5.0
17934,2021-01-17 06:00:00,605.44,547.0,55.0,1.0,0.0,22.0,95.0,5.0
17935,2021-01-17 07:00:00,603.08,550.0,54.0,1.0,0.0,26.0,95.0,5.0
17936,2021-01-17 08:00:00,600.89,555.0,54.0,1.0,1.0,27.0,97.0,5.0
17937,2021-01-17 09:00:00,601.0,557.0,55.0,1.0,2.0,26.0,97.0,5.0
17938,2021-01-17 10:00:00,599.69,542.0,54.0,1.0,2.0,24.0,97.0,5.0
17939,2021-01-17 11:00:00,596.05,520.0,55.0,1.0,2.0,23.0,96.0,5.0
17940,2021-01-17 12:00:00,599.71,530.0,56.0,1.0,1.0,22.0,96.0,5.0
17941,2021-01-17 13:00:00,599.29,529.0,54.0,1.0,0.0,22.0,98.0,5.0
17942,2021-01-17 14:00:00,600.74,543.0,54.0,1.0,0.0,21.0,101.0,5.0
17943,2021-01-17 15:00:00,600.89,555.0,54.0,1.0,0.0,24.0,101.0,5.0
17944,2021-01-17 16:00:00,601.24,559.0,53.0,1.0,0.0,23.0,103.0,5.0
17945,2021-01-17 17:00:00,601.24,559.0,53.0,1.0,0.0,26.0,100.0,5.0
17946,2021-01-17 18:00:00,593.54,558.0,54.0,1.0,0.0,34.0,101.0,5.0
17947,2021-01-17 19:00:00,587.17,546.0,53.0,2.0,0.0,38.0,101.0,5.0
17948,2021-01-17 20:00:00,579.68,558.0,54.0,2.0,0.0,51.0,101.0,5.0
17949,2021-01-17 21:00:00,581.38,560.0,55.0,2.0,0.0,49.0,101.0,5.0
17950,2021-01-17 22:00:00,588.43,563.0,54.0,2.0,0.0,41.0,101.0,5.0
17951,2021-01-17 23:00:00,590.05,546.0,54.0,2.0,0.0,35.0,100.0,5.0
17952,2021-01-18 00:00:00,595.13,563.0,55.0,2.0,0.0,35.0,98.0,5.0
17953,2021-01-18 01:00:00,599.35,541.0,57.0,2.0,0.0,23.0,98.0,5.0
17954,2021-01-18 02:00:00,606.16,548.0,56.0,2.0,0.0,21.0,94.0,5.0
17955,2021-01-18 03:00:00,608.68,548.0,56.0,2.0,0.0,16.0,96.0,5.0
17956,2021-01-18 04:00:00,610.03,557.0,55.0,2.0,0.0,18.0,95.0,5.0
17957,2021-01-18 05:00:00,607.17,564.0,53.0,1.0,0.0,26.0,94.0,5.0
17958,2021-01-18 06:00:00,610.37,562.0,52.0,1.0,0.0,22.0,94.0,5.0
17959,2021-01-18 07:00:00,616.29,564.0,53.0,1.0,0.0,16.0,93.0,5.0
17960,2021-01-18 08:00:00,616.43,569.0,53.0,1.0,1.0,16.0,93.0,5.0
17961,2021-01-18 09:00:00,612.51,566.0,53.0,1.0,1.0,19.0,94.0,5.0
17962,2021-01-18 10:00:00,609.19,565.0,55.0,1.0,1.0,21.0,95.0,5.0
17963,2021-01-18 11:00:00,605.81,566.0,56.0,1.0,1.0,25.0,95.0,5.0
17964,2021-01-18 12:00:00,604.93,568.0,55.0,1.0,0.0,29.0,94.0,5.0
17965,2021-01-18 13:00:00,594.88,561.0,57.0,1.0,0.0,37.0,96.0,5.0
17966,2021-01-18 14:00:00,591.63,560.0,54.0,1.0,0.0,41.0,97.0,5.0
17967,2021-01-18 15:00:00,590.34,559.0,55.0,1.0,0.0,42.0,97.0,5.0
17968,2021-01-18 16:00:00,585.68,561.0,54.0,1.0,0.0,47.0,99.0,5.0
17969,2021-01-18 17:00:00,578.37,549.0,51.0,1.0,0.0,53.0,100.0,5.0
17970,2021-01-18 18:00:00,582.15,555.0,48.0,1.0,0.0,51.0,100.0,5.0
17971,2021-01-18 19:00:00,573.17,534.0,51.0,1.0,0.0,56.0,99.0,5.0
17972,2021-01-18 20:00:00,572.75,562.0,53.0,1.0,0.0,65.0,99.0,5.0
17973,2021-01-18 21:00:00,576.07,597.0,52.0,1.0,0.0,71.0,100.0,5.0
17974,2021-01-18 22:00:00,543.77,492.0,53.0,1.0,0.0,79.0,99.0,5.0
17975,2021-01-18 23:00:00,499.89,357.0,52.0,1.0,0.0,76.0,96.0,5.0
17976,2021-01-19 00:00:00,492.92,338.0,52.0,1.0,0.0,76.0,94.0,5.0
17977,2021-01-19 01:00:00,479.96,328.0,54.0,1.0,0.0,85.0,94.0,5.0
17978,2021-01-19 02:00:00,484.06,329.0,53.0,1.0,0.0,84.0,91.0,5.0
17979,2021-01-19 03:00:00,517.85,399.0,53.0,1.0,0.0,75.0,96.0,5.0
17980,2021-01-19 04:00:00,547.6,494.0,52.0,1.0,0.0,77.0,97.0,5.0
17981,2021-01-19 05:00:00,542.11,479.0,53.0,1.0,0.0,79.0,96.0,5.0
17982,2021-01-19 06:00:00,561.47,541.0,54.0,1.0,0.0,77.0,95.0,5.0
17983,2021-01-19 07:00:00,552.25,520.0,54.0,1.0,0.0,82.0,95.0,5.0
17984,2021-01-19 08:00:00,561.03,560.0,55.0,2.0,0.0,83.0,95.0,5.0
17985,2021-01-19 09:00:00,562.02,561.0,49.0,2.0,1.0,83.0,95.0,5.0
17986,2021-01-19 10:00:00,576.94,586.0,36.0,2.0,1.0,75.0,95.0,5.0
17987,2021-01-19 11:00:00,573.67,581.0,33.0,2.0,1.0,79.0,95.0,5.0
17988,2021-01-19 12:00:00,573.81,560.0,33.0,2.0,0.0,73.0,95.0,5.0
17989,2021-01-19 13:00:00,571.89,540.0,33.0,2.0,0.0,70.0,94.0,5.0
17990,2021-01-19 14:00:00,567.75,525.0,34.0,2.0,0.0,68.0,96.0,5.0
17991,2021-01-19 15:00:00,562.84,523.0,33.0,2.0,0.0,75.0,95.0,5.0
17992,2021-01-19 16:00:00,563.38,525.0,33.0,1.0,0.0,75.0,96.0,5.0
17993,2021-01-19 17:00:00,558.26,522.0,32.0,1.0,0.0,81.0,96.0,5.0
17994,2021-01-19 18:00:00,537.53,484.0,31.0,1.0,0.0,94.0,96.0,5.0
17995,2021-01-19 19:00:00,533.03,469.0,33.0,1.0,0.0,93.0,96.0,5.0
17996,2021-01-19 20:00:00,517.76,440.0,33.0,1.0,0.0,101.0,95.0,5.0
17997,2021-01-19 21:00:00,500.1,395.0,27.0,1.0,0.0,102.0,96.0,5.0
17998,2021-01-19 22:00:00,503.86,395.0,32.0,1.0,0.0,96.0,96.0,5.0
17999,2021-01-19 23:00:00,528.1,433.0,32.0,1.0,0.0,84.0,96.0,5.0
18000,2021-01-20 00:00:00,538.09,472.0,32.0,1.0,0.0,88.0,96.0,5.0
18001,2021-01-20 01:00:00,536.78,472.0,31.0,1.0,0.0,89.0,97.0,5.0
18002,2021-01-20 02:00:00,539.36,472.0,30.0,1.0,0.0,89.0,94.0,5.0
18003,2021-01-20 03:00:00,520.91,466.0,29.0,1.0,0.0,110.0,95.0,5.0
18004,2021-01-20 04:00:00,509.93,493.0,27.0,1.0,0.0,138.0,96.0,5.0
18005,2021-01-20 05:00:00,525.59,553.0,24.0,1.0,0.0,145.0,94.0,5.0
18006,2021-01-20 06:00:00,523.77,579.0,26.0,1.0,0.0,159.0,94.0,5.0
18007,2021-01-20 07:00:00,512.35,561.0,28.0,1.0,1.0,170.0,92.0,5.0
18008,2021-01-20 08:00:00,531.13,575.0,27.0,1.0,1.0,164.0,74.0,5.0
18009,2021-01-20 09:00:00,540.9,576.0,21.0,1.0,2.0,149.0,75.0,5.0
18010,2021-01-20 10:00:00,546.06,574.0,16.0,1.0,2.0,131.0,86.0,5.0
18011,2021-01-20 11:00:00,541.35,575.0,27.0,1.0,1.0,128.0,94.0,5.0
18012,2021-01-20 12:00:00,529.96,573.0,27.0,1.0,1.0,144.0,95.0,5.0
18013,2021-01-20 13:00:00,517.66,538.0,26.0,1.0,0.0,149.0,95.0,5.0
18014,2021-01-20 14:00:00,506.14,525.0,26.0,1.0,0.0,157.0,99.0,5.0
18015,2021-01-20 15:00:00,516.02,557.0,28.0,1.0,0.0,157.0,98.0,5.0
18016,2021-01-20 16:00:00,520.68,580.0,28.0,1.0,0.0,160.0,98.0,5.0
18017,2021-01-20 17:00:00,530.87,581.0,27.0,1.0,0.0,144.0,98.0,5.0
18018,2021-01-20 18:00:00,521.26,559.0,26.0,1.0,0.0,149.0,99.0,5.0
18019,2021-01-20 19:00:00,492.5,478.0,26.0,1.0,0.0,158.0,95.0,5.0
18020,2021-01-20 20:00:00,427.02,323.0,27.0,1.0,0.0,156.0,93.0,5.0
18021,2021-01-20 21:00:00,432.37,321.0,27.0,1.0,0.0,146.0,94.0,5.0
18022,2021-01-20 22:00:00,453.68,349.0,27.0,2.0,0.0,135.0,95.0,5.0
18023,2021-01-20 23:00:00,453.94,327.0,26.0,2.0,0.0,121.0,94.0,5.0
18024,2021-01-21 00:00:00,463.57,346.0,27.0,2.0,0.0,122.0,93.0,5.0
18025,2021-01-21 01:00:00,478.62,368.0,28.0,2.0,0.0,116.0,93.0,5.0
18026,2021-01-21 02:00:00,481.79,349.0,28.0,2.0,0.0,104.0,90.0,5.0
18027,2021-01-21 03:00:00,476.83,331.0,25.0,2.0,0.0,98.0,92.0,5.0
18028,2021-01-21 04:00:00,507.23,382.0,26.0,2.0,0.0,89.0,93.0,5.0
18029,2021-01-21 05:00:00,511.56,390.0,29.0,2.0,0.0,87.0,93.0,5.0
18030,2021-01-21 06:00:00,513.39,401.0,33.0,2.0,0.0,88.0,94.0,5.0
18031,2021-01-21 07:00:00,545.1,465.0,33.0,2.0,0.0,77.0,94.0,5.0
18032,2021-01-21 08:00:00,551.03,486.0,29.0,2.0,1.0,77.0,95.0,5.0
18033,2021-01-21 09:00:00,560.38,498.0,31.0,1.0,1.0,70.0,95.0,5.0
18034,2021-01-21 10:00:00,561.74,499.0,30.0,1.0,1.0,68.0,96.0,5.0
18035,2021-01-21 11:00:00,563.6,499.0,32.0,1.0,1.0,66.0,95.0,5.0
18036,2021-01-21 12:00:00,556.43,499.0,35.0,1.0,1.0,75.0,94.0,5.0
18037,2021-01-21 13:00:00,531.24,461.0,36.0,1.0,0.0,91.0,96.0,5.0
18038,2021-01-21 14:00:00,508.09,437.0,38.0,1.0,0.0,109.0,97.0,5.0
18039,2021-01-21 15:00:00,511.68,464.0,39.0,1.0,0.0,117.0,97.0,5.0
18040,2021-01-21 16:00:00,501.15,467.0,38.0,1.0,0.0,133.0,98.0,5.0
18041,2021-01-21 17:00:00,470.91,403.0,35.0,1.0,0.0,142.0,98.0,5.0
18042,2021-01-21 18:00:00,473.3,401.0,32.0,1.0,0.0,138.0,98.0,5.0
18043,2021-01-21 19:00:00,444.75,326.0,33.0,1.0,0.0,131.0,95.0,5.0
18044,2021-01-21 20:00:00,434.46,314.0,33.0,1.0,0.0,137.0,94.0,5.0
18045,2021-01-21 21:00:00,413.38,312.0,34.0,1.0,0.0,163.0,96.0,5.0
18046,2021-01-21 22:00:00,419.96,313.0,36.0,1.0,0.0,154.0,96.0,5.0
18047,2021-01-21 23:00:00,418.76,309.0,40.0,1.0,0.0,153.0,95.0,5.0
18048,2021-01-22 00:00:00,420.8,309.0,49.0,1.0,0.0,150.0,94.0,5.0
18049,2021-01-22 01:00:00,432.76,308.0,52.0,1.0,0.0,132.0,94.0,5.0
18050,2021-01-22 02:00:00,432.29,303.0,51.0,1.0,0.0,132.0,91.0,5.0
18051,2021-01-22 03:00:00,429.08,304.0,52.0,1.0,0.0,136.0,92.0,5.0
18052,2021-01-22 04:00:00,457.83,345.0,52.0,1.0,0.0,127.0,91.0,5.0
18053,2021-01-22 05:00:00,462.17,350.0,54.0,1.0,0.0,125.0,90.0,5.0
18054,2021-01-22 06:00:00,489.28,427.0,58.0,1.0,0.0,127.0,95.0,5.0
18055,2021-01-22 07:00:00,486.39,411.0,59.0,2.0,1.0,122.0,93.0,5.0
18056,2021-01-22 08:00:00,482.75,405.0,58.0,2.0,3.0,120.0,95.0,5.0
18057,2021-01-22 09:00:00,473.66,414.0,61.0,2.0,6.0,137.0,93.0,5.0
18058,2021-01-22 10:00:00,473.81,428.0,62.0,2.0,7.0,156.0,81.0,5.0
18059,2021-01-22 11:00:00,467.11,449.0,61.0,2.0,6.0,170.0,92.0,5.0
18060,2021-01-22 12:00:00,454.92,440.0,61.0,2.0,4.0,197.0,82.0,5.0
18061,2021-01-22 13:00:00,439.65,427.0,61.0,2.0,2.0,207.0,92.0,5.0
18062,2021-01-22 14:00:00,436.61,427.0,58.0,2.0,0.0,210.0,97.0,5.0
18063,2021-01-22 15:00:00,443.61,472.0,61.0,2.0,0.0,228.0,98.0,5.0
18064,2021-01-22 16:00:00,445.21,483.0,59.0,2.0,0.0,233.0,98.0,5.0
18065,2021-01-22 17:00:00,420.5,425.0,58.0,2.0,0.0,237.0,99.0,5.0
18066,2021-01-22 18:00:00,421.94,429.0,53.0,1.0,0.0,239.0,99.0,5.0
18067,2021-01-22 19:00:00,439.55,465.0,54.0,1.0,0.0,234.0,97.0,5.0
18068,2021-01-22 20:00:00,437.59,443.0,58.0,1.0,0.0,224.0,94.0,5.0
18069,2021-01-22 21:00:00,404.18,327.0,59.0,1.0,0.0,188.0,96.0,5.0
18070,2021-01-22 22:00:00,463.39,416.0,57.0,1.0,0.0,156.0,99.0,5.0
18071,2021-01-22 23:00:00,423.32,331.0,56.0,1.0,0.0,161.0,96.0,5.0
18072,2021-01-23 00:00:00,408.29,316.0,56.0,1.0,0.0,174.0,94.0,5.0
18073,2021-01-23 01:00:00,406.64,320.0,57.0,1.0,0.0,179.0,95.0,5.0
18074,2021-01-23 02:00:00,397.71,318.0,56.0,1.0,0.0,196.0,91.0,5.0
18075,2021-01-23 03:00:00,390.91,312.0,55.0,1.0,0.0,201.0,92.0,5.0
18076,2021-01-23 04:00:00,386.77,313.0,57.0,1.0,0.0,209.0,92.0,5.0
18077,2021-01-23 05:00:00,392.13,310.0,56.0,1.0,0.0,196.0,93.0,5.0
18078,2021-01-23 06:00:00,394.04,308.0,55.0,1.0,0.0,191.0,93.0,5.0
18079,2021-01-23 07:00:00,430.72,397.0,58.0,1.0,3.0,197.0,96.0,5.0
18080,2021-01-23 08:00:00,436.18,414.0,59.0,1.0,11.0,191.0,97.0,5.0
18081,2021-01-23 09:00:00,436.13,411.0,58.0,1.0,18.0,183.0,96.0,5.0
18082,2021-01-23 10:00:00,444.28,403.0,59.0,1.0,20.0,162.0,95.0,5.0
18083,2021-01-23 11:00:00,450.07,406.0,56.0,1.0,18.0,156.0,96.0,5.0
18084,2021-01-23 12:00:00,459.19,407.0,56.0,1.0,11.0,148.0,97.0,5.0
18085,2021-01-23 13:00:00,464.83,378.0,55.0,1.0,5.0,128.0,96.0,5.0
18086,2021-01-23 14:00:00,465.33,358.0,58.0,1.0,0.0,118.0,97.0,5.0
18087,2021-01-23 15:00:00,484.25,364.0,56.0,1.0,0.0,97.0,97.0,5.0
18088,2021-01-23 16:00:00,499.0,378.0,56.0,1.0,0.0,85.0,98.0,5.0
18089,2021-01-23 17:00:00,504.67,378.0,56.0,1.0,0.0,78.0,98.0,5.0
18090,2021-01-23 18:00:00,524.95,397.0,55.0,1.0,0.0,61.0,100.0,5.0
18091,2021-01-23 19:00:00,518.09,362.0,58.0,2.0,0.0,55.0,96.0,5.0
18092,2021-01-23 20:00:00,503.73,308.0,58.0,2.0,0.0,46.0,94.0,5.0
18093,2021-01-23 21:00:00,489.97,310.0,56.0,2.0,0.0,61.0,95.0,5.0
18094,2021-01-23 22:00:00,453.49,266.0,55.0,2.0,0.0,74.0,95.0,5.0
18095,2021-01-23 23:00:00,475.82,295.0,55.0,2.0,0.0,69.0,94.0,5.0
18096,2021-01-24 00:00:00,457.86,275.0,56.0,2.0,0.0,78.0,92.0,5.0
18097,2021-01-24 01:00:00,422.35,263.0,57.0,2.0,0.0,110.0,93.0,5.0
18098,2021-01-24 02:00:00,403.02,266.0,58.0,2.0,0.0,140.0,91.0,5.0
18099,2021-01-24 03:00:00,384.9,243.0,59.0,2.0,0.0,142.0,93.0,5.0
18100,2021-01-24 04:00:00,405.12,266.0,59.0,1.0,0.0,136.0,93.0,5.0
18101,2021-01-24 05:00:00,392.95,256.0,59.0,1.0,0.0,143.0,94.0,5.0
18102,2021-01-24 06:00:00,439.2,302.0,58.0,1.0,0.0,118.0,94.0,5.0
18103,2021-01-24 07:00:00,479.51,371.0,57.0,1.0,2.0,107.0,95.0,5.0
18104,2021-01-24 08:00:00,506.52,431.0,57.0,1.0,5.0,96.0,99.0,5.0
18105,2021-01-24 09:00:00,510.17,430.0,59.0,1.0,7.0,88.0,99.0,5.0
18106,2021-01-24 10:00:00,522.52,430.0,58.0,1.0,7.0,72.0,99.0,5.0
18107,2021-01-24 11:00:00,541.3,430.0,57.0,1.0,6.0,50.0,99.0,5.0
18108,2021-01-24 12:00:00,542.39,410.0,56.0,1.0,4.0,44.0,98.0,5.0
18109,2021-01-24 13:00:00,550.69,424.0,56.0,1.0,1.0,44.0,97.0,5.0
18110,2021-01-24 14:00:00,562.88,458.0,54.0,1.0,0.0,41.0,100.0,5.0
18111,2021-01-24 15:00:00,575.51,498.0,55.0,1.0,0.0,38.0,101.0,5.0
18112,2021-01-24 16:00:00,582.4,492.0,52.0,1.0,0.0,29.0,101.0,5.0
18113,2021-01-24 17:00:00,586.43,490.0,54.0,1.0,0.0,23.0,101.0,5.0
18114,2021-01-24 18:00:00,584.78,487.0,54.0,1.0,0.0,24.0,101.0,5.0
18115,2021-01-24 19:00:00,582.21,485.0,55.0,1.0,0.0,26.0,101.0,5.0
18116,2021-01-24 20:00:00,581.01,487.0,55.0,1.0,0.0,29.0,100.0,5.0
18117,2021-01-24 21:00:00,584.93,490.0,56.0,1.0,0.0,25.0,100.0,5.0
18118,2021-01-24 22:00:00,583.73,480.0,57.0,1.0,0.0,24.0,99.0,5.0
18119,2021-01-24 23:00:00,576.7,443.0,58.0,1.0,0.0,23.0,96.0,5.0
18120,2021-01-25 00:00:00,572.48,442.0,56.0,1.0,0.0,31.0,93.0,5.0
18121,2021-01-25 01:00:00,577.42,480.0,55.0,1.0,0.0,37.0,94.0,5.0
18122,2021-01-25 02:00:00,578.61,476.0,56.0,1.0,0.0,37.0,91.0,5.0
18123,2021-01-25 03:00:00,565.94,450.0,56.0,1.0,0.0,41.0,93.0,5.0
18124,2021-01-25 04:00:00,580.82,534.0,57.0,1.0,0.0,49.0,94.0,5.0
18125,2021-01-25 05:00:00,571.99,554.0,57.0,2.0,0.0,64.0,96.0,5.0
18126,2021-01-25 06:00:00,552.92,534.0,58.0,2.0,0.0,86.0,93.0,5.0
18127,2021-01-25 07:00:00,542.87,573.0,58.0,2.0,1.0,112.0,96.0,5.0
18128,2021-01-25 08:00:00,522.64,575.0,57.0,2.0,2.0,144.0,97.0,5.0
18129,2021-01-25 09:00:00,516.02,568.0,57.0,2.0,5.0,150.0,96.0,5.0
18130,2021-01-25 10:00:00,503.71,575.0,57.0,2.0,8.0,173.0,95.0,4.0
18131,2021-01-25 11:00:00,502.72,572.0,58.0,2.0,9.0,171.0,96.0,4.0
18132,2021-01-25 12:00:00,505.22,566.0,56.0,2.0,6.0,167.0,96.0,4.0
18133,2021-01-25 13:00:00,510.04,567.0,56.0,2.0,2.0,163.0,96.0,4.0
18134,2021-01-25 14:00:00,507.64,547.0,57.0,1.0,0.0,160.0,96.0,4.0
18135,2021-01-25 15:00:00,497.7,537.0,57.0,1.0,0.0,173.0,95.0,4.0
18136,2021-01-25 16:00:00,494.93,534.0,58.0,1.0,0.0,175.0,96.0,4.0
18137,2021-01-25 17:00:00,500.14,535.0,56.0,1.0,0.0,168.0,95.0,4.0
18138,2021-01-25 18:00:00,507.23,531.0,56.0,1.0,0.0,153.0,96.0,4.0
18139,2021-01-25 19:00:00,533.92,546.0,57.0,1.0,0.0,117.0,96.0,4.0
18140,2021-01-25 20:00:00,544.77,541.0,56.0,1.0,0.0,98.0,97.0,4.0
18141,2021-01-25 21:00:00,555.1,527.0,56.0,1.0,0.0,77.0,98.0,4.0
18142,2021-01-25 22:00:00,579.17,522.0,58.0,1.0,0.0,42.0,99.0,4.0
18143,2021-01-25 23:00:00,593.35,529.0,57.0,1.0,0.0,28.0,98.0,4.0
18144,2021-01-26 00:00:00,600.74,526.0,58.0,1.0,0.0,20.0,96.0,4.0
18145,2021-01-26 01:00:00,606.45,527.0,57.0,1.0,0.0,14.0,96.0,4.0
18146,2021-01-26 02:00:00,612.63,533.0,58.0,1.0,0.0,11.0,93.0,4.0
18147,2021-01-26 03:00:00,609.26,536.0,57.0,1.0,0.0,14.0,95.0,4.0
18148,2021-01-26 04:00:00,613.66,543.0,56.0,1.0,0.0,12.0,94.0,4.0
18149,2021-01-26 05:00:00,617.08,560.0,56.0,1.0,0.0,14.0,92.0,4.0
18150,2021-01-26 06:00:00,616.06,560.0,49.0,1.0,0.0,17.0,93.0,4.0
18151,2021-01-26 07:00:00,613.33,555.0,39.0,1.0,1.0,22.0,93.0,4.0
18152,2021-01-26 08:00:00,613.7,561.0,39.0,1.0,3.0,21.0,93.0,4.0
18153,2021-01-26 09:00:00,605.9,552.0,39.0,1.0,4.0,27.0,93.0,4.0
18154,2021-01-26 10:00:00,600.3,560.0,36.0,1.0,4.0,38.0,92.0,4.0
18155,2021-01-26 11:00:00,593.81,555.0,43.0,1.0,4.0,41.0,93.0,4.0
18156,2021-01-26 12:00:00,577.88,559.0,56.0,1.0,3.0,59.0,93.0,4.0
18157,2021-01-26 13:00:00,568.07,558.0,59.0,1.0,1.0,74.0,92.0,4.0
18158,2021-01-26 14:00:00,565.41,552.0,58.0,1.0,0.0,77.0,92.0,4.0
18159,2021-01-26 15:00:00,561.4,555.0,57.0,1.0,0.0,82.0,94.0,4.0
18160,2021-01-26 16:00:00,559.25,566.0,57.0,1.0,0.0,86.0,97.0,4.0
18161,2021-01-26 17:00:00,554.03,558.0,56.0,1.0,0.0,90.0,98.0,4.0
18162,2021-01-26 18:00:00,551.83,561.0,54.0,1.0,0.0,94.0,99.0,4.0
18163,2021-01-26 19:00:00,554.33,561.0,55.0,1.0,0.0,91.0,98.0,4.0
18164,2021-01-26 20:00:00,540.51,542.0,55.0,1.0,0.0,104.0,98.0,4.0
18165,2021-01-26 21:00:00,538.53,538.0,56.0,1.0,0.0,103.0,100.0,4.0
18166,2021-01-26 22:00:00,545.99,537.0,58.0,1.0,0.0,91.0,100.0,4.0
18167,2021-01-26 23:00:00,549.42,529.0,58.0,1.0,0.0,84.0,99.0,4.0
18168,2021-01-27 00:00:00,559.79,530.0,58.0,1.0,0.0,72.0,97.0,4.0
18169,2021-01-27 01:00:00,563.48,529.0,57.0,1.0,0.0,66.0,98.0,4.0
18170,2021-01-27 02:00:00,577.49,530.0,57.0,1.0,0.0,51.0,95.0,4.0
18171,2021-01-27 03:00:00,596.33,532.0,55.0,1.0,0.0,29.0,95.0,4.0
18172,2021-01-27 04:00:00,600.95,531.0,53.0,1.0,0.0,23.0,96.0,4.0
18173,2021-01-27 05:00:00,592.39,509.0,53.0,1.0,0.0,28.0,95.0,4.0
18174,2021-01-27 06:00:00,599.29,534.0,55.0,1.0,0.0,27.0,94.0,4.0
18175,2021-01-27 07:00:00,593.14,533.0,58.0,1.0,1.0,32.0,94.0,4.0
18176,2021-01-27 08:00:00,499.62,280.0,56.0,1.0,3.0,33.0,95.0,4.0
18177,2021-01-27 09:00:00,546.94,401.0,60.0,1.0,4.0,37.0,95.0,4.0
18178,2021-01-27 10:00:00,542.45,382.0,58.0,1.0,5.0,41.0,88.0,4.0
18179,2021-01-27 11:00:00,575.21,518.0,60.0,1.0,5.0,47.0,92.0,4.0
18180,2021-01-27 12:00:00,586.48,545.0,60.0,1.0,3.0,42.0,93.0,5.0
18181,2021-01-27 13:00:00,582.14,530.0,60.0,1.0,1.0,43.0,95.0,5.0
18182,2021-01-27 14:00:00,589.09,531.0,59.0,1.0,0.0,37.0,94.0,5.0
18183,2021-01-27 15:00:00,591.17,554.0,59.0,1.0,0.0,37.0,98.0,5.0
18184,2021-01-27 16:00:00,595.29,567.0,60.0,1.0,0.0,34.0,99.0,5.0
18185,2021-01-27 17:00:00,596.02,564.0,58.0,1.0,0.0,33.0,99.0,5.0
18186,2021-01-27 18:00:00,603.71,569.0,57.0,1.0,0.0,25.0,99.0,5.0
18187,2021-01-27 19:00:00,599.69,565.0,57.0,1.0,0.0,31.0,97.0,5.0
18188,2021-01-27 20:00:00,597.03,560.0,57.0,1.0,0.0,31.0,99.0,5.0
18189,2021-01-27 21:00:00,584.82,530.0,59.0,1.0,0.0,40.0,96.0,5.0
18190,2021-01-27 22:00:00,585.65,531.0,57.0,1.0,0.0,41.0,95.0,5.0
18191,2021-01-27 23:00:00,578.72,499.0,59.0,1.0,0.0,40.0,94.0,5.0
18192,2021-01-28 00:00:00,592.44,523.0,58.0,1.0,0.0,32.0,93.0,5.0
18193,2021-01-28 01:00:00,603.19,531.0,59.0,1.0,0.0,21.0,93.0,5.0
18194,2021-01-28 02:00:00,604.4,532.0,56.0,1.0,0.0,22.0,92.0,5.0
18195,2021-01-28 03:00:00,605.77,525.0,55.0,1.0,0.0,20.0,91.0,5.0
18196,2021-01-28 04:00:00,607.49,528.0,57.0,1.0,0.0,15.0,94.0,5.0
18197,2021-01-28 05:00:00,618.53,552.0,57.0,1.0,0.0,7.0,95.0,5.0
18198,2021-01-28 06:00:00,616.94,538.0,56.0,1.0,0.0,5.0,96.0,5.0
18199,2021-01-28 07:00:00,617.88,547.0,56.0,1.0,1.0,5.0,96.0,5.0
18200,2021-01-28 08:00:00,617.73,561.0,57.0,1.0,3.0,6.0,96.0,5.0
18201,2021-01-28 09:00:00,616.94,563.0,58.0,1.0,4.0,6.0,96.0,5.0
18202,2021-01-28 10:00:00,613.53,556.0,59.0,1.0,5.0,8.0,95.0,5.0
18203,2021-01-28 11:00:00,602.63,517.0,59.0,1.0,5.0,10.0,96.0,5.0
18204,2021-01-28 12:00:00,604.58,514.0,59.0,1.0,3.0,9.0,96.0,5.0
18205,2021-01-28 13:00:00,605.44,510.0,59.0,1.0,1.0,9.0,96.0,5.0
18206,2021-01-28 14:00:00,607.25,511.0,57.0,1.0,0.0,10.0,95.0,5.0
18207,2021-01-28 15:00:00,603.3,511.0,53.0,1.0,0.0,13.0,98.0,5.0
18208,2021-01-28 16:00:00,615.41,546.0,35.0,1.0,0.0,14.0,99.0,5.0
18209,2021-01-28 17:00:00,615.32,549.0,32.0,1.0,0.0,16.0,99.0,5.0
18210,2021-01-28 18:00:00,615.0,550.0,31.0,1.0,0.0,16.0,100.0,5.0
18211,2021-01-28 19:00:00,611.08,529.0,32.0,1.0,0.0,18.0,97.0,5.0
18212,2021-01-28 20:00:00,612.08,527.0,33.0,1.0,0.0,16.0,97.0,5.0
18213,2021-01-28 21:00:00,608.62,534.0,32.0,1.0,0.0,21.0,98.0,5.0
18214,2021-01-28 22:00:00,604.02,525.0,37.0,1.0,0.0,25.0,95.0,5.0
18215,2021-01-28 23:00:00,603.22,520.0,36.0,1.0,0.0,27.0,93.0,5.0
18216,2021-01-29 00:00:00,597.94,525.0,37.0,1.0,0.0,35.0,92.0,5.0
18217,2021-01-29 01:00:00,597.67,527.0,34.0,1.0,0.0,37.0,92.0,5.0
18218,2021-01-29 02:00:00,602.63,526.0,34.0,1.0,0.0,33.0,90.0,5.0
18219,2021-01-29 03:00:00,609.04,527.0,34.0,1.0,0.0,25.0,91.0,5.0
18220,2021-01-29 04:00:00,604.11,531.0,33.0,1.0,0.0,32.0,91.0,5.0
18221,2021-01-29 05:00:00,601.33,553.0,33.0,1.0,0.0,40.0,92.0,5.0
18222,2021-01-29 06:00:00,599.66,565.0,31.0,1.0,0.0,45.0,93.0,5.0
18223,2021-01-29 07:00:00,596.85,561.0,32.0,1.0,0.0,48.0,92.0,5.0
18224,2021-01-29 08:00:00,591.52,560.0,33.0,1.0,1.0,52.0,93.0,5.0
18225,2021-01-29 09:00:00,578.86,557.0,34.0,1.0,2.0,67.0,92.0,5.0
18226,2021-01-29 10:00:00,564.45,557.0,35.0,1.0,2.0,86.0,92.0,5.0
18227,2021-01-29 11:00:00,568.39,558.0,32.0,1.0,2.0,81.0,93.0,5.0
18228,2021-01-29 12:00:00,564.51,562.0,34.0,1.0,1.0,89.0,92.0,5.0
18229,2021-01-29 13:00:00,551.49,536.0,33.0,1.0,0.0,100.0,91.0,5.0
18230,2021-01-29 14:00:00,544.58,546.0,32.0,1.0,0.0,114.0,91.0,5.0
18231,2021-01-29 15:00:00,545.23,561.0,35.0,1.0,0.0,116.0,93.0,5.0
18232,2021-01-29 16:00:00,546.8,561.0,34.0,1.0,0.0,112.0,95.0,5.0
18233,2021-01-29 17:00:00,541.38,560.0,33.0,1.0,0.0,120.0,95.0,5.0
18234,2021-01-29 18:00:00,539.69,566.0,33.0,1.0,0.0,124.0,96.0,5.0
18235,2021-01-29 19:00:00,533.59,532.0,33.0,1.0,0.0,123.0,92.0,5.0
18236,2021-01-29 20:00:00,533.1,531.0,34.0,1.0,0.0,123.0,92.0,5.0
18237,2021-01-29 21:00:00,535.58,534.0,36.0,1.0,0.0,118.0,94.0,5.0
18238,2021-01-29 22:00:00,521.64,482.0,37.0,1.0,0.0,118.0,91.0,5.0
18239,2021-01-29 23:00:00,524.75,485.0,37.0,1.0,0.0,116.0,90.0,5.0
18240,2021-01-30 00:00:00,522.19,462.0,34.0,1.0,0.0,111.0,89.0,5.0
18241,2021-01-30 01:00:00,533.16,488.0,36.0,1.0,0.0,107.0,89.0,5.0
18242,2021-01-30 02:00:00,539.72,490.0,36.0,1.0,0.0,103.0,85.0,5.0
18243,2021-01-30 03:00:00,535.05,510.0,35.0,1.0,0.0,116.0,87.0,5.0
18244,2021-01-30 04:00:00,534.86,507.0,35.0,1.0,0.0,113.0,89.0,5.0
18245,2021-01-30 05:00:00,528.59,486.0,34.0,1.0,0.0,112.0,90.0,5.0
18246,2021-01-30 06:00:00,542.47,515.0,34.0,1.0,0.0,106.0,89.0,5.0
18247,2021-01-30 07:00:00,539.71,499.0,35.0,1.0,0.0,104.0,88.0,5.0
18248,2021-01-30 08:00:00,554.61,535.0,34.0,1.0,0.0,96.0,90.0,5.0
18249,2021-01-30 09:00:00,564.97,532.0,34.0,1.0,1.0,80.0,90.0,5.0
18250,2021-01-30 10:00:00,571.89,535.0,34.0,1.0,1.0,71.0,91.0,5.0
18251,2021-01-30 11:00:00,577.4,534.0,33.0,1.0,1.0,65.0,90.0,5.0
18252,2021-01-30 12:00:00,581.36,533.0,35.0,1.0,0.0,59.0,91.0,5.0
18253,2021-01-30 13:00:00,574.13,515.0,33.0,1.0,0.0,64.0,90.0,5.0
18254,2021-01-30 14:00:00,571.43,520.0,33.0,1.0,0.0,67.0,92.0,5.0
18255,2021-01-30 15:00:00,556.23,481.0,34.0,1.0,0.0,73.0,91.0,5.0
18256,2021-01-30 16:00:00,574.16,548.0,32.0,1.0,0.0,71.0,94.0,5.0
18257,2021-01-30 17:00:00,582.94,561.0,31.0,1.0,0.0,63.0,95.0,5.0
18258,2021-01-30 18:00:00,581.87,552.0,30.0,1.0,0.0,61.0,96.0,5.0
18259,2021-01-30 19:00:00,584.2,551.0,32.0,1.0,0.0,59.0,94.0,5.0
18260,2021-01-30 20:00:00,572.3,521.0,28.0,1.0,0.0,67.0,93.0,5.0
18261,2021-01-30 21:00:00,571.96,529.0,31.0,1.0,0.0,67.0,95.0,5.0
18262,2021-01-30 22:00:00,568.78,501.0,30.0,1.0,0.0,63.0,94.0,5.0
18263,2021-01-30 23:00:00,576.63,517.0,29.0,1.0,0.0,59.0,94.0,5.0
18264,2021-01-31 00:00:00,579.57,520.0,30.0,1.0,0.0,58.0,92.0,5.0
18265,2021-01-31 01:00:00,574.14,521.0,30.0,1.0,0.0,67.0,90.0,5.0
18266,2021-01-31 02:00:00,573.98,501.0,32.0,1.0,0.0,64.0,86.0,5.0
18267,2021-01-31 03:00:00,574.4,522.0,30.0,1.0,0.0,67.0,90.0,5.0
18268,2021-01-31 04:00:00,570.07,488.0,36.0,1.0,0.0,60.0,89.0,5.0
18269,2021-01-31 05:00:00,581.35,522.0,34.0,1.0,0.0,56.0,91.0,5.0
18270,2021-01-31 06:00:00,589.0,518.0,33.0,1.0,0.0,46.0,91.0,5.0
18271,2021-01-31 07:00:00,584.32,488.0,29.0,1.0,0.0,45.0,90.0,5.0
18272,2021-01-31 08:00:00,581.76,499.0,27.0,1.0,1.0,52.0,89.0,5.0
18273,2021-01-31 09:00:00,585.43,537.0,30.0,1.0,1.0,56.0,91.0,5.0
18274,2021-01-31 10:00:00,573.47,500.0,30.0,1.0,1.0,60.0,90.0,5.0
18275,2021-01-31 11:00:00,568.98,474.0,32.0,1.0,1.0,56.0,90.0,5.0
18276,2021-01-31 12:00:00,575.4,474.0,31.0,1.0,1.0,50.0,89.0,5.0
18277,2021-01-31 13:00:00,581.46,473.0,28.0,1.0,0.0,45.0,89.0,5.0
18278,2021-01-31 14:00:00,595.72,496.0,28.0,1.0,0.0,34.0,91.0,5.0
18279,2021-01-31 15:00:00,604.08,535.0,28.0,1.0,0.0,31.0,95.0,5.0
18280,2021-01-31 16:00:00,604.3,553.0,29.0,1.0,0.0,32.0,98.0,5.0
18281,2021-01-31 17:00:00,594.25,544.0,28.0,1.0,0.0,42.0,98.0,5.0
18282,2021-01-31 18:00:00,588.22,550.0,31.0,1.0,0.0,50.0,98.0,5.0
18283,2021-01-31 19:00:00,574.89,523.0,32.0,1.0,0.0,60.0,96.0,5.0
18284,2021-01-31 20:00:00,571.75,513.0,31.0,1.0,0.0,62.0,95.0,5.0
18285,2021-01-31 21:00:00,567.75,515.0,30.0,1.0,0.0,67.0,96.0,5.0
18286,2021-01-31 22:00:00,569.08,521.0,31.0,1.0,0.0,67.0,96.0,5.0
18287,2021-01-31 23:00:00,580.45,532.0,29.0,1.0,0.0,59.0,94.0,5.0
18288,2021-02-01 00:00:00,583.1,523.0,29.0,1.0,0.0,53.0,94.0,5.0
18289,2021-02-01 01:00:00,584.69,594.0,30.0,1.0,0.0,71.0,95.0,5.0
18290,2021-02-01 02:00:00,592.02,612.0,28.0,1.0,0.0,70.0,92.0,5.0
18291,2021-02-01 03:00:00,588.18,626.0,29.0,1.0,0.0,79.0,92.0,5.0
18292,2021-02-01 04:00:00,601.48,711.0,29.0,1.0,0.0,83.0,92.0,5.0
18293,2021-02-01 05:00:00,625.62,843.0,31.0,1.0,0.0,74.0,93.0,5.0
18294,2021-02-01 06:00:00,636.02,974.0,32.0,1.0,0.0,83.0,92.0,5.0
18295,2021-02-01 07:00:00,633.65,1024.0,33.0,1.0,0.0,97.0,92.0,5.0
18296,2021-02-01 08:00:00,638.69,1037.0,32.0,1.0,1.0,90.0,91.0,5.0
18297,2021-02-01 09:00:00,633.55,1054.0,31.0,1.0,2.0,102.0,92.0,5.0
18298,2021-02-01 10:00:00,631.64,1034.0,33.0,1.0,3.0,100.0,92.0,5.0
18299,2021-02-01 11:00:00,625.33,1021.0,33.0,1.0,3.0,109.0,93.0,5.0
18300,2021-02-01 12:00:00,630.36,1008.0,36.0,1.0,2.0,97.0,92.0,5.0
18301,2021-02-01 13:00:00,628.76,992.0,38.0,1.0,1.0,97.0,92.0,5.0
18302,2021-02-01 14:00:00,630.21,994.0,37.0,1.0,0.0,94.0,94.0,5.0
18303,2021-02-01 15:00:00,636.85,995.0,38.0,1.0,0.0,81.0,94.0,5.0
18304,2021-02-01 16:00:00,644.11,1052.0,37.0,1.0,0.0,77.0,95.0,5.0
18305,2021-02-01 17:00:00,636.45,1031.0,35.0,1.0,0.0,88.0,96.0,5.0
18306,2021-02-01 18:00:00,608.41,854.0,37.0,1.0,0.0,102.0,95.0,5.0
18307,2021-02-01 19:00:00,608.98,725.0,37.0,1.0,0.0,70.0,94.0,5.0
18308,2021-02-01 20:00:00,602.48,653.0,35.0,1.0,0.0,65.0,91.0,5.0
18309,2021-02-01 21:00:00,606.21,657.0,37.0,1.0,0.0,58.0,93.0,5.0
18310,2021-02-01 22:00:00,601.92,643.0,38.0,1.0,0.0,61.0,92.0,5.0
18311,2021-02-01 23:00:00,593.86,663.0,38.0,1.0,0.0,76.0,94.0,5.0
18312,2021-02-02 00:00:00,587.11,664.0,39.0,1.0,0.0,88.0,92.0,5.0
18313,2021-02-02 01:00:00,582.92,666.0,39.0,1.0,0.0,95.0,92.0,5.0
18314,2021-02-02 02:00:00,590.53,651.0,34.0,1.0,0.0,85.0,88.0,5.0
18315,2021-02-02 03:00:00,591.27,650.0,33.0,1.0,0.0,83.0,89.0,5.0
18316,2021-02-02 04:00:00,595.86,709.0,32.0,1.0,0.0,93.0,89.0,5.0
18317,2021-02-02 05:00:00,616.21,939.0,32.0,1.0,0.0,114.0,91.0,5.0
18318,2021-02-02 06:00:00,632.29,1092.0,34.0,1.0,0.0,114.0,91.0,5.0
18319,2021-02-02 07:00:00,638.82,1164.0,34.0,1.0,0.0,115.0,90.0,5.0
18320,2021-02-02 08:00:00,638.51,1195.0,33.0,1.0,1.0,121.0,90.0,5.0
18321,2021-02-02 09:00:00,633.05,1188.0,38.0,1.0,1.0,131.0,89.0,5.0
18322,2021-02-02 10:00:00,631.98,1159.0,37.0,1.0,1.0,129.0,88.0,5.0
18323,2021-02-02 11:00:00,645.2,1154.0,37.0,1.0,1.0,99.0,88.0,5.0
18324,2021-02-02 12:00:00,648.79,1032.0,38.0,1.0,1.0,77.0,81.0,5.0
18325,2021-02-02 13:00:00,657.31,1032.0,38.0,1.0,0.0,65.0,78.0,5.0
18326,2021-02-02 14:00:00,656.06,1047.0,35.0,1.0,0.0,61.0,88.0,5.0
18327,2021-02-02 15:00:00,652.24,1049.0,34.0,1.0,0.0,68.0,89.0,5.0
18328,2021-02-02 16:00:00,649.77,1053.0,35.0,1.0,0.0,71.0,91.0,5.0
18329,2021-02-02 17:00:00,648.88,1053.0,32.0,1.0,0.0,73.0,92.0,5.0
18330,2021-02-02 18:00:00,615.79,793.0,31.0,1.0,0.0,78.0,94.0,5.0
18331,2021-02-02 19:00:00,572.66,542.0,32.0,1.0,0.0,72.0,93.0,5.0
18332,2021-02-02 20:00:00,577.85,541.0,32.0,1.0,0.0,65.0,93.0,5.0
18333,2021-02-02 21:00:00,580.03,535.0,33.0,1.0,0.0,58.0,95.0,5.0
18334,2021-02-02 22:00:00,584.7,531.0,33.0,1.0,0.0,52.0,94.0,5.0
18335,2021-02-02 23:00:00,596.69,526.0,31.0,1.0,0.0,38.0,93.0,5.0
18336,2021-02-03 00:00:00,598.79,477.0,32.0,1.0,0.0,25.0,90.0,5.0
18337,2021-02-03 01:00:00,605.33,513.0,33.0,1.0,0.0,24.0,93.0,5.0
18338,2021-02-03 02:00:00,617.13,538.0,33.0,1.0,0.0,18.0,92.0,5.0
18339,2021-02-03 03:00:00,605.4,482.0,33.0,1.0,0.0,18.0,91.0,5.0
18340,2021-02-03 04:00:00,619.41,528.0,31.0,1.0,0.0,14.0,92.0,5.0
18341,2021-02-03 05:00:00,614.73,536.0,31.0,1.0,0.0,20.0,93.0,5.0
18342,2021-02-03 06:00:00,590.77,554.0,31.0,1.0,0.0,53.0,93.0,4.0
18343,2021-02-03 07:00:00,604.73,555.0,29.0,1.0,0.0,39.0,91.0,5.0
18344,2021-02-03 08:00:00,606.47,541.0,30.0,1.0,1.0,29.0,94.0,5.0
18345,2021-02-03 09:00:00,610.23,557.0,29.0,1.0,1.0,29.0,94.0,5.0
18346,2021-02-03 10:00:00,604.86,561.0,30.0,1.0,2.0,35.0,94.0,5.0
18347,2021-02-03 11:00:00,602.64,559.0,33.0,1.0,1.0,37.0,94.0,5.0
18348,2021-02-03 12:00:00,603.68,560.0,33.0,1.0,1.0,37.0,93.0,5.0
18349,2021-02-03 13:00:00,592.26,557.0,31.0,1.0,0.0,51.0,94.0,4.0
18350,2021-02-03 14:00:00,594.07,558.0,31.0,1.0,0.0,48.0,95.0,5.0
18351,2021-02-03 15:00:00,591.17,558.0,30.0,1.0,0.0,59.0,88.0,5.0
18352,2021-02-03 16:00:00,595.55,556.0,30.0,1.0,0.0,53.0,88.0,5.0
18353,2021-02-03 17:00:00,588.95,554.0,29.0,1.0,0.0,53.0,96.0,5.0
18354,2021-02-03 18:00:00,577.01,534.0,26.0,1.0,0.0,61.0,98.0,5.0
18355,2021-02-03 19:00:00,576.76,533.0,26.0,1.0,0.0,62.0,97.0,5.0
18356,2021-02-03 20:00:00,574.24,515.0,27.0,1.0,0.0,61.0,95.0,5.0
18357,2021-02-03 21:00:00,517.29,369.0,27.0,1.0,0.0,70.0,95.0,5.0
18358,2021-02-03 22:00:00,510.28,354.0,25.0,1.0,0.0,71.0,95.0,5.0
18359,2021-02-03 23:00:00,511.91,352.0,26.0,1.0,0.0,70.0,93.0,5.0
18360,2021-02-04 00:00:00,515.58,356.0,26.0,1.0,0.0,69.0,92.0,5.0
18361,2021-02-04 01:00:00,512.36,353.0,26.0,1.0,0.0,71.0,92.0,5.0
18362,2021-02-04 02:00:00,503.84,353.0,27.0,1.0,0.0,83.0,89.0,5.0
18363,2021-02-04 03:00:00,511.22,366.0,28.0,1.0,0.0,79.0,91.0,5.0
18364,2021-02-04 04:00:00,547.62,468.0,27.0,1.0,0.0,79.0,93.0,5.0
18365,2021-02-04 05:00:00,568.38,539.0,28.0,1.0,0.0,78.0,93.0,5.0
18366,2021-02-04 06:00:00,579.25,554.0,30.0,1.0,0.0,69.0,92.0,5.0
18367,2021-02-04 07:00:00,577.74,555.0,28.0,1.0,1.0,70.0,93.0,5.0
18368,2021-02-04 08:00:00,578.78,555.0,27.0,1.0,2.0,69.0,92.0,5.0
18369,2021-02-04 09:00:00,583.58,558.0,29.0,1.0,3.0,62.0,92.0,5.0
18370,2021-02-04 10:00:00,580.75,555.0,31.0,1.0,4.0,62.0,93.0,5.0
18371,2021-02-04 11:00:00,579.85,560.0,33.0,1.0,4.0,65.0,92.0,5.0
18372,2021-02-04 12:00:00,578.98,552.0,32.0,1.0,2.0,67.0,91.0,5.0
18373,2021-02-04 13:00:00,596.05,551.0,30.0,1.0,1.0,50.0,88.0,5.0
18374,2021-02-04 14:00:00,605.19,558.0,27.0,1.0,0.0,40.0,91.0,5.0
18375,2021-02-04 15:00:00,603.68,557.0,31.0,1.0,0.0,39.0,92.0,5.0
18376,2021-02-04 16:00:00,590.52,553.0,31.0,1.0,0.0,51.0,95.0,5.0
18377,2021-02-04 17:00:00,587.63,553.0,30.0,1.0,0.0,55.0,95.0,5.0
18378,2021-02-04 18:00:00,600.16,548.0,28.0,1.0,0.0,40.0,94.0,5.0
18379,2021-02-04 19:00:00,613.95,545.0,26.0,1.0,0.0,26.0,92.0,5.0
18380,2021-02-04 20:00:00,606.58,525.0,27.0,1.0,0.0,28.0,93.0,5.0
18381,2021-02-04 21:00:00,604.34,523.0,27.0,1.0,0.0,29.0,94.0,5.0
18382,2021-02-04 22:00:00,607.36,511.0,26.0,1.0,0.0,27.0,90.0,5.0
18383,2021-02-04 23:00:00,605.49,532.0,27.0,1.0,0.0,29.0,95.0,5.0
18384,2021-02-05 00:00:00,597.46,520.0,27.0,1.0,0.0,37.0,93.0,5.0
18385,2021-02-05 01:00:00,583.85,526.0,29.0,1.0,0.0,54.0,93.0,5.0
18386,2021-02-05 02:00:00,582.03,544.0,20.0,1.0,0.0,70.0,88.0,5.0
18387,2021-02-05 03:00:00,588.51,608.0,19.0,1.0,0.0,79.0,90.0,5.0
18388,2021-02-05 04:00:00,612.67,752.0,19.0,1.0,0.0,80.0,92.0,5.0
18389,2021-02-05 05:00:00,628.67,882.0,19.0,1.0,0.0,83.0,92.0,5.0
18390,2021-02-05 06:00:00,640.17,1017.0,21.0,1.0,0.0,90.0,90.0,5.0
18391,2021-02-05 07:00:00,638.03,1030.0,20.0,1.0,1.0,95.0,91.0,5.0
18392,2021-02-05 08:00:00,642.29,1064.0,20.0,1.0,2.0,91.0,92.0,5.0
18393,2021-02-05 09:00:00,642.63,1049.0,19.0,1.0,4.0,85.0,93.0,5.0
18394,2021-02-05 10:00:00,646.98,1027.0,16.0,1.0,4.0,74.0,93.0,5.0
18395,2021-02-05 11:00:00,649.34,996.0,12.0,1.0,4.0,66.0,93.0,5.0
18396,2021-02-05 12:00:00,652.48,1000.0,12.0,1.0,2.0,65.0,91.0,5.0
18397,2021-02-05 13:00:00,649.14,988.0,12.0,1.0,1.0,72.0,89.0,5.0
18398,2021-02-05 14:00:00,635.43,987.0,12.0,1.0,0.0,95.0,92.0,5.0
18399,2021-02-05 15:00:00,621.26,1022.0,12.0,1.0,0.0,128.0,94.0,5.0
18400,2021-02-05 16:00:00,607.31,1018.0,12.0,1.0,0.0,156.0,94.0,5.0
18401,2021-02-05 17:00:00,613.12,1013.0,11.0,1.0,0.0,144.0,93.0,5.0
18402,2021-02-05 18:00:00,581.0,765.0,10.0,1.0,0.0,139.0,92.0,5.0
18403,2021-02-05 19:00:00,547.29,530.0,10.0,1.0,0.0,113.0,89.0,5.0
18404,2021-02-05 20:00:00,558.04,533.0,12.0,1.0,0.0,99.0,89.0,5.0
18405,2021-02-05 21:00:00,557.91,493.0,17.0,1.0,0.0,85.0,87.0,5.0
18406,2021-02-05 22:00:00,548.62,480.0,19.0,1.0,0.0,91.0,87.0,5.0
18407,2021-02-05 23:00:00,541.2,470.0,20.0,1.0,0.0,97.0,86.0,5.0
18408,2021-02-06 00:00:00,543.58,485.0,20.0,1.0,0.0,102.0,84.0,5.0
18409,2021-02-06 01:00:00,532.36,478.0,19.0,1.0,0.0,113.0,85.0,5.0
18410,2021-02-06 02:00:00,520.97,491.0,20.0,1.0,0.0,135.0,84.0,5.0
18411,2021-02-06 03:00:00,526.62,484.0,20.0,1.0,0.0,122.0,86.0,5.0
18412,2021-02-06 04:00:00,513.69,485.0,22.0,1.0,0.0,139.0,87.0,5.0
18413,2021-02-06 05:00:00,530.63,488.0,21.0,1.0,0.0,117.0,87.0,5.0
18414,2021-02-06 06:00:00,531.09,508.0,21.0,1.0,0.0,123.0,89.0,5.0
18415,2021-02-06 07:00:00,534.82,537.0,21.0,1.0,1.0,126.0,92.0,5.0
18416,2021-02-06 08:00:00,546.91,542.0,23.0,1.0,3.0,107.0,93.0,5.0
18417,2021-02-06 09:00:00,544.22,513.0,24.0,1.0,4.0,98.0,93.0,5.0
18418,2021-02-06 10:00:00,543.53,478.0,24.0,1.0,5.0,82.0,95.0,5.0
18419,2021-02-06 11:00:00,567.42,487.0,24.0,1.0,4.0,60.0,92.0,5.0
18420,2021-02-06 12:00:00,587.76,488.0,24.0,1.0,2.0,42.0,89.0,5.0
18421,2021-02-06 13:00:00,597.96,504.0,22.0,1.0,1.0,38.0,88.0,5.0
18422,2021-02-06 14:00:00,599.23,525.0,20.0,1.0,0.0,41.0,91.0,5.0
18423,2021-02-06 15:00:00,596.67,523.0,21.0,2.0,0.0,40.0,93.0,5.0
18424,2021-02-06 16:00:00,593.5,530.0,20.0,2.0,0.0,44.0,95.0,5.0
18425,2021-02-06 17:00:00,590.88,545.0,21.0,2.0,0.0,50.0,96.0,5.0
18426,2021-02-06 18:00:00,573.63,496.0,23.0,2.0,0.0,57.0,94.0,5.0
18427,2021-02-06 19:00:00,578.35,487.0,22.0,2.0,0.0,52.0,91.0,5.0
18428,2021-02-06 20:00:00,567.22,451.0,24.0,2.0,0.0,50.0,93.0,5.0
18429,2021-02-06 21:00:00,565.29,441.0,26.0,2.0,0.0,46.0,95.0,5.0
18430,2021-02-06 22:00:00,569.91,442.0,27.0,2.0,0.0,42.0,94.0,5.0
18431,2021-02-06 23:00:00,576.41,454.0,24.0,2.0,0.0,43.0,91.0,5.0
18432,2021-02-07 00:00:00,569.99,473.0,22.0,2.0,0.0,58.0,90.0,5.0
18433,2021-02-07 01:00:00,554.21,442.0,22.0,2.0,0.0,65.0,90.0,5.0
18434,2021-02-07 02:00:00,560.84,445.0,21.0,2.0,0.0,62.0,87.0,5.0
18435,2021-02-07 03:00:00,556.96,445.0,22.0,1.0,0.0,66.0,88.0,5.0
18436,2021-02-07 04:00:00,548.27,446.0,23.0,1.0,0.0,75.0,89.0,5.0
18437,2021-02-07 05:00:00,567.51,445.0,23.0,1.0,0.0,52.0,90.0,5.0
18438,2021-02-07 06:00:00,566.9,447.0,24.0,1.0,0.0,52.0,91.0,5.0
18439,2021-02-07 07:00:00,565.2,459.0,24.0,1.0,1.0,56.0,92.0,5.0
18440,2021-02-07 08:00:00,578.51,478.0,22.0,1.0,2.0,46.0,93.0,5.0
18441,2021-02-07 09:00:00,580.28,438.0,21.0,1.0,3.0,31.0,93.0,5.0
18442,2021-02-07 10:00:00,588.15,439.0,22.0,1.0,4.0,23.0,92.0,5.0
18443,2021-02-07 11:00:00,589.91,442.0,25.0,1.0,4.0,23.0,90.0,5.0
18444,2021-02-07 12:00:00,588.58,440.0,27.0,1.0,2.0,24.0,91.0,5.0
18445,2021-02-07 13:00:00,599.51,446.0,24.0,1.0,1.0,19.0,89.0,5.0
18446,2021-02-07 14:00:00,583.26,445.0,24.0,1.0,0.0,33.0,92.0,5.0
18447,2021-02-07 15:00:00,582.4,443.0,22.0,1.0,0.0,34.0,92.0,5.0
18448,2021-02-07 16:00:00,575.55,446.0,25.0,1.0,0.0,43.0,90.0,5.0
18449,2021-02-07 17:00:00,579.23,452.0,25.0,1.0,0.0,41.0,90.0,5.0
18450,2021-02-07 18:00:00,576.91,444.0,22.0,1.0,0.0,41.0,91.0,5.0
18451,2021-02-07 19:00:00,590.83,440.0,21.0,1.0,0.0,29.0,88.0,5.0
18452,2021-02-07 20:00:00,597.32,439.0,22.0,1.0,0.0,24.0,86.0,5.0
18453,2021-02-07 21:00:00,596.82,440.0,24.0,1.0,0.0,24.0,86.0,5.0
18454,2021-02-07 22:00:00,601.75,442.0,26.0,1.0,0.0,19.0,86.0,5.0
18455,2021-02-07 23:00:00,608.84,449.0,26.0,1.0,0.0,15.0,85.0,5.0
18456,2021-02-08 00:00:00,614.09,443.0,25.0,1.0,0.0,11.0,83.0,5.0
18457,2021-02-08 01:00:00,603.8,438.0,26.0,1.0,0.0,18.0,84.0,5.0
18458,2021-02-08 02:00:00,611.84,441.0,24.0,1.0,0.0,15.0,81.0,5.0
18459,2021-02-08 03:00:00,610.16,446.0,26.0,1.0,0.0,16.0,82.0,5.0
18460,2021-02-08 04:00:00,623.06,522.0,23.0,1.0,0.0,20.0,84.0,5.0
18461,2021-02-08 05:00:00,631.19,538.0,25.0,1.0,0.0,16.0,82.0,5.0
18462,2021-02-08 06:00:00,629.34,543.0,25.0,1.0,0.0,18.0,83.0,5.0
18463,2021-02-08 07:00:00,627.72,547.0,24.0,1.0,1.0,17.0,86.0,5.0
18464,2021-02-08 08:00:00,630.9,552.0,23.0,1.0,2.0,12.0,88.0,5.0
18465,2021-02-08 09:00:00,628.87,529.0,24.0,1.0,3.0,9.0,87.0,5.0
18466,2021-02-08 10:00:00,626.01,529.0,24.0,1.0,4.0,9.0,89.0,5.0
18467,2021-02-08 11:00:00,626.23,532.0,25.0,1.0,4.0,9.0,89.0,5.0
18468,2021-02-08 12:00:00,629.86,538.0,26.0,1.0,3.0,9.0,87.0,5.0
18469,2021-02-08 13:00:00,620.85,534.0,28.0,1.0,1.0,20.0,86.0,5.0
18470,2021-02-08 14:00:00,616.38,525.0,30.0,1.0,0.0,19.0,90.0,5.0
18471,2021-02-08 15:00:00,606.85,504.0,28.0,1.0,0.0,24.0,91.0,5.0
18472,2021-02-08 16:00:00,598.04,504.0,27.0,1.0,0.0,34.0,91.0,5.0
18473,2021-02-08 17:00:00,595.63,503.0,36.0,1.0,0.0,33.0,91.0,5.0
18474,2021-02-08 18:00:00,593.86,512.0,40.0,1.0,0.0,36.0,91.0,5.0
18475,2021-02-08 19:00:00,593.37,522.0,41.0,1.0,0.0,42.0,88.0,5.0
18476,2021-02-08 20:00:00,575.15,498.0,45.0,1.0,0.0,56.0,87.0,5.0
18477,2021-02-08 21:00:00,566.35,493.0,48.0,1.0,0.0,64.0,87.0,5.0
18478,2021-02-08 22:00:00,566.22,476.0,49.0,1.0,0.0,58.0,87.0,5.0
18479,2021-02-08 23:00:00,576.18,516.0,52.0,1.0,0.0,58.0,87.0,5.0
18480,2021-02-09 00:00:00,574.02,561.0,50.0,1.0,0.0,77.0,86.0,5.0
18481,2021-02-09 01:00:00,562.55,566.0,49.0,1.0,0.0,94.0,87.0,5.0
18482,2021-02-09 02:00:00,559.35,569.0,48.0,1.0,0.0,105.0,82.0,5.0
18483,2021-02-09 03:00:00,561.83,616.0,48.0,1.0,0.0,115.0,85.0,5.0
18484,2021-02-09 04:00:00,578.58,725.0,48.0,1.0,0.0,124.0,85.0,5.0
18485,2021-02-09 05:00:00,596.23,841.0,47.0,1.0,0.0,127.0,85.0,5.0
18486,2021-02-09 06:00:00,613.1,938.0,49.0,1.0,0.0,117.0,87.0,5.0
18487,2021-02-09 07:00:00,625.98,1025.0,49.0,1.0,1.0,110.0,87.0,5.0
18488,2021-02-09 08:00:00,629.23,1003.0,51.0,1.0,2.0,97.0,87.0,5.0
18489,2021-02-09 09:00:00,630.43,963.0,52.0,1.0,4.0,84.0,87.0,5.0
18490,2021-02-09 10:00:00,645.71,1010.0,38.0,1.0,4.0,70.0,87.0,5.0
18491,2021-02-09 11:00:00,650.32,1027.0,27.0,1.0,4.0,69.0,87.0,5.0
18492,2021-02-09 12:00:00,651.12,1024.0,27.0,1.0,3.0,68.0,87.0,5.0
18493,2021-02-09 13:00:00,650.32,1027.0,27.0,1.0,2.0,73.0,85.0,5.0
18494,2021-02-09 14:00:00,645.12,1028.0,27.0,1.0,0.0,81.0,89.0,5.0
18495,2021-02-09 15:00:00,637.55,1027.0,28.0,1.0,0.0,93.0,91.0,5.0
18496,2021-02-09 16:00:00,628.52,1030.0,39.0,1.0,0.0,107.0,91.0,5.0
18497,2021-02-09 17:00:00,616.82,982.0,44.0,1.0,0.0,119.0,90.0,5.0
18498,2021-02-09 18:00:00,626.54,1015.0,41.0,1.0,0.0,104.0,94.0,5.0
18499,2021-02-09 19:00:00,594.01,828.0,43.0,1.0,0.0,122.0,92.0,5.0
18500,2021-02-09 20:00:00,558.56,673.0,44.0,1.0,0.0,138.0,89.0,5.0
18501,2021-02-09 21:00:00,566.5,672.0,45.0,1.0,0.0,123.0,90.0,5.0
18502,2021-02-09 22:00:00,568.9,669.0,48.0,1.0,0.0,117.0,90.0,5.0
18503,2021-02-09 23:00:00,585.5,734.0,48.0,1.0,0.0,111.0,89.0,5.0
18504,2021-02-10 00:00:00,599.31,734.0,46.0,1.0,0.0,91.0,87.0,5.0
18505,2021-02-10 01:00:00,607.95,734.0,34.0,1.0,0.0,81.0,88.0,5.0
18506,2021-02-10 02:00:00,612.33,734.0,22.0,1.0,0.0,81.0,86.0,5.0
18507,2021-02-10 03:00:00,602.85,734.0,21.0,1.0,0.0,94.0,88.0,5.0
18508,2021-02-10 04:00:00,630.74,833.0,20.0,1.0,0.0,89.0,72.0,5.0
18509,2021-02-10 05:00:00,650.0,955.0,21.0,1.0,0.0,79.0,72.0,5.0
18510,2021-02-10 06:00:00,646.29,1022.0,24.0,1.0,0.0,80.0,88.0,5.0
18511,2021-02-10 07:00:00,647.12,1008.0,24.0,2.0,2.0,73.0,88.0,5.0
18512,2021-02-10 08:00:00,661.44,1013.0,12.0,2.0,3.0,59.0,81.0,5.0
18513,2021-02-10 09:00:00,666.21,1027.0,11.0,2.0,4.0,49.0,84.0,5.0
18514,2021-02-10 10:00:00,666.7,1022.0,12.0,2.0,5.0,43.0,87.0,5.0
18515,2021-02-10 11:00:00,676.82,1035.0,12.0,2.0,6.0,32.0,81.0,5.0
18516,2021-02-10 12:00:00,681.67,1034.0,11.0,2.0,3.0,25.0,83.0,5.0
18517,2021-02-10 13:00:00,675.83,1024.0,15.0,2.0,1.0,33.0,84.0,5.0
18518,2021-02-10 14:00:00,658.71,1029.0,31.0,2.0,0.0,49.0,93.0,5.0
18519,2021-02-10 15:00:00,646.54,1023.0,28.0,2.0,0.0,72.0,93.0,5.0
18520,2021-02-10 16:00:00,637.1,1009.0,29.0,2.0,0.0,87.0,93.0,5.0
18521,2021-02-10 17:00:00,638.29,1000.0,29.0,1.0,0.0,84.0,93.0,5.0
18522,2021-02-10 18:00:00,638.13,1002.0,33.0,1.0,0.0,84.0,92.0,5.0
18523,2021-02-10 19:00:00,628.23,901.0,33.0,1.0,0.0,81.0,93.0,5.0
18524,2021-02-10 20:00:00,620.58,766.0,34.0,1.0,0.0,67.0,90.0,5.0
18525,2021-02-10 21:00:00,625.73,761.0,34.0,1.0,0.0,58.0,90.0,5.0
18526,2021-02-10 22:00:00,623.49,761.0,35.0,1.0,0.0,61.0,90.0,5.0
18527,2021-02-10 23:00:00,621.55,736.0,36.0,1.0,0.0,58.0,90.0,5.0
18528,2021-02-11 00:00:00,622.99,723.0,36.0,1.0,0.0,57.0,86.0,5.0
18529,2021-02-11 01:00:00,630.28,738.0,35.0,1.0,0.0,49.0,87.0,5.0
18530,2021-02-11 02:00:00,624.94,750.0,36.0,1.0,0.0,60.0,86.0,5.0
18531,2021-02-11 03:00:00,618.66,774.0,36.0,1.0,0.0,73.0,88.0,5.0
18532,2021-02-11 04:00:00,623.75,891.0,35.0,1.0,0.0,89.0,90.0,5.0
18533,2021-02-11 05:00:00,641.19,1068.0,34.0,1.0,0.0,93.0,89.0,5.0
18534,2021-02-11 06:00:00,651.17,1165.0,35.0,1.0,0.0,88.0,90.0,5.0
18535,2021-02-11 07:00:00,652.84,1168.0,28.0,1.0,2.0,86.0,90.0,5.0
18536,2021-02-11 08:00:00,657.56,1141.0,30.0,1.0,4.0,69.0,90.0,5.0
18537,2021-02-11 09:00:00,656.56,1180.0,35.0,1.0,6.0,71.0,92.0,5.0
18538,2021-02-11 10:00:00,652.97,1136.0,36.0,1.0,7.0,67.0,95.0,5.0
18539,2021-02-11 11:00:00,656.37,1116.0,38.0,1.0,7.0,59.0,92.0,5.0
18540,2021-02-11 12:00:00,660.34,1142.0,38.0,1.0,6.0,55.0,93.0,5.0
18541,2021-02-11 13:00:00,669.83,1169.0,35.0,1.0,3.0,47.0,90.0,5.0
18542,2021-02-11 14:00:00,672.42,1186.0,35.0,1.0,1.0,41.0,95.0,5.0
18543,2021-02-11 15:00:00,663.91,1155.0,35.0,1.0,0.0,54.0,96.0,5.0
18544,2021-02-11 16:00:00,656.52,1116.0,35.0,1.0,0.0,64.0,95.0,5.0
18545,2021-02-11 17:00:00,657.44,1113.0,32.0,2.0,0.0,62.0,95.0,5.0
18546,2021-02-11 18:00:00,665.18,1120.0,27.0,2.0,0.0,52.0,93.0,5.0
18547,2021-02-11 19:00:00,656.07,943.0,27.0,2.0,0.0,42.0,93.0,5.0
18548,2021-02-11 20:00:00,654.58,859.0,27.0,2.0,0.0,30.0,94.0,5.0
18549,2021-02-11 21:00:00,656.11,827.0,26.0,2.0,0.0,25.0,92.0,5.0
18550,2021-02-11 22:00:00,652.71,790.0,26.0,2.0,0.0,24.0,92.0,5.0
18551,2021-02-11 23:00:00,654.97,788.0,27.0,2.0,0.0,21.0,91.0,5.0
18552,2021-02-12 00:00:00,658.61,789.0,27.0,2.0,0.0,19.0,88.0,5.0
18553,2021-02-12 01:00:00,658.99,786.0,27.0,2.0,0.0,17.0,89.0,5.0
18554,2021-02-12 02:00:00,656.37,778.0,28.0,2.0,0.0,20.0,88.0,5.0
18555,2021-02-12 03:00:00,655.4,782.0,28.0,2.0,0.0,19.0,91.0,5.0
18556,2021-02-12 04:00:00,664.07,835.0,27.0,2.0,0.0,14.0,92.0,5.0
18557,2021-02-12 05:00:00,686.91,1074.0,27.0,1.0,0.0,9.0,91.0,5.0
18558,2021-02-12 06:00:00,694.12,1211.0,28.0,1.0,0.0,7.0,93.0,5.0
18559,2021-02-12 07:00:00,693.38,1196.0,28.0,1.0,1.0,7.0,92.0,5.0
18560,2021-02-12 08:00:00,692.55,1190.0,28.0,1.0,3.0,6.0,92.0,5.0
18561,2021-02-12 09:00:00,691.7,1193.0,30.0,1.0,5.0,6.0,91.0,5.0
18562,2021-02-12 10:00:00,686.47,1140.0,31.0,1.0,8.0,5.0,93.0,5.0
18563,2021-02-12 11:00:00,685.65,1135.0,31.0,1.0,9.0,5.0,93.0,5.0
18564,2021-02-12 12:00:00,683.25,1095.0,31.0,1.0,7.0,7.0,93.0,5.0
18565,2021-02-12 13:00:00,683.22,1059.0,31.0,1.0,4.0,7.0,92.0,5.0
18566,2021-02-12 14:00:00,682.33,1054.0,31.0,1.0,1.0,7.0,96.0,5.0
18567,2021-02-12 15:00:00,681.81,1050.0,32.0,1.0,0.0,8.0,96.0,5.0
18568,2021-02-12 16:00:00,683.91,1114.0,33.0,1.0,0.0,11.0,96.0,5.0
18569,2021-02-12 17:00:00,669.38,967.0,34.0,1.0,0.0,18.0,96.0,5.0
18570,2021-02-12 18:00:00,630.17,645.0,35.0,1.0,0.0,22.0,95.0,5.0
18571,2021-02-12 19:00:00,604.44,537.0,36.0,1.0,0.0,29.0,94.0,5.0
18572,2021-02-12 20:00:00,592.6,513.0,34.0,1.0,0.0,36.0,95.0,5.0
18573,2021-02-12 21:00:00,588.18,501.0,33.0,1.0,0.0,38.0,95.0,5.0
18574,2021-02-12 22:00:00,591.67,522.0,33.0,1.0,0.0,39.0,96.0,5.0
18575,2021-02-12 23:00:00,568.84,417.0,32.0,2.0,0.0,39.0,88.0,5.0
18576,2021-02-13 00:00:00,579.15,415.0,32.0,2.0,0.0,31.0,85.0,5.0
18577,2021-02-13 01:00:00,586.62,418.0,31.0,2.0,0.0,25.0,85.0,5.0
18578,2021-02-13 02:00:00,578.82,416.0,31.0,2.0,0.0,32.0,85.0,5.0
18579,2021-02-13 03:00:00,555.13,415.0,31.0,2.0,0.0,55.0,86.0,5.0
18580,2021-02-13 04:00:00,517.5,421.0,31.0,2.0,0.0,100.0,87.0,5.0
18581,2021-02-13 05:00:00,512.33,422.0,31.0,2.0,0.0,107.0,87.0,5.0
18582,2021-02-13 06:00:00,523.83,425.0,31.0,2.0,0.0,94.0,87.0,5.0
18583,2021-02-13 07:00:00,544.6,450.0,32.0,2.0,1.0,79.0,86.0,5.0
18584,2021-02-13 08:00:00,543.5,455.0,33.0,2.0,1.0,81.0,87.0,5.0
18585,2021-02-13 09:00:00,561.2,452.0,33.0,2.0,2.0,58.0,87.0,5.0
18586,2021-02-13 10:00:00,560.9,452.0,34.0,2.0,2.0,57.0,88.0,5.0
18587,2021-02-13 11:00:00,552.84,428.0,35.0,1.0,2.0,58.0,88.0,5.0
18588,2021-02-13 12:00:00,553.12,419.0,36.0,1.0,2.0,55.0,87.0,5.0
18589,2021-02-13 13:00:00,544.66,418.0,36.0,1.0,2.0,65.0,86.0,5.0
18590,2021-02-13 14:00:00,534.14,410.0,35.0,1.0,1.0,74.0,87.0,5.0
18591,2021-02-13 15:00:00,524.43,407.0,35.0,1.0,0.0,84.0,88.0,5.0
18592,2021-02-13 16:00:00,548.88,458.0,35.0,1.0,0.0,77.0,87.0,5.0
18593,2021-02-13 17:00:00,554.14,457.0,36.0,1.0,0.0,69.0,88.0,5.0
18594,2021-02-13 18:00:00,560.59,451.0,34.0,1.0,0.0,61.0,87.0,5.0
18595,2021-02-13 19:00:00,556.88,443.0,35.0,1.0,0.0,63.0,86.0,5.0
18596,2021-02-13 20:00:00,544.69,419.0,34.0,1.0,0.0,65.0,89.0,5.0
18597,2021-02-13 21:00:00,549.94,409.0,35.0,1.0,0.0,55.0,89.0,5.0
18598,2021-02-13 22:00:00,566.23,417.0,34.0,1.0,0.0,42.0,88.0,5.0
18599,2021-02-13 23:00:00,559.36,422.0,34.0,1.0,0.0,51.0,88.0,5.0
18600,2021-02-14 00:00:00,565.84,411.0,35.0,1.0,0.0,45.0,83.0,5.0
18601,2021-02-14 01:00:00,554.61,400.0,34.0,1.0,0.0,53.0,83.0,5.0
18602,2021-02-14 02:00:00,562.12,401.0,33.0,1.0,0.0,48.0,81.0,5.0
18603,2021-02-14 03:00:00,563.32,394.0,34.0,2.0,0.0,41.0,83.0,5.0
18604,2021-02-14 04:00:00,565.95,386.0,33.0,2.0,0.0,35.0,84.0,5.0
18605,2021-02-14 05:00:00,562.04,396.0,31.0,2.0,0.0,43.0,84.0,5.0
18606,2021-02-14 06:00:00,574.91,431.0,33.0,2.0,0.0,41.0,84.0,5.0
18607,2021-02-14 07:00:00,568.82,408.0,32.0,2.0,1.0,40.0,83.0,5.0
18608,2021-02-14 08:00:00,544.96,408.0,32.0,2.0,3.0,63.0,83.0,5.0
18609,2021-02-14 09:00:00,527.94,390.0,33.0,2.0,6.0,71.0,83.0,5.0
18610,2021-02-14 10:00:00,518.65,390.0,35.0,2.0,10.0,77.0,83.0,5.0
18611,2021-02-14 11:00:00,516.11,391.0,33.0,2.0,12.0,78.0,84.0,5.0
18612,2021-02-14 12:00:00,519.74,385.0,33.0,2.0,10.0,72.0,85.0,5.0
18613,2021-02-14 13:00:00,510.06,386.0,32.0,2.0,6.0,89.0,84.0,5.0
18614,2021-02-14 14:00:00,499.07,384.0,33.0,2.0,2.0,101.0,88.0,5.0
18615,2021-02-14 15:00:00,519.74,385.0,33.0,1.0,0.0,82.0,86.0,5.0
18616,2021-02-14 16:00:00,541.26,412.0,31.0,1.0,0.0,69.0,87.0,5.0
18617,2021-02-14 17:00:00,538.62,430.0,29.0,1.0,0.0,80.0,87.0,5.0
18618,2021-02-14 18:00:00,537.94,424.0,30.0,1.0,0.0,79.0,86.0,5.0
18619,2021-02-14 19:00:00,545.36,421.0,31.0,2.0,0.0,71.0,83.0,5.0
18620,2021-02-14 20:00:00,550.02,425.0,32.0,2.0,0.0,65.0,85.0,5.0
18621,2021-02-14 21:00:00,564.52,433.0,32.0,2.0,0.0,50.0,87.0,5.0
18622,2021-02-14 22:00:00,553.08,402.0,32.0,2.0,0.0,50.0,88.0,5.0
18623,2021-02-14 23:00:00,550.78,393.0,32.0,2.0,0.0,49.0,88.0,5.0
18624,2021-02-15 00:00:00,567.05,390.0,31.0,2.0,0.0,35.0,85.0,5.0
18625,2021-02-15 01:00:00,569.48,394.0,31.0,2.0,0.0,34.0,85.0,5.0
18626,2021-02-15 02:00:00,582.86,406.0,31.0,2.0,0.0,26.0,84.0,5.0
18627,2021-02-15 03:00:00,594.95,438.0,30.0,2.0,0.0,22.0,86.0,5.0
18628,2021-02-15 04:00:00,609.36,463.0,31.0,2.0,0.0,16.0,84.0,5.0
18629,2021-02-15 05:00:00,640.62,589.0,29.0,2.0,0.0,11.0,84.0,5.0
18630,2021-02-15 06:00:00,647.88,634.0,33.0,2.0,1.0,7.0,85.0,5.0
18631,2021-02-15 07:00:00,646.79,638.0,33.0,2.0,4.0,6.0,85.0,5.0
18632,2021-02-15 08:00:00,639.3,621.0,35.0,2.0,10.0,6.0,84.0,5.0
18633,2021-02-15 09:00:00,629.37,614.0,34.0,2.0,15.0,12.0,84.0,5.0
18634,2021-02-15 10:00:00,611.26,561.0,36.0,2.0,19.0,15.0,86.0,5.0
18635,2021-02-15 11:00:00,612.07,579.0,37.0,2.0,20.0,17.0,86.0,5.0
18636,2021-02-15 12:00:00,608.29,562.0,38.0,2.0,16.0,21.0,86.0,5.0
18637,2021-02-15 13:00:00,608.83,559.0,37.0,2.0,9.0,28.0,85.0,5.0
18638,2021-02-15 14:00:00,604.05,560.0,37.0,2.0,2.0,37.0,89.0,5.0
18639,2021-02-15 15:00:00,597.44,606.0,36.0,2.0,0.0,60.0,89.0,5.0
18640,2021-02-15 16:00:00,578.68,616.0,36.0,2.0,0.0,89.0,89.0,5.0
18641,2021-02-15 17:00:00,571.24,609.0,32.0,2.0,0.0,98.0,90.0,5.0
18642,2021-02-15 18:00:00,539.61,551.0,33.0,2.0,0.0,125.0,88.0,5.0
18643,2021-02-15 19:00:00,495.73,448.0,34.0,2.0,0.0,143.0,86.0,5.0
18644,2021-02-15 20:00:00,472.8,441.0,32.0,2.0,0.0,172.0,88.0,5.0
18645,2021-02-15 21:00:00,474.83,437.0,34.0,2.0,0.0,166.0,88.0,5.0
18646,2021-02-15 22:00:00,461.55,440.0,34.0,2.0,0.0,188.0,89.0,5.0
18647,2021-02-15 23:00:00,452.67,439.0,35.0,2.0,0.0,202.0,89.0,5.0
18648,2021-02-16 00:00:00,456.11,427.0,36.0,2.0,0.0,191.0,86.0,5.0
18649,2021-02-16 01:00:00,459.4,415.0,35.0,2.0,0.0,178.0,86.0,5.0
18650,2021-02-16 02:00:00,467.78,412.0,36.0,2.0,0.0,165.0,84.0,5.0
18651,2021-02-16 03:00:00,454.35,390.0,36.0,2.0,0.0,168.0,87.0,5.0
18652,2021-02-16 04:00:00,458.86,414.0,36.0,2.0,0.0,178.0,86.0,5.0
18653,2021-02-16 05:00:00,460.27,465.0,36.0,2.0,0.0,209.0,86.0,5.0
18654,2021-02-16 06:00:00,458.83,459.0,39.0,2.0,1.0,207.0,85.0,5.0
18655,2021-02-16 07:00:00,469.79,460.0,39.0,2.0,3.0,188.0,84.0,5.0
18656,2021-02-16 08:00:00,481.27,468.0,39.0,2.0,4.0,173.0,84.0,5.0
18657,2021-02-16 09:00:00,506.09,470.0,39.0,2.0,3.0,137.0,84.0,5.0
18658,2021-02-16 10:00:00,503.83,456.0,36.0,2.0,4.0,133.0,84.0,5.0
18659,2021-02-16 11:00:00,531.92,445.0,27.0,2.0,3.0,93.0,85.0,5.0
18660,2021-02-16 12:00:00,546.33,469.0,30.0,2.0,2.0,85.0,85.0,5.0
18661,2021-02-16 13:00:00,550.4,462.0,31.0,2.0,1.0,80.0,83.0,5.0
18662,2021-02-16 14:00:00,566.27,453.0,29.0,2.0,0.0,55.0,88.0,5.0
18663,2021-02-16 15:00:00,553.73,445.0,27.0,2.0,0.0,68.0,87.0,5.0
18664,2021-02-16 16:00:00,548.07,447.0,28.0,2.0,0.0,74.0,88.0,5.0
18665,2021-02-16 17:00:00,545.02,448.0,28.0,2.0,0.0,84.0,82.0,5.0
18666,2021-02-16 18:00:00,545.74,451.0,29.0,2.0,0.0,79.0,87.0,5.0
18667,2021-02-16 19:00:00,540.97,468.0,31.0,2.0,0.0,92.0,86.0,5.0
18668,2021-02-16 20:00:00,562.74,472.0,25.0,2.0,0.0,68.0,87.0,5.0
18669,2021-02-16 21:00:00,560.59,464.0,27.0,2.0,0.0,67.0,87.0,5.0
18670,2021-02-16 22:00:00,567.26,468.0,29.0,2.0,0.0,60.0,87.0,5.0
18671,2021-02-16 23:00:00,580.9,535.0,30.0,2.0,0.0,61.0,91.0,5.0
18672,2021-02-17 00:00:00,592.99,535.0,28.0,2.0,0.0,50.0,88.0,5.0
18673,2021-02-17 01:00:00,597.68,570.0,20.0,2.0,0.0,57.0,88.0,5.0
18674,2021-02-17 02:00:00,591.86,587.0,15.0,2.0,0.0,72.0,87.0,5.0
18675,2021-02-17 03:00:00,597.78,611.0,20.0,2.0,0.0,68.0,88.0,5.0
18676,2021-02-17 04:00:00,625.7,681.0,19.0,2.0,0.0,48.0,88.0,5.0
18677,2021-02-17 05:00:00,661.37,933.0,17.0,2.0,0.0,40.0,89.0,5.0
18678,2021-02-17 06:00:00,685.2,1160.0,17.0,2.0,1.0,26.0,89.0,5.0
18679,2021-02-17 07:00:00,688.22,1152.0,18.0,2.0,2.0,21.0,86.0,5.0
18680,2021-02-17 08:00:00,687.9,1180.0,17.0,2.0,5.0,18.0,90.0,5.0
18681,2021-02-17 09:00:00,687.54,1202.0,17.0,2.0,9.0,19.0,88.0,5.0
18682,2021-02-17 10:00:00,680.93,1150.0,17.0,2.0,13.0,22.0,88.0,5.0
18683,2021-02-17 11:00:00,671.68,1113.0,17.0,2.0,17.0,32.0,87.0,5.0
18684,2021-02-17 12:00:00,668.23,1138.0,17.0,2.0,15.0,44.0,87.0,5.0
18685,2021-02-17 13:00:00,672.23,1121.0,17.0,2.0,9.0,38.0,89.0,5.0
18686,2021-02-17 14:00:00,672.74,1090.0,17.0,2.0,3.0,35.0,93.0,5.0
18687,2021-02-17 15:00:00,664.28,1091.0,17.0,2.0,0.0,55.0,92.0,5.0
18688,2021-02-17 16:00:00,665.76,1139.0,17.0,2.0,0.0,59.0,92.0,5.0
18689,2021-02-17 17:00:00,662.01,1136.0,17.0,2.0,0.0,65.0,93.0,5.0
18690,2021-02-17 18:00:00,653.36,1040.0,28.0,2.0,0.0,64.0,91.0,5.0
18691,2021-02-17 19:00:00,626.66,776.0,31.0,2.0,0.0,61.0,89.0,5.0
18692,2021-02-17 20:00:00,610.33,683.0,31.0,2.0,0.0,62.0,91.0,5.0
18693,2021-02-17 21:00:00,607.22,635.0,32.0,2.0,0.0,56.0,89.0,5.0
18694,2021-02-17 22:00:00,611.27,631.0,31.0,2.0,0.0,50.0,89.0,5.0
18695,2021-02-17 23:00:00,624.65,661.0,29.0,2.0,0.0,40.0,89.0,5.0
18696,2021-02-18 00:00:00,630.74,658.0,30.0,2.0,0.0,33.0,87.0,5.0
18697,2021-02-18 01:00:00,632.1,651.0,32.0,2.0,0.0,28.0,88.0,5.0
18698,2021-02-18 02:00:00,643.95,662.0,30.0,2.0,0.0,24.0,80.0,5.0
18699,2021-02-18 03:00:00,641.32,672.0,28.0,2.0,0.0,22.0,88.0,5.0
18700,2021-02-18 04:00:00,661.88,799.0,29.0,2.0,0.0,16.0,87.0,5.0
18701,2021-02-18 05:00:00,670.26,865.0,27.0,2.0,0.0,18.0,83.0,5.0
18702,2021-02-18 06:00:00,674.03,901.0,27.0,2.0,2.0,17.0,81.0,5.0
18703,2021-02-18 07:00:00,668.31,906.0,26.0,2.0,8.0,21.0,81.0,5.0
18704,2021-02-18 08:00:00,661.01,908.0,28.0,2.0,17.0,20.0,84.0,5.0
18705,2021-02-18 09:00:00,656.52,909.0,29.0,2.0,23.0,17.0,88.0,5.0
18706,2021-02-18 10:00:00,649.75,881.0,30.0,2.0,27.0,19.0,88.0,5.0
18707,2021-02-18 11:00:00,640.73,836.0,31.0,2.0,28.0,25.0,87.0,5.0
18708,2021-02-18 12:00:00,646.84,845.0,31.0,2.0,22.0,23.0,87.0,5.0
18709,2021-02-18 13:00:00,651.8,820.0,29.0,2.0,11.0,25.0,85.0,5.0
18710,2021-02-18 14:00:00,654.82,847.0,24.0,1.0,4.0,34.0,86.0,5.0
18711,2021-02-18 15:00:00,646.31,811.0,26.0,1.0,0.0,43.0,87.0,5.0
18712,2021-02-18 16:00:00,649.73,885.0,27.0,1.0,0.0,51.0,86.0,5.0
18713,2021-02-18 17:00:00,640.22,909.0,25.0,1.0,0.0,71.0,87.0,5.0
18714,2021-02-18 18:00:00,608.44,751.0,25.0,1.0,0.0,91.0,85.0,5.0
18715,2021-02-18 19:00:00,575.86,594.0,25.0,1.0,0.0,97.0,83.0,5.0
18716,2021-02-18 20:00:00,555.0,513.0,26.0,1.0,0.0,96.0,84.0,5.0
18717,2021-02-18 21:00:00,543.4,506.0,25.0,1.0,0.0,110.0,83.0,5.0
18718,2021-02-18 22:00:00,528.24,440.0,25.0,1.0,0.0,102.0,83.0,5.0
18719,2021-02-18 23:00:00,531.25,434.0,24.0,1.0,0.0,96.0,83.0,5.0
18720,2021-02-19 00:00:00,544.81,434.0,24.0,1.0,0.0,84.0,79.0,5.0
18721,2021-02-19 01:00:00,569.35,472.0,26.0,1.0,0.0,69.0,79.0,5.0
18722,2021-02-19 02:00:00,581.14,437.0,26.0,2.0,0.0,45.0,78.0,5.0
18723,2021-02-19 03:00:00,579.54,437.0,25.0,2.0,0.0,45.0,80.0,5.0
18724,2021-02-19 04:00:00,592.24,542.0,25.0,2.0,0.0,59.0,83.0,5.0
18725,2021-02-19 05:00:00,591.13,550.0,24.0,2.0,0.0,64.0,82.0,5.0
18726,2021-02-19 06:00:00,578.38,549.0,26.0,2.0,2.0,77.0,82.0,5.0
18727,2021-02-19 07:00:00,585.94,551.0,26.0,2.0,9.0,60.0,83.0,5.0
18728,2021-02-19 08:00:00,589.01,553.0,28.0,2.0,17.0,48.0,83.0,5.0
18729,2021-02-19 09:00:00,581.29,554.0,31.0,2.0,25.0,46.0,86.0,5.0
18730,2021-02-19 10:00:00,578.1,557.0,34.0,2.0,27.0,46.0,88.0,5.0
18731,2021-02-19 11:00:00,587.74,553.0,35.0,2.0,25.0,35.0,87.0,5.0
18732,2021-02-19 12:00:00,597.56,556.0,34.0,2.0,19.0,28.0,89.0,5.0
18733,2021-02-19 13:00:00,607.84,548.0,33.0,2.0,12.0,27.0,83.0,5.0
18734,2021-02-19 14:00:00,612.48,538.0,31.0,2.0,4.0,26.0,85.0,5.0
18735,2021-02-19 15:00:00,589.0,512.0,31.0,2.0,0.0,48.0,87.0,5.0
18736,2021-02-19 16:00:00,566.58,501.0,32.0,2.0,0.0,69.0,89.0,5.0
18737,2021-02-19 17:00:00,546.99,513.0,31.0,2.0,0.0,95.0,93.0,5.0
18738,2021-02-19 18:00:00,558.1,538.0,29.0,2.0,0.0,94.0,89.0,5.0
18739,2021-02-19 19:00:00,559.36,513.0,30.0,2.0,0.0,85.0,87.0,5.0
18740,2021-02-19 20:00:00,578.63,530.0,28.0,2.0,0.0,64.0,90.0,5.0
18741,2021-02-19 21:00:00,581.39,513.0,29.0,1.0,0.0,54.0,92.0,5.0
18742,2021-02-19 22:00:00,582.79,479.0,29.0,1.0,0.0,40.0,94.0,5.0
18743,2021-02-19 23:00:00,587.74,484.0,29.0,1.0,0.0,35.0,95.0,5.0
18744,2021-02-20 00:00:00,589.56,484.0,29.0,1.0,0.0,36.0,92.0,5.0
18745,2021-02-20 01:00:00,589.82,485.0,29.0,1.0,0.0,36.0,92.0,5.0
18746,2021-02-20 02:00:00,580.8,473.0,30.0,1.0,0.0,42.0,92.0,5.0
18747,2021-02-20 03:00:00,581.36,475.0,30.0,1.0,0.0,41.0,93.0,5.0
18748,2021-02-20 04:00:00,590.07,515.0,30.0,1.0,0.0,43.0,93.0,5.0
18749,2021-02-20 05:00:00,575.37,479.0,30.0,1.0,0.0,49.0,93.0,5.0
18750,2021-02-20 06:00:00,586.3,509.0,29.0,1.0,1.0,46.0,92.0,5.0
18751,2021-02-20 07:00:00,595.91,549.0,29.0,2.0,2.0,42.0,94.0,5.0
18752,2021-02-20 08:00:00,594.51,542.0,31.0,2.0,3.0,40.0,94.0,5.0
18753,2021-02-20 09:00:00,602.27,552.0,32.0,2.0,4.0,32.0,94.0,5.0
18754,2021-02-20 10:00:00,603.76,555.0,32.0,2.0,5.0,29.0,95.0,5.0
18755,2021-02-20 11:00:00,601.21,551.0,32.0,2.0,4.0,32.0,95.0,5.0
18756,2021-02-20 12:00:00,594.99,554.0,33.0,2.0,3.0,40.0,96.0,5.0
18757,2021-02-20 13:00:00,585.89,538.0,32.0,2.0,2.0,50.0,94.0,5.0
18758,2021-02-20 14:00:00,572.5,525.0,31.0,2.0,1.0,59.0,99.0,5.0
18759,2021-02-20 15:00:00,568.55,511.0,29.0,2.0,0.0,63.0,97.0,5.0
18760,2021-02-20 16:00:00,574.66,552.0,31.0,2.0,0.0,67.0,98.0,5.0
18761,2021-02-20 17:00:00,561.44,547.0,31.0,2.0,0.0,83.0,98.0,5.0
18762,2021-02-20 18:00:00,543.59,545.0,29.0,2.0,0.0,109.0,97.0,5.0
18763,2021-02-20 19:00:00,522.07,508.0,31.0,2.0,0.0,126.0,95.0,5.0
18764,2021-02-20 20:00:00,460.37,386.0,33.0,2.0,0.0,151.0,93.0,5.0
18765,2021-02-20 21:00:00,396.39,303.0,33.0,2.0,0.0,182.0,94.0,5.0
18766,2021-02-20 22:00:00,374.03,271.0,32.0,2.0,0.0,187.0,93.0,5.0
18767,2021-02-20 23:00:00,367.8,271.0,33.0,2.0,0.0,196.0,94.0,5.0
18768,2021-02-21 00:00:00,377.16,270.0,36.0,1.0,0.0,184.0,91.0,5.0
18769,2021-02-21 01:00:00,383.69,269.0,37.0,1.0,0.0,172.0,92.0,5.0
18770,2021-02-21 02:00:00,389.0,273.0,36.0,1.0,0.0,170.0,90.0,5.0
18771,2021-02-21 03:00:00,382.32,271.0,38.0,1.0,0.0,176.0,92.0,5.0
18772,2021-02-21 04:00:00,397.27,271.0,39.0,1.0,0.0,154.0,92.0,5.0
18773,2021-02-21 05:00:00,415.69,267.0,37.0,1.0,0.0,126.0,92.0,5.0
18774,2021-02-21 06:00:00,470.08,332.0,37.0,1.0,2.0,103.0,92.0,5.0
18775,2021-02-21 07:00:00,486.65,356.0,37.0,1.0,6.0,93.0,92.0,5.0
18776,2021-02-21 08:00:00,498.2,353.0,36.0,1.0,10.0,73.0,93.0,5.0
18777,2021-02-21 09:00:00,516.05,357.0,33.0,1.0,13.0,53.0,93.0,5.0
18778,2021-02-21 10:00:00,527.76,355.0,29.0,1.0,15.0,40.0,92.0,5.0
18779,2021-02-21 11:00:00,552.52,365.0,22.0,1.0,14.0,25.0,90.0,5.0
18780,2021-02-21 12:00:00,549.51,348.0,20.0,2.0,10.0,25.0,90.0,5.0
18781,2021-02-21 13:00:00,563.07,350.0,19.0,2.0,6.0,21.0,87.0,5.0
18782,2021-02-21 14:00:00,587.32,429.0,19.0,2.0,3.0,22.0,92.0,5.0
18783,2021-02-21 15:00:00,600.86,489.0,19.0,2.0,0.0,25.0,95.0,5.0
18784,2021-02-21 16:00:00,605.73,513.0,19.0,2.0,0.0,29.0,92.0,5.0
18785,2021-02-21 17:00:00,604.41,554.0,19.0,2.0,0.0,39.0,94.0,5.0
18786,2021-02-21 18:00:00,588.49,529.0,19.0,2.0,0.0,53.0,92.0,5.0
18787,2021-02-21 19:00:00,568.6,480.0,19.0,2.0,0.0,64.0,89.0,5.0
18788,2021-02-21 20:00:00,566.93,489.0,19.0,2.0,0.0,66.0,92.0,5.0
18789,2021-02-21 21:00:00,564.44,466.0,19.0,2.0,0.0,65.0,88.0,5.0
18790,2021-02-21 22:00:00,563.05,430.0,19.0,2.0,0.0,54.0,88.0,5.0
18791,2021-02-21 23:00:00,543.34,348.0,19.0,2.0,0.0,44.0,87.0,5.0
18792,2021-02-22 00:00:00,542.87,341.0,21.0,2.0,0.0,44.0,84.0,5.0
18793,2021-02-22 01:00:00,541.02,351.0,36.0,2.0,0.0,46.0,83.0,5.0
18794,2021-02-22 02:00:00,553.1,353.0,37.0,2.0,0.0,36.0,82.0,5.0
18795,2021-02-22 03:00:00,561.09,353.0,36.0,1.0,0.0,29.0,83.0,5.0
18796,2021-02-22 04:00:00,589.79,445.0,33.0,1.0,0.0,28.0,87.0,5.0
18797,2021-02-22 05:00:00,608.83,539.0,32.0,1.0,0.0,30.0,90.0,5.0
18798,2021-02-22 06:00:00,586.25,561.0,33.0,1.0,3.0,59.0,91.0,5.0
18799,2021-02-22 07:00:00,570.64,539.0,31.0,1.0,8.0,70.0,89.0,5.0
18800,2021-02-22 08:00:00,575.4,523.0,33.0,1.0,13.0,53.0,89.0,5.0
18801,2021-02-22 09:00:00,578.26,547.0,33.0,1.0,16.0,53.0,90.0,5.0
18802,2021-02-22 10:00:00,571.74,521.0,30.0,1.0,18.0,53.0,89.0,5.0
18803,2021-02-22 11:00:00,567.5,521.0,31.0,1.0,17.0,59.0,89.0,5.0
18804,2021-02-22 12:00:00,573.02,536.0,28.0,1.0,13.0,61.0,90.0,5.0
18805,2021-02-22 13:00:00,571.2,525.0,30.0,1.0,9.0,65.0,88.0,5.0
18806,2021-02-22 14:00:00,580.25,525.0,32.0,1.0,3.0,54.0,93.0,5.0
18807,2021-02-22 15:00:00,591.5,534.0,32.0,1.0,1.0,45.0,93.0,5.0
18808,2021-02-22 16:00:00,593.4,547.0,33.0,1.0,0.0,46.0,94.0,5.0
18809,2021-02-22 17:00:00,586.57,543.0,31.0,1.0,0.0,54.0,94.0,5.0
18810,2021-02-22 18:00:00,589.09,549.0,30.0,1.0,0.0,54.0,93.0,5.0
18811,2021-02-22 19:00:00,590.31,546.0,29.0,1.0,0.0,52.0,93.0,5.0
18812,2021-02-22 20:00:00,594.54,543.0,29.0,2.0,0.0,45.0,93.0,5.0
18813,2021-02-22 21:00:00,567.91,485.0,29.0,2.0,0.0,63.0,89.0,5.0
18814,2021-02-22 22:00:00,554.3,427.0,29.0,2.0,0.0,58.0,89.0,5.0
18815,2021-02-22 23:00:00,546.57,375.0,30.0,2.0,0.0,48.0,87.0,5.0
18816,2021-02-23 00:00:00,548.13,404.0,32.0,2.0,0.0,60.0,84.0,5.0
18817,2021-02-23 01:00:00,530.89,383.0,32.0,2.0,0.0,68.0,86.0,5.0
18818,2021-02-23 02:00:00,507.6,358.0,32.0,2.0,0.0,85.0,83.0,5.0
18819,2021-02-23 03:00:00,496.79,356.0,29.0,2.0,0.0,95.0,85.0,5.0
18820,2021-02-23 04:00:00,541.91,433.0,27.0,2.0,0.0,77.0,87.0,5.0
18821,2021-02-23 05:00:00,534.12,520.0,27.0,2.0,0.0,122.0,88.0,5.0
18822,2021-02-23 06:00:00,524.31,556.0,32.0,2.0,2.0,149.0,88.0,5.0
18823,2021-02-23 07:00:00,512.13,556.0,35.0,1.0,3.0,169.0,87.0,5.0
18824,2021-02-23 08:00:00,505.64,558.0,35.0,1.0,4.0,181.0,86.0,5.0
18825,2021-02-23 09:00:00,491.45,534.0,35.0,1.0,6.0,192.0,85.0,5.0
18826,2021-02-23 10:00:00,491.27,533.0,30.0,1.0,6.0,191.0,87.0,5.0
18827,2021-02-23 11:00:00,501.51,544.0,31.0,1.0,7.0,176.0,89.0,5.0
18828,2021-02-23 12:00:00,516.1,537.0,33.0,1.0,6.0,149.0,89.0,5.0
18829,2021-02-23 13:00:00,538.09,517.0,37.0,1.0,4.0,110.0,87.0,5.0
18830,2021-02-23 14:00:00,561.88,528.0,36.0,1.0,2.0,79.0,92.0,5.0
18831,2021-02-23 15:00:00,569.28,534.0,37.0,1.0,0.0,72.0,93.0,5.0
18832,2021-02-23 16:00:00,579.28,557.0,38.0,1.0,0.0,65.0,94.0,5.0
18833,2021-02-23 17:00:00,582.26,562.0,37.0,1.0,0.0,63.0,94.0,5.0
18834,2021-02-23 18:00:00,570.81,540.0,37.0,1.0,0.0,71.0,94.0,5.0
18835,2021-02-23 19:00:00,571.68,504.0,37.0,1.0,0.0,60.0,92.0,5.0
18836,2021-02-23 20:00:00,577.91,510.0,38.0,1.0,0.0,54.0,92.0,5.0
18837,2021-02-23 21:00:00,561.12,434.0,38.0,1.0,0.0,50.0,90.0,5.0
18838,2021-02-23 22:00:00,526.85,368.0,38.0,1.0,0.0,62.0,89.0,5.0
18839,2021-02-23 23:00:00,555.88,370.0,39.0,1.0,0.0,36.0,86.0,5.0
18840,2021-02-24 00:00:00,561.73,367.0,40.0,1.0,0.0,31.0,84.0,5.0
18841,2021-02-24 01:00:00,544.36,349.0,36.0,1.0,0.0,41.0,85.0,5.0
18842,2021-02-24 02:00:00,545.53,356.0,38.0,1.0,0.0,44.0,83.0,5.0
18843,2021-02-24 03:00:00,533.39,356.0,38.0,1.0,0.0,54.0,85.0,5.0
18844,2021-02-24 04:00:00,558.92,405.0,38.0,2.0,0.0,42.0,89.0,5.0
18845,2021-02-24 05:00:00,592.07,536.0,37.0,2.0,0.0,44.0,92.0,5.0
18846,2021-02-24 06:00:00,610.63,562.0,36.0,2.0,3.0,25.0,93.0,5.0
18847,2021-02-24 07:00:00,598.92,565.0,36.0,2.0,8.0,36.0,92.0,5.0
18848,2021-02-24 08:00:00,580.4,567.0,37.0,2.0,13.0,55.0,92.0,5.0
18849,2021-02-24 09:00:00,559.32,565.0,38.0,2.0,15.0,80.0,93.0,5.0
18850,2021-02-24 10:00:00,527.25,523.0,38.0,2.0,18.0,108.0,92.0,5.0
18851,2021-02-24 11:00:00,517.61,518.0,39.0,2.0,16.0,121.0,93.0,5.0
18852,2021-02-24 12:00:00,506.76,532.0,39.0,2.0,13.0,147.0,94.0,5.0
18853,2021-02-24 13:00:00,498.01,518.0,40.0,1.0,9.0,161.0,92.0,5.0
18854,2021-02-24 14:00:00,469.56,461.0,39.0,1.0,4.0,179.0,94.0,5.0
18855,2021-02-24 15:00:00,473.71,481.0,40.0,1.0,1.0,188.0,93.0,5.0
18856,2021-02-24 16:00:00,484.81,522.0,39.0,1.0,0.0,192.0,95.0,5.0
18857,2021-02-24 17:00:00,484.84,530.0,41.0,1.0,0.0,196.0,95.0,5.0
18858,2021-02-24 18:00:00,461.69,475.0,41.0,1.0,0.0,206.0,93.0,5.0
18859,2021-02-24 19:00:00,429.53,381.0,42.0,1.0,0.0,196.0,92.0,5.0
18860,2021-02-24 20:00:00,436.77,348.0,40.0,1.0,0.0,161.0,91.0,5.0
18861,2021-02-24 21:00:00,436.88,348.0,39.0,1.0,0.0,162.0,90.0,5.0
18862,2021-02-24 22:00:00,431.84,346.0,39.0,1.0,0.0,170.0,88.0,5.0
18863,2021-02-24 23:00:00,440.98,348.0,39.0,1.0,0.0,159.0,87.0,5.0
18864,2021-02-25 00:00:00,454.58,344.0,40.0,1.0,0.0,139.0,85.0,5.0
18865,2021-02-25 01:00:00,453.64,351.0,40.0,1.0,0.0,144.0,86.0,5.0
18866,2021-02-25 02:00:00,455.23,351.0,39.0,1.0,0.0,145.0,83.0,5.0
18867,2021-02-25 03:00:00,449.34,351.0,40.0,1.0,0.0,151.0,85.0,5.0
18868,2021-02-25 04:00:00,491.33,433.0,39.0,1.0,0.0,142.0,85.0,5.0
18869,2021-02-25 05:00:00,492.27,481.0,38.0,1.0,1.0,164.0,87.0,5.0
18870,2021-02-25 06:00:00,496.56,472.0,40.0,1.0,3.0,150.0,87.0,5.0
18871,2021-02-25 07:00:00,490.29,458.0,40.0,1.0,11.0,142.0,89.0,5.0
18872,2021-02-25 08:00:00,475.34,460.0,43.0,1.0,19.0,158.0,89.0,5.0
18873,2021-02-25 09:00:00,485.02,504.0,45.0,1.0,26.0,161.0,88.0,5.0
18874,2021-02-25 10:00:00,478.46,469.0,44.0,1.0,24.0,154.0,88.0,5.0
18875,2021-02-25 11:00:00,486.73,507.0,44.0,1.0,23.0,160.0,91.0,5.0
18876,2021-02-25 12:00:00,463.5,445.0,44.0,1.0,17.0,168.0,91.0,5.0
18877,2021-02-25 13:00:00,489.85,459.0,45.0,1.0,11.0,142.0,89.0,5.0
18878,2021-02-25 14:00:00,476.06,451.0,45.0,1.0,5.0,162.0,92.0,5.0
18879,2021-02-25 15:00:00,464.58,445.0,45.0,1.0,1.0,181.0,92.0,5.0
18880,2021-02-25 16:00:00,457.1,429.0,45.0,1.0,0.0,187.0,89.0,5.0
18881,2021-02-25 17:00:00,438.54,397.0,42.0,1.0,0.0,196.0,89.0,5.0
18882,2021-02-25 18:00:00,410.17,346.0,42.0,1.0,0.0,202.0,90.0,5.0
18883,2021-02-25 19:00:00,412.51,341.0,41.0,1.0,0.0,193.0,91.0,5.0
18884,2021-02-25 20:00:00,428.37,358.0,43.0,1.0,0.0,181.0,91.0,5.0
18885,2021-02-25 21:00:00,425.66,363.0,45.0,1.0,0.0,190.0,90.0,5.0
18886,2021-02-25 22:00:00,410.66,372.0,45.0,1.0,0.0,224.0,89.0,5.0
18887,2021-02-25 23:00:00,321.51,225.0,41.0,1.0,0.0,227.0,89.0,5.0
18888,2021-02-26 00:00:00,318.14,227.0,41.0,1.0,0.0,238.0,87.0,5.0
18889,2021-02-26 01:00:00,318.36,229.0,45.0,1.0,0.0,241.0,87.0,5.0
18890,2021-02-26 02:00:00,315.6,225.0,41.0,1.0,0.0,241.0,86.0,5.0
18891,2021-02-26 03:00:00,315.54,228.0,39.0,1.0,0.0,243.0,88.0,5.0
18892,2021-02-26 04:00:00,386.7,339.0,39.0,1.0,0.0,237.0,90.0,5.0
18893,2021-02-26 05:00:00,356.68,294.0,40.0,1.0,1.0,246.0,89.0,5.0
18894,2021-02-26 06:00:00,385.6,337.0,41.0,1.0,6.0,232.0,89.0,5.0
18895,2021-02-26 07:00:00,401.81,362.0,36.0,1.0,17.0,215.0,89.0,5.0
18896,2021-02-26 08:00:00,407.82,371.0,37.0,1.0,28.0,199.0,91.0,5.0
18897,2021-02-26 09:00:00,411.38,361.0,39.0,1.0,34.0,181.0,88.0,5.0
18898,2021-02-26 10:00:00,398.55,313.0,43.0,1.0,34.0,160.0,88.0,5.0
18899,2021-02-26 11:00:00,396.63,300.0,46.0,1.0,38.0,147.0,88.0,5.0
18900,2021-02-26 12:00:00,416.4,319.0,46.0,1.0,42.0,127.0,90.0,5.0
18901,2021-02-26 13:00:00,436.31,320.0,46.0,1.0,37.0,106.0,88.0,5.0
18902,2021-02-26 14:00:00,473.72,367.0,45.0,1.0,19.0,102.0,91.0,5.0
18903,2021-02-26 15:00:00,462.36,333.0,48.0,1.0,3.0,110.0,92.0,5.0
18904,2021-02-26 16:00:00,479.98,358.0,43.0,1.0,0.0,108.0,91.0,5.0
18905,2021-02-26 17:00:00,476.65,358.0,44.0,1.0,0.0,115.0,88.0,5.0
18906,2021-02-26 18:00:00,441.18,308.0,44.0,1.0,0.0,127.0,89.0,5.0
18907,2021-02-26 19:00:00,413.35,281.0,44.0,1.0,0.0,143.0,89.0,5.0
18908,2021-02-26 20:00:00,407.59,288.0,44.0,1.0,0.0,156.0,90.0,5.0
18909,2021-02-26 21:00:00,406.47,292.0,45.0,1.0,0.0,161.0,90.0,5.0
18910,2021-02-26 22:00:00,414.76,312.0,43.0,1.0,0.0,167.0,89.0,5.0
18911,2021-02-26 23:00:00,369.26,243.0,42.0,1.0,0.0,172.0,87.0,5.0
18912,2021-02-27 00:00:00,363.12,240.0,41.0,1.0,0.0,181.0,84.0,5.0
18913,2021-02-27 01:00:00,361.89,241.0,42.0,1.0,0.0,182.0,86.0,5.0
18914,2021-02-27 02:00:00,365.78,240.0,42.0,1.0,0.0,173.0,88.0,5.0
18915,2021-02-27 03:00:00,357.7,237.0,41.0,1.0,0.0,178.0,92.0,5.0
18916,2021-02-27 04:00:00,359.05,238.0,40.0,1.0,0.0,176.0,93.0,5.0
18917,2021-02-27 05:00:00,361.2,241.0,39.0,1.0,1.0,176.0,92.0,5.0
18918,2021-02-27 06:00:00,400.13,319.0,41.0,1.0,14.0,178.0,93.0,5.0
18919,2021-02-27 07:00:00,431.5,408.0,44.0,1.0,37.0,173.0,95.0,5.0
18920,2021-02-27 08:00:00,420.16,396.0,43.0,1.0,54.0,166.0,96.0,5.0
18921,2021-02-27 09:00:00,392.3,350.0,42.0,1.0,70.0,164.0,93.0,5.0
18922,2021-02-27 10:00:00,374.15,312.0,40.0,1.0,79.0,151.0,93.0,5.0
18923,2021-02-27 11:00:00,412.51,379.0,41.0,1.0,82.0,140.0,94.0,5.0
18924,2021-02-27 12:00:00,405.2,350.0,41.0,1.0,75.0,135.0,94.0,5.0
18925,2021-02-27 13:00:00,391.29,313.0,42.0,1.0,58.0,145.0,91.0,5.0
18926,2021-02-27 14:00:00,411.78,304.0,40.0,1.0,29.0,131.0,94.0,5.0
18927,2021-02-27 15:00:00,431.81,292.0,39.0,1.0,3.0,119.0,95.0,5.0
18928,2021-02-27 16:00:00,476.21,377.0,39.0,1.0,0.0,118.0,98.0,5.0
18929,2021-02-27 17:00:00,487.72,395.0,39.0,1.0,0.0,111.0,100.0,5.0
18930,2021-02-27 18:00:00,494.59,410.0,39.0,1.0,0.0,109.0,101.0,5.0
18931,2021-02-27 19:00:00,516.66,406.0,38.0,1.0,0.0,78.0,102.0,5.0
18932,2021-02-27 20:00:00,453.6,268.0,40.0,1.0,0.0,77.0,97.0,5.0
18933,2021-02-27 21:00:00,441.35,237.0,41.0,1.0,0.0,68.0,97.0,5.0
18934,2021-02-27 22:00:00,415.83,217.0,41.0,1.0,0.0,80.0,96.0,5.0
18935,2021-02-27 23:00:00,453.8,295.0,40.0,1.0,0.0,96.0,96.0,5.0
18936,2021-02-28 00:00:00,424.38,290.0,40.0,1.0,0.0,132.0,93.0,5.0
18937,2021-02-28 01:00:00,389.22,241.0,40.0,1.0,0.0,136.0,93.0,5.0
18938,2021-02-28 02:00:00,391.72,236.0,40.0,1.0,0.0,129.0,92.0,5.0
18939,2021-02-28 03:00:00,385.52,239.0,40.0,1.0,0.0,139.0,93.0,5.0
18940,2021-02-28 04:00:00,369.79,239.0,41.0,1.0,0.0,160.0,94.0,5.0
18941,2021-02-28 05:00:00,366.49,241.0,41.0,1.0,2.0,166.0,93.0,5.0
18942,2021-02-28 06:00:00,369.9,242.0,41.0,1.0,17.0,147.0,93.0,5.0
18943,2021-02-28 07:00:00,352.18,239.0,41.0,1.0,57.0,131.0,93.0,5.0
18944,2021-02-28 08:00:00,321.6,242.0,41.0,1.0,98.0,148.0,93.0,5.0
18945,2021-02-28 09:00:00,305.95,245.0,43.0,1.0,109.0,176.0,91.0,5.0
18946,2021-02-28 10:00:00,321.72,245.0,42.0,1.0,118.0,133.0,92.0,5.0
18947,2021-02-28 11:00:00,337.9,242.0,44.0,1.0,119.0,99.0,91.0,5.0
18948,2021-02-28 12:00:00,351.92,242.0,43.0,1.0,109.0,85.0,91.0,5.0
18949,2021-02-28 13:00:00,383.19,244.0,42.0,1.0,78.0,74.0,88.0,5.0
18950,2021-02-28 14:00:00,427.22,239.0,44.0,1.0,32.0,57.0,92.0,5.0
18951,2021-02-28 15:00:00,436.35,248.0,43.0,1.0,4.0,80.0,94.0,5.0
18952,2021-02-28 16:00:00,461.52,289.0,41.0,1.0,0.0,82.0,97.0,5.0
18953,2021-02-28 17:00:00,427.49,226.0,41.0,1.0,0.0,72.0,99.0,5.0
18954,2021-02-28 18:00:00,382.51,168.0,40.0,1.0,0.0,67.0,99.0,5.0
18955,2021-02-28 19:00:00,362.98,163.0,41.0,1.0,0.0,81.0,100.0,5.0
18956,2021-02-28 20:00:00,327.45,143.0,41.0,1.0,0.0,99.0,98.0,5.0
18957,2021-02-28 21:00:00,262.11,108.0,41.0,1.0,0.0,131.0,96.0,5.0
18958,2021-02-28 22:00:00,329.82,155.0,42.0,1.0,0.0,111.0,99.0,5.0
18959,2021-02-28 23:00:00,310.69,128.0,40.0,1.0,0.0,99.0,97.0,5.0
18960,2021-03-01 00:00:00,313.88,127.0,41.0,1.0,0.0,97.0,94.0,5.0
18961,2021-03-01 01:00:00,326.4,127.0,41.0,1.0,0.0,82.0,95.0,5.0
18962,2021-03-01 02:00:00,312.45,136.0,38.0,1.0,0.0,113.0,92.0,5.0
18963,2021-03-01 03:00:00,315.98,161.0,39.0,1.0,0.0,141.0,95.0,5.0
18964,2021-03-01 04:00:00,322.7,170.0,39.0,1.0,0.0,146.0,93.0,5.0
18965,2021-03-01 05:00:00,334.68,175.0,38.0,1.0,3.0,134.0,92.0,5.0
18966,2021-03-01 06:00:00,429.73,303.0,40.0,1.0,18.0,116.0,94.0,5.0
18967,2021-03-01 07:00:00,429.88,344.0,42.0,1.0,53.0,111.0,95.0,5.0
18968,2021-03-01 08:00:00,393.36,322.0,41.0,1.0,95.0,108.0,96.0,5.0
18969,2021-03-01 09:00:00,373.64,315.0,42.0,1.0,109.0,122.0,96.0,5.0
18970,2021-03-01 10:00:00,360.56,297.0,38.0,1.0,106.0,130.0,96.0,5.0
18971,2021-03-01 11:00:00,376.95,313.0,38.0,1.0,80.0,143.0,96.0,5.0
18972,2021-03-01 12:00:00,377.47,308.0,38.0,1.0,50.0,168.0,95.0,5.0
18973,2021-03-01 13:00:00,408.58,313.0,45.0,1.0,27.0,147.0,92.0,5.0
18974,2021-03-01 14:00:00,435.68,315.0,47.0,1.0,14.0,120.0,94.0,5.0
18975,2021-03-01 15:00:00,430.2,296.0,40.0,1.0,3.0,123.0,96.0,5.0
18976,2021-03-01 16:00:00,438.04,325.0,35.0,1.0,0.0,138.0,96.0,5.0
18977,2021-03-01 17:00:00,419.48,326.0,38.0,1.0,0.0,164.0,97.0,5.0
18978,2021-03-01 18:00:00,404.16,317.0,38.0,1.0,0.0,180.0,97.0,5.0
18979,2021-03-01 19:00:00,327.13,208.0,38.0,1.0,0.0,185.0,98.0,5.0
18980,2021-03-01 20:00:00,299.71,162.0,41.0,1.0,0.0,165.0,97.0,5.0
18981,2021-03-01 21:00:00,284.12,132.0,39.0,1.0,0.0,141.0,96.0,5.0
18982,2021-03-01 22:00:00,283.2,128.0,37.0,1.0,0.0,137.0,94.0,5.0
18983,2021-03-01 23:00:00,282.57,119.0,38.0,1.0,0.0,125.0,92.0,5.0
18984,2021-03-02 00:00:00,261.55,106.0,41.0,1.0,0.0,136.0,88.0,5.0
18985,2021-03-02 01:00:00,256.37,111.0,40.0,1.0,0.0,152.0,89.0,5.0
18986,2021-03-02 02:00:00,245.34,112.0,42.0,1.0,0.0,174.0,88.0,5.0
18987,2021-03-02 03:00:00,244.4,111.0,41.0,1.0,0.0,172.0,89.0,5.0
18988,2021-03-02 04:00:00,259.59,114.0,38.0,1.0,0.0,153.0,88.0,5.0
18989,2021-03-02 05:00:00,272.07,127.0,38.0,1.0,4.0,152.0,90.0,5.0
18990,2021-03-02 06:00:00,303.49,180.0,40.0,1.0,38.0,152.0,93.0,5.0
18991,2021-03-02 07:00:00,263.3,172.0,41.0,1.0,91.0,161.0,94.0,5.0
18992,2021-03-02 08:00:00,232.33,162.0,40.0,1.0,132.0,171.0,95.0,5.0
18993,2021-03-02 09:00:00,203.13,145.0,43.0,1.0,156.0,190.0,95.0,5.0
18994,2021-03-02 10:00:00,178.63,125.0,43.0,1.0,163.0,206.0,94.0,5.0
18995,2021-03-02 11:00:00,169.79,118.0,44.0,1.0,155.0,225.0,93.0,5.0
18996,2021-03-02 12:00:00,173.13,116.0,45.0,1.0,132.0,232.0,91.0,5.0
18997,2021-03-02 13:00:00,182.2,110.0,45.0,1.0,85.0,231.0,89.0,5.0
18998,2021-03-02 14:00:00,236.24,147.0,44.0,1.0,35.0,230.0,92.0,5.0
18999,2021-03-02 15:00:00,270.16,160.0,44.0,1.0,6.0,210.0,95.0,5.0
19000,2021-03-02 16:00:00,278.25,162.0,43.0,1.0,0.0,204.0,95.0,5.0
19001,2021-03-02 17:00:00,284.76,166.0,43.0,1.0,0.0,198.0,96.0,5.0
19002,2021-03-02 18:00:00,264.93,144.0,43.0,1.0,0.0,196.0,95.0,5.0
19003,2021-03-02 19:00:00,280.19,159.0,42.0,1.0,0.0,192.0,98.0,5.0
19004,2021-03-02 20:00:00,281.48,156.0,40.0,1.0,0.0,185.0,97.0,5.0
19005,2021-03-02 21:00:00,297.53,158.0,40.0,1.0,0.0,162.0,97.0,5.0
19006,2021-03-02 22:00:00,310.96,158.0,40.0,1.0,0.0,142.0,97.0,5.0
19007,2021-03-02 23:00:00,262.81,104.0,40.0,1.0,0.0,127.0,91.0,5.0
19008,2021-03-03 00:00:00,256.95,100.0,41.0,1.0,0.0,131.0,88.0,5.0
19009,2021-03-03 01:00:00,251.5,100.0,39.0,1.0,0.0,138.0,88.0,5.0
19010,2021-03-03 02:00:00,272.56,111.0,39.0,1.0,0.0,130.0,87.0,5.0
19011,2021-03-03 03:00:00,318.89,145.0,40.0,1.0,0.0,123.0,87.0,5.0
19012,2021-03-03 04:00:00,359.97,188.0,39.0,1.0,0.0,122.0,90.0,5.0
19013,2021-03-03 05:00:00,414.91,261.0,37.0,1.0,5.0,116.0,93.0,5.0
19014,2021-03-03 06:00:00,425.56,288.0,39.0,1.0,34.0,95.0,93.0,5.0
19015,2021-03-03 07:00:00,399.49,288.0,42.0,1.0,74.0,91.0,93.0,5.0
19016,2021-03-03 08:00:00,369.08,289.0,42.0,1.0,100.0,114.0,94.0,5.0
19017,2021-03-03 09:00:00,378.41,283.0,44.0,1.0,90.0,104.0,92.0,5.0
19018,2021-03-03 10:00:00,366.42,266.0,44.0,1.0,66.0,129.0,93.0,5.0
19019,2021-03-03 11:00:00,367.65,281.0,47.0,1.0,57.0,151.0,94.0,5.0
19020,2021-03-03 12:00:00,358.95,269.0,47.0,1.0,51.0,160.0,93.0,5.0
19021,2021-03-03 13:00:00,356.14,262.0,47.0,1.0,37.0,173.0,91.0,5.0
19022,2021-03-03 14:00:00,369.41,264.0,47.0,1.0,16.0,171.0,94.0,5.0
19023,2021-03-03 15:00:00,378.87,258.0,48.0,1.0,2.0,164.0,94.0,5.0
19024,2021-03-03 16:00:00,388.77,291.0,47.0,1.0,0.0,182.0,95.0,5.0
19025,2021-03-03 17:00:00,392.31,285.0,43.0,1.0,0.0,171.0,95.0,5.0
19026,2021-03-03 18:00:00,404.5,285.0,42.0,1.0,0.0,152.0,96.0,5.0
19027,2021-03-03 19:00:00,391.54,273.0,41.0,1.0,0.0,158.0,98.0,5.0
19028,2021-03-03 20:00:00,362.7,212.0,42.0,1.0,0.0,138.0,97.0,5.0
19029,2021-03-03 21:00:00,370.05,209.0,42.0,1.0,0.0,125.0,97.0,5.0
19030,2021-03-03 22:00:00,382.82,208.0,43.0,1.0,0.0,107.0,98.0,5.0
19031,2021-03-03 23:00:00,352.53,165.0,43.0,1.0,0.0,100.0,95.0,5.0
19032,2021-03-04 00:00:00,340.33,145.0,43.0,1.0,0.0,93.0,92.0,5.0
19033,2021-03-04 01:00:00,337.05,147.0,41.0,1.0,0.0,99.0,92.0,5.0
19034,2021-03-04 02:00:00,373.69,169.0,41.0,1.0,0.0,85.0,91.0,5.0
19035,2021-03-04 03:00:00,402.39,188.0,40.0,1.0,0.0,73.0,92.0,5.0
19036,2021-03-04 04:00:00,418.83,200.0,41.0,1.0,0.0,68.0,91.0,5.0
19037,2021-03-04 05:00:00,421.68,231.0,42.0,1.0,5.0,84.0,92.0,5.0
19038,2021-03-04 06:00:00,422.53,291.0,42.0,1.0,31.0,104.0,93.0,5.0
19039,2021-03-04 07:00:00,376.05,287.0,42.0,1.0,69.0,132.0,93.0,5.0
19040,2021-03-04 08:00:00,364.65,291.0,42.0,1.0,96.0,127.0,95.0,5.0
19041,2021-03-04 09:00:00,336.15,250.0,42.0,1.0,103.0,126.0,93.0,5.0
19042,2021-03-04 10:00:00,334.67,269.0,43.0,1.0,116.0,137.0,96.0,5.0
19043,2021-03-04 11:00:00,340.68,277.0,42.0,1.0,122.0,129.0,96.0,5.0
19044,2021-03-04 12:00:00,334.75,270.0,42.0,1.0,123.0,132.0,95.0,5.0
19045,2021-03-04 13:00:00,350.8,291.0,43.0,1.0,97.0,153.0,94.0,5.0
19046,2021-03-04 14:00:00,390.12,292.0,43.0,1.0,46.0,136.0,94.0,5.0
19047,2021-03-04 15:00:00,409.7,288.0,44.0,1.0,7.0,139.0,97.0,5.0
19048,2021-03-04 16:00:00,404.55,292.0,43.0,1.0,0.0,159.0,95.0,5.0
19049,2021-03-04 17:00:00,409.33,293.0,42.0,1.0,0.0,153.0,95.0,5.0
19050,2021-03-04 18:00:00,393.66,257.0,41.0,1.0,0.0,143.0,95.0,5.0
19051,2021-03-04 19:00:00,369.39,229.0,40.0,1.0,0.0,148.0,96.0,5.0
19052,2021-03-04 20:00:00,345.66,201.0,39.0,1.0,0.0,152.0,94.0,5.0
19053,2021-03-04 21:00:00,318.22,166.0,40.0,1.0,0.0,147.0,93.0,5.0
19054,2021-03-04 22:00:00,317.16,150.0,39.0,1.0,0.0,127.0,92.0,5.0
19055,2021-03-04 23:00:00,338.31,158.0,38.0,1.0,0.0,111.0,92.0,5.0
19056,2021-03-05 00:00:00,344.77,156.0,38.0,1.0,0.0,104.0,89.0,5.0
19057,2021-03-05 01:00:00,363.89,152.0,38.0,1.0,0.0,79.0,89.0,5.0
19058,2021-03-05 02:00:00,399.83,175.0,38.0,1.0,0.0,67.0,89.0,5.0
19059,2021-03-05 03:00:00,395.11,169.0,37.0,1.0,0.0,65.0,90.0,5.0
19060,2021-03-05 04:00:00,441.65,203.0,36.0,1.0,0.0,51.0,90.0,5.0
19061,2021-03-05 05:00:00,456.44,208.0,35.0,1.0,2.0,40.0,90.0,5.0
19062,2021-03-05 06:00:00,492.53,264.0,37.0,1.0,14.0,28.0,92.0,5.0
19063,2021-03-05 07:00:00,483.6,297.0,37.0,1.0,38.0,29.0,94.0,5.0
19064,2021-03-05 08:00:00,453.72,297.0,37.0,1.0,66.0,32.0,96.0,5.0
19065,2021-03-05 09:00:00,414.09,272.0,39.0,1.0,90.0,37.0,97.0,5.0
19066,2021-03-05 10:00:00,396.34,274.0,40.0,1.0,113.0,38.0,99.0,5.0
19067,2021-03-05 11:00:00,375.09,263.0,40.0,1.0,123.0,48.0,100.0,5.0
19068,2021-03-05 12:00:00,379.0,267.0,42.0,1.0,114.0,57.0,98.0,5.0
19069,2021-03-05 13:00:00,414.68,296.0,41.0,1.0,90.0,60.0,93.0,5.0
19070,2021-03-05 14:00:00,442.9,296.0,39.0,1.0,46.0,64.0,96.0,5.0
19071,2021-03-05 15:00:00,480.01,294.0,37.0,1.0,8.0,57.0,98.0,5.0
19072,2021-03-05 16:00:00,464.14,270.0,36.0,1.0,1.0,67.0,97.0,5.0
19073,2021-03-05 17:00:00,454.44,290.0,34.0,1.0,0.0,91.0,98.0,5.0
19074,2021-03-05 18:00:00,458.3,286.0,34.0,1.0,0.0,83.0,99.0,5.0
19075,2021-03-05 19:00:00,434.47,233.0,35.0,1.0,0.0,74.0,96.0,5.0
19076,2021-03-05 20:00:00,446.79,221.0,37.0,1.0,0.0,55.0,94.0,5.0
19077,2021-03-05 21:00:00,470.34,225.0,36.0,1.0,0.0,35.0,96.0,5.0
19078,2021-03-05 22:00:00,394.21,113.0,35.0,1.0,0.0,16.0,88.0,5.0
19079,2021-03-05 23:00:00,357.24,84.0,35.0,1.0,0.0,13.0,85.0,5.0
19080,2021-03-06 00:00:00,388.72,105.0,35.0,1.0,0.0,19.0,81.0,5.0
19081,2021-03-06 01:00:00,380.88,113.0,36.0,1.0,0.0,30.0,83.0,5.0
19082,2021-03-06 02:00:00,279.45,70.0,35.0,1.0,0.0,55.0,81.0,5.0
19083,2021-03-06 03:00:00,243.02,66.0,34.0,1.0,0.0,82.0,82.0,5.0
19084,2021-03-06 04:00:00,234.55,76.0,32.0,1.0,1.0,112.0,82.0,5.0
19085,2021-03-06 05:00:00,187.49,66.0,33.0,1.0,7.0,155.0,81.0,5.0
19086,2021-03-06 06:00:00,148.59,61.0,34.0,1.0,25.0,209.0,81.0,5.0
19087,2021-03-06 07:00:00,121.45,53.0,36.0,1.0,53.0,236.0,81.0,5.0
19088,2021-03-06 08:00:00,112.57,50.0,38.0,1.0,61.0,248.0,85.0,5.0
19089,2021-03-06 09:00:00,119.09,49.0,39.0,1.0,47.0,232.0,85.0,5.0
19090,2021-03-06 10:00:00,119.76,48.0,38.0,1.0,33.0,239.0,82.0,5.0
19091,2021-03-06 11:00:00,130.75,57.0,37.0,1.0,26.0,250.0,82.0,5.0
19092,2021-03-06 12:00:00,117.44,49.0,36.0,1.0,19.0,265.0,80.0,5.0
19093,2021-03-06 13:00:00,137.95,64.0,36.0,1.0,12.0,273.0,79.0,5.0
19094,2021-03-06 14:00:00,143.59,67.0,37.0,1.0,5.0,275.0,80.0,5.0
19095,2021-03-06 15:00:00,133.49,59.0,37.0,1.0,1.0,274.0,83.0,5.0
19096,2021-03-06 16:00:00,148.52,68.0,38.0,1.0,0.0,268.0,82.0,5.0
19097,2021-03-06 17:00:00,146.71,67.0,37.0,1.0,0.0,267.0,83.0,5.0
19098,2021-03-06 18:00:00,146.39,67.0,37.0,1.0,0.0,267.0,84.0,5.0
19099,2021-03-06 19:00:00,125.74,50.0,36.0,1.0,0.0,252.0,87.0,5.0
19100,2021-03-06 20:00:00,139.13,51.0,36.0,1.0,0.0,216.0,86.0,5.0
19101,2021-03-06 21:00:00,141.08,49.0,38.0,1.0,0.0,205.0,86.0,5.0
19102,2021-03-06 22:00:00,144.31,55.0,38.0,1.0,0.0,223.0,85.0,5.0
19103,2021-03-06 23:00:00,150.52,58.0,35.0,1.0,0.0,214.0,85.0,5.0
19104,2021-03-07 00:00:00,139.53,55.0,35.0,1.0,0.0,234.0,83.0,5.0
19105,2021-03-07 01:00:00,139.19,55.0,35.0,1.0,0.0,235.0,83.0,5.0
19106,2021-03-07 02:00:00,146.4,57.0,35.0,1.0,0.0,223.0,83.0,5.0
19107,2021-03-07 03:00:00,143.1,56.0,35.0,1.0,0.0,227.0,84.0,5.0
19108,2021-03-07 04:00:00,146.28,58.0,34.0,1.0,0.0,226.0,83.0,5.0
19109,2021-03-07 05:00:00,149.21,58.0,34.0,1.0,1.0,217.0,83.0,5.0
19110,2021-03-07 06:00:00,148.1,58.0,32.0,1.0,7.0,211.0,83.0,5.0
19111,2021-03-07 07:00:00,144.57,57.0,33.0,1.0,12.0,213.0,83.0,5.0
19112,2021-03-07 08:00:00,147.66,60.0,35.0,1.0,18.0,214.0,83.0,5.0
19113,2021-03-07 09:00:00,146.02,57.0,48.0,1.0,22.0,219.0,86.0,5.0
19114,2021-03-07 10:00:00,154.99,59.0,52.0,1.0,23.0,208.0,84.0,5.0
19115,2021-03-07 11:00:00,164.41,61.0,58.0,1.0,25.0,196.0,84.0,5.0
19116,2021-03-07 12:00:00,169.84,58.0,59.0,1.0,19.0,178.0,85.0,5.0
19117,2021-03-07 13:00:00,175.86,61.0,58.0,1.0,11.0,185.0,81.0,5.0
19118,2021-03-07 14:00:00,178.89,60.0,59.0,1.0,6.0,180.0,82.0,5.0
19119,2021-03-07 15:00:00,176.3,61.0,58.0,1.0,1.0,190.0,85.0,5.0
19120,2021-03-07 16:00:00,164.0,53.0,58.0,1.0,0.0,192.0,85.0,5.0
19121,2021-03-07 17:00:00,196.59,73.0,58.0,1.0,0.0,183.0,86.0,5.0
19122,2021-03-07 18:00:00,174.11,64.0,57.0,1.0,0.0,203.0,87.0,5.0
19123,2021-03-07 19:00:00,150.19,47.0,54.0,1.0,0.0,195.0,88.0,5.0
19124,2021-03-07 20:00:00,151.56,45.0,53.0,1.0,0.0,183.0,87.0,5.0
19125,2021-03-07 21:00:00,169.19,49.0,53.0,1.0,0.0,159.0,86.0,5.0
19126,2021-03-07 22:00:00,168.81,49.0,54.0,1.0,0.0,163.0,84.0,5.0
19127,2021-03-07 23:00:00,248.55,105.0,56.0,1.0,0.0,165.0,84.0,5.0
19128,2021-03-08 00:00:00,274.45,124.0,55.0,1.0,0.0,161.0,82.0,5.0
19129,2021-03-08 01:00:00,289.83,138.0,55.0,1.0,0.0,160.0,83.0,5.0
19130,2021-03-08 02:00:00,314.33,153.0,56.0,1.0,0.0,147.0,83.0,5.0
19131,2021-03-08 03:00:00,323.45,146.0,56.0,1.0,0.0,121.0,87.0,5.0
19132,2021-03-08 04:00:00,341.55,151.0,55.0,1.0,0.0,105.0,87.0,5.0
19133,2021-03-08 05:00:00,408.16,216.0,56.0,1.0,1.0,88.0,93.0,5.0
19134,2021-03-08 06:00:00,435.12,245.0,57.0,1.0,3.0,77.0,95.0,5.0
19135,2021-03-08 07:00:00,447.66,245.0,54.0,1.0,6.0,61.0,95.0,5.0
19136,2021-03-08 08:00:00,446.41,237.0,58.0,1.0,10.0,52.0,95.0,5.0
19137,2021-03-08 09:00:00,414.8,200.0,59.0,1.0,20.0,49.0,92.0,5.0
19138,2021-03-08 10:00:00,415.43,232.0,58.0,1.0,35.0,57.0,95.0,5.0
19139,2021-03-08 11:00:00,398.16,233.0,56.0,1.0,49.0,63.0,97.0,5.0
19140,2021-03-08 12:00:00,394.8,237.0,56.0,1.0,54.0,66.0,97.0,5.0
19141,2021-03-08 13:00:00,444.81,309.0,56.0,1.0,44.0,72.0,94.0,5.0
19142,2021-03-08 14:00:00,466.09,313.0,56.0,1.0,25.0,66.0,95.0,5.0
19143,2021-03-08 15:00:00,507.19,311.0,58.0,1.0,6.0,38.0,95.0,5.0
19144,2021-03-08 16:00:00,537.04,347.0,56.0,1.0,0.0,31.0,95.0,5.0
19145,2021-03-08 17:00:00,534.88,349.0,56.0,1.0,0.0,33.0,96.0,5.0
19146,2021-03-08 18:00:00,533.66,343.0,55.0,1.0,0.0,30.0,98.0,5.0
19147,2021-03-08 19:00:00,529.35,317.0,55.0,1.0,0.0,23.0,98.0,5.0
19148,2021-03-08 20:00:00,530.57,306.0,52.0,1.0,3.0,16.0,97.0,5.0
19149,2021-03-08 21:00:00,518.76,261.0,52.0,1.0,0.0,12.0,94.0,5.0
19150,2021-03-08 22:00:00,519.65,253.0,54.0,1.0,0.0,8.0,93.0,5.0
19151,2021-03-08 23:00:00,517.88,257.0,55.0,1.0,0.0,10.0,94.0,5.0
19152,2021-03-09 00:00:00,509.13,260.0,54.0,1.0,0.0,24.0,89.0,5.0
19153,2021-03-09 01:00:00,497.16,262.0,52.0,1.0,0.0,34.0,91.0,5.0
19154,2021-03-09 02:00:00,504.7,287.0,52.0,1.0,0.0,39.0,92.0,5.0
19155,2021-03-09 03:00:00,483.78,293.0,52.0,1.0,0.0,61.0,94.0,5.0
19156,2021-03-09 04:00:00,525.11,427.0,49.0,1.0,0.0,81.0,95.0,5.0
19157,2021-03-09 05:00:00,527.15,447.0,50.0,1.0,2.0,86.0,94.0,5.0
19158,2021-03-09 06:00:00,526.18,450.0,52.0,1.0,7.0,83.0,94.0,5.0
19159,2021-03-09 07:00:00,530.61,437.0,54.0,1.0,15.0,66.0,91.0,5.0
19160,2021-03-09 08:00:00,534.96,445.0,57.0,1.0,23.0,55.0,91.0,5.0
19161,2021-03-09 09:00:00,515.0,407.0,54.0,1.0,30.0,55.0,93.0,5.0
19162,2021-03-09 10:00:00,518.81,447.0,57.0,1.0,33.0,66.0,92.0,5.0
19163,2021-03-09 11:00:00,520.5,510.0,56.0,1.0,31.0,94.0,93.0,5.0
19164,2021-03-09 12:00:00,483.88,421.0,56.0,1.0,24.0,112.0,91.0,5.0
19165,2021-03-09 13:00:00,488.62,401.0,56.0,1.0,12.0,106.0,91.0,5.0
19166,2021-03-09 14:00:00,515.58,445.0,55.0,1.0,5.0,97.0,93.0,5.0
19167,2021-03-09 15:00:00,496.87,406.0,54.0,1.0,1.0,105.0,95.0,5.0
19168,2021-03-09 16:00:00,514.25,417.0,53.0,1.0,0.0,87.0,97.0,5.0
19169,2021-03-09 17:00:00,508.47,418.0,53.0,1.0,0.0,95.0,97.0,5.0
19170,2021-03-09 18:00:00,487.58,441.0,51.0,1.0,0.0,140.0,94.0,5.0
19171,2021-03-09 19:00:00,492.53,461.0,49.0,1.0,0.0,142.0,96.0,5.0
19172,2021-03-09 20:00:00,469.94,412.0,49.0,1.0,0.0,149.0,95.0,5.0
19173,2021-03-09 21:00:00,441.77,353.0,48.0,1.0,0.0,153.0,94.0,5.0
19174,2021-03-09 22:00:00,436.19,355.0,47.0,1.0,0.0,164.0,93.0,5.0
19175,2021-03-09 23:00:00,437.78,368.0,48.0,1.0,0.0,172.0,92.0,5.0
19176,2021-03-10 00:00:00,422.1,351.0,47.0,1.0,0.0,187.0,89.0,5.0
19177,2021-03-10 01:00:00,414.5,343.0,45.0,1.0,0.0,193.0,89.0,5.0
19178,2021-03-10 02:00:00,405.13,332.0,45.0,1.0,0.0,200.0,88.0,5.0
19179,2021-03-10 03:00:00,415.89,348.0,44.0,1.0,0.0,195.0,89.0,5.0
19180,2021-03-10 04:00:00,472.83,475.0,44.0,1.0,0.0,193.0,86.0,5.0
19181,2021-03-10 05:00:00,496.83,537.0,44.0,1.0,3.0,181.0,89.0,5.0
19182,2021-03-10 06:00:00,502.29,543.0,43.0,1.0,12.0,166.0,89.0,5.0
19183,2021-03-10 07:00:00,504.61,547.0,47.0,1.0,27.0,147.0,90.0,5.0
19184,2021-03-10 08:00:00,490.91,539.0,50.0,1.0,43.0,149.0,91.0,5.0
19185,2021-03-10 09:00:00,478.47,538.0,51.0,1.0,56.0,156.0,93.0,5.0
19186,2021-03-10 10:00:00,478.01,542.0,52.0,1.0,62.0,151.0,95.0,5.0
19187,2021-03-10 11:00:00,468.79,503.0,55.0,1.0,65.0,142.0,94.0,5.0
19188,2021-03-10 12:00:00,475.51,490.0,55.0,1.0,59.0,131.0,91.0,5.0
19189,2021-03-10 13:00:00,498.62,523.0,54.0,1.0,44.0,127.0,89.0,5.0
19190,2021-03-10 14:00:00,527.63,539.0,53.0,1.0,22.0,108.0,91.0,5.0
19191,2021-03-10 15:00:00,542.87,549.0,53.0,1.0,5.0,104.0,93.0,5.0
19192,2021-03-10 16:00:00,528.49,527.0,51.0,1.0,0.0,121.0,94.0,5.0
19193,2021-03-10 17:00:00,523.67,536.0,49.0,1.0,0.0,131.0,96.0,5.0
19194,2021-03-10 18:00:00,495.41,443.0,49.0,1.0,0.0,131.0,93.0,5.0
19195,2021-03-10 19:00:00,480.58,406.0,48.0,1.0,0.0,135.0,90.0,5.0
19196,2021-03-10 20:00:00,458.71,356.0,47.0,1.0,0.0,138.0,87.0,5.0
19197,2021-03-10 21:00:00,395.43,221.0,47.0,1.0,0.0,117.0,85.0,5.0
19198,2021-03-10 22:00:00,342.43,145.0,47.0,1.0,0.0,99.0,84.0,5.0
19199,2021-03-10 23:00:00,354.19,142.0,49.0,1.0,0.0,85.0,82.0,5.0
19200,2021-03-11 00:00:00,368.28,141.0,46.0,1.0,0.0,73.0,79.0,5.0
19201,2021-03-11 01:00:00,380.56,143.0,41.0,1.0,0.0,63.0,80.0,5.0
19202,2021-03-11 02:00:00,382.76,144.0,43.0,1.0,0.0,65.0,77.0,5.0
19203,2021-03-11 03:00:00,375.03,150.0,48.0,1.0,0.0,75.0,80.0,5.0
19204,2021-03-11 04:00:00,367.0,152.0,49.0,1.0,0.0,86.0,79.0,5.0
19205,2021-03-11 05:00:00,350.51,149.0,49.0,1.0,3.0,98.0,78.0,5.0
19206,2021-03-11 06:00:00,408.9,227.0,52.0,1.0,10.0,102.0,79.0,5.0
19207,2021-03-11 07:00:00,446.53,273.0,53.0,1.0,20.0,84.0,79.0,5.0
19208,2021-03-11 08:00:00,414.52,271.0,54.0,1.0,34.0,106.0,81.0,5.0
19209,2021-03-11 09:00:00,349.69,245.0,57.0,1.0,65.0,145.0,83.0,5.0
19210,2021-03-11 10:00:00,322.69,247.0,57.0,1.0,93.0,167.0,86.0,5.0
19211,2021-03-11 11:00:00,300.7,231.0,59.0,1.0,95.0,189.0,86.0,5.0
19212,2021-03-11 12:00:00,325.0,257.0,59.0,1.0,73.0,200.0,82.0,5.0
19213,2021-03-11 13:00:00,317.66,232.0,60.0,1.0,41.0,214.0,81.0,5.0
19214,2021-03-11 14:00:00,302.58,200.0,59.0,1.0,19.0,220.0,80.0,5.0
19215,2021-03-11 15:00:00,331.74,242.0,60.0,1.0,5.0,235.0,82.0,5.0
19216,2021-03-11 16:00:00,360.79,277.0,60.0,1.0,0.0,227.0,83.0,5.0
19217,2021-03-11 17:00:00,356.78,275.0,58.0,1.0,0.0,232.0,83.0,5.0
19218,2021-03-11 18:00:00,351.97,282.0,57.0,1.0,0.0,247.0,85.0,5.0
19219,2021-03-11 19:00:00,289.35,195.0,57.0,1.0,0.0,252.0,85.0,5.0
19220,2021-03-11 20:00:00,241.78,142.0,58.0,1.0,0.0,257.0,84.0,5.0
19221,2021-03-11 21:00:00,228.75,126.0,58.0,1.0,0.0,251.0,84.0,5.0
19222,2021-03-11 22:00:00,241.6,136.0,57.0,1.0,0.0,245.0,83.0,5.0
19223,2021-03-11 23:00:00,240.09,134.0,57.0,1.0,0.0,245.0,82.0,5.0
19224,2021-03-12 00:00:00,242.52,132.0,58.0,1.0,0.0,239.0,79.0,5.0
19225,2021-03-12 01:00:00,247.37,133.0,58.0,1.0,0.0,230.0,80.0,5.0
19226,2021-03-12 02:00:00,252.34,132.0,58.0,1.0,0.0,220.0,78.0,5.0
19227,2021-03-12 03:00:00,255.4,135.0,58.0,1.0,0.0,217.0,81.0,5.0
19228,2021-03-12 04:00:00,261.3,139.0,57.0,1.0,0.0,213.0,81.0,5.0
19229,2021-03-12 05:00:00,262.25,141.0,57.0,1.0,3.0,213.0,80.0,5.0
19230,2021-03-12 06:00:00,331.92,221.0,55.0,1.0,11.0,203.0,80.0,5.0
19231,2021-03-12 07:00:00,373.29,273.0,59.0,1.0,20.0,185.0,79.0,5.0
19232,2021-03-12 08:00:00,388.21,275.0,59.0,1.0,26.0,155.0,81.0,5.0
19233,2021-03-12 09:00:00,399.91,279.0,59.0,1.0,31.0,137.0,80.0,5.0
19234,2021-03-12 10:00:00,389.29,260.0,60.0,1.0,40.0,125.0,81.0,5.0
19235,2021-03-12 11:00:00,407.8,271.0,55.0,1.0,33.0,116.0,81.0,5.0
19236,2021-03-12 12:00:00,426.78,275.0,56.0,1.0,24.0,105.0,79.0,5.0
19237,2021-03-12 13:00:00,430.28,275.0,60.0,1.0,17.0,108.0,78.0,5.0
19238,2021-03-12 14:00:00,429.76,260.0,61.0,1.0,9.0,102.0,81.0,5.0
19239,2021-03-12 15:00:00,439.85,264.0,61.0,1.0,3.0,97.0,83.0,5.0
19240,2021-03-12 16:00:00,448.95,273.0,60.0,1.0,0.0,96.0,83.0,5.0
19241,2021-03-12 17:00:00,431.57,273.0,59.0,1.0,0.0,115.0,85.0,5.0
19242,2021-03-12 18:00:00,386.61,231.0,59.0,1.0,0.0,136.0,86.0,5.0
19243,2021-03-12 19:00:00,326.93,165.0,58.0,1.0,0.0,142.0,87.0,5.0
19244,2021-03-12 20:00:00,312.61,153.0,59.0,1.0,0.0,147.0,86.0,5.0
19245,2021-03-12 21:00:00,310.36,156.0,61.0,1.0,0.0,155.0,86.0,5.0
19246,2021-03-12 22:00:00,305.47,149.0,61.0,1.0,0.0,153.0,85.0,5.0
19247,2021-03-12 23:00:00,199.99,62.0,60.0,1.0,0.0,148.0,85.0,5.0
19248,2021-03-13 00:00:00,160.72,38.0,61.0,1.0,0.0,152.0,81.0,5.0
19249,2021-03-13 01:00:00,168.91,42.0,63.0,1.0,0.0,151.0,82.0,5.0
19250,2021-03-13 02:00:00,179.16,44.0,66.0,1.0,0.0,143.0,80.0,5.0
19251,2021-03-13 03:00:00,184.11,45.0,65.0,1.0,0.0,134.0,82.0,5.0
19252,2021-03-13 04:00:00,191.58,49.0,64.0,1.0,0.0,132.0,82.0,5.0
19253,2021-03-13 05:00:00,178.34,43.0,62.0,1.0,4.0,131.0,82.0,5.0
19254,2021-03-13 06:00:00,186.01,49.0,61.0,1.0,15.0,126.0,80.0,5.0
19255,2021-03-13 07:00:00,182.61,47.0,63.0,1.0,26.0,117.0,80.0,5.0
19256,2021-03-13 08:00:00,167.06,46.0,63.0,1.0,41.0,128.0,82.0,5.0
19257,2021-03-13 09:00:00,179.52,52.0,63.0,1.0,47.0,113.0,85.0,5.0
19258,2021-03-13 10:00:00,178.15,53.0,62.0,1.0,55.0,110.0,85.0,5.0
19259,2021-03-13 11:00:00,182.86,50.0,63.0,1.0,46.0,102.0,84.0,5.0
19260,2021-03-13 12:00:00,204.63,53.0,62.0,1.0,28.0,94.0,80.0,5.0
19261,2021-03-13 13:00:00,207.99,53.0,61.0,1.0,19.0,95.0,82.0,5.0
19262,2021-03-13 14:00:00,211.69,53.0,51.0,1.0,10.0,90.0,83.0,5.0
19263,2021-03-13 15:00:00,219.43,52.0,58.0,1.0,3.0,88.0,84.0,5.0
19264,2021-03-13 16:00:00,215.12,52.0,61.0,1.0,0.0,97.0,86.0,5.0
19265,2021-03-13 17:00:00,218.36,53.0,61.0,1.0,0.0,95.0,86.0,5.0
19266,2021-03-13 18:00:00,227.48,58.0,60.0,1.0,0.0,93.0,87.0,5.0
19267,2021-03-13 19:00:00,272.57,85.0,60.0,1.0,0.0,89.0,89.0,5.0
19268,2021-03-13 20:00:00,224.79,58.0,59.0,1.0,0.0,97.0,86.0,5.0
19269,2021-03-13 21:00:00,225.24,56.0,58.0,1.0,0.0,90.0,87.0,5.0
19270,2021-03-13 22:00:00,240.33,51.0,57.0,1.0,0.0,61.0,86.0,5.0
19271,2021-03-13 23:00:00,249.48,53.0,58.0,1.0,0.0,57.0,85.0,5.0
19272,2021-03-14 00:00:00,252.34,53.0,60.0,1.0,0.0,58.0,82.0,5.0
19273,2021-03-14 01:00:00,259.21,55.0,60.0,1.0,0.0,54.0,83.0,5.0
19274,2021-03-14 02:00:00,263.29,55.0,60.0,1.0,0.0,52.0,81.0,5.0
19275,2021-03-14 03:00:00,264.96,58.0,60.0,1.0,0.0,54.0,83.0,5.0
19276,2021-03-14 04:00:00,255.14,60.0,60.0,1.0,0.0,68.0,83.0,5.0
19277,2021-03-14 05:00:00,238.21,54.0,59.0,1.0,2.0,72.0,83.0,5.0
19278,2021-03-14 06:00:00,250.6,58.0,58.0,1.0,6.0,63.0,82.0,5.0
19279,2021-03-14 07:00:00,245.58,57.0,59.0,1.0,12.0,62.0,81.0,5.0
19280,2021-03-14 08:00:00,226.82,58.0,57.0,1.0,23.0,73.0,83.0,5.0
19281,2021-03-14 09:00:00,212.93,57.0,57.0,1.0,30.0,83.0,83.0,5.0
19282,2021-03-14 10:00:00,222.55,57.0,58.0,1.0,28.0,71.0,84.0,5.0
19283,2021-03-14 11:00:00,226.07,55.0,54.0,1.0,24.0,63.0,84.0,5.0
19284,2021-03-14 12:00:00,233.91,57.0,49.0,1.0,19.0,61.0,83.0,5.0
19285,2021-03-14 13:00:00,249.43,58.0,45.0,1.0,16.0,49.0,81.0,5.0
19286,2021-03-14 14:00:00,256.84,58.0,39.0,1.0,9.0,45.0,82.0,5.0
19287,2021-03-14 15:00:00,260.84,56.0,33.0,1.0,2.0,40.0,84.0,5.0
19288,2021-03-14 16:00:00,274.65,57.0,34.0,1.0,0.0,33.0,84.0,5.0
19289,2021-03-14 17:00:00,270.39,57.0,33.0,1.0,0.0,36.0,84.0,5.0
19290,2021-03-14 18:00:00,247.91,48.0,33.0,1.0,0.0,36.0,85.0,5.0
19291,2021-03-14 19:00:00,254.08,52.0,31.0,1.0,0.0,37.0,86.0,5.0
19292,2021-03-14 20:00:00,255.28,52.0,31.0,1.0,0.0,37.0,85.0,5.0
19293,2021-03-14 21:00:00,251.77,55.0,31.0,1.0,0.0,47.0,84.0,5.0
19294,2021-03-14 22:00:00,257.49,56.0,31.0,1.0,0.0,45.0,83.0,5.0
19295,2021-03-14 23:00:00,299.94,79.0,31.0,1.0,0.0,48.0,84.0,5.0
19296,2021-03-15 00:00:00,316.78,97.0,31.0,1.0,0.0,61.0,83.0,5.0
19297,2021-03-15 01:00:00,288.94,91.0,31.0,1.0,0.0,77.0,84.0,5.0
19298,2021-03-15 02:00:00,302.41,102.0,32.0,1.0,0.0,81.0,84.0,5.0
19299,2021-03-15 03:00:00,304.18,110.0,31.0,1.0,0.0,90.0,85.0,5.0
19300,2021-03-15 04:00:00,340.49,133.0,31.0,1.0,0.0,81.0,88.0,5.0
19301,2021-03-15 05:00:00,405.85,199.0,31.0,1.0,3.0,76.0,93.0,5.0
19302,2021-03-15 06:00:00,444.71,254.0,33.0,1.0,10.0,72.0,93.0,5.0
19303,2021-03-15 07:00:00,421.41,254.0,32.0,1.0,28.0,81.0,92.0,5.0
19304,2021-03-15 08:00:00,397.5,252.0,44.0,1.0,56.0,79.0,93.0,5.0
19305,2021-03-15 09:00:00,351.58,222.0,56.0,1.0,88.0,81.0,94.0,5.0
19306,2021-03-15 10:00:00,320.43,200.0,56.0,1.0,105.0,86.0,95.0,5.0
19307,2021-03-15 11:00:00,338.8,219.0,57.0,1.0,97.0,87.0,96.0,5.0
19308,2021-03-15 12:00:00,370.9,232.0,58.0,1.0,74.0,78.0,93.0,5.0
19309,2021-03-15 13:00:00,384.76,220.0,53.0,1.0,56.0,69.0,89.0,5.0
19310,2021-03-15 14:00:00,392.83,200.0,56.0,1.0,35.0,61.0,89.0,5.0
19311,2021-03-15 15:00:00,418.22,198.0,58.0,1.0,11.0,54.0,91.0,5.0
19312,2021-03-15 16:00:00,454.89,216.0,60.0,1.0,1.0,41.0,92.0,5.0
19313,2021-03-15 17:00:00,487.13,258.0,60.0,1.0,0.0,34.0,96.0,5.0
19314,2021-03-15 18:00:00,452.77,202.0,57.0,1.0,0.0,32.0,95.0,5.0
19315,2021-03-15 19:00:00,433.45,168.0,56.0,1.0,0.0,24.0,95.0,5.0
19316,2021-03-15 20:00:00,422.01,154.0,58.0,1.0,0.0,24.0,93.0,5.0
19317,2021-03-15 21:00:00,426.39,152.0,58.0,1.0,0.0,19.0,93.0,5.0
19318,2021-03-15 22:00:00,432.15,154.0,59.0,1.0,0.0,17.0,92.0,5.0
19319,2021-03-15 23:00:00,434.74,153.0,61.0,1.0,0.0,15.0,91.0,5.0
19320,2021-03-16 00:00:00,435.42,151.0,61.0,1.0,0.0,16.0,88.0,5.0
19321,2021-03-16 01:00:00,441.57,154.0,59.0,1.0,0.0,13.0,89.0,5.0
19322,2021-03-16 02:00:00,445.16,156.0,58.0,1.0,0.0,14.0,87.0,5.0
19323,2021-03-16 03:00:00,449.74,161.0,59.0,1.0,0.0,12.0,89.0,5.0
19324,2021-03-16 04:00:00,508.84,242.0,59.0,1.0,1.0,10.0,92.0,5.0
19325,2021-03-16 05:00:00,514.44,263.0,61.0,1.0,6.0,10.0,92.0,5.0
19326,2021-03-16 06:00:00,500.6,257.0,61.0,1.0,16.0,8.0,93.0,5.0
19327,2021-03-16 07:00:00,480.92,243.0,52.0,1.0,29.0,9.0,91.0,5.0
19328,2021-03-16 08:00:00,465.93,249.0,55.0,1.0,44.0,11.0,91.0,5.0
19329,2021-03-16 09:00:00,446.57,251.0,56.0,1.0,62.0,13.0,92.0,5.0
19330,2021-03-16 10:00:00,414.54,231.0,60.0,1.0,78.0,16.0,93.0,5.0
19331,2021-03-16 11:00:00,386.99,212.0,63.0,1.0,90.0,20.0,93.0,5.0
19332,2021-03-16 12:00:00,405.63,216.0,66.0,1.0,77.0,17.0,90.0,5.0
19333,2021-03-16 13:00:00,404.51,193.0,67.0,1.0,61.0,16.0,88.0,5.0
19334,2021-03-16 14:00:00,444.14,207.0,64.0,1.0,34.0,13.0,90.0,5.0
19335,2021-03-16 15:00:00,479.09,224.0,63.0,1.0,11.0,11.0,95.0,5.0
19336,2021-03-16 16:00:00,499.15,234.0,62.0,1.0,1.0,10.0,95.0,5.0
19337,2021-03-16 17:00:00,487.37,220.0,58.0,1.0,0.0,11.0,98.0,5.0
19338,2021-03-16 18:00:00,480.15,203.0,58.0,1.0,0.0,8.0,97.0,5.0
19339,2021-03-16 19:00:00,480.93,201.0,59.0,1.0,0.0,6.0,97.0,5.0
19340,2021-03-16 20:00:00,455.79,166.0,59.0,1.0,0.0,6.0,94.0,5.0
19341,2021-03-16 21:00:00,457.15,169.0,59.0,1.0,0.0,7.0,94.0,5.0
19342,2021-03-16 22:00:00,458.68,171.0,60.0,1.0,0.0,7.0,94.0,5.0
19343,2021-03-16 23:00:00,440.17,151.0,58.0,1.0,0.0,9.0,92.0,5.0
19344,2021-03-17 00:00:00,433.39,149.0,61.0,1.0,0.0,16.0,88.0,5.0
19345,2021-03-17 01:00:00,434.88,152.0,62.0,1.0,0.0,15.0,90.0,5.0
19346,2021-03-17 02:00:00,440.04,160.0,62.0,1.0,0.0,18.0,89.0,5.0
19347,2021-03-17 03:00:00,440.25,160.0,61.0,1.0,0.0,17.0,90.0,5.0
19348,2021-03-17 04:00:00,476.45,206.0,61.0,1.0,1.0,16.0,92.0,5.0
19349,2021-03-17 05:00:00,466.44,199.0,60.0,1.0,6.0,16.0,91.0,5.0
19350,2021-03-17 06:00:00,477.24,229.0,61.0,1.0,15.0,16.0,91.0,5.0
19351,2021-03-17 07:00:00,471.18,232.0,62.0,1.0,24.0,14.0,91.0,5.0
19352,2021-03-17 08:00:00,440.3,211.0,61.0,1.0,34.0,20.0,90.0,5.0
19353,2021-03-17 09:00:00,430.15,209.0,64.0,1.0,39.0,24.0,89.0,5.0
19354,2021-03-17 10:00:00,428.7,211.0,64.0,1.0,43.0,21.0,91.0,5.0
19355,2021-03-17 11:00:00,411.49,206.0,64.0,1.0,49.0,30.0,90.0,5.0
19356,2021-03-17 12:00:00,398.19,203.0,66.0,1.0,44.0,49.0,88.0,5.0
19357,2021-03-17 13:00:00,412.38,205.0,66.0,1.0,31.0,49.0,87.0,5.0
19358,2021-03-17 14:00:00,430.96,205.0,65.0,1.0,20.0,38.0,90.0,5.0
19359,2021-03-17 15:00:00,435.05,191.0,62.0,1.0,8.0,32.0,94.0,5.0
19360,2021-03-17 16:00:00,475.79,249.0,62.0,1.0,1.0,37.0,97.0,5.0
19361,2021-03-17 17:00:00,485.17,261.0,58.0,1.0,0.0,37.0,97.0,5.0
19362,2021-03-17 18:00:00,477.66,261.0,59.0,1.0,0.0,43.0,98.0,5.0
19363,2021-03-17 19:00:00,448.34,207.0,59.0,1.0,0.0,37.0,97.0,5.0
19364,2021-03-17 20:00:00,421.91,184.0,59.0,1.0,0.0,45.0,96.0,5.0
19365,2021-03-17 21:00:00,429.47,184.0,60.0,1.0,0.0,38.0,96.0,5.0
19366,2021-03-17 22:00:00,424.45,177.0,60.0,1.0,0.0,38.0,95.0,5.0
19367,2021-03-17 23:00:00,427.33,174.0,61.0,1.0,0.0,33.0,95.0,5.0
19368,2021-03-18 00:00:00,426.27,169.0,61.0,1.0,0.0,33.0,92.0,5.0
19369,2021-03-18 01:00:00,431.11,170.0,59.0,1.0,0.0,29.0,93.0,5.0
19370,2021-03-18 02:00:00,452.11,177.0,60.0,1.0,0.0,19.0,91.0,5.0
19371,2021-03-18 03:00:00,452.29,174.0,59.0,1.0,0.0,15.0,93.0,5.0
19372,2021-03-18 04:00:00,468.88,197.0,59.0,1.0,2.0,15.0,93.0,5.0
19373,2021-03-18 05:00:00,472.27,228.0,60.0,1.0,10.0,23.0,93.0,5.0
19374,2021-03-18 06:00:00,466.48,235.0,63.0,1.0,27.0,15.0,93.0,5.0
19375,2021-03-18 07:00:00,449.18,245.0,62.0,1.0,49.0,15.0,95.0,5.0
19376,2021-03-18 08:00:00,438.88,280.0,60.0,1.0,76.0,26.0,94.0,5.0
19377,2021-03-18 09:00:00,434.43,284.0,57.0,1.0,77.0,32.0,96.0,5.0
19378,2021-03-18 10:00:00,453.51,313.0,59.0,1.0,72.0,33.0,96.0,5.0
19379,2021-03-18 11:00:00,511.67,413.0,58.0,1.0,60.0,31.0,93.0,5.0
19380,2021-03-18 12:00:00,535.88,443.0,57.0,1.0,43.0,40.0,84.0,5.0
19381,2021-03-18 13:00:00,547.59,408.0,54.0,1.0,24.0,46.0,70.0,5.0
19382,2021-03-18 14:00:00,554.91,436.0,55.0,1.0,15.0,56.0,71.0,5.0
19383,2021-03-18 15:00:00,534.24,421.0,53.0,1.0,6.0,62.0,93.0,5.0
19384,2021-03-18 16:00:00,508.13,405.0,53.0,1.0,1.0,90.0,95.0,5.0
19385,2021-03-18 17:00:00,499.88,429.0,50.0,1.0,0.0,114.0,96.0,5.0
19386,2021-03-18 18:00:00,444.88,319.0,50.0,1.0,0.0,122.0,96.0,5.0
19387,2021-03-18 19:00:00,411.97,277.0,49.0,1.0,0.0,131.0,99.0,5.0
19388,2021-03-18 20:00:00,402.05,275.0,50.0,1.0,0.0,146.0,96.0,5.0
19389,2021-03-18 21:00:00,411.24,275.0,52.0,1.0,0.0,133.0,96.0,5.0
19390,2021-03-18 22:00:00,425.56,276.0,51.0,1.0,0.0,117.0,94.0,5.0
19391,2021-03-18 23:00:00,435.21,287.0,52.0,1.0,0.0,113.0,94.0,5.0
19392,2021-03-19 00:00:00,441.06,275.0,52.0,1.0,0.0,100.0,91.0,5.0
19393,2021-03-19 01:00:00,437.37,276.0,53.0,1.0,0.0,105.0,91.0,5.0
19394,2021-03-19 02:00:00,434.97,269.0,51.0,1.0,0.0,104.0,90.0,5.0
19395,2021-03-19 03:00:00,466.81,314.0,50.0,1.0,0.0,95.0,92.0,5.0
19396,2021-03-19 04:00:00,493.32,386.0,50.0,1.0,1.0,103.0,92.0,5.0
19397,2021-03-19 05:00:00,502.04,429.0,50.0,1.0,7.0,109.0,91.0,5.0
19398,2021-03-19 06:00:00,485.5,431.0,53.0,1.0,21.0,120.0,90.0,5.0
19399,2021-03-19 07:00:00,457.19,424.0,53.0,1.0,48.0,135.0,88.0,5.0
19400,2021-03-19 08:00:00,435.75,410.0,51.0,1.0,76.0,130.0,92.0,5.0
19401,2021-03-19 09:00:00,433.48,425.0,53.0,1.0,89.0,130.0,94.0,5.0
19402,2021-03-19 10:00:00,427.95,413.0,53.0,1.0,94.0,125.0,95.0,5.0
19403,2021-03-19 11:00:00,442.52,424.0,53.0,1.0,100.0,102.0,94.0,5.0
19404,2021-03-19 12:00:00,442.48,403.0,53.0,1.0,94.0,97.0,90.0,5.0
19405,2021-03-19 13:00:00,464.16,395.0,54.0,1.0,76.0,80.0,85.0,5.0
19406,2021-03-19 14:00:00,484.59,378.0,54.0,1.0,51.0,62.0,89.0,5.0
19407,2021-03-19 15:00:00,535.03,409.0,53.0,1.0,18.0,44.0,93.0,5.0
19408,2021-03-19 16:00:00,566.99,423.0,52.0,1.0,2.0,27.0,96.0,5.0
19409,2021-03-19 17:00:00,579.69,428.0,50.0,1.0,0.0,17.0,97.0,5.0
19410,2021-03-19 18:00:00,580.71,427.0,49.0,1.0,0.0,15.0,98.0,5.0
19411,2021-03-19 19:00:00,578.13,409.0,49.0,1.0,0.0,12.0,98.0,5.0
19412,2021-03-19 20:00:00,568.0,362.0,50.0,1.0,0.0,10.0,94.0,5.0
19413,2021-03-19 21:00:00,497.74,215.0,47.0,1.0,0.0,12.0,89.0,5.0
19414,2021-03-19 22:00:00,447.52,160.0,47.0,1.0,0.0,20.0,84.0,5.0
19415,2021-03-19 23:00:00,420.14,153.0,47.0,1.0,0.0,36.0,83.0,5.0
19416,2021-03-20 00:00:00,396.47,157.0,48.0,1.0,0.0,61.0,81.0,5.0
19417,2021-03-20 01:00:00,375.21,158.0,50.0,1.0,0.0,82.0,81.0,5.0
19418,2021-03-20 02:00:00,326.63,118.0,50.0,1.0,0.0,87.0,79.0,5.0
19419,2021-03-20 03:00:00,320.42,116.0,51.0,1.0,0.0,88.0,82.0,5.0
19420,2021-03-20 04:00:00,299.29,117.0,52.0,1.0,3.0,111.0,82.0,5.0
19421,2021-03-20 05:00:00,291.46,122.0,52.0,1.0,20.0,113.0,81.0,5.0
19422,2021-03-20 06:00:00,290.1,140.0,52.0,1.0,41.0,125.0,79.0,5.0
19423,2021-03-20 07:00:00,243.31,130.0,54.0,1.0,66.0,164.0,80.0,5.0
19424,2021-03-20 08:00:00,209.16,116.0,53.0,1.0,80.0,193.0,81.0,5.0
19425,2021-03-20 09:00:00,205.62,119.0,54.0,1.0,75.0,213.0,84.0,5.0
19426,2021-03-20 10:00:00,207.37,120.0,54.0,1.0,68.0,218.0,84.0,5.0
19427,2021-03-20 11:00:00,211.47,119.0,57.0,1.0,57.0,219.0,83.0,5.0
19428,2021-03-20 12:00:00,217.95,120.0,55.0,1.0,43.0,221.0,80.0,5.0
19429,2021-03-20 13:00:00,228.92,120.0,52.0,1.0,27.0,214.0,76.0,5.0
19430,2021-03-20 14:00:00,235.9,121.0,51.0,1.0,13.0,213.0,78.0,5.0
19431,2021-03-20 15:00:00,252.14,124.0,51.0,1.0,4.0,194.0,81.0,5.0
19432,2021-03-20 16:00:00,255.87,119.0,50.0,1.0,0.0,181.0,81.0,5.0
19433,2021-03-20 17:00:00,301.45,146.0,50.0,1.0,0.0,159.0,78.0,5.0
19434,2021-03-20 18:00:00,285.44,133.0,50.0,1.0,0.0,162.0,78.0,5.0
19435,2021-03-20 19:00:00,257.96,117.0,51.0,1.0,0.0,172.0,83.0,5.0
19436,2021-03-20 20:00:00,255.9,117.0,50.0,1.0,0.0,172.0,86.0,5.0
19437,2021-03-20 21:00:00,261.8,120.0,50.0,1.0,0.0,168.0,86.0,5.0
19438,2021-03-20 22:00:00,336.78,177.0,51.0,1.0,0.0,145.0,85.0,5.0
19439,2021-03-20 23:00:00,315.47,146.0,53.0,1.0,0.0,134.0,84.0,5.0
19440,2021-03-21 00:00:00,278.42,115.0,54.0,1.0,0.0,139.0,82.0,5.0
19441,2021-03-21 01:00:00,275.31,117.0,54.0,1.0,0.0,147.0,82.0,5.0
19442,2021-03-21 02:00:00,300.28,117.0,53.0,1.0,0.0,114.0,81.0,5.0
19443,2021-03-21 03:00:00,309.09,120.0,54.0,1.0,0.0,108.0,81.0,5.0
19444,2021-03-21 04:00:00,299.0,121.0,54.0,1.0,1.0,121.0,81.0,5.0
19445,2021-03-21 05:00:00,279.74,119.0,54.0,1.0,7.0,136.0,83.0,5.0
19446,2021-03-21 06:00:00,262.02,123.0,54.0,1.0,28.0,150.0,83.0,5.0
19447,2021-03-21 07:00:00,225.69,120.0,55.0,1.0,72.0,172.0,82.0,5.0
19448,2021-03-21 08:00:00,203.34,119.0,55.0,1.0,113.0,183.0,83.0,5.0
19449,2021-03-21 09:00:00,194.54,121.0,56.0,1.0,126.0,197.0,88.0,5.0
19450,2021-03-21 10:00:00,196.53,120.0,57.0,1.0,102.0,214.0,87.0,5.0
19451,2021-03-21 11:00:00,212.21,136.0,57.0,1.0,93.0,219.0,89.0,5.0
19452,2021-03-21 12:00:00,214.53,124.0,57.0,1.0,65.0,212.0,87.0,5.0
19453,2021-03-21 13:00:00,212.06,119.0,55.0,1.0,49.0,225.0,82.0,5.0
19454,2021-03-21 14:00:00,218.22,118.0,53.0,1.0,28.0,225.0,84.0,5.0
19455,2021-03-21 15:00:00,226.64,119.0,51.0,1.0,11.0,222.0,86.0,5.0
19456,2021-03-21 16:00:00,228.15,118.0,52.0,1.0,1.0,227.0,86.0,5.0
19457,2021-03-21 17:00:00,224.65,118.0,51.0,1.0,0.0,235.0,86.0,5.0
19458,2021-03-21 18:00:00,260.67,147.0,51.0,1.0,0.0,220.0,88.0,5.0
19459,2021-03-21 19:00:00,231.26,120.0,52.0,1.0,0.0,222.0,90.0,5.0
19460,2021-03-21 20:00:00,232.14,118.0,51.0,1.0,0.0,219.0,86.0,5.0
19461,2021-03-21 21:00:00,242.26,118.0,53.0,1.0,0.0,201.0,85.0,5.0
19462,2021-03-21 22:00:00,241.43,114.0,53.0,1.0,0.0,196.0,83.0,5.0
19463,2021-03-21 23:00:00,259.71,130.0,53.0,1.0,0.0,196.0,82.0,5.0
19464,2021-03-22 00:00:00,264.31,129.0,58.0,1.0,0.0,191.0,79.0,5.0
19465,2021-03-22 01:00:00,273.03,130.0,58.0,1.0,0.0,178.0,79.0,5.0
19466,2021-03-22 02:00:00,277.17,131.0,55.0,1.0,0.0,173.0,78.0,5.0
19467,2021-03-22 03:00:00,280.83,133.0,53.0,1.0,0.0,167.0,81.0,5.0
19468,2021-03-22 04:00:00,368.67,228.0,51.0,1.0,3.0,156.0,85.0,5.0
19469,2021-03-22 05:00:00,404.52,297.0,48.0,1.0,27.0,146.0,85.0,5.0
19470,2021-03-22 06:00:00,394.51,328.0,51.0,1.0,79.0,137.0,86.0,5.0
19471,2021-03-22 07:00:00,356.67,306.0,51.0,1.0,132.0,132.0,86.0,5.0
19472,2021-03-22 08:00:00,359.27,324.0,54.0,1.0,162.0,116.0,87.0,5.0
19473,2021-03-22 09:00:00,358.45,318.0,54.0,1.0,174.0,97.0,89.0,5.0
19474,2021-03-22 10:00:00,370.28,329.0,56.0,1.0,172.0,87.0,89.0,5.0
19475,2021-03-22 11:00:00,378.46,331.0,58.0,1.0,166.0,78.0,90.0,5.0
19476,2021-03-22 12:00:00,390.26,331.0,57.0,1.0,154.0,71.0,87.0,5.0
19477,2021-03-22 13:00:00,414.53,335.0,57.0,1.0,122.0,66.0,86.0,5.0
19478,2021-03-22 14:00:00,478.79,383.0,57.0,1.0,70.0,49.0,93.0,5.0
19479,2021-03-22 15:00:00,548.53,434.0,57.0,1.0,25.0,27.0,96.0,5.0
19480,2021-03-22 16:00:00,572.2,433.0,57.0,1.0,2.0,25.0,94.0,5.0
19481,2021-03-22 17:00:00,571.95,432.0,54.0,1.0,0.0,28.0,94.0,5.0
19482,2021-03-22 18:00:00,571.97,426.0,54.0,1.0,0.0,25.0,95.0,5.0
19483,2021-03-22 19:00:00,539.99,333.0,54.0,1.0,0.0,25.0,93.0,5.0
19484,2021-03-22 20:00:00,507.13,248.0,53.0,1.0,0.0,18.0,91.0,5.0
19485,2021-03-22 21:00:00,517.07,248.0,53.0,1.0,0.0,11.0,90.0,5.0
19486,2021-03-22 22:00:00,508.56,225.0,51.0,1.0,0.0,7.0,90.0,5.0
19487,2021-03-22 23:00:00,511.22,227.0,51.0,1.0,0.0,6.0,90.0,5.0
19488,2021-03-23 00:00:00,505.16,214.0,51.0,1.0,0.0,7.0,87.0,5.0
19489,2021-03-23 01:00:00,497.99,214.0,52.0,1.0,0.0,11.0,88.0,5.0
19490,2021-03-23 02:00:00,486.76,213.0,52.0,1.0,0.0,21.0,86.0,5.0
19491,2021-03-23 03:00:00,473.6,230.0,51.0,1.0,0.0,40.0,88.0,5.0
19492,2021-03-23 04:00:00,507.77,336.0,50.0,1.0,4.0,59.0,90.0,5.0
19493,2021-03-23 05:00:00,521.26,427.0,52.0,1.0,25.0,65.0,90.0,5.0
19494,2021-03-23 06:00:00,495.13,432.0,55.0,1.0,60.0,65.0,92.0,5.0
19495,2021-03-23 07:00:00,467.87,419.0,61.0,1.0,92.0,63.0,94.0,5.0
19496,2021-03-23 08:00:00,450.14,399.0,62.0,1.0,107.0,62.0,95.0,5.0
19497,2021-03-23 09:00:00,439.93,402.0,63.0,1.0,118.0,69.0,96.0,5.0
19498,2021-03-23 10:00:00,445.4,417.0,65.0,1.0,114.0,72.0,98.0,5.0
19499,2021-03-23 11:00:00,445.3,417.0,66.0,1.0,110.0,75.0,99.0,5.0
19500,2021-03-23 12:00:00,446.64,369.0,66.0,1.0,93.0,65.0,90.0,5.0
19501,2021-03-23 13:00:00,467.24,375.0,63.0,1.0,72.0,65.0,85.0,5.0
19502,2021-03-23 14:00:00,462.26,330.0,64.0,1.0,47.0,64.0,89.0,5.0
19503,2021-03-23 15:00:00,510.08,404.0,64.0,1.0,19.0,66.0,95.0,5.0
19504,2021-03-23 16:00:00,521.37,424.0,64.0,1.0,2.0,77.0,96.0,5.0
19505,2021-03-23 17:00:00,525.39,429.0,61.0,1.0,0.0,78.0,95.0,5.0
19506,2021-03-23 18:00:00,461.82,300.0,60.0,1.0,0.0,94.0,88.0,5.0
19507,2021-03-23 19:00:00,322.29,135.0,59.0,1.0,0.0,107.0,88.0,5.0
19508,2021-03-23 20:00:00,296.0,119.0,59.0,1.0,0.0,120.0,85.0,5.0
19509,2021-03-23 21:00:00,404.09,229.0,57.0,1.0,0.0,119.0,79.0,5.0
19510,2021-03-23 22:00:00,399.89,239.0,59.0,1.0,0.0,134.0,78.0,5.0
19511,2021-03-23 23:00:00,312.86,146.0,61.0,1.0,0.0,146.0,77.0,5.0
19512,2021-03-24 00:00:00,288.58,126.0,61.0,1.0,0.0,153.0,74.0,5.0
19513,2021-03-24 01:00:00,317.62,155.0,61.0,1.0,0.0,153.0,76.0,5.0
19514,2021-03-24 02:00:00,296.19,138.0,61.0,1.0,0.0,160.0,75.0,5.0
19515,2021-03-24 03:00:00,282.33,128.0,62.0,1.0,1.0,158.0,81.0,5.0
19516,2021-03-24 04:00:00,351.47,208.0,58.0,1.0,4.0,162.0,81.0,5.0
19517,2021-03-24 05:00:00,389.26,285.0,57.0,1.0,30.0,158.0,82.0,5.0
19518,2021-03-24 06:00:00,363.74,292.0,57.0,1.0,79.0,159.0,83.0,5.0
19519,2021-03-24 07:00:00,330.72,290.0,58.0,1.0,124.0,175.0,87.0,5.0
19520,2021-03-24 08:00:00,292.5,265.0,59.0,1.0,143.0,213.0,87.0,5.0
19521,2021-03-24 09:00:00,279.63,260.0,59.0,1.0,142.0,242.0,86.0,5.0
19522,2021-03-24 10:00:00,285.57,271.0,70.0,1.0,121.0,267.0,87.0,5.0
19523,2021-03-24 11:00:00,298.82,270.0,70.0,1.0,97.0,253.0,87.0,5.0
19524,2021-03-24 12:00:00,301.53,247.0,70.0,1.0,68.0,241.0,86.0,5.0
19525,2021-03-24 13:00:00,305.17,247.0,68.0,1.0,45.0,256.0,85.0,5.0
19526,2021-03-24 14:00:00,315.3,246.0,63.0,1.0,23.0,254.0,84.0,5.0
19527,2021-03-24 15:00:00,309.0,216.0,63.0,1.0,7.0,246.0,78.0,5.0
19528,2021-03-24 16:00:00,354.57,272.0,66.0,1.0,1.0,237.0,78.0,5.0
19529,2021-03-24 17:00:00,346.5,256.0,62.0,1.0,0.0,233.0,79.0,5.0
19530,2021-03-24 18:00:00,302.74,193.0,63.0,1.0,0.0,230.0,79.0,5.0
19531,2021-03-24 19:00:00,281.11,158.0,62.0,1.0,0.0,213.0,80.0,5.0
19532,2021-03-24 20:00:00,295.37,159.0,60.0,1.0,0.0,191.0,78.0,5.0
19533,2021-03-24 21:00:00,312.93,156.0,60.0,1.0,0.0,160.0,77.0,5.0
19534,2021-03-24 22:00:00,328.68,156.0,60.0,1.0,0.0,139.0,76.0,5.0
19535,2021-03-24 23:00:00,317.77,133.0,60.0,1.0,0.0,122.0,76.0,5.0
19536,2021-03-25 00:00:00,339.32,146.0,61.0,1.0,0.0,113.0,76.0,5.0
19537,2021-03-25 01:00:00,342.48,150.0,59.0,1.0,0.0,113.0,77.0,5.0
19538,2021-03-25 02:00:00,353.16,151.0,61.0,1.0,0.0,105.0,74.0,5.0
19539,2021-03-25 03:00:00,357.1,162.0,60.0,1.0,0.0,109.0,78.0,5.0
19540,2021-03-25 04:00:00,463.79,319.0,59.0,1.0,2.0,108.0,82.0,5.0
19541,2021-03-25 05:00:00,501.77,431.0,63.0,1.0,9.0,110.0,86.0,5.0
19542,2021-03-25 06:00:00,492.25,428.0,63.0,1.0,24.0,107.0,86.0,5.0
19543,2021-03-25 07:00:00,485.86,429.0,67.0,1.0,40.0,89.0,97.0,5.0
19544,2021-03-25 08:00:00,473.65,434.0,66.0,1.0,52.0,100.0,96.0,5.0
19545,2021-03-25 09:00:00,452.06,395.0,63.0,1.0,64.0,104.0,90.0,5.0
19546,2021-03-25 10:00:00,448.02,417.0,62.0,1.0,75.0,112.0,93.0,5.0
19547,2021-03-25 11:00:00,451.25,425.0,62.0,1.0,80.0,107.0,93.0,5.0
19548,2021-03-25 12:00:00,463.51,421.0,62.0,1.0,79.0,86.0,92.0,5.0
19549,2021-03-25 13:00:00,487.09,435.0,65.0,1.0,65.0,69.0,94.0,5.0
19550,2021-03-25 14:00:00,512.42,435.0,64.0,1.0,43.0,54.0,95.0,5.0
19551,2021-03-25 15:00:00,526.06,432.0,66.0,1.0,17.0,58.0,97.0,5.0
19552,2021-03-25 16:00:00,533.12,433.0,61.0,1.0,2.0,65.0,98.0,5.0
19553,2021-03-25 17:00:00,492.42,353.0,63.0,1.0,0.0,77.0,99.0,5.0
19554,2021-03-25 18:00:00,355.65,164.0,61.0,1.0,0.0,91.0,100.0,5.0
19555,2021-03-25 19:00:00,308.76,130.0,59.0,1.0,0.0,113.0,92.0,5.0
19556,2021-03-25 20:00:00,274.74,101.0,61.0,1.0,0.0,120.0,84.0,5.0
19557,2021-03-25 21:00:00,297.88,104.0,62.0,1.0,0.0,97.0,83.0,5.0
19558,2021-03-25 22:00:00,309.83,100.0,64.0,1.0,0.0,79.0,82.0,5.0
19559,2021-03-25 23:00:00,360.47,142.0,62.0,1.0,0.0,77.0,84.0,5.0
19560,2021-03-26 00:00:00,379.93,147.0,62.0,1.0,0.0,63.0,84.0,5.0
19561,2021-03-26 01:00:00,362.62,123.0,63.0,1.0,0.0,56.0,82.0,5.0
19562,2021-03-26 02:00:00,350.75,116.0,63.0,1.0,0.0,61.0,80.0,5.0
19563,2021-03-26 03:00:00,360.26,122.0,61.0,1.0,0.0,49.0,90.0,5.0
19564,2021-03-26 04:00:00,463.86,238.0,60.0,1.0,2.0,44.0,94.0,5.0
19565,2021-03-26 05:00:00,467.35,257.0,58.0,1.0,11.0,43.0,95.0,5.0
19566,2021-03-26 06:00:00,469.02,291.0,60.0,1.0,28.0,45.0,95.0,5.0
19567,2021-03-26 07:00:00,465.85,324.0,62.0,1.0,52.0,45.0,95.0,5.0
19568,2021-03-26 08:00:00,443.2,310.0,61.0,1.0,75.0,42.0,95.0,5.0
19569,2021-03-26 09:00:00,402.75,265.0,64.0,1.0,97.0,41.0,93.0,5.0
19570,2021-03-26 10:00:00,364.42,212.0,64.0,1.0,103.0,39.0,91.0,5.0
19571,2021-03-26 11:00:00,346.97,202.0,64.0,1.0,113.0,43.0,91.0,5.0
19572,2021-03-26 12:00:00,351.21,203.0,66.0,1.0,110.0,41.0,91.0,5.0
19573,2021-03-26 13:00:00,363.36,195.0,67.0,1.0,95.0,30.0,91.0,5.0
19574,2021-03-26 14:00:00,390.12,191.0,67.0,1.0,62.0,25.0,92.0,5.0
19575,2021-03-26 15:00:00,454.99,222.0,65.0,1.0,23.0,18.0,96.0,5.0
19576,2021-03-26 16:00:00,483.59,242.0,65.0,1.0,3.0,22.0,98.0,5.0
19577,2021-03-26 17:00:00,468.07,239.0,63.0,1.0,0.0,37.0,99.0,5.0
19578,2021-03-26 18:00:00,387.04,159.0,60.0,1.0,0.0,52.0,100.0,5.0
19579,2021-03-26 19:00:00,287.99,73.0,61.0,1.0,0.0,53.0,88.0,5.0
19580,2021-03-26 20:00:00,160.54,12.0,60.0,1.0,0.0,57.0,78.0,5.0
19581,2021-03-26 21:00:00,139.26,5.0,61.0,1.0,0.0,62.0,76.0,5.0
19582,2021-03-26 22:00:00,146.57,5.0,60.0,1.0,0.0,51.0,75.0,5.0
19583,2021-03-26 23:00:00,151.97,6.0,60.0,1.0,0.0,49.0,74.0,5.0
19584,2021-03-27 00:00:00,154.35,6.0,60.0,1.0,0.0,48.0,72.0,5.0
19585,2021-03-27 01:00:00,138.37,5.0,59.0,1.0,0.0,63.0,73.0,5.0
19586,2021-03-27 02:00:00,129.65,5.0,58.0,1.0,0.0,76.0,72.0,5.0
19587,2021-03-27 03:00:00,116.2,7.0,46.0,1.0,0.0,84.0,74.0,5.0
19588,2021-03-27 04:00:00,102.25,8.0,33.0,1.0,5.0,81.0,74.0,5.0
19589,2021-03-27 05:00:00,82.28,7.0,33.0,1.0,27.0,101.0,74.0,5.0
19590,2021-03-27 06:00:00,72.3,9.0,31.0,1.0,66.0,105.0,76.0,5.0
19591,2021-03-27 07:00:00,77.77,13.0,33.0,1.0,105.0,85.0,79.0,5.0
19592,2021-03-27 08:00:00,72.47,12.0,33.0,1.0,117.0,84.0,82.0,5.0
19593,2021-03-27 09:00:00,72.36,11.0,33.0,1.0,108.0,81.0,85.0,5.0
19594,2021-03-27 10:00:00,80.79,13.0,33.0,1.0,98.0,72.0,87.0,5.0
19595,2021-03-27 11:00:00,93.21,14.0,33.0,1.0,74.0,61.0,88.0,5.0
19596,2021-03-27 12:00:00,102.38,11.0,33.0,1.0,43.0,52.0,84.0,5.0
19597,2021-03-27 13:00:00,116.41,11.0,42.0,1.0,38.0,50.0,83.0,5.0
19598,2021-03-27 14:00:00,136.47,14.0,59.0,1.0,32.0,65.0,83.0,5.0
19599,2021-03-27 15:00:00,128.08,10.0,61.0,1.0,14.0,80.0,87.0,5.0
19600,2021-03-27 16:00:00,130.02,12.0,60.0,1.0,2.0,95.0,88.0,5.0
19601,2021-03-27 17:00:00,116.5,11.0,60.0,1.0,0.0,122.0,88.0,5.0
19602,2021-03-27 18:00:00,107.87,12.0,60.0,1.0,0.0,156.0,83.0,5.0
19603,2021-03-27 19:00:00,105.31,11.0,61.0,1.0,0.0,161.0,82.0,5.0
19604,2021-03-27 20:00:00,98.12,10.0,60.0,1.0,0.0,175.0,82.0,5.0
19605,2021-03-27 21:00:00,98.25,11.0,57.0,1.0,0.0,172.0,83.0,5.0
19606,2021-03-27 22:00:00,95.65,10.0,57.0,1.0,0.0,172.0,85.0,5.0
19607,2021-03-27 23:00:00,91.34,8.0,58.0,1.0,0.0,176.0,85.0,5.0
19608,2021-03-28 00:00:00,95.59,9.0,59.0,1.0,0.0,172.0,84.0,5.0
19609,2021-03-28 01:00:00,107.3,9.0,59.0,1.0,0.0,139.0,81.0,5.0
19610,2021-03-28 02:00:00,109.15,9.0,59.0,1.0,0.0,132.0,83.0,5.0
19611,2021-03-28 03:00:00,109.37,10.0,58.0,1.0,0.0,140.0,78.0,5.0
19612,2021-03-28 04:00:00,111.93,13.0,59.0,1.0,3.0,151.0,77.0,5.0
19613,2021-03-28 05:00:00,118.67,15.0,57.0,1.0,8.0,134.0,78.0,5.0
19614,2021-03-28 06:00:00,133.49,14.0,58.0,1.0,14.0,93.0,77.0,5.0
19615,2021-03-28 07:00:00,134.26,17.0,60.0,1.0,26.0,97.0,77.0,5.0
19616,2021-03-28 08:00:00,129.55,18.0,61.0,1.0,42.0,92.0,83.0,5.0
19617,2021-03-28 09:00:00,115.97,17.0,62.0,1.0,70.0,102.0,77.0,5.0
19618,2021-03-28 10:00:00,95.7,15.0,61.0,1.0,108.0,117.0,78.0,5.0
19619,2021-03-28 11:00:00,86.48,14.0,60.0,1.0,129.0,127.0,77.0,5.0
19620,2021-03-28 12:00:00,84.77,15.0,62.0,1.0,127.0,148.0,81.0,5.0
19621,2021-03-28 13:00:00,91.51,16.0,62.0,1.0,97.0,151.0,83.0,5.0
19622,2021-03-28 14:00:00,99.86,16.0,63.0,1.0,57.0,156.0,86.0,5.0
19623,2021-03-28 15:00:00,103.85,17.0,62.0,1.0,20.0,188.0,80.0,5.0
19624,2021-03-28 16:00:00,108.99,17.0,61.0,1.0,3.0,185.0,80.0,5.0
19625,2021-03-28 17:00:00,128.11,29.0,58.0,1.0,0.0,188.0,81.0,5.0
19626,2021-03-28 18:00:00,111.1,19.0,58.0,1.0,0.0,184.0,82.0,5.0
19627,2021-03-28 19:00:00,101.38,16.0,58.0,1.0,0.0,199.0,81.0,5.0
19628,2021-03-28 20:00:00,103.09,16.0,58.0,1.0,0.0,196.0,78.0,5.0
19629,2021-03-28 21:00:00,100.56,15.0,56.0,1.0,0.0,193.0,78.0,5.0
19630,2021-03-28 22:00:00,105.09,15.0,56.0,1.0,0.0,178.0,78.0,5.0
19631,2021-03-28 23:00:00,101.38,14.0,58.0,1.0,0.0,191.0,76.0,5.0
19632,2021-03-29 00:00:00,102.21,15.0,57.0,1.0,0.0,193.0,75.0,5.0
19633,2021-03-29 01:00:00,97.97,14.0,58.0,1.0,0.0,206.0,73.0,5.0
19634,2021-03-29 02:00:00,100.54,16.0,58.0,1.0,0.0,208.0,75.0,5.0
19635,2021-03-29 03:00:00,103.87,18.0,58.0,1.0,0.0,210.0,74.0,5.0
19636,2021-03-29 04:00:00,104.63,17.0,56.0,1.0,2.0,194.0,74.0,5.0
19637,2021-03-29 05:00:00,100.04,18.0,58.0,1.0,9.0,207.0,82.0,5.0
19638,2021-03-29 06:00:00,112.12,25.0,63.0,1.0,20.0,208.0,81.0,5.0
19639,2021-03-29 07:00:00,96.5,19.0,63.0,1.0,36.0,215.0,82.0,5.0
19640,2021-03-29 08:00:00,91.72,19.0,65.0,1.0,59.0,220.0,82.0,5.0
19641,2021-03-29 09:00:00,86.05,19.0,66.0,1.0,72.0,237.0,85.0,5.0
19642,2021-03-29 10:00:00,88.9,20.0,66.0,1.0,64.0,234.0,88.0,5.0
19643,2021-03-29 11:00:00,89.21,19.0,67.0,1.0,48.0,247.0,85.0,5.0
19644,2021-03-29 12:00:00,90.32,19.0,65.0,1.0,35.0,250.0,83.0,5.0
19645,2021-03-29 13:00:00,92.28,18.0,65.0,1.0,22.0,244.0,85.0,5.0
19646,2021-03-29 14:00:00,94.68,20.0,64.0,1.0,12.0,255.0,84.0,5.0
19647,2021-03-29 15:00:00,98.8,22.0,64.0,1.0,4.0,258.0,84.0,5.0
19648,2021-03-29 16:00:00,95.33,21.0,64.0,1.0,1.0,268.0,86.0,5.0
19649,2021-03-29 17:00:00,101.85,25.0,62.0,1.0,0.0,261.0,86.0,5.0
19650,2021-03-29 18:00:00,85.6,13.0,62.0,1.0,0.0,254.0,82.0,5.0
19651,2021-03-29 19:00:00,88.4,15.0,62.0,1.0,0.0,258.0,80.0,5.0
19652,2021-03-29 20:00:00,99.79,20.0,62.0,1.0,0.0,244.0,79.0,5.0
19653,2021-03-29 21:00:00,98.97,19.0,61.0,1.0,0.0,235.0,82.0,5.0
19654,2021-03-29 22:00:00,102.43,19.0,62.0,1.0,0.0,225.0,81.0,5.0
19655,2021-03-29 23:00:00,113.91,21.0,63.0,1.0,0.0,202.0,78.0,5.0
19656,2021-03-30 00:00:00,116.4,20.0,60.0,1.0,0.0,179.0,81.0,5.0
19657,2021-03-30 01:00:00,107.7,21.0,37.0,1.0,0.0,157.0,81.0,5.0
19658,2021-03-30 02:00:00,109.95,19.0,37.0,1.0,0.0,138.0,82.0,5.0
19659,2021-03-30 03:00:00,130.02,22.0,37.0,1.0,0.0,110.0,81.0,5.0
19660,2021-03-30 04:00:00,123.45,18.0,37.0,1.0,2.0,101.0,81.0,5.0
19661,2021-03-30 05:00:00,127.49,19.0,39.0,1.0,6.0,99.0,80.0,5.0
19662,2021-03-30 06:00:00,145.62,26.0,38.0,1.0,12.0,90.0,80.0,5.0
19663,2021-03-30 07:00:00,124.5,19.0,38.0,1.0,20.0,89.0,80.0,5.0
19664,2021-03-30 08:00:00,110.2,17.0,41.0,1.0,28.0,109.0,80.0,5.0
19665,2021-03-30 09:00:00,103.27,17.0,43.0,1.0,33.0,128.0,80.0,5.0
19666,2021-03-30 10:00:00,100.51,18.0,43.0,1.0,33.0,143.0,80.0,5.0
19667,2021-03-30 11:00:00,91.03,16.0,44.0,1.0,32.0,166.0,80.0,5.0
19668,2021-03-30 12:00:00,89.4,14.0,42.0,1.0,28.0,154.0,81.0,5.0
19669,2021-03-30 13:00:00,84.01,13.0,40.0,1.0,22.0,166.0,81.0,5.0
19670,2021-03-30 14:00:00,75.23,8.0,37.0,1.0,12.0,156.0,82.0,5.0
19671,2021-03-30 15:00:00,87.33,9.0,37.0,1.0,5.0,128.0,83.0,5.0
19672,2021-03-30 16:00:00,92.34,7.0,35.0,1.0,1.0,94.0,86.0,5.0
19673,2021-03-30 17:00:00,98.97,9.0,35.0,1.0,0.0,93.0,86.0,5.0
19674,2021-03-30 18:00:00,114.75,13.0,35.0,1.0,0.0,83.0,87.0,5.0
19675,2021-03-30 19:00:00,111.1,9.0,35.0,1.0,0.0,67.0,87.0,5.0
19676,2021-03-30 20:00:00,118.84,10.0,34.0,1.0,0.0,58.0,86.0,5.0
19677,2021-03-30 21:00:00,156.52,19.0,34.0,1.0,0.0,51.0,81.0,5.0
19678,2021-03-30 22:00:00,240.55,52.0,33.0,1.0,0.0,58.0,78.0,5.0
19679,2021-03-30 23:00:00,292.02,81.0,35.0,1.0,0.0,67.0,76.0,5.0
19680,2021-03-31 00:00:00,304.05,110.0,35.0,1.0,0.0,98.0,78.0,5.0
19681,2021-03-31 01:00:00,324.14,129.0,33.0,1.0,0.0,96.0,85.0,5.0
19682,2021-03-31 02:00:00,365.01,154.0,35.0,1.0,0.0,82.0,87.0,5.0
19683,2021-03-31 03:00:00,390.79,189.0,36.0,1.0,0.0,89.0,89.0,5.0
19684,2021-03-31 04:00:00,412.98,233.0,36.0,1.0,1.0,100.0,92.0,5.0
19685,2021-03-31 05:00:00,423.54,248.0,38.0,1.0,5.0,94.0,94.0,5.0
19686,2021-03-31 06:00:00,450.53,251.0,38.0,1.0,11.0,62.0,93.0,5.0
19687,2021-03-31 07:00:00,462.18,256.0,36.0,1.0,21.0,44.0,93.0,5.0
19688,2021-03-31 08:00:00,458.63,257.0,37.0,1.0,39.0,30.0,93.0,5.0
19689,2021-03-31 09:00:00,439.34,245.0,34.0,1.0,61.0,21.0,92.0,5.0
19690,2021-03-31 10:00:00,420.89,254.0,37.0,1.0,83.0,25.0,93.0,5.0
19691,2021-03-31 11:00:00,421.86,247.0,39.0,1.0,59.0,44.0,91.0,5.0
19692,2021-03-31 12:00:00,408.22,235.0,38.0,1.0,44.0,63.0,93.0,5.0
19693,2021-03-31 13:00:00,414.66,249.0,40.0,1.0,38.0,72.0,94.0,5.0
19694,2021-03-31 14:00:00,424.44,252.0,39.0,1.0,24.0,76.0,95.0,5.0
19695,2021-03-31 15:00:00,421.98,230.0,41.0,1.0,12.0,72.0,96.0,5.0
19696,2021-03-31 16:00:00,434.8,246.0,51.0,1.0,2.0,76.0,99.0,5.0
19697,2021-03-31 17:00:00,439.31,249.0,59.0,1.0,0.0,73.0,100.0,5.0
19698,2021-03-31 18:00:00,437.43,252.0,61.0,1.0,0.0,75.0,102.0,5.0
19699,2021-03-31 19:00:00,435.33,249.0,62.0,1.0,0.0,76.0,101.0,5.0
19700,2021-03-31 20:00:00,443.82,255.0,61.0,1.0,0.0,80.0,92.0,5.0
19701,2021-03-31 21:00:00,421.61,200.0,60.0,1.0,0.0,68.0,86.0,5.0
19702,2021-03-31 22:00:00,428.8,196.0,59.0,1.0,0.0,60.0,84.0,5.0
19703,2021-03-31 23:00:00,445.82,217.0,61.0,1.0,0.0,61.0,82.0,5.0
19704,2021-04-01 00:00:00,445.91,219.0,57.0,1.0,0.0,60.0,85.0,5.0
19705,2021-04-01 01:00:00,446.39,216.0,42.0,1.0,0.0,63.0,82.0,5.0
19706,2021-04-01 02:00:00,448.81,223.0,40.0,1.0,0.0,64.0,84.0,5.0
19707,2021-04-01 03:00:00,449.14,227.0,54.0,1.0,1.0,59.0,88.0,5.0
19708,2021-04-01 04:00:00,438.26,232.0,57.0,1.0,9.0,58.0,95.0,5.0
19709,2021-04-01 05:00:00,426.63,246.0,60.0,1.0,41.0,50.0,94.0,5.0
19710,2021-04-01 06:00:00,398.25,249.0,62.0,1.0,88.0,45.0,90.0,5.0
19711,2021-04-01 07:00:00,351.76,233.0,66.0,1.0,144.0,46.0,86.0,5.0
19712,2021-04-01 08:00:00,304.18,206.0,64.0,1.0,178.0,65.0,83.0,5.0
19713,2021-04-01 09:00:00,300.99,229.0,62.0,1.0,194.0,90.0,83.0,5.0
19714,2021-04-01 10:00:00,297.24,236.0,65.0,1.0,196.0,101.0,90.0,5.0
19715,2021-04-01 11:00:00,299.37,235.0,67.0,1.0,189.0,99.0,93.0,5.0
19716,2021-04-01 12:00:00,259.27,185.0,67.0,1.0,175.0,120.0,96.0,5.0
19717,2021-04-01 13:00:00,261.19,183.0,66.0,1.0,143.0,143.0,96.0,5.0
19718,2021-04-01 14:00:00,303.38,202.0,66.0,1.0,89.0,135.0,98.0,5.0
19719,2021-04-01 15:00:00,344.37,211.0,67.0,1.0,34.0,131.0,97.0,5.0
19720,2021-04-01 16:00:00,370.43,219.0,64.0,1.0,5.0,127.0,100.0,5.0
19721,2021-04-01 17:00:00,377.18,215.0,44.0,1.0,0.0,120.0,99.0,5.0
19722,2021-04-01 18:00:00,345.16,172.0,41.0,1.0,0.0,115.0,97.0,5.0
19723,2021-04-01 19:00:00,206.72,64.0,39.0,1.0,0.0,121.0,89.0,5.0
19724,2021-04-01 20:00:00,238.64,70.0,40.0,1.0,0.0,94.0,87.0,5.0
19725,2021-04-01 21:00:00,252.63,68.0,41.0,1.0,0.0,78.0,83.0,5.0
19726,2021-04-01 22:00:00,249.41,67.0,42.0,1.0,0.0,84.0,79.0,5.0
19727,2021-04-01 23:00:00,261.14,68.0,41.0,1.0,0.0,77.0,75.0,5.0
19728,2021-04-02 00:00:00,251.29,68.0,40.0,1.0,0.0,88.0,74.0,5.0
19729,2021-04-02 01:00:00,243.69,67.0,41.0,1.0,0.0,97.0,72.0,5.0
19730,2021-04-02 02:00:00,269.39,67.0,41.0,1.0,0.0,68.0,74.0,5.0
19731,2021-04-02 03:00:00,292.39,71.0,40.0,1.0,1.0,50.0,77.0,5.0
19732,2021-04-02 04:00:00,278.23,69.0,40.0,1.0,7.0,48.0,82.0,5.0
19733,2021-04-02 05:00:00,265.77,72.0,39.0,1.0,31.0,41.0,82.0,5.0
19734,2021-04-02 06:00:00,213.81,66.0,41.0,1.0,75.0,49.0,82.0,5.0
19735,2021-04-02 07:00:00,194.31,64.0,43.0,1.0,104.0,43.0,87.0,5.0
19736,2021-04-02 08:00:00,204.96,68.0,42.0,1.0,95.0,46.0,85.0,5.0
19737,2021-04-02 09:00:00,206.52,68.0,44.0,1.0,84.0,56.0,85.0,5.0
19738,2021-04-02 10:00:00,210.05,66.0,44.0,1.0,74.0,55.0,85.0,5.0
19739,2021-04-02 11:00:00,202.68,66.0,44.0,1.0,78.0,64.0,84.0,5.0
19740,2021-04-02 12:00:00,207.32,70.0,44.0,1.0,75.0,68.0,86.0,5.0
19741,2021-04-02 13:00:00,216.95,67.0,44.0,1.0,62.0,59.0,85.0,5.0
19742,2021-04-02 14:00:00,228.04,65.0,43.0,1.0,41.0,60.0,84.0,5.0
19743,2021-04-02 15:00:00,260.02,68.0,43.0,1.0,18.0,52.0,84.0,5.0
19744,2021-04-02 16:00:00,281.07,67.0,43.0,1.0,4.0,42.0,86.0,5.0
19745,2021-04-02 17:00:00,303.74,74.0,43.0,1.0,0.0,37.0,87.0,5.0
19746,2021-04-02 18:00:00,288.79,68.0,43.0,1.0,0.0,39.0,88.0,5.0
19747,2021-04-02 19:00:00,285.29,65.0,43.0,1.0,0.0,37.0,88.0,5.0
19748,2021-04-02 20:00:00,276.23,63.0,42.0,1.0,0.0,43.0,86.0,5.0
19749,2021-04-02 21:00:00,291.26,69.0,41.0,1.0,0.0,47.0,79.0,5.0
19750,2021-04-02 22:00:00,297.01,68.0,42.0,1.0,0.0,44.0,76.0,5.0
19751,2021-04-02 23:00:00,300.02,71.0,41.0,1.0,0.0,49.0,73.0,5.0
19752,2021-04-03 00:00:00,298.1,70.0,41.0,1.0,0.0,49.0,73.0,5.0
19753,2021-04-03 01:00:00,293.05,69.0,39.0,1.0,0.0,53.0,71.0,5.0
19754,2021-04-03 02:00:00,280.9,70.0,39.0,1.0,0.0,63.0,73.0,5.0
19755,2021-04-03 03:00:00,277.66,71.0,40.0,1.0,1.0,65.0,75.0,5.0
19756,2021-04-03 04:00:00,276.06,73.0,40.0,1.0,5.0,66.0,75.0,5.0
19757,2021-04-03 05:00:00,276.75,73.0,39.0,1.0,14.0,57.0,74.0,5.0
19758,2021-04-03 06:00:00,267.86,76.0,41.0,1.0,29.0,49.0,82.0,5.0
19759,2021-04-03 07:00:00,269.85,85.0,43.0,1.0,47.0,44.0,84.0,5.0
19760,2021-04-03 08:00:00,229.92,73.0,43.0,1.0,68.0,49.0,84.0,5.0
19761,2021-04-03 09:00:00,211.78,74.0,44.0,1.0,94.0,59.0,79.0,5.0
19762,2021-04-03 10:00:00,197.82,74.0,45.0,1.0,103.0,79.0,76.0,5.0
19763,2021-04-03 11:00:00,189.41,74.0,45.0,1.0,92.0,106.0,77.0,5.0
19764,2021-04-03 12:00:00,203.53,78.0,46.0,1.0,75.0,108.0,76.0,5.0
19765,2021-04-03 13:00:00,211.7,78.0,46.0,1.0,53.0,116.0,75.0,5.0
19766,2021-04-03 14:00:00,221.16,78.0,46.0,1.0,34.0,118.0,76.0,5.0
19767,2021-04-03 15:00:00,255.53,76.0,44.0,1.0,17.0,83.0,75.0,5.0
19768,2021-04-03 16:00:00,264.98,75.0,43.0,1.0,4.0,81.0,77.0,5.0
19769,2021-04-03 17:00:00,288.26,83.0,43.0,1.0,0.0,67.0,85.0,5.0
19770,2021-04-03 18:00:00,281.01,75.0,44.0,1.0,0.0,59.0,87.0,5.0
19771,2021-04-03 19:00:00,289.15,76.0,44.0,1.0,0.0,59.0,81.0,5.0
19772,2021-04-03 20:00:00,291.34,76.0,44.0,1.0,0.0,59.0,79.0,5.0
19773,2021-04-03 21:00:00,295.62,77.0,45.0,1.0,0.0,58.0,78.0,5.0
19774,2021-04-03 22:00:00,279.01,76.0,45.0,1.0,0.0,67.0,83.0,5.0
19775,2021-04-03 23:00:00,291.64,76.0,45.0,1.0,0.0,64.0,74.0,5.0
19776,2021-04-04 00:00:00,294.62,75.0,46.0,1.0,0.0,62.0,72.0,5.0
19777,2021-04-04 01:00:00,278.96,75.0,44.0,1.0,0.0,77.0,71.0,5.0
19778,2021-04-04 02:00:00,288.56,74.0,43.0,1.0,0.0,63.0,74.0,5.0
19779,2021-04-04 03:00:00,308.56,75.0,50.0,1.0,1.0,47.0,75.0,5.0
19780,2021-04-04 04:00:00,293.09,76.0,50.0,1.0,5.0,57.0,76.0,5.0
19781,2021-04-04 05:00:00,270.72,79.0,48.0,1.0,15.0,74.0,76.0,5.0
19782,2021-04-04 06:00:00,243.62,78.0,46.0,1.0,29.0,90.0,76.0,5.0
19783,2021-04-04 07:00:00,233.9,84.0,46.0,1.0,52.0,94.0,76.0,5.0
19784,2021-04-04 08:00:00,193.53,77.0,48.0,1.0,83.0,119.0,76.0,5.0
19785,2021-04-04 09:00:00,163.47,74.0,47.0,1.0,113.0,155.0,73.0,5.0
19786,2021-04-04 10:00:00,147.55,74.0,48.0,1.0,135.0,184.0,74.0,5.0
19787,2021-04-04 11:00:00,139.43,74.0,49.0,1.0,140.0,213.0,72.0,5.0
19788,2021-04-04 12:00:00,97.08,42.0,50.0,1.0,135.0,244.0,72.0,5.0
19789,2021-04-04 13:00:00,65.33,15.0,52.0,1.0,118.0,252.0,70.0,5.0
19790,2021-04-04 14:00:00,65.35,12.0,52.0,1.0,83.0,255.0,70.0,5.0
19791,2021-04-04 15:00:00,78.48,16.0,51.0,1.0,34.0,255.0,70.0,5.0
19792,2021-04-04 16:00:00,74.56,12.0,50.0,1.0,6.0,262.0,73.0,5.0
19793,2021-04-04 17:00:00,93.46,24.0,47.0,1.0,1.0,257.0,77.0,5.0
19794,2021-04-04 18:00:00,80.14,16.0,46.0,1.0,0.0,252.0,80.0,5.0
19795,2021-04-04 19:00:00,84.02,18.0,47.0,1.0,0.0,253.0,80.0,5.0
19796,2021-04-04 20:00:00,77.99,15.0,47.0,1.0,0.0,258.0,80.0,5.0
19797,2021-04-04 21:00:00,77.66,15.0,46.0,1.0,0.0,261.0,75.0,5.0
19798,2021-04-04 22:00:00,77.41,14.0,48.0,1.0,0.0,266.0,70.0,5.0
19799,2021-04-04 23:00:00,78.38,14.0,48.0,1.0,0.0,266.0,65.0,5.0
19800,2021-04-05 00:00:00,81.42,15.0,49.0,1.0,0.0,263.0,65.0,5.0
19801,2021-04-05 01:00:00,83.12,16.0,49.0,1.0,0.0,265.0,63.0,5.0
19802,2021-04-05 02:00:00,78.93,13.0,50.0,1.0,0.0,261.0,66.0,5.0
19803,2021-04-05 03:00:00,84.81,17.0,49.0,1.0,0.0,263.0,65.0,5.0
19804,2021-04-05 04:00:00,82.55,17.0,47.0,1.0,2.0,265.0,65.0,5.0
19805,2021-04-05 05:00:00,84.06,17.0,50.0,1.0,6.0,264.0,65.0,5.0
19806,2021-04-05 06:00:00,80.39,17.0,49.0,1.0,14.0,270.0,66.0,5.0
19807,2021-04-05 07:00:00,97.61,30.0,48.0,1.0,22.0,270.0,69.0,5.0
19808,2021-04-05 08:00:00,86.54,23.0,50.0,1.0,30.0,268.0,72.0,5.0
19809,2021-04-05 09:00:00,81.14,16.0,53.0,1.0,37.0,246.0,69.0,5.0
19810,2021-04-05 10:00:00,99.4,26.0,53.0,1.0,42.0,224.0,74.0,5.0
19811,2021-04-05 11:00:00,84.2,13.0,52.0,1.0,40.0,197.0,72.0,5.0
19812,2021-04-05 12:00:00,88.34,16.0,52.0,1.0,39.0,203.0,72.0,5.0
19813,2021-04-05 13:00:00,88.8,16.0,52.0,1.0,29.0,212.0,71.0,5.0
19814,2021-04-05 14:00:00,90.56,12.0,53.0,1.0,20.0,185.0,73.0,5.0
19815,2021-04-05 15:00:00,128.4,29.0,51.0,1.0,11.0,170.0,74.0,5.0
19816,2021-04-05 16:00:00,109.06,19.0,49.0,1.0,3.0,172.0,76.0,5.0
19817,2021-04-05 17:00:00,131.68,25.0,48.0,1.0,0.0,146.0,76.0,5.0
19818,2021-04-05 18:00:00,109.77,13.0,48.0,1.0,0.0,133.0,78.0,5.0
19819,2021-04-05 19:00:00,122.37,16.0,48.0,1.0,0.0,120.0,78.0,5.0
19820,2021-04-05 20:00:00,134.35,17.0,47.0,1.0,0.0,99.0,78.0,5.0
19821,2021-04-05 21:00:00,130.22,16.0,47.0,1.0,0.0,103.0,77.0,5.0
19822,2021-04-05 22:00:00,126.66,17.0,47.0,1.0,0.0,117.0,75.0,5.0
19823,2021-04-05 23:00:00,113.2,15.0,48.0,1.0,0.0,144.0,70.0,5.0
19824,2021-04-06 00:00:00,108.95,16.0,48.0,1.0,0.0,161.0,70.0,5.0
19825,2021-04-06 01:00:00,99.69,14.0,47.0,1.0,0.0,175.0,68.0,5.0
19826,2021-04-06 02:00:00,94.86,15.0,45.0,1.0,0.0,188.0,72.0,5.0
19827,2021-04-06 03:00:00,97.67,15.0,48.0,1.0,1.0,187.0,71.0,5.0
19828,2021-04-06 04:00:00,96.76,18.0,46.0,1.0,4.0,195.0,78.0,5.0
19829,2021-04-06 05:00:00,92.6,20.0,46.0,1.0,14.0,211.0,82.0,5.0
19830,2021-04-06 06:00:00,86.98,20.0,48.0,1.0,37.0,214.0,87.0,5.0
19831,2021-04-06 07:00:00,88.12,25.0,49.0,1.0,69.0,218.0,87.0,5.0
19832,2021-04-06 08:00:00,73.08,19.0,49.0,1.0,87.0,239.0,85.0,5.0
19833,2021-04-06 09:00:00,69.23,17.0,49.0,1.0,90.0,245.0,83.0,5.0
19834,2021-04-06 10:00:00,71.63,19.0,50.0,1.0,100.0,240.0,85.0,5.0
19835,2021-04-06 11:00:00,63.89,17.0,49.0,1.0,116.0,259.0,84.0,5.0
19836,2021-04-06 12:00:00,60.8,15.0,49.0,1.0,118.0,265.0,80.0,5.0
19837,2021-04-06 13:00:00,61.19,11.0,51.0,1.0,92.0,257.0,75.0,5.0
19838,2021-04-06 14:00:00,62.18,10.0,50.0,1.0,65.0,251.0,84.0,5.0
19839,2021-04-06 15:00:00,71.0,11.0,51.0,1.0,33.0,241.0,82.0,5.0
19840,2021-04-06 16:00:00,86.21,16.0,50.0,1.0,7.0,225.0,85.0,5.0
19841,2021-04-06 17:00:00,91.35,19.0,49.0,1.0,1.0,228.0,85.0,5.0
19842,2021-04-06 18:00:00,97.92,24.0,48.0,1.0,0.0,232.0,87.0,5.0
19843,2021-04-06 19:00:00,119.24,40.0,48.0,1.0,0.0,248.0,86.0,5.0
19844,2021-04-06 20:00:00,140.93,54.0,47.0,1.0,0.0,241.0,87.0,5.0
19845,2021-04-06 21:00:00,151.23,57.0,46.0,1.0,0.0,230.0,79.0,5.0
19846,2021-04-06 22:00:00,168.88,64.0,47.0,1.0,0.0,216.0,75.0,5.0
19847,2021-04-06 23:00:00,180.43,69.0,48.0,1.0,0.0,210.0,72.0,5.0
19848,2021-04-07 00:00:00,233.71,106.0,48.0,1.0,0.0,198.0,75.0,5.0
19849,2021-04-07 01:00:00,239.39,105.0,47.0,1.0,0.0,186.0,74.0,5.0
19850,2021-04-07 02:00:00,257.71,119.0,48.0,1.0,0.0,182.0,76.0,5.0
19851,2021-04-07 03:00:00,312.42,164.0,48.0,1.0,1.0,164.0,82.0,5.0
19852,2021-04-07 04:00:00,364.6,230.0,46.0,1.0,9.0,152.0,91.0,5.0
19853,2021-04-07 05:00:00,360.47,238.0,47.0,1.0,32.0,142.0,93.0,5.0
19854,2021-04-07 06:00:00,350.09,263.0,50.0,1.0,73.0,143.0,97.0,5.0
19855,2021-04-07 07:00:00,331.39,277.0,52.0,1.0,122.0,147.0,98.0,5.0
19856,2021-04-07 08:00:00,334.99,301.0,53.0,1.0,148.0,142.0,100.0,5.0
19857,2021-04-07 09:00:00,336.47,306.0,53.0,1.0,155.0,138.0,100.0,5.0
19858,2021-04-07 10:00:00,324.23,266.0,54.0,1.0,151.0,122.0,95.0,5.0
19859,2021-04-07 11:00:00,358.76,298.0,54.0,1.0,140.0,102.0,95.0,5.0
19860,2021-04-07 12:00:00,353.23,253.0,53.0,1.0,122.0,81.0,93.0,5.0
19861,2021-04-07 13:00:00,369.83,240.0,52.0,1.0,88.0,76.0,91.0,5.0
19862,2021-04-07 14:00:00,422.46,271.0,51.0,1.0,48.0,70.0,93.0,5.0
19863,2021-04-07 15:00:00,480.91,309.0,49.0,1.0,23.0,52.0,93.0,5.0
19864,2021-04-07 16:00:00,500.42,308.0,48.0,1.0,6.0,45.0,96.0,5.0
19865,2021-04-07 17:00:00,537.42,309.0,46.0,1.0,1.0,15.0,97.0,5.0
19866,2021-04-07 18:00:00,513.24,248.0,46.0,1.0,0.0,10.0,96.0,5.0
19867,2021-04-07 19:00:00,501.21,233.0,46.0,1.0,0.0,12.0,96.0,5.0
19868,2021-04-07 20:00:00,503.43,230.0,45.0,1.0,0.0,9.0,96.0,5.0
19869,2021-04-07 21:00:00,498.76,225.0,45.0,1.0,0.0,12.0,94.0,5.0
19870,2021-04-07 22:00:00,503.7,227.0,46.0,1.0,0.0,11.0,92.0,5.0
19871,2021-04-07 23:00:00,508.68,225.0,47.0,1.0,0.0,11.0,87.0,5.0
19872,2021-04-08 00:00:00,500.36,224.0,46.0,1.0,0.0,16.0,88.0,5.0
19873,2021-04-08 01:00:00,519.29,269.0,46.0,1.0,0.0,24.0,87.0,5.0
19874,2021-04-08 02:00:00,510.96,273.0,46.0,1.0,0.0,31.0,89.0,5.0
19875,2021-04-08 03:00:00,507.77,293.0,45.0,1.0,1.0,43.0,89.0,5.0
19876,2021-04-08 04:00:00,520.37,355.0,45.0,1.0,11.0,46.0,93.0,5.0
19877,2021-04-08 05:00:00,505.55,356.0,48.0,1.0,37.0,36.0,93.0,5.0
19878,2021-04-08 06:00:00,464.82,354.0,49.0,1.0,77.0,43.0,95.0,5.0
19879,2021-04-08 07:00:00,425.77,351.0,48.0,1.0,117.0,55.0,98.0,5.0
19880,2021-04-08 08:00:00,398.3,347.0,47.0,1.0,140.0,76.0,97.0,5.0
19881,2021-04-08 09:00:00,360.11,323.0,49.0,1.0,158.0,112.0,92.0,5.0
19882,2021-04-08 10:00:00,315.99,274.0,52.0,1.0,172.0,132.0,93.0,5.0
19883,2021-04-08 11:00:00,307.31,274.0,54.0,1.0,175.0,150.0,93.0,5.0
19884,2021-04-08 12:00:00,255.85,196.0,55.0,1.0,166.0,155.0,95.0,5.0
19885,2021-04-08 13:00:00,238.09,169.0,55.0,1.0,137.0,177.0,93.0,5.0
19886,2021-04-08 14:00:00,259.32,169.0,53.0,1.0,92.0,171.0,91.0,5.0
19887,2021-04-08 15:00:00,324.34,198.0,51.0,1.0,41.0,143.0,92.0,5.0
19888,2021-04-08 16:00:00,376.79,191.0,49.0,1.0,8.0,93.0,94.0,5.0
19889,2021-04-08 17:00:00,426.19,228.0,48.0,1.0,3.0,73.0,97.0,5.0
19890,2021-04-08 18:00:00,456.1,259.0,47.0,1.0,0.0,64.0,100.0,5.0
19891,2021-04-08 19:00:00,348.63,133.0,46.0,1.0,0.0,72.0,90.0,5.0
19892,2021-04-08 20:00:00,113.39,4.0,45.0,1.0,0.0,67.0,77.0,5.0
19893,2021-04-08 21:00:00,103.55,3.0,44.0,1.0,0.0,78.0,76.0,5.0
19894,2021-04-08 22:00:00,101.19,4.0,45.0,1.0,0.0,94.0,74.0,5.0
19895,2021-04-08 23:00:00,94.85,3.0,44.0,1.0,0.0,103.0,70.0,5.0
19896,2021-04-09 00:00:00,87.22,3.0,45.0,1.0,0.0,125.0,71.0,5.0
19897,2021-04-09 01:00:00,81.5,3.0,44.0,1.0,0.0,141.0,69.0,5.0
19898,2021-04-09 02:00:00,84.88,7.0,43.0,1.0,0.0,158.0,70.0,5.0
19899,2021-04-09 03:00:00,89.02,13.0,43.0,1.0,1.0,190.0,69.0,5.0
19900,2021-04-09 04:00:00,82.01,11.0,45.0,1.0,8.0,200.0,70.0,5.0
19901,2021-04-09 05:00:00,79.78,14.0,48.0,1.0,23.0,230.0,71.0,5.0
19902,2021-04-09 06:00:00,70.97,13.0,48.0,1.0,38.0,252.0,73.0,5.0
19903,2021-04-09 07:00:00,64.42,9.0,50.0,1.0,41.0,259.0,73.0,5.0
19904,2021-04-09 08:00:00,65.07,9.0,52.0,1.0,35.0,271.0,72.0,5.0
19905,2021-04-09 09:00:00,62.38,8.0,52.0,1.0,39.0,275.0,72.0,5.0
19906,2021-04-09 10:00:00,61.24,7.0,52.0,1.0,40.0,272.0,71.0,5.0
19907,2021-04-09 11:00:00,58.54,6.0,50.0,1.0,40.0,272.0,69.0,5.0
19908,2021-04-09 12:00:00,62.17,9.0,47.0,1.0,33.0,268.0,73.0,5.0
19909,2021-04-09 13:00:00,63.2,9.0,46.0,1.0,26.0,263.0,73.0,5.0
19910,2021-04-09 14:00:00,59.79,6.0,46.0,1.0,16.0,263.0,72.0,5.0
19911,2021-04-09 15:00:00,65.16,8.0,48.0,1.0,7.0,269.0,72.0,5.0
19912,2021-04-09 16:00:00,63.33,7.0,47.0,1.0,2.0,267.0,75.0,5.0
19913,2021-04-09 17:00:00,72.86,14.0,45.0,1.0,0.0,273.0,76.0,5.0
19914,2021-04-09 18:00:00,60.3,7.0,45.0,1.0,0.0,275.0,79.0,5.0
19915,2021-04-09 19:00:00,56.75,5.0,45.0,1.0,0.0,276.0,79.0,5.0
19916,2021-04-09 20:00:00,57.26,4.0,47.0,1.0,0.0,270.0,80.0,5.0
19917,2021-04-09 21:00:00,58.94,5.0,46.0,1.0,0.0,267.0,78.0,5.0
19918,2021-04-09 22:00:00,60.45,5.0,46.0,1.0,0.0,259.0,76.0,5.0
19919,2021-04-09 23:00:00,65.5,6.0,47.0,1.0,0.0,247.0,73.0,5.0
19920,2021-04-10 00:00:00,68.3,7.0,48.0,1.0,0.0,245.0,74.0,5.0
19921,2021-04-10 01:00:00,67.01,6.0,48.0,1.0,0.0,243.0,73.0,5.0
19922,2021-04-10 02:00:00,65.5,6.0,47.0,1.0,0.0,245.0,75.0,5.0
19923,2021-04-10 03:00:00,66.53,7.0,46.0,1.0,2.0,243.0,75.0,5.0
19924,2021-04-10 04:00:00,67.29,8.0,46.0,1.0,12.0,240.0,74.0,5.0
19925,2021-04-10 05:00:00,80.79,19.0,46.0,1.0,34.0,245.0,75.0,5.0
19926,2021-04-10 06:00:00,97.06,34.0,47.0,1.0,60.0,245.0,83.0,5.0
19927,2021-04-10 07:00:00,121.57,61.0,46.0,1.0,90.0,259.0,83.0,5.0
19928,2021-04-10 08:00:00,121.06,67.0,47.0,1.0,114.0,266.0,88.0,5.0
19929,2021-04-10 09:00:00,117.21,66.0,48.0,1.0,129.0,269.0,86.0,5.0
19930,2021-04-10 10:00:00,117.27,67.0,47.0,1.0,134.0,268.0,85.0,5.0
19931,2021-04-10 11:00:00,118.7,65.0,48.0,1.0,128.0,256.0,87.0,5.0
19932,2021-04-10 12:00:00,120.7,64.0,49.0,1.0,121.0,248.0,89.0,5.0
19933,2021-04-10 13:00:00,125.3,65.0,47.0,1.0,114.0,237.0,87.0,5.0
19934,2021-04-10 14:00:00,136.48,66.0,47.0,1.0,81.0,230.0,86.0,5.0
19935,2021-04-10 15:00:00,157.97,65.0,47.0,1.0,40.0,198.0,85.0,5.0
19936,2021-04-10 16:00:00,189.31,65.0,47.0,1.0,9.0,156.0,85.0,5.0
19937,2021-04-10 17:00:00,220.46,71.0,46.0,1.0,1.0,126.0,85.0,5.0
19938,2021-04-10 18:00:00,240.72,82.0,45.0,1.0,0.0,119.0,88.0,5.0
19939,2021-04-10 19:00:00,198.71,65.0,44.0,1.0,0.0,142.0,88.0,5.0
19940,2021-04-10 20:00:00,188.87,64.0,43.0,1.0,0.0,157.0,87.0,5.0
19941,2021-04-10 21:00:00,196.23,67.0,45.0,1.0,0.0,155.0,86.0,5.0
19942,2021-04-10 22:00:00,214.3,67.0,44.0,1.0,0.0,127.0,83.0,5.0
19943,2021-04-10 23:00:00,216.61,66.0,44.0,1.0,0.0,125.0,79.0,5.0
19944,2021-04-11 00:00:00,229.0,67.0,44.0,1.0,0.0,111.0,78.0,5.0
19945,2021-04-11 01:00:00,244.93,66.0,44.0,1.0,0.0,90.0,77.0,5.0
19946,2021-04-11 02:00:00,251.91,68.0,50.0,1.0,0.0,87.0,79.0,5.0
19947,2021-04-11 03:00:00,245.68,69.0,57.0,1.0,2.0,98.0,79.0,5.0
19948,2021-04-11 04:00:00,240.79,67.0,57.0,1.0,17.0,83.0,81.0,5.0
19949,2021-04-11 05:00:00,210.07,65.0,58.0,1.0,59.0,79.0,84.0,5.0
19950,2021-04-11 06:00:00,181.55,64.0,59.0,1.0,114.0,74.0,87.0,5.0
19951,2021-04-11 07:00:00,169.49,70.0,61.0,1.0,166.0,72.0,89.0,5.0
19952,2021-04-11 08:00:00,161.72,72.0,62.0,1.0,198.0,71.0,89.0,5.0
19953,2021-04-11 09:00:00,163.53,72.0,64.0,1.0,209.0,57.0,89.0,5.0
19954,2021-04-11 10:00:00,166.16,70.0,64.0,1.0,209.0,43.0,88.0,5.0
19955,2021-04-11 11:00:00,184.35,73.0,63.0,1.0,184.0,33.0,84.0,5.0
19956,2021-04-11 12:00:00,227.14,83.0,63.0,1.0,130.0,27.0,84.0,5.0
19957,2021-04-11 13:00:00,252.09,76.0,63.0,1.0,82.0,24.0,82.0,5.0
19958,2021-04-11 14:00:00,302.72,100.0,65.0,1.0,47.0,41.0,81.0,5.0
19959,2021-04-11 15:00:00,331.39,98.0,65.0,1.0,20.0,37.0,80.0,5.0
19960,2021-04-11 16:00:00,343.48,102.0,64.0,1.0,5.0,44.0,82.0,5.0
19961,2021-04-11 17:00:00,308.23,92.0,64.0,1.0,1.0,66.0,84.0,5.0
19962,2021-04-11 18:00:00,122.98,6.0,63.0,1.0,0.0,89.0,86.0,5.0
19963,2021-04-11 19:00:00,121.27,4.0,63.0,1.0,0.0,83.0,85.0,5.0
19964,2021-04-11 20:00:00,111.26,4.0,64.0,1.0,0.0,106.0,86.0,5.0
19965,2021-04-11 21:00:00,104.95,4.0,64.0,1.0,0.0,123.0,85.0,5.0
19966,2021-04-11 22:00:00,94.6,3.0,62.0,1.0,0.0,143.0,83.0,5.0
19967,2021-04-11 23:00:00,94.28,3.0,62.0,1.0,0.0,148.0,79.0,5.0
19968,2021-04-12 00:00:00,91.82,3.0,63.0,1.0,0.0,158.0,80.0,5.0
19969,2021-04-12 01:00:00,79.22,3.0,64.0,1.0,0.0,212.0,79.0,5.0
19970,2021-04-12 02:00:00,74.92,3.0,62.0,1.0,0.0,223.0,81.0,5.0
19971,2021-04-12 03:00:00,70.41,3.0,58.0,1.0,2.0,230.0,79.0,5.0
19972,2021-04-12 04:00:00,69.91,3.0,59.0,1.0,14.0,225.0,79.0,5.0
19973,2021-04-12 05:00:00,79.81,5.0,65.0,1.0,29.0,200.0,80.0,5.0
19974,2021-04-12 06:00:00,97.76,17.0,63.0,1.0,53.0,181.0,80.0,5.0
19975,2021-04-12 07:00:00,207.49,112.0,65.0,1.0,85.0,190.0,82.0,5.0
19976,2021-04-12 08:00:00,232.4,164.0,63.0,1.0,126.0,210.0,80.0,5.0
19977,2021-04-12 09:00:00,285.67,249.0,66.0,1.0,145.0,216.0,76.0,5.0
19978,2021-04-12 10:00:00,320.67,278.0,66.0,1.0,122.0,202.0,70.0,5.0
19979,2021-04-12 11:00:00,333.33,275.0,67.0,1.0,109.0,187.0,66.0,5.0
19980,2021-04-12 12:00:00,352.21,282.0,66.0,1.0,104.0,164.0,64.0,5.0
19981,2021-04-12 13:00:00,363.48,285.0,66.0,1.0,76.0,175.0,63.0,5.0
19982,2021-04-12 14:00:00,403.44,281.0,66.0,1.0,43.0,140.0,61.0,5.0
19983,2021-04-12 15:00:00,446.63,278.0,67.0,1.0,23.0,102.0,59.0,5.0
19984,2021-04-12 16:00:00,484.47,283.0,63.0,1.0,6.0,77.0,63.0,5.0
19985,2021-04-12 17:00:00,524.57,283.0,39.0,1.0,1.0,48.0,66.0,5.0
19986,2021-04-12 18:00:00,520.66,286.0,38.0,1.0,0.0,49.0,71.0,5.0
19987,2021-04-12 19:00:00,449.4,210.0,37.0,1.0,0.0,65.0,74.0,5.0
19988,2021-04-12 20:00:00,327.46,117.0,36.0,1.0,0.0,88.0,74.0,5.0
19989,2021-04-12 21:00:00,336.45,115.0,47.0,1.0,0.0,79.0,73.0,5.0
19990,2021-04-12 22:00:00,393.19,158.0,63.0,1.0,0.0,72.0,73.0,5.0
19991,2021-04-12 23:00:00,440.82,167.0,65.0,1.0,0.0,38.0,73.0,5.0
19992,2021-04-13 00:00:00,457.66,161.0,66.0,1.0,0.0,18.0,76.0,5.0
19993,2021-04-13 01:00:00,471.27,163.0,65.0,1.0,0.0,10.0,76.0,5.0
19994,2021-04-13 02:00:00,460.47,165.0,64.0,1.0,0.0,15.0,80.0,5.0
19995,2021-04-13 03:00:00,463.23,169.0,62.0,1.0,1.0,15.0,80.0,5.0
19996,2021-04-13 04:00:00,551.74,322.0,63.0,1.0,4.0,15.0,81.0,5.0
19997,2021-04-13 05:00:00,576.61,418.0,64.0,1.0,12.0,16.0,81.0,5.0
19998,2021-04-13 06:00:00,561.16,413.0,63.0,1.0,23.0,21.0,80.0,5.0
19999,2021-04-13 07:00:00,552.95,421.0,63.0,1.0,33.0,23.0,80.0,5.0
20000,2021-04-13 08:00:00,530.84,416.0,66.0,1.0,45.0,34.0,80.0,5.0
20001,2021-04-13 09:00:00,520.06,390.0,64.0,1.0,47.0,34.0,80.0,5.0
20002,2021-04-13 10:00:00,476.52,264.0,63.0,1.0,54.0,26.0,63.0,5.0
20003,2021-04-13 11:00:00,536.63,408.0,65.0,1.0,59.0,23.0,67.0,5.0
20004,2021-04-13 12:00:00,520.4,385.0,65.0,1.0,62.0,28.0,68.0,5.0
20005,2021-04-13 13:00:00,518.23,370.0,67.0,1.0,52.0,29.0,72.0,5.0
20006,2021-04-13 14:00:00,534.08,408.0,65.0,1.0,36.0,36.0,80.0,5.0
20007,2021-04-13 15:00:00,551.44,405.0,65.0,1.0,15.0,37.0,79.0,5.0
20008,2021-04-13 16:00:00,559.64,400.0,63.0,1.0,5.0,32.0,84.0,5.0
20009,2021-04-13 17:00:00,571.55,415.0,62.0,1.0,1.0,29.0,84.0,5.0
20010,2021-04-13 18:00:00,559.15,393.0,63.0,1.0,0.0,33.0,86.0,5.0
20011,2021-04-13 19:00:00,496.23,245.0,63.0,1.0,0.0,28.0,86.0,5.0
20012,2021-04-13 20:00:00,406.13,128.0,63.0,1.0,0.0,21.0,86.0,5.0
20013,2021-04-13 21:00:00,464.24,167.0,62.0,1.0,0.0,17.0,77.0,5.0
20014,2021-04-13 22:00:00,382.77,95.0,64.0,1.0,0.0,18.0,75.0,5.0
20015,2021-04-13 23:00:00,393.55,94.0,64.0,1.0,0.0,14.0,71.0,5.0
20016,2021-04-14 00:00:00,483.43,178.0,63.0,1.0,0.0,15.0,72.0,5.0
20017,2021-04-14 01:00:00,543.14,285.0,63.0,1.0,0.0,21.0,72.0,5.0
20018,2021-04-14 02:00:00,527.93,283.0,63.0,1.0,0.0,20.0,85.0,5.0
20019,2021-04-14 03:00:00,563.43,376.0,62.0,1.0,2.0,16.0,91.0,5.0
20020,2021-04-14 04:00:00,578.48,474.0,63.0,1.0,13.0,18.0,94.0,5.0
20021,2021-04-14 05:00:00,544.85,448.0,66.0,1.0,37.0,22.0,96.0,5.0
20022,2021-04-14 06:00:00,526.4,497.0,64.0,1.0,76.0,25.0,100.0,5.0
20023,2021-04-14 07:00:00,478.17,447.0,64.0,1.0,122.0,27.0,100.0,5.0
20024,2021-04-14 08:00:00,461.86,446.0,66.0,1.0,148.0,28.0,99.0,5.0
20025,2021-04-14 09:00:00,465.64,478.0,65.0,1.0,158.0,31.0,100.0,5.0
20026,2021-04-14 10:00:00,422.9,397.0,66.0,1.0,165.0,41.0,103.0,5.0
20027,2021-04-14 11:00:00,443.86,461.0,65.0,1.0,172.0,43.0,103.0,5.0
20028,2021-04-14 12:00:00,394.03,340.0,67.0,1.0,159.0,53.0,101.0,5.0
20029,2021-04-14 13:00:00,397.75,320.0,67.0,1.0,134.0,56.0,98.0,5.0
20030,2021-04-14 14:00:00,427.29,319.0,68.0,1.0,90.0,53.0,97.0,5.0
20031,2021-04-14 15:00:00,467.75,317.0,68.0,1.0,40.0,49.0,95.0,5.0
20032,2021-04-14 16:00:00,498.78,317.0,65.0,1.0,11.0,39.0,99.0,5.0
20033,2021-04-14 17:00:00,519.22,329.0,63.0,1.0,1.0,35.0,98.0,5.0
20034,2021-04-14 18:00:00,492.73,309.0,62.0,1.0,0.0,51.0,101.0,5.0
20035,2021-04-14 19:00:00,494.9,332.0,62.0,1.0,0.0,60.0,102.0,5.0
20036,2021-04-14 20:00:00,486.85,315.0,61.0,1.0,0.0,60.0,102.0,5.0
20037,2021-04-14 21:00:00,460.42,279.0,60.0,1.0,0.0,79.0,91.0,5.0
20038,2021-04-14 22:00:00,435.4,265.0,61.0,1.0,0.0,102.0,87.0,5.0
20039,2021-04-14 23:00:00,429.57,261.0,61.0,1.0,0.0,112.0,81.0,5.0
20040,2021-04-15 00:00:00,444.62,276.0,61.0,1.0,0.0,105.0,81.0,5.0
20041,2021-04-15 01:00:00,452.75,277.0,62.0,1.0,0.0,97.0,80.0,5.0
20042,2021-04-15 02:00:00,447.78,273.0,62.0,1.0,0.0,96.0,84.0,5.0
20043,2021-04-15 03:00:00,458.77,292.0,62.0,1.0,4.0,86.0,90.0,5.0
20044,2021-04-15 04:00:00,497.9,394.0,63.0,1.0,20.0,77.0,94.0,5.0
20045,2021-04-15 05:00:00,492.08,445.0,65.0,1.0,59.0,70.0,97.0,5.0
20046,2021-04-15 06:00:00,452.3,437.0,64.0,1.0,118.0,68.0,100.0,5.0
20047,2021-04-15 07:00:00,407.56,428.0,67.0,1.0,169.0,96.0,100.0,5.0
20048,2021-04-15 08:00:00,347.97,346.0,64.0,1.0,198.0,119.0,99.0,5.0
20049,2021-04-15 09:00:00,317.16,301.0,64.0,1.0,210.0,126.0,98.0,5.0
20050,2021-04-15 10:00:00,310.63,307.0,66.0,1.0,213.0,148.0,99.0,5.0
20051,2021-04-15 11:00:00,298.54,302.0,65.0,1.0,209.0,178.0,99.0,5.0
20052,2021-04-15 12:00:00,311.79,316.0,67.0,1.0,190.0,180.0,100.0,5.0
20053,2021-04-15 13:00:00,330.2,319.0,67.0,1.0,152.0,176.0,98.0,5.0
20054,2021-04-15 14:00:00,354.06,313.0,67.0,1.0,97.0,171.0,96.0,5.0
20055,2021-04-15 15:00:00,387.71,312.0,66.0,1.0,45.0,156.0,97.0,5.0
20056,2021-04-15 16:00:00,421.69,309.0,63.0,1.0,12.0,133.0,96.0,5.0
20057,2021-04-15 17:00:00,459.26,332.0,60.0,1.0,2.0,107.0,97.0,5.0
20058,2021-04-15 18:00:00,458.1,333.0,61.0,1.0,0.0,108.0,100.0,5.0
20059,2021-04-15 19:00:00,411.57,285.0,62.0,1.0,0.0,139.0,97.0,5.0
20060,2021-04-15 20:00:00,414.77,299.0,63.0,1.0,0.0,148.0,95.0,5.0
20061,2021-04-15 21:00:00,395.05,253.0,63.0,1.0,0.0,145.0,86.0,5.0
20062,2021-04-15 22:00:00,402.99,262.0,64.0,1.0,0.0,143.0,85.0,5.0
20063,2021-04-15 23:00:00,412.57,269.0,63.0,1.0,0.0,141.0,80.0,5.0
20064,2021-04-16 00:00:00,403.35,267.0,63.0,1.0,0.0,153.0,79.0,5.0
20065,2021-04-16 01:00:00,394.96,268.0,63.0,1.0,0.0,167.0,78.0,5.0
20066,2021-04-16 02:00:00,388.31,267.0,63.0,1.0,0.0,173.0,81.0,5.0
20067,2021-04-16 03:00:00,396.78,282.0,65.0,1.0,4.0,167.0,84.0,5.0
20068,2021-04-16 04:00:00,415.28,341.0,64.0,1.0,19.0,165.0,93.0,5.0
20069,2021-04-16 05:00:00,392.06,336.0,65.0,1.0,53.0,167.0,93.0,5.0
20070,2021-04-16 06:00:00,369.8,348.0,66.0,1.0,98.0,174.0,97.0,5.0
20071,2021-04-16 07:00:00,332.37,338.0,66.0,1.0,140.0,206.0,99.0,5.0
20072,2021-04-16 08:00:00,305.16,333.0,67.0,1.0,175.0,241.0,98.0,5.0
20073,2021-04-16 09:00:00,285.74,311.0,67.0,1.0,192.0,250.0,98.0,5.0
20074,2021-04-16 10:00:00,280.3,305.0,68.0,1.0,192.0,259.0,97.0,5.0
20075,2021-04-16 11:00:00,272.14,283.0,67.0,1.0,180.0,261.0,95.0,5.0
20076,2021-04-16 12:00:00,282.82,283.0,66.0,1.0,150.0,259.0,93.0,5.0
20077,2021-04-16 13:00:00,285.64,266.0,65.0,1.0,116.0,259.0,90.0,5.0
20078,2021-04-16 14:00:00,329.54,314.0,66.0,1.0,77.0,251.0,93.0,5.0
20079,2021-04-16 15:00:00,341.92,315.0,66.0,1.0,61.0,239.0,93.0,5.0
20080,2021-04-16 16:00:00,375.76,325.0,64.0,1.0,11.0,226.0,96.0,5.0
20081,2021-04-16 17:00:00,341.16,247.0,63.0,1.0,1.0,221.0,89.0,5.0
20082,2021-04-16 18:00:00,251.5,132.0,63.0,1.0,0.0,214.0,88.0,5.0
20083,2021-04-16 19:00:00,194.2,80.0,62.0,1.0,0.0,209.0,89.0,5.0
20084,2021-04-16 20:00:00,193.95,76.0,61.0,1.0,0.0,197.0,89.0,5.0
20085,2021-04-16 21:00:00,207.96,75.0,63.0,1.0,0.0,168.0,88.0,5.0
20086,2021-04-16 22:00:00,223.5,77.0,63.0,1.0,0.0,147.0,86.0,5.0
20087,2021-04-16 23:00:00,238.91,77.0,62.0,1.0,0.0,133.0,75.0,5.0
20088,2021-04-17 00:00:00,235.27,75.0,62.0,1.0,0.0,135.0,74.0,5.0
20089,2021-04-17 01:00:00,233.72,76.0,61.0,1.0,0.0,139.0,74.0,5.0
20090,2021-04-17 02:00:00,243.83,78.0,62.0,1.0,0.0,129.0,74.0,5.0
20091,2021-04-17 03:00:00,238.42,79.0,60.0,1.0,5.0,134.0,73.0,5.0
20092,2021-04-17 04:00:00,238.73,78.0,63.0,1.0,21.0,116.0,74.0,5.0
20093,2021-04-17 05:00:00,233.04,79.0,63.0,1.0,61.0,84.0,77.0,5.0
20094,2021-04-17 06:00:00,191.23,75.0,63.0,1.0,119.0,87.0,85.0,5.0
20095,2021-04-17 07:00:00,165.17,76.0,62.0,1.0,170.0,108.0,84.0,5.0
20096,2021-04-17 08:00:00,147.19,77.0,64.0,1.0,199.0,149.0,83.0,5.0
20097,2021-04-17 09:00:00,139.54,77.0,66.0,1.0,212.0,174.0,80.0,5.0
20098,2021-04-17 10:00:00,136.93,77.0,65.0,1.0,213.0,184.0,79.0,5.0
20099,2021-04-17 11:00:00,138.96,78.0,66.0,1.0,205.0,190.0,78.0,5.0
20100,2021-04-17 12:00:00,142.25,75.0,65.0,1.0,181.0,185.0,78.0,5.0
20101,2021-04-17 13:00:00,156.92,78.0,64.0,1.0,145.0,181.0,73.0,5.0
20102,2021-04-17 14:00:00,174.46,78.0,64.0,1.0,95.0,181.0,68.0,5.0
20103,2021-04-17 15:00:00,195.03,78.0,65.0,1.0,44.0,180.0,69.0,5.0
20104,2021-04-17 16:00:00,203.93,77.0,65.0,1.0,13.0,187.0,71.0,5.0
20105,2021-04-17 17:00:00,206.2,75.0,65.0,1.0,2.0,186.0,73.0,5.0
20106,2021-04-17 18:00:00,203.84,74.0,65.0,1.0,0.0,185.0,78.0,5.0
20107,2021-04-17 19:00:00,204.43,74.0,64.0,1.0,0.0,182.0,79.0,5.0
20108,2021-04-17 20:00:00,197.74,73.0,63.0,1.0,0.0,191.0,80.0,5.0
20109,2021-04-17 21:00:00,215.07,73.0,62.0,1.0,0.0,157.0,80.0,5.0
20110,2021-04-17 22:00:00,223.31,77.0,61.0,1.0,0.0,151.0,81.0,5.0
20111,2021-04-17 23:00:00,231.92,79.0,60.0,1.0,0.0,145.0,77.0,5.0
20112,2021-04-18 00:00:00,235.5,79.0,61.0,1.0,0.0,137.0,80.0,5.0
20113,2021-04-18 01:00:00,240.44,79.0,60.0,1.0,0.0,127.0,82.0,5.0
20114,2021-04-18 02:00:00,261.49,95.0,60.0,1.0,0.0,127.0,84.0,5.0
20115,2021-04-18 03:00:00,260.9,98.0,61.0,1.0,5.0,129.0,84.0,5.0
20116,2021-04-18 04:00:00,261.7,98.0,59.0,1.0,25.0,107.0,84.0,5.0
20117,2021-04-18 05:00:00,245.16,97.0,62.0,1.0,77.0,79.0,85.0,5.0
20118,2021-04-18 06:00:00,230.16,106.0,65.0,1.0,142.0,62.0,86.0,5.0
20119,2021-04-18 07:00:00,198.85,101.0,68.0,1.0,194.0,73.0,85.0,5.0
20120,2021-04-18 08:00:00,175.14,100.0,68.0,1.0,221.0,115.0,84.0,5.0
20121,2021-04-18 09:00:00,168.34,100.0,68.0,1.0,232.0,127.0,85.0,5.0
20122,2021-04-18 10:00:00,163.35,101.0,66.0,1.0,236.0,144.0,84.0,5.0
20123,2021-04-18 11:00:00,157.79,98.0,66.0,1.0,232.0,167.0,76.0,5.0
20124,2021-04-18 12:00:00,159.48,100.0,67.0,1.0,216.0,188.0,73.0,5.0
20125,2021-04-18 13:00:00,165.82,98.0,67.0,1.0,179.0,195.0,71.0,5.0
20126,2021-04-18 14:00:00,186.35,96.0,66.0,1.0,119.0,183.0,68.0,5.0
20127,2021-04-18 15:00:00,217.14,94.0,65.0,1.0,54.0,169.0,65.0,5.0
20128,2021-04-18 16:00:00,253.21,90.0,64.0,1.0,13.0,135.0,67.0,5.0
20129,2021-04-18 17:00:00,265.29,91.0,62.0,1.0,2.0,129.0,68.0,5.0
20130,2021-04-18 18:00:00,265.67,93.0,64.0,1.0,0.0,122.0,81.0,5.0
20131,2021-04-18 19:00:00,319.74,148.0,65.0,1.0,0.0,132.0,85.0,5.0
20132,2021-04-18 20:00:00,332.93,160.0,64.0,1.0,0.0,128.0,87.0,5.0
20133,2021-04-18 21:00:00,330.92,161.0,64.0,1.0,0.0,132.0,87.0,5.0
20134,2021-04-18 22:00:00,328.31,156.0,64.0,1.0,0.0,130.0,86.0,5.0
20135,2021-04-18 23:00:00,350.04,153.0,63.0,1.0,0.0,104.0,81.0,5.0
20136,2021-04-19 00:00:00,350.09,153.0,64.0,1.0,0.0,104.0,81.0,5.0
20137,2021-04-19 01:00:00,355.94,158.0,65.0,1.0,0.0,103.0,81.0,5.0
20138,2021-04-19 02:00:00,357.57,157.0,65.0,1.0,0.0,99.0,82.0,5.0
20139,2021-04-19 03:00:00,350.04,153.0,63.0,1.0,5.0,97.0,83.0,5.0
20140,2021-04-19 04:00:00,393.65,194.0,64.0,1.0,24.0,71.0,83.0,5.0
20141,2021-04-19 05:00:00,395.02,224.0,67.0,1.0,75.0,42.0,87.0,5.0
20142,2021-04-19 06:00:00,412.77,315.0,67.0,1.0,138.0,38.0,83.0,5.0
20143,2021-04-19 07:00:00,369.96,299.0,69.0,1.0,189.0,49.0,79.0,5.0
20144,2021-04-19 08:00:00,358.98,332.0,69.0,1.0,217.0,76.0,82.0,5.0
20145,2021-04-19 09:00:00,333.57,312.0,69.0,1.0,229.0,97.0,83.0,5.0
20146,2021-04-19 10:00:00,342.84,342.0,69.0,1.0,231.0,111.0,82.0,5.0
20147,2021-04-19 11:00:00,351.73,362.0,70.0,1.0,226.0,122.0,78.0,5.0
20148,2021-04-19 12:00:00,371.12,386.0,70.0,1.0,210.0,117.0,79.0,5.0
20149,2021-04-19 13:00:00,409.66,416.0,70.0,1.0,172.0,105.0,73.0,5.0
20150,2021-04-19 14:00:00,435.38,417.0,70.0,1.0,118.0,112.0,71.0,5.0
20151,2021-04-19 15:00:00,485.32,420.0,70.0,1.0,55.0,96.0,70.0,5.0
20152,2021-04-19 16:00:00,522.19,421.0,66.0,1.0,13.0,87.0,72.0,5.0
20153,2021-04-19 17:00:00,525.33,427.0,65.0,1.0,2.0,97.0,72.0,5.0
20154,2021-04-19 18:00:00,529.73,423.0,64.0,1.0,0.0,92.0,72.0,5.0
20155,2021-04-19 19:00:00,514.17,408.0,63.0,1.0,0.0,102.0,75.0,5.0
20156,2021-04-19 20:00:00,476.68,311.0,62.0,1.0,0.0,95.0,76.0,5.0
20157,2021-04-19 21:00:00,487.2,317.0,64.0,1.0,0.0,86.0,76.0,5.0
20158,2021-04-19 22:00:00,476.08,275.0,63.0,1.0,0.0,77.0,73.0,5.0
20159,2021-04-19 23:00:00,475.14,278.0,62.0,1.0,0.0,83.0,70.0,5.0
20160,2021-04-20 00:00:00,474.97,274.0,61.0,1.0,0.0,80.0,71.0,5.0
20161,2021-04-20 01:00:00,484.24,280.0,61.0,1.0,0.0,73.0,72.0,5.0
20162,2021-04-20 02:00:00,517.46,341.0,61.0,1.0,0.0,65.0,77.0,5.0
20163,2021-04-20 03:00:00,537.71,392.0,59.0,1.0,5.0,62.0,76.0,5.0
20164,2021-04-20 04:00:00,546.5,420.0,63.0,1.0,24.0,43.0,76.0,5.0
20165,2021-04-20 05:00:00,517.3,421.0,67.0,1.0,75.0,23.0,80.0,5.0
20166,2021-04-20 06:00:00,470.26,421.0,68.0,1.0,135.0,28.0,82.0,5.0
20167,2021-04-20 07:00:00,427.98,412.0,69.0,1.0,187.0,41.0,83.0,5.0
20168,2021-04-20 08:00:00,400.72,402.0,60.0,1.0,213.0,61.0,83.0,5.0
20169,2021-04-20 09:00:00,387.31,383.0,44.0,1.0,220.0,66.0,82.0,5.0
20170,2021-04-20 10:00:00,392.16,395.0,50.0,1.0,215.0,72.0,82.0,5.0
20171,2021-04-20 11:00:00,377.05,361.0,68.0,1.0,199.0,87.0,81.0,5.0
20172,2021-04-20 12:00:00,391.05,383.0,69.0,1.0,182.0,95.0,82.0,5.0
20173,2021-04-20 13:00:00,409.92,385.0,70.0,1.0,147.0,94.0,82.0,5.0
20174,2021-04-20 14:00:00,453.64,390.0,69.0,1.0,98.0,73.0,80.0,5.0
20175,2021-04-20 15:00:00,520.79,419.0,69.0,1.0,45.0,48.0,79.0,5.0
20176,2021-04-20 16:00:00,560.67,420.0,66.0,1.0,14.0,37.0,75.0,5.0
20177,2021-04-20 17:00:00,581.78,419.0,64.0,1.0,2.0,29.0,73.0,5.0
20178,2021-04-20 18:00:00,569.91,419.0,65.0,1.0,0.0,40.0,76.0,5.0
20179,2021-04-20 19:00:00,551.3,409.0,64.0,1.0,0.0,56.0,77.0,5.0
20180,2021-04-20 20:00:00,547.19,416.0,65.0,1.0,0.0,61.0,79.0,5.0
20181,2021-04-20 21:00:00,532.62,369.0,62.0,1.0,0.0,60.0,78.0,5.0
20182,2021-04-20 22:00:00,547.21,393.0,62.0,1.0,0.0,56.0,76.0,5.0
20183,2021-04-20 23:00:00,532.63,340.0,64.0,1.0,0.0,53.0,72.0,5.0
20184,2021-04-21 00:00:00,538.2,326.0,63.0,1.0,0.0,41.0,73.0,5.0
20185,2021-04-21 01:00:00,544.54,325.0,62.0,1.0,0.0,34.0,74.0,5.0
20186,2021-04-21 02:00:00,532.94,294.0,61.0,1.0,0.0,31.0,75.0,5.0
20187,2021-04-21 03:00:00,562.78,379.0,64.0,1.0,6.0,29.0,75.0,5.0
20188,2021-04-21 04:00:00,561.47,414.0,66.0,1.0,25.0,23.0,75.0,5.0
20189,2021-04-21 05:00:00,529.92,424.0,68.0,1.0,68.0,15.0,80.0,5.0
20190,2021-04-21 06:00:00,484.34,410.0,69.0,1.0,118.0,17.0,82.0,5.0
20191,2021-04-21 07:00:00,428.19,362.0,68.0,1.0,168.0,23.0,81.0,5.0
20192,2021-04-21 08:00:00,411.08,365.0,68.0,1.0,195.0,26.0,83.0,5.0
20193,2021-04-21 09:00:00,411.86,356.0,68.0,1.0,185.0,27.0,83.0,5.0
20194,2021-04-21 10:00:00,428.68,354.0,68.0,1.0,157.0,27.0,81.0,5.0
20195,2021-04-21 11:00:00,456.43,390.0,67.0,1.0,142.0,28.0,77.0,5.0
20196,2021-04-21 12:00:00,446.76,331.0,67.0,1.0,122.0,25.0,74.0,5.0
20197,2021-04-21 13:00:00,440.06,325.0,68.0,1.0,121.0,28.0,77.0,5.0
20198,2021-04-21 14:00:00,476.29,344.0,67.0,1.0,84.0,32.0,74.0,5.0
20199,2021-04-21 15:00:00,508.77,347.0,66.0,1.0,42.0,35.0,76.0,5.0
20200,2021-04-21 16:00:00,540.96,348.0,64.0,2.0,13.0,32.0,74.0,5.0
20201,2021-04-21 17:00:00,576.56,379.0,63.0,2.0,2.0,22.0,72.0,5.0
20202,2021-04-21 18:00:00,571.0,350.0,65.0,2.0,0.0,15.0,76.0,5.0
20203,2021-04-21 19:00:00,535.66,278.0,64.0,2.0,0.0,17.0,78.0,5.0
20204,2021-04-21 20:00:00,484.09,195.0,64.0,2.0,0.0,17.0,78.0,5.0
20205,2021-04-21 21:00:00,428.83,132.0,63.0,2.0,0.0,23.0,70.0,5.0
20206,2021-04-21 22:00:00,406.43,134.0,63.0,2.0,0.0,47.0,64.0,5.0
20207,2021-04-21 23:00:00,386.51,141.0,63.0,2.0,0.0,75.0,59.0,5.0
20208,2021-04-22 00:00:00,355.04,123.0,62.0,2.0,0.0,83.0,61.0,5.0
20209,2021-04-22 01:00:00,349.48,121.0,62.0,2.0,0.0,86.0,61.0,5.0
20210,2021-04-22 02:00:00,342.49,117.0,62.0,2.0,1.0,85.0,63.0,5.0
20211,2021-04-22 03:00:00,328.16,115.0,62.0,2.0,7.0,87.0,67.0,5.0
20212,2021-04-22 04:00:00,316.11,127.0,62.0,2.0,27.0,89.0,75.0,5.0
20213,2021-04-22 05:00:00,307.82,144.0,65.0,2.0,75.0,72.0,80.0,5.0
20214,2021-04-22 06:00:00,266.98,141.0,67.0,2.0,136.0,72.0,82.0,5.0
20215,2021-04-22 07:00:00,214.38,116.0,68.0,2.0,175.0,92.0,84.0,5.0
20216,2021-04-22 08:00:00,208.52,116.0,69.0,2.0,173.0,109.0,85.0,5.0
20217,2021-04-22 09:00:00,229.41,138.0,69.0,2.0,168.0,114.0,85.0,5.0
20218,2021-04-22 10:00:00,207.21,117.0,70.0,2.0,163.0,127.0,84.0,5.0
20219,2021-04-22 11:00:00,234.82,127.0,69.0,2.0,138.0,113.0,78.0,5.0
20220,2021-04-22 12:00:00,252.63,124.0,68.0,2.0,113.0,98.0,74.0,5.0
20221,2021-04-22 13:00:00,263.02,114.0,68.0,2.0,95.0,82.0,70.0,5.0
20222,2021-04-22 14:00:00,289.33,113.0,69.0,2.0,71.0,64.0,71.0,5.0
20223,2021-04-22 15:00:00,359.63,124.0,68.0,2.0,38.0,34.0,69.0,5.0
20224,2021-04-22 16:00:00,391.97,125.0,66.0,2.0,13.0,29.0,72.0,5.0
20225,2021-04-22 17:00:00,425.6,140.0,67.0,2.0,2.0,24.0,75.0,5.0
20226,2021-04-22 18:00:00,422.92,164.0,68.0,2.0,0.0,42.0,80.0,5.0
20227,2021-04-22 19:00:00,465.9,186.0,66.0,2.0,0.0,22.0,81.0,5.0
20228,2021-04-22 20:00:00,476.3,189.0,61.0,2.0,0.0,17.0,81.0,5.0
20229,2021-04-22 21:00:00,468.37,155.0,65.0,2.0,0.0,11.0,71.0,5.0
20230,2021-04-22 22:00:00,507.56,207.0,65.0,2.0,0.0,15.0,69.0,5.0
20231,2021-04-22 23:00:00,509.12,198.0,63.0,2.0,0.0,15.0,64.0,5.0
20232,2021-04-23 00:00:00,456.19,158.0,61.0,2.0,0.0,29.0,64.0,5.0
20233,2021-04-23 01:00:00,422.77,143.0,63.0,2.0,0.0,43.0,63.0,5.0
20234,2021-04-23 02:00:00,441.89,155.0,62.0,2.0,0.0,36.0,65.0,5.0
20235,2021-04-23 03:00:00,388.99,116.0,62.0,2.0,5.0,34.0,69.0,5.0
20236,2021-04-23 04:00:00,421.44,164.0,62.0,2.0,15.0,33.0,76.0,5.0
20237,2021-04-23 05:00:00,461.43,222.0,65.0,2.0,28.0,24.0,78.0,5.0
20238,2021-04-23 06:00:00,469.59,262.0,62.0,2.0,41.0,26.0,81.0,5.0
20239,2021-04-23 07:00:00,444.9,260.0,63.0,2.0,61.0,31.0,81.0,5.0
20240,2021-04-23 08:00:00,388.25,220.0,65.0,2.0,85.0,44.0,79.0,5.0
20241,2021-04-23 09:00:00,302.85,174.0,67.0,2.0,91.0,109.0,80.0,5.0
20242,2021-04-23 10:00:00,271.23,158.0,65.0,2.0,100.0,129.0,83.0,5.0
20243,2021-04-23 11:00:00,278.6,169.0,66.0,2.0,99.0,139.0,79.0,5.0
20244,2021-04-23 12:00:00,270.95,146.0,68.0,2.0,82.0,135.0,75.0,5.0
20245,2021-04-23 13:00:00,285.25,151.0,66.0,2.0,63.0,140.0,71.0,5.0
20246,2021-04-23 14:00:00,285.56,127.0,64.0,2.0,36.0,139.0,58.0,5.0
20247,2021-04-23 15:00:00,303.4,142.0,63.0,2.0,20.0,158.0,52.0,5.0
20248,2021-04-23 16:00:00,300.17,140.0,60.0,2.0,7.0,163.0,61.0,5.0
20249,2021-04-23 17:00:00,371.07,196.0,62.0,2.0,1.0,137.0,68.0,5.0
20250,2021-04-23 18:00:00,322.38,144.0,65.0,2.0,0.0,129.0,78.0,5.0
20251,2021-04-23 19:00:00,357.14,185.0,63.0,2.0,0.0,128.0,84.0,5.0
20252,2021-04-23 20:00:00,313.83,146.0,63.0,2.0,0.0,137.0,84.0,5.0
20253,2021-04-23 21:00:00,318.12,156.0,63.0,2.0,0.0,147.0,82.0,5.0
20254,2021-04-23 22:00:00,284.53,136.0,62.0,2.0,0.0,169.0,80.0,5.0
20255,2021-04-23 23:00:00,260.92,114.0,62.0,2.0,0.0,172.0,76.0,5.0
20256,2021-04-24 00:00:00,283.83,123.0,61.0,2.0,0.0,159.0,69.0,5.0
20257,2021-04-24 01:00:00,305.8,136.0,60.0,2.0,0.0,151.0,66.0,5.0
20258,2021-04-24 02:00:00,363.26,195.0,60.0,2.0,0.0,147.0,68.0,5.0
20259,2021-04-24 03:00:00,366.51,198.0,61.0,2.0,4.0,142.0,68.0,5.0
20260,2021-04-24 04:00:00,366.83,204.0,60.0,2.0,13.0,137.0,70.0,5.0
20261,2021-04-24 05:00:00,352.87,208.0,59.0,2.0,26.0,141.0,77.0,5.0
20262,2021-04-24 06:00:00,372.5,241.0,63.0,2.0,43.0,131.0,77.0,5.0
20263,2021-04-24 07:00:00,376.2,269.0,65.0,2.0,69.0,127.0,78.0,5.0
20264,2021-04-24 08:00:00,337.62,244.0,65.0,2.0,96.0,134.0,83.0,5.0
20265,2021-04-24 09:00:00,289.15,196.0,64.0,2.0,115.0,141.0,84.0,5.0
20266,2021-04-24 10:00:00,279.63,196.0,65.0,2.0,124.0,154.0,83.0,5.0
20267,2021-04-24 11:00:00,225.15,127.0,63.0,2.0,116.0,156.0,76.0,5.0
20268,2021-04-24 12:00:00,228.94,117.0,65.0,2.0,106.0,137.0,74.0,5.0
20269,2021-04-24 13:00:00,246.61,120.0,63.0,2.0,83.0,130.0,73.0,5.0
20270,2021-04-24 14:00:00,272.58,120.0,64.0,2.0,56.0,114.0,71.0,5.0
20271,2021-04-24 15:00:00,300.48,117.0,67.0,2.0,29.0,96.0,72.0,5.0
20272,2021-04-24 16:00:00,351.36,143.0,66.0,2.0,11.0,78.0,82.0,5.0
20273,2021-04-24 17:00:00,346.5,136.0,65.0,2.0,2.0,83.0,83.0,5.0
20274,2021-04-24 18:00:00,343.79,146.0,64.0,2.0,0.0,98.0,85.0,5.0
20275,2021-04-24 19:00:00,331.5,150.0,64.0,2.0,0.0,118.0,85.0,5.0
20276,2021-04-24 20:00:00,310.26,133.0,62.0,2.0,0.0,122.0,85.0,5.0
20277,2021-04-24 21:00:00,305.12,121.0,62.0,2.0,0.0,120.0,76.0,5.0
20278,2021-04-24 22:00:00,349.28,159.0,64.0,2.0,0.0,123.0,69.0,5.0
20279,2021-04-24 23:00:00,317.82,114.0,63.0,2.0,0.0,108.0,63.0,5.0
20280,2021-04-25 00:00:00,318.01,112.0,63.0,2.0,0.0,104.0,64.0,5.0
20281,2021-04-25 01:00:00,327.15,114.0,64.0,2.0,0.0,98.0,63.0,5.0
20282,2021-04-25 02:00:00,322.95,115.0,65.0,2.0,0.0,101.0,66.0,5.0
20283,2021-04-25 03:00:00,325.41,117.0,65.0,2.0,3.0,98.0,66.0,5.0
20284,2021-04-25 04:00:00,358.71,143.0,64.0,2.0,10.0,89.0,64.0,5.0
20285,2021-04-25 05:00:00,348.96,140.0,64.0,2.0,22.0,78.0,70.0,5.0
20286,2021-04-25 06:00:00,332.05,139.0,63.0,2.0,36.0,74.0,78.0,5.0
20287,2021-04-25 07:00:00,296.94,119.0,64.0,2.0,57.0,67.0,80.0,5.0
20288,2021-04-25 08:00:00,280.01,116.0,65.0,2.0,72.0,69.0,82.0,5.0
20289,2021-04-25 09:00:00,283.93,117.0,65.0,2.0,80.0,66.0,73.0,5.0
20290,2021-04-25 10:00:00,283.02,118.0,65.0,2.0,79.0,72.0,71.0,5.0
20291,2021-04-25 11:00:00,281.12,115.0,66.0,2.0,76.0,77.0,67.0,5.0
20292,2021-04-25 12:00:00,279.41,118.0,64.0,2.0,73.0,89.0,65.0,5.0
20293,2021-04-25 13:00:00,293.29,131.0,64.0,2.0,65.0,98.0,65.0,5.0
20294,2021-04-25 14:00:00,304.49,123.0,63.0,2.0,50.0,85.0,65.0,5.0
20295,2021-04-25 15:00:00,315.81,115.0,65.0,2.0,28.0,81.0,66.0,5.0
20296,2021-04-25 16:00:00,436.01,211.0,62.0,2.0,10.0,67.0,70.0,5.0
20297,2021-04-25 17:00:00,481.9,288.0,61.0,2.0,2.0,66.0,83.0,5.0
20298,2021-04-25 18:00:00,487.87,287.0,62.0,2.0,0.0,59.0,85.0,5.0
20299,2021-04-25 19:00:00,477.54,286.0,63.0,2.0,0.0,70.0,84.0,5.0
20300,2021-04-25 20:00:00,426.29,215.0,61.0,2.0,0.0,84.0,76.0,5.0
20301,2021-04-25 21:00:00,380.98,158.0,60.0,2.0,0.0,81.0,75.0,5.0
20302,2021-04-25 22:00:00,428.9,185.0,62.0,2.0,0.0,61.0,73.0,5.0
20303,2021-04-25 23:00:00,474.47,229.0,63.0,2.0,0.0,55.0,68.0,5.0
20304,2021-04-26 00:00:00,495.69,246.0,63.0,2.0,0.0,46.0,68.0,5.0
20305,2021-04-26 01:00:00,523.24,285.0,63.0,2.0,0.0,42.0,67.0,5.0
20306,2021-04-26 02:00:00,535.0,299.0,62.0,2.0,0.0,36.0,69.0,5.0
20307,2021-04-26 03:00:00,543.02,334.0,62.0,2.0,4.0,32.0,76.0,5.0
20308,2021-04-26 04:00:00,569.63,425.0,63.0,2.0,13.0,29.0,76.0,5.0
20309,2021-04-26 05:00:00,559.86,424.0,64.0,2.0,26.0,26.0,76.0,5.0
20310,2021-04-26 06:00:00,547.7,427.0,64.0,2.0,45.0,22.0,76.0,5.0
20311,2021-04-26 07:00:00,538.23,428.0,63.0,2.0,60.0,19.0,76.0,5.0
20312,2021-04-26 08:00:00,525.91,426.0,61.0,2.0,72.0,20.0,78.0,5.0
20313,2021-04-26 09:00:00,517.2,425.0,60.0,2.0,80.0,19.0,82.0,5.0
20314,2021-04-26 10:00:00,521.62,425.0,61.0,2.0,74.0,18.0,83.0,5.0
20315,2021-04-26 11:00:00,533.92,425.0,63.0,2.0,61.0,17.0,81.0,5.0
20316,2021-04-26 12:00:00,537.89,427.0,63.0,2.0,52.0,22.0,81.0,5.0
20317,2021-04-26 13:00:00,547.42,422.0,59.0,2.0,40.0,25.0,78.0,5.0
20318,2021-04-26 14:00:00,561.05,421.0,57.0,2.0,25.0,26.0,77.0,5.0
20319,2021-04-26 15:00:00,568.65,425.0,46.0,2.0,14.0,33.0,78.0,5.0
20320,2021-04-26 16:00:00,576.55,424.0,36.0,2.0,6.0,34.0,80.0,5.0
20321,2021-04-26 17:00:00,583.38,426.0,38.0,2.0,1.0,31.0,81.0,5.0
20322,2021-04-26 18:00:00,577.77,425.0,39.0,2.0,0.0,35.0,83.0,5.0
20323,2021-04-26 19:00:00,574.27,415.0,40.0,2.0,0.0,34.0,84.0,5.0
20324,2021-04-26 20:00:00,577.67,429.0,40.0,2.0,0.0,33.0,86.0,5.0
20325,2021-04-26 21:00:00,577.01,430.0,40.0,2.0,0.0,34.0,86.0,5.0
20326,2021-04-26 22:00:00,586.32,451.0,42.0,2.0,0.0,31.0,85.0,5.0
20327,2021-04-26 23:00:00,596.61,451.0,43.0,2.0,0.0,25.0,80.0,5.0
20328,2021-04-27 00:00:00,595.55,429.0,43.0,2.0,0.0,24.0,76.0,5.0
20329,2021-04-27 01:00:00,599.13,433.0,42.0,2.0,0.0,23.0,75.0,5.0
20330,2021-04-27 02:00:00,608.21,463.0,39.0,2.0,0.0,20.0,78.0,5.0
20331,2021-04-27 03:00:00,619.81,535.0,39.0,2.0,2.0,17.0,84.0,4.0
20332,2021-04-27 04:00:00,617.43,577.0,40.0,2.0,9.0,21.0,85.0,3.0
20333,2021-04-27 05:00:00,608.46,578.0,40.0,2.0,18.0,22.0,86.0,5.0
20334,2021-04-27 06:00:00,595.2,574.0,39.0,2.0,30.0,22.0,90.0,5.0
20335,2021-04-27 07:00:00,587.44,575.0,40.0,2.0,44.0,18.0,90.0,5.0
20336,2021-04-27 08:00:00,576.77,574.0,40.0,2.0,52.0,22.0,92.0,5.0
20337,2021-04-27 09:00:00,576.26,579.0,38.0,2.0,52.0,24.0,93.0,5.0
20338,2021-04-27 10:00:00,576.99,579.0,38.0,2.0,53.0,25.0,90.0,5.0
20339,2021-04-27 11:00:00,574.35,583.0,35.0,2.0,57.0,27.0,90.0,5.0
20340,2021-04-27 12:00:00,566.73,578.0,38.0,2.0,55.0,36.0,91.0,5.0
20341,2021-04-27 13:00:00,575.66,580.0,44.0,2.0,45.0,33.0,90.0,5.0
20342,2021-04-27 14:00:00,573.15,574.0,54.0,2.0,33.0,43.0,90.0,5.0
20343,2021-04-27 15:00:00,579.6,574.0,57.0,2.0,20.0,45.0,91.0,5.0
20344,2021-04-27 16:00:00,587.08,576.0,61.0,2.0,9.0,43.0,93.0,5.0
20345,2021-04-27 17:00:00,595.8,578.0,61.0,2.0,2.0,36.0,96.0,5.0
20346,2021-04-27 18:00:00,603.33,574.0,59.0,2.0,0.0,28.0,96.0,5.0
20347,2021-04-27 19:00:00,598.12,573.0,60.0,2.0,0.0,33.0,97.0,5.0
20348,2021-04-27 20:00:00,591.74,553.0,59.0,2.0,0.0,37.0,96.0,5.0
20349,2021-04-27 21:00:00,586.45,555.0,60.0,2.0,0.0,45.0,95.0,5.0
20350,2021-04-27 22:00:00,594.23,567.0,61.0,2.0,0.0,39.0,94.0,5.0
20351,2021-04-27 23:00:00,593.62,562.0,62.0,2.0,0.0,42.0,90.0,5.0
20352,2021-04-28 00:00:00,589.02,538.0,62.0,2.0,0.0,42.0,89.0,5.0
20353,2021-04-28 01:00:00,593.34,558.0,60.0,2.0,0.0,44.0,88.0,5.0
20354,2021-04-28 02:00:00,591.91,567.0,61.0,2.0,1.0,45.0,90.0,5.0
20355,2021-04-28 03:00:00,602.43,576.0,40.0,2.0,8.0,36.0,89.0,5.0
20356,2021-04-28 04:00:00,593.7,576.0,35.0,2.0,31.0,26.0,89.0,5.0
20357,2021-04-28 05:00:00,550.59,580.0,33.0,2.0,80.0,34.0,94.0,5.0
20358,2021-04-28 06:00:00,524.25,580.0,35.0,2.0,118.0,35.0,96.0,5.0
20359,2021-04-28 07:00:00,512.9,580.0,36.0,2.0,137.0,35.0,96.0,5.0
20360,2021-04-28 08:00:00,506.78,569.0,37.0,2.0,147.0,30.0,96.0,5.0
20361,2021-04-28 09:00:00,492.12,532.0,38.0,2.0,154.0,31.0,94.0,5.0
20362,2021-04-28 10:00:00,484.29,523.0,41.0,2.0,156.0,37.0,94.0,5.0
20363,2021-04-28 11:00:00,480.05,522.0,41.0,2.0,160.0,42.0,92.0,5.0
20364,2021-04-28 12:00:00,486.66,526.0,39.0,2.0,150.0,46.0,89.0,5.0
20365,2021-04-28 13:00:00,498.84,513.0,40.0,2.0,119.0,48.0,90.0,5.0
20366,2021-04-28 14:00:00,530.98,511.0,39.0,2.0,88.0,32.0,87.0,5.0
20367,2021-04-28 15:00:00,561.9,518.0,49.0,2.0,48.0,29.0,87.0,5.0
20368,2021-04-28 16:00:00,584.41,505.0,59.0,2.0,17.0,23.0,88.0,5.0
20369,2021-04-28 17:00:00,605.41,556.0,61.0,2.0,4.0,18.0,94.0,5.0
20370,2021-04-28 18:00:00,605.89,519.0,61.0,2.0,0.0,13.0,93.0,5.0
20371,2021-04-28 19:00:00,609.76,549.0,61.0,2.0,0.0,14.0,95.0,5.0
20372,2021-04-28 20:00:00,607.75,537.0,62.0,2.0,0.0,13.0,95.0,5.0
20373,2021-04-28 21:00:00,601.93,494.0,61.0,2.0,0.0,12.0,92.0,5.0
20374,2021-04-28 22:00:00,605.37,501.0,61.0,2.0,0.0,12.0,90.0,5.0
20375,2021-04-28 23:00:00,603.89,497.0,60.0,2.0,0.0,18.0,85.0,5.0
20376,2021-04-29 00:00:00,604.09,497.0,62.0,2.0,0.0,17.0,85.0,5.0
20377,2021-04-29 01:00:00,609.84,495.0,60.0,2.0,0.0,13.0,83.0,5.0
20378,2021-04-29 02:00:00,608.81,497.0,59.0,2.0,1.0,12.0,85.0,5.0
20379,2021-04-29 03:00:00,601.79,501.0,61.0,2.0,8.0,13.0,85.0,5.0
20380,2021-04-29 04:00:00,590.52,555.0,62.0,2.0,32.0,13.0,89.0,5.0
20381,2021-04-29 05:00:00,559.16,574.0,63.0,2.0,82.0,12.0,89.0,5.0
20382,2021-04-29 06:00:00,512.14,552.0,64.0,2.0,142.0,13.0,93.0,5.0
20383,2021-04-29 07:00:00,490.3,571.0,65.0,2.0,189.0,13.0,95.0,5.0
20384,2021-04-29 08:00:00,481.69,580.0,65.0,2.0,209.0,14.0,96.0,5.0
20385,2021-04-29 09:00:00,478.21,568.0,65.0,2.0,207.0,15.0,97.0,5.0
20386,2021-04-29 10:00:00,485.66,575.0,66.0,2.0,193.0,19.0,96.0,5.0
20387,2021-04-29 11:00:00,495.66,576.0,67.0,2.0,175.0,20.0,94.0,5.0
20388,2021-04-29 12:00:00,495.25,568.0,69.0,2.0,167.0,21.0,97.0,5.0
20389,2021-04-29 13:00:00,514.37,576.0,70.0,2.0,137.0,22.0,95.0,5.0
20390,2021-04-29 14:00:00,539.03,574.0,69.0,2.0,95.0,21.0,96.0,5.0
20391,2021-04-29 15:00:00,568.96,578.0,69.0,2.0,50.0,21.0,97.0,5.0
20392,2021-04-29 16:00:00,590.24,575.0,65.0,2.0,16.0,24.0,99.0,5.0
20393,2021-04-29 17:00:00,594.94,578.0,64.0,2.0,4.0,30.0,100.0,5.0
20394,2021-04-29 18:00:00,585.44,561.0,63.0,2.0,0.0,40.0,102.0,5.0
20395,2021-04-29 19:00:00,578.66,564.0,63.0,2.0,0.0,49.0,103.0,5.0
20396,2021-04-29 20:00:00,546.23,455.0,63.0,2.0,0.0,58.0,98.0,5.0
20397,2021-04-29 21:00:00,502.04,350.0,63.0,2.0,0.0,64.0,98.0,5.0
20398,2021-04-29 22:00:00,508.32,366.0,62.0,2.0,0.0,67.0,96.0,5.0
20399,2021-04-29 23:00:00,513.47,369.0,60.0,2.0,0.0,66.0,93.0,5.0
20400,2021-04-30 00:00:00,513.23,369.0,61.0,2.0,0.0,67.0,92.0,5.0
20401,2021-04-30 01:00:00,516.16,381.0,62.0,2.0,0.0,70.0,91.0,5.0
20402,2021-04-30 02:00:00,519.1,390.0,61.0,2.0,1.0,68.0,93.0,5.0
20403,2021-04-30 03:00:00,553.06,514.0,59.0,2.0,9.0,68.0,94.0,5.0
20404,2021-04-30 04:00:00,559.22,577.0,60.0,2.0,28.0,60.0,97.0,5.0
20405,2021-04-30 05:00:00,549.3,577.0,63.0,2.0,66.0,35.0,98.0,5.0
20406,2021-04-30 06:00:00,519.76,579.0,63.0,2.0,117.0,32.0,99.0,5.0
20407,2021-04-30 07:00:00,491.29,574.0,64.0,2.0,149.0,48.0,100.0,5.0
20408,2021-04-30 08:00:00,482.23,578.0,64.0,2.0,169.0,53.0,95.0,5.0
20409,2021-04-30 09:00:00,475.61,586.0,65.0,2.0,173.0,66.0,96.0,5.0
20410,2021-04-30 10:00:00,462.53,584.0,64.0,2.0,177.0,87.0,98.0,5.0
20411,2021-04-30 11:00:00,456.02,579.0,65.0,2.0,176.0,97.0,100.0,5.0
20412,2021-04-30 12:00:00,459.21,581.0,66.0,2.0,170.0,100.0,97.0,5.0
20413,2021-04-30 13:00:00,461.66,577.0,66.0,2.0,158.0,106.0,95.0,5.0
20414,2021-04-30 14:00:00,479.58,582.0,67.0,2.0,117.0,112.0,95.0,5.0
20415,2021-04-30 15:00:00,504.82,575.0,65.0,2.0,61.0,116.0,95.0,5.0
20416,2021-04-30 16:00:00,531.25,576.0,64.0,2.0,19.0,111.0,97.0,5.0
20417,2021-04-30 17:00:00,544.92,575.0,63.0,2.0,4.0,102.0,99.0,5.0
20418,2021-04-30 18:00:00,528.45,494.0,63.0,2.0,0.0,95.0,101.0,5.0
20419,2021-04-30 19:00:00,487.35,383.0,63.0,2.0,0.0,98.0,100.0,5.0
20420,2021-04-30 20:00:00,480.95,356.0,63.0,2.0,0.0,94.0,97.0,5.0
20421,2021-04-30 21:00:00,455.68,294.0,62.0,2.0,0.0,88.0,96.0,5.0
20422,2021-04-30 22:00:00,506.63,392.0,62.0,2.0,0.0,81.0,97.0,5.0
20423,2021-04-30 23:00:00,522.84,396.0,62.0,2.0,0.0,65.0,95.0,5.0
20424,2021-05-01 00:00:00,529.8,408.0,62.0,2.0,0.0,60.0,97.0,5.0
20425,2021-05-01 01:00:00,531.11,397.0,61.0,2.0,0.0,57.0,94.0,5.0
20426,2021-05-01 02:00:00,527.41,394.0,61.0,2.0,2.0,56.0,96.0,5.0
20427,2021-05-01 03:00:00,530.79,376.0,62.0,2.0,11.0,40.0,91.0,5.0
20428,2021-05-01 04:00:00,530.79,420.0,62.0,2.0,40.0,27.0,94.0,5.0
20429,2021-05-01 05:00:00,491.43,440.0,62.0,2.0,99.0,24.0,101.0,5.0
20430,2021-05-01 06:00:00,439.84,443.0,63.0,2.0,167.0,44.0,101.0,5.0
20431,2021-05-01 07:00:00,412.8,425.0,62.0,2.0,193.0,56.0,102.0,5.0
20432,2021-05-01 08:00:00,429.69,429.0,61.0,2.0,162.0,57.0,102.0,5.0
20433,2021-05-01 09:00:00,440.66,441.0,63.0,2.0,138.0,68.0,103.0,5.0
20434,2021-05-01 10:00:00,442.74,441.0,64.0,2.0,130.0,74.0,101.0,5.0
20435,2021-05-01 11:00:00,442.35,440.0,64.0,2.0,126.0,81.0,98.0,5.0
20436,2021-05-01 12:00:00,449.63,441.0,61.0,2.0,130.0,67.0,96.0,5.0
20437,2021-05-01 13:00:00,472.72,442.0,63.0,2.0,110.0,52.0,92.0,5.0
20438,2021-05-01 14:00:00,496.25,444.0,62.0,2.0,81.0,44.0,94.0,5.0
20439,2021-05-01 15:00:00,514.0,441.0,63.0,2.0,51.0,49.0,92.0,5.0
20440,2021-05-01 16:00:00,540.86,440.0,62.0,2.0,20.0,43.0,94.0,5.0
20441,2021-05-01 17:00:00,554.18,440.0,62.0,2.0,5.0,39.0,97.0,5.0
20442,2021-05-01 18:00:00,561.6,436.0,62.0,2.0,0.0,31.0,100.0,5.0
20443,2021-05-01 19:00:00,554.88,435.0,63.0,2.0,0.0,37.0,101.0,5.0
20444,2021-05-01 20:00:00,485.12,293.0,63.0,2.0,0.0,52.0,98.0,5.0
20445,2021-05-01 21:00:00,425.89,225.0,63.0,2.0,0.0,69.0,99.0,5.0
20446,2021-05-01 22:00:00,352.17,143.0,64.0,2.0,0.0,70.0,100.0,5.0
20447,2021-05-01 23:00:00,359.42,141.0,63.0,2.0,0.0,65.0,95.0,5.0
20448,2021-05-02 00:00:00,369.43,142.0,62.0,2.0,0.0,55.0,96.0,5.0
20449,2021-05-02 01:00:00,402.41,163.0,62.0,2.0,0.0,46.0,94.0,5.0
20450,2021-05-02 02:00:00,386.34,148.0,61.0,2.0,2.0,44.0,95.0,5.0
20451,2021-05-02 03:00:00,390.42,155.0,59.0,2.0,11.0,37.0,96.0,5.0
20452,2021-05-02 04:00:00,357.48,142.0,59.0,2.0,43.0,25.0,95.0,5.0
20453,2021-05-02 05:00:00,306.72,147.0,60.0,2.0,107.0,24.0,101.0,5.0
20454,2021-05-02 06:00:00,275.7,160.0,60.0,2.0,177.0,26.0,102.0,5.0
20455,2021-05-02 07:00:00,245.71,150.0,56.0,2.0,218.0,28.0,101.0,5.0
20456,2021-05-02 08:00:00,232.13,140.0,56.0,2.0,224.0,33.0,100.0,5.0
20457,2021-05-02 09:00:00,217.99,127.0,56.0,2.0,224.0,38.0,99.0,5.0
20458,2021-05-02 10:00:00,231.35,146.0,55.0,2.0,226.0,46.0,100.0,5.0
20459,2021-05-02 11:00:00,214.97,128.0,57.0,2.0,224.0,53.0,95.0,5.0
20460,2021-05-02 12:00:00,203.45,114.0,55.0,2.0,204.0,68.0,92.0,5.0
20461,2021-05-02 13:00:00,218.65,113.0,55.0,2.0,154.0,78.0,92.0,5.0
20462,2021-05-02 14:00:00,263.02,115.0,56.0,2.0,95.0,60.0,89.0,5.0
20463,2021-05-02 15:00:00,331.66,144.0,55.0,2.0,49.0,54.0,91.0,5.0
20464,2021-05-02 16:00:00,364.2,164.0,55.0,2.0,21.0,64.0,95.0,5.0
20465,2021-05-02 17:00:00,376.16,159.0,54.0,2.0,6.0,59.0,97.0,5.0
20466,2021-05-02 18:00:00,369.11,154.0,53.0,2.0,0.0,66.0,98.0,5.0
20467,2021-05-02 19:00:00,344.95,152.0,52.0,2.0,0.0,90.0,98.0,5.0
20468,2021-05-02 20:00:00,315.57,141.0,54.0,2.0,0.0,112.0,98.0,5.0
20469,2021-05-02 21:00:00,278.38,114.0,53.0,2.0,0.0,121.0,97.0,5.0
20470,2021-05-02 22:00:00,303.22,132.0,53.0,2.0,0.0,119.0,94.0,5.0
20471,2021-05-02 23:00:00,321.79,155.0,40.0,2.0,0.0,130.0,89.0,5.0
20472,2021-05-03 00:00:00,308.64,172.0,36.0,2.0,0.0,171.0,90.0,5.0
20473,2021-05-03 01:00:00,314.08,186.0,38.0,2.0,0.0,184.0,89.0,5.0
20474,2021-05-03 02:00:00,301.94,187.0,39.0,2.0,1.0,204.0,90.0,5.0
20475,2021-05-03 03:00:00,332.78,240.0,38.0,2.0,6.0,217.0,91.0,5.0
20476,2021-05-03 04:00:00,367.91,304.0,37.0,2.0,13.0,220.0,92.0,5.0
20477,2021-05-03 05:00:00,366.48,309.0,38.0,2.0,21.0,220.0,92.0,5.0
20478,2021-05-03 06:00:00,356.26,303.0,40.0,2.0,28.0,227.0,91.0,5.0
20479,2021-05-03 07:00:00,348.27,309.0,39.0,2.0,34.0,242.0,93.0,5.0
20480,2021-05-03 08:00:00,342.31,301.0,41.0,2.0,39.0,248.0,85.0,5.0
20481,2021-05-03 09:00:00,353.56,307.0,42.0,2.0,40.0,250.0,66.0,5.0
20482,2021-05-03 10:00:00,380.85,308.0,41.0,2.0,42.0,200.0,64.0,5.0
20483,2021-05-03 11:00:00,391.54,306.0,42.0,2.0,45.0,170.0,71.0,5.0
20484,2021-05-03 12:00:00,387.04,305.0,42.0,2.0,44.0,168.0,80.0,4.0
20485,2021-05-03 13:00:00,379.13,299.0,40.0,2.0,37.0,175.0,88.0,5.0
20486,2021-05-03 14:00:00,393.34,293.0,41.0,2.0,29.0,151.0,91.0,5.0
20487,2021-05-03 15:00:00,414.68,302.0,41.0,2.0,18.0,136.0,93.0,5.0
20488,2021-05-03 16:00:00,435.5,305.0,39.0,2.0,8.0,117.0,96.0,5.0
20489,2021-05-03 17:00:00,454.62,309.0,37.0,2.0,2.0,99.0,99.0,5.0
20490,2021-05-03 18:00:00,470.8,309.0,37.0,2.0,0.0,81.0,100.0,5.0
20491,2021-05-03 19:00:00,471.67,307.0,36.0,2.0,0.0,78.0,101.0,5.0
20492,2021-05-03 20:00:00,460.91,308.0,36.0,2.0,0.0,92.0,100.0,5.0
20493,2021-05-03 21:00:00,457.65,310.0,37.0,2.0,0.0,97.0,100.0,5.0
20494,2021-05-03 22:00:00,401.18,241.0,35.0,2.0,0.0,118.0,95.0,5.0
20495,2021-05-03 23:00:00,390.58,231.0,35.0,2.0,0.0,127.0,90.0,5.0
20496,2021-05-04 00:00:00,384.17,236.0,37.0,2.0,0.0,140.0,90.0,5.0
20497,2021-05-04 01:00:00,386.38,237.0,38.0,2.0,0.0,139.0,89.0,5.0
20498,2021-05-04 02:00:00,394.28,234.0,38.0,2.0,2.0,122.0,91.0,5.0
20499,2021-05-04 03:00:00,401.44,243.0,41.0,2.0,11.0,113.0,90.0,5.0
20500,2021-05-04 04:00:00,430.19,306.0,52.0,2.0,32.0,101.0,94.0,5.0
20501,2021-05-04 05:00:00,416.28,315.0,54.0,2.0,77.0,85.0,92.0,5.0
20502,2021-05-04 06:00:00,388.56,316.0,52.0,2.0,132.0,72.0,96.0,5.0
20503,2021-05-04 07:00:00,373.46,310.0,59.0,2.0,170.0,54.0,97.0,5.0
20504,2021-05-04 08:00:00,370.33,312.0,59.0,2.0,179.0,53.0,97.0,5.0
20505,2021-05-04 09:00:00,371.38,312.0,58.0,2.0,188.0,44.0,95.0,5.0
20506,2021-05-04 10:00:00,375.64,311.0,58.0,2.0,192.0,30.0,96.0,5.0
20507,2021-05-04 11:00:00,383.35,312.0,59.0,2.0,191.0,18.0,96.0,5.0
20508,2021-05-04 12:00:00,376.35,278.0,61.0,2.0,171.0,18.0,94.0,5.0
20509,2021-05-04 13:00:00,404.98,289.0,63.0,2.0,141.0,15.0,92.0,5.0
20510,2021-05-04 14:00:00,438.06,294.0,62.0,2.0,99.0,11.0,96.0,5.0
20511,2021-05-04 15:00:00,497.83,315.0,61.0,2.0,52.0,1.0,96.0,5.0
20512,2021-05-04 16:00:00,529.12,311.0,57.0,2.0,20.0,1.0,96.0,5.0
20513,2021-05-04 17:00:00,543.93,312.0,57.0,2.0,6.0,1.0,97.0,5.0
20514,2021-05-04 18:00:00,541.29,307.0,58.0,2.0,0.0,4.0,100.0,5.0
20515,2021-05-04 19:00:00,506.7,286.0,58.0,2.0,0.0,27.0,99.0,5.0
20516,2021-05-04 20:00:00,467.48,262.0,58.0,2.0,0.0,53.0,98.0,5.0
20517,2021-05-04 21:00:00,447.27,264.0,58.0,2.0,0.0,79.0,95.0,5.0
20518,2021-05-04 22:00:00,307.05,111.0,58.0,2.0,0.0,91.0,87.0,5.0
20519,2021-05-04 23:00:00,142.94,15.0,58.0,2.0,0.0,90.0,80.0,5.0
20520,2021-05-05 00:00:00,134.34,15.0,58.0,2.0,0.0,105.0,81.0,5.0
20521,2021-05-05 01:00:00,140.2,20.0,58.0,2.0,0.0,117.0,80.0,5.0
20522,2021-05-05 02:00:00,132.0,18.0,58.0,2.0,2.0,124.0,79.0,5.0
20523,2021-05-05 03:00:00,125.07,18.0,57.0,2.0,10.0,137.0,72.0,5.0
20524,2021-05-05 04:00:00,121.19,19.0,59.0,2.0,20.0,139.0,79.0,5.0
20525,2021-05-05 05:00:00,117.7,19.0,62.0,2.0,33.0,140.0,81.0,5.0
20526,2021-05-05 06:00:00,132.76,24.0,66.0,2.0,41.0,124.0,81.0,5.0
20527,2021-05-05 07:00:00,126.82,21.0,67.0,2.0,38.0,130.0,81.0,5.0
20528,2021-05-05 08:00:00,133.67,19.0,67.0,2.0,32.0,111.0,79.0,5.0
20529,2021-05-05 09:00:00,147.4,18.0,68.0,2.0,39.0,89.0,62.0,5.0
20530,2021-05-05 10:00:00,141.02,14.0,66.0,3.0,50.0,73.0,58.0,5.0
20531,2021-05-05 11:00:00,140.09,16.0,65.0,3.0,74.0,58.0,58.0,5.0
20532,2021-05-05 12:00:00,150.02,16.0,66.0,3.0,76.0,37.0,60.0,5.0
20533,2021-05-05 13:00:00,149.72,16.0,67.0,3.0,81.0,32.0,62.0,5.0
20534,2021-05-05 14:00:00,166.93,16.0,69.0,3.0,57.0,32.0,61.0,5.0
20535,2021-05-05 15:00:00,187.87,17.0,68.0,3.0,38.0,26.0,61.0,5.0
20536,2021-05-05 16:00:00,214.71,22.0,66.0,3.0,17.0,13.0,79.0,5.0
20537,2021-05-05 17:00:00,199.42,22.0,64.0,3.0,5.0,31.0,87.0,5.0
20538,2021-05-05 18:00:00,199.04,18.0,65.0,3.0,0.0,24.0,89.0,5.0
20539,2021-05-05 19:00:00,169.74,12.0,63.0,3.0,0.0,36.0,89.0,5.0
20540,2021-05-05 20:00:00,175.35,13.0,66.0,3.0,0.0,36.0,89.0,5.0
20541,2021-05-05 21:00:00,183.24,14.0,65.0,3.0,0.0,30.0,88.0,5.0
20542,2021-05-05 22:00:00,175.25,10.0,65.0,3.0,0.0,28.0,86.0,5.0
20543,2021-05-05 23:00:00,177.17,7.0,65.0,3.0,0.0,21.0,81.0,5.0
20544,2021-05-06 00:00:00,316.7,65.0,65.0,3.0,0.0,21.0,82.0,5.0
20545,2021-05-06 01:00:00,379.84,105.0,64.0,3.0,0.0,20.0,83.0,5.0
20546,2021-05-06 02:00:00,428.25,137.0,65.0,3.0,1.0,11.0,84.0,5.0
20547,2021-05-06 03:00:00,489.91,220.0,66.0,3.0,7.0,9.0,87.0,5.0
20548,2021-05-06 04:00:00,522.2,288.0,64.0,3.0,20.0,1.0,89.0,5.0
20549,2021-05-06 05:00:00,513.1,300.0,68.0,3.0,32.0,1.0,90.0,5.0
20550,2021-05-06 06:00:00,504.59,315.0,68.0,3.0,48.0,1.0,90.0,5.0
20551,2021-05-06 07:00:00,475.38,307.0,67.0,3.0,77.0,1.0,89.0,5.0
20552,2021-05-06 08:00:00,468.31,346.0,65.0,3.0,103.0,1.0,96.0,5.0
20553,2021-05-06 09:00:00,452.94,348.0,67.0,3.0,114.0,10.0,98.0,5.0
20554,2021-05-06 10:00:00,442.54,345.0,67.0,3.0,112.0,25.0,98.0,5.0
20555,2021-05-06 11:00:00,449.72,350.0,67.0,3.0,106.0,24.0,98.0,5.0
20556,2021-05-06 12:00:00,471.62,344.0,67.0,3.0,73.0,23.0,98.0,5.0
20557,2021-05-06 13:00:00,480.72,302.0,67.0,3.0,46.0,19.0,93.0,5.0
20558,2021-05-06 14:00:00,492.7,308.0,68.0,3.0,34.0,20.0,94.0,5.0
20559,2021-05-06 15:00:00,526.9,356.0,67.0,3.0,22.0,22.0,91.0,5.0
20560,2021-05-06 16:00:00,552.95,413.0,63.0,3.0,10.0,26.0,95.0,5.0
20561,2021-05-06 17:00:00,552.36,421.0,62.0,3.0,3.0,32.0,100.0,5.0
20562,2021-05-06 18:00:00,567.97,462.0,61.0,3.0,0.0,31.0,101.0,5.0
20563,2021-05-06 19:00:00,597.43,544.0,60.0,3.0,0.0,20.0,102.0,5.0
20564,2021-05-06 20:00:00,609.4,574.0,60.0,3.0,0.0,13.0,102.0,5.0
20565,2021-05-06 21:00:00,614.37,572.0,61.0,3.0,0.0,10.0,98.0,5.0
20566,2021-05-06 22:00:00,597.98,505.0,62.0,3.0,0.0,16.0,94.0,5.0
20567,2021-05-06 23:00:00,607.12,538.0,62.0,3.0,0.0,17.0,91.0,5.0
20568,2021-05-07 00:00:00,608.93,545.0,61.0,3.0,0.0,16.0,92.0,5.0
20569,2021-05-07 01:00:00,608.51,543.0,61.0,3.0,0.0,18.0,90.0,5.0
20570,2021-05-07 02:00:00,612.97,579.0,62.0,3.0,1.0,17.0,93.0,5.0
20571,2021-05-07 03:00:00,615.1,580.0,61.0,3.0,5.0,12.0,92.0,5.0
20572,2021-05-07 04:00:00,614.61,580.0,60.0,3.0,12.0,7.0,91.0,5.0
20573,2021-05-07 05:00:00,607.37,579.0,62.0,3.0,22.0,4.0,92.0,5.0
20574,2021-05-07 06:00:00,595.72,579.0,62.0,3.0,37.0,4.0,92.0,5.0
20575,2021-05-07 07:00:00,579.4,578.0,64.0,3.0,53.0,8.0,93.0,5.0
20576,2021-05-07 08:00:00,567.38,576.0,65.0,3.0,66.0,10.0,94.0,5.0
20577,2021-05-07 09:00:00,555.52,581.0,66.0,3.0,88.0,8.0,93.0,5.0
20578,2021-05-07 10:00:00,547.09,581.0,66.0,3.0,96.0,7.0,99.0,5.0
20579,2021-05-07 11:00:00,544.04,584.0,66.0,3.0,104.0,6.0,98.0,5.0
20580,2021-05-07 12:00:00,527.17,507.0,65.0,3.0,101.0,5.0,96.0,5.0
20581,2021-05-07 13:00:00,536.47,474.0,64.0,3.0,76.0,6.0,93.0,5.0
20582,2021-05-07 14:00:00,569.67,529.0,65.0,3.0,59.0,4.0,88.0,5.0
20583,2021-05-07 15:00:00,588.12,532.0,63.0,3.0,37.0,6.0,86.0,5.0
20584,2021-05-07 16:00:00,609.2,560.0,62.0,3.0,19.0,12.0,80.0,5.0
20585,2021-05-07 17:00:00,623.11,577.0,60.0,3.0,7.0,10.0,82.0,5.0
20586,2021-05-07 18:00:00,616.35,572.0,60.0,3.0,1.0,19.0,86.0,5.0
20587,2021-05-07 19:00:00,615.91,578.0,60.0,3.0,0.0,21.0,87.0,4.0
20588,2021-05-07 20:00:00,617.16,578.0,61.0,3.0,0.0,19.0,87.0,5.0
20589,2021-05-07 21:00:00,611.39,543.0,60.0,3.0,0.0,21.0,84.0,5.0
20590,2021-05-07 22:00:00,564.36,369.0,61.0,3.0,0.0,29.0,75.0,5.0
20591,2021-05-07 23:00:00,547.48,332.0,59.0,3.0,0.0,41.0,66.0,5.0
20592,2021-05-08 00:00:00,535.19,321.0,59.0,3.0,0.0,48.0,66.0,5.0
20593,2021-05-08 01:00:00,519.37,321.0,60.0,3.0,0.0,64.0,65.0,5.0
20594,2021-05-08 02:00:00,509.86,315.0,59.0,3.0,1.0,68.0,67.0,5.0
20595,2021-05-08 03:00:00,497.04,320.0,59.0,3.0,8.0,77.0,67.0,5.0
20596,2021-05-08 04:00:00,474.65,318.0,60.0,3.0,21.0,89.0,66.0,5.0
20597,2021-05-08 05:00:00,470.35,334.0,60.0,3.0,35.0,90.0,66.0,5.0
20598,2021-05-08 06:00:00,454.25,321.0,56.0,3.0,56.0,79.0,69.0,5.0
20599,2021-05-08 07:00:00,458.67,315.0,58.0,3.0,78.0,44.0,72.0,5.0
20600,2021-05-08 08:00:00,446.11,328.0,60.0,3.0,106.0,44.0,69.0,5.0
20601,2021-05-08 09:00:00,396.22,260.0,60.0,3.0,123.0,41.0,70.0,5.0
20602,2021-05-08 10:00:00,380.63,250.0,62.0,3.0,142.0,36.0,69.0,5.0
20603,2021-05-08 11:00:00,359.06,241.0,62.0,3.0,159.0,45.0,67.0,5.0
20604,2021-05-08 12:00:00,342.02,241.0,62.0,3.0,160.0,74.0,66.0,5.0
20605,2021-05-08 13:00:00,331.3,238.0,63.0,3.0,139.0,113.0,64.0,5.0
20606,2021-05-08 14:00:00,334.03,242.0,63.0,3.0,110.0,141.0,65.0,5.0
20607,2021-05-08 15:00:00,373.97,248.0,65.0,3.0,68.0,122.0,65.0,5.0
20608,2021-05-08 16:00:00,446.42,294.0,64.0,3.0,24.0,104.0,66.0,5.0
20609,2021-05-08 17:00:00,484.59,303.0,64.0,3.0,7.0,79.0,69.0,5.0
20610,2021-05-08 18:00:00,507.32,318.0,63.0,3.0,1.0,67.0,71.0,5.0
20611,2021-05-08 19:00:00,508.45,318.0,55.0,3.0,0.0,67.0,73.0,5.0
20612,2021-05-08 20:00:00,494.48,312.0,57.0,3.0,0.0,77.0,74.0,5.0
20613,2021-05-08 21:00:00,481.9,304.0,62.0,3.0,0.0,87.0,72.0,5.0
20614,2021-05-08 22:00:00,472.84,274.0,62.0,3.0,0.0,80.0,71.0,5.0
20615,2021-05-08 23:00:00,508.29,269.0,62.0,3.0,0.0,57.0,57.0,5.0
20616,2021-05-09 00:00:00,501.86,248.0,62.0,3.0,0.0,56.0,53.0,5.0
20617,2021-05-09 01:00:00,515.42,272.0,59.0,3.0,0.0,58.0,52.0,5.0
20618,2021-05-09 02:00:00,510.66,269.0,58.0,3.0,3.0,56.0,54.0,5.0
20619,2021-05-09 03:00:00,499.97,253.0,59.0,3.0,14.0,47.0,53.0,5.0
20620,2021-05-09 04:00:00,488.8,259.0,60.0,3.0,49.0,24.0,54.0,5.0
20621,2021-05-09 05:00:00,416.91,243.0,61.0,3.0,113.0,20.0,59.0,5.0
20622,2021-05-09 06:00:00,369.21,241.0,62.0,3.0,176.0,19.0,60.0,5.0
20623,2021-05-09 07:00:00,343.14,241.0,62.0,3.0,221.0,20.0,57.0,5.0
20624,2021-05-09 08:00:00,322.28,239.0,64.0,3.0,241.0,40.0,54.0,5.0
20625,2021-05-09 09:00:00,309.51,238.0,63.0,3.0,246.0,62.0,52.0,5.0
20626,2021-05-09 10:00:00,315.73,238.0,64.0,3.0,248.0,49.0,50.0,5.0
20627,2021-05-09 11:00:00,324.13,241.0,64.0,3.0,241.0,43.0,50.0,5.0
20628,2021-05-09 12:00:00,343.63,240.0,63.0,3.0,206.0,37.0,53.0,5.0
20629,2021-05-09 13:00:00,366.4,236.0,64.0,3.0,156.0,46.0,52.0,5.0
20630,2021-05-09 14:00:00,395.98,237.0,63.0,3.0,99.0,64.0,50.0,5.0
20631,2021-05-09 15:00:00,451.42,254.0,61.0,3.0,51.0,60.0,50.0,5.0
20632,2021-05-09 16:00:00,478.75,267.0,61.0,3.0,20.0,68.0,53.0,5.0
20633,2021-05-09 17:00:00,502.01,293.0,62.0,3.0,6.0,73.0,53.0,5.0
20634,2021-05-09 18:00:00,519.21,288.0,63.0,3.0,1.0,56.0,56.0,5.0
20635,2021-05-09 19:00:00,479.15,280.0,62.0,3.0,0.0,91.0,57.0,5.0
20636,2021-05-09 20:00:00,412.7,237.0,62.0,3.0,0.0,135.0,57.0,5.0
20637,2021-05-09 21:00:00,394.41,238.0,63.0,3.0,0.0,159.0,57.0,5.0
20638,2021-05-09 22:00:00,395.46,233.0,63.0,3.0,0.0,157.0,53.0,5.0
20639,2021-05-09 23:00:00,401.25,237.0,65.0,3.0,0.0,159.0,47.0,5.0
20640,2021-05-10 00:00:00,384.08,240.0,65.0,3.0,0.0,184.0,48.0,5.0
20641,2021-05-10 01:00:00,367.88,240.0,64.0,3.0,0.0,207.0,49.0,5.0
20642,2021-05-10 02:00:00,380.58,252.0,64.0,3.0,2.0,197.0,50.0,5.0
20643,2021-05-10 03:00:00,402.89,272.0,64.0,3.0,13.0,173.0,49.0,5.0
20644,2021-05-10 04:00:00,409.63,296.0,64.0,3.0,31.0,166.0,49.0,5.0
20645,2021-05-10 05:00:00,395.42,296.0,65.0,3.0,62.0,153.0,53.0,5.0
20646,2021-05-10 06:00:00,397.82,297.0,66.0,3.0,94.0,114.0,57.0,5.0
20647,2021-05-10 07:00:00,371.79,285.0,65.0,3.0,148.0,100.0,49.0,5.0
20648,2021-05-10 08:00:00,359.82,269.0,65.0,3.0,175.0,80.0,46.0,5.0
20649,2021-05-10 09:00:00,350.27,277.0,67.0,3.0,185.0,98.0,45.0,5.0
20650,2021-05-10 10:00:00,331.33,277.0,68.0,3.0,196.0,128.0,43.0,5.0
20651,2021-05-10 11:00:00,325.1,267.0,65.0,3.0,203.0,122.0,42.0,5.0
20652,2021-05-10 12:00:00,316.75,262.0,66.0,3.0,208.0,127.0,43.0,4.0
20653,2021-05-10 13:00:00,331.73,273.0,66.0,3.0,187.0,130.0,43.0,4.0
20654,2021-05-10 14:00:00,361.74,288.0,69.0,3.0,130.0,145.0,43.0,4.0
20655,2021-05-10 15:00:00,388.87,287.0,68.0,3.0,68.0,160.0,42.0,5.0
20656,2021-05-10 16:00:00,409.38,284.0,65.0,3.0,27.0,168.0,41.0,5.0
20657,2021-05-10 17:00:00,438.97,289.0,63.0,3.0,9.0,155.0,36.0,5.0
20658,2021-05-10 18:00:00,421.84,272.0,64.0,3.0,1.0,172.0,36.0,5.0
20659,2021-05-10 19:00:00,401.46,264.0,63.0,3.0,0.0,193.0,37.0,5.0
20660,2021-05-10 20:00:00,400.4,259.0,63.0,3.0,0.0,190.0,37.0,5.0
20661,2021-05-10 21:00:00,404.5,262.0,63.0,3.0,0.0,188.0,36.0,5.0
20662,2021-05-10 22:00:00,407.18,257.0,63.0,3.0,0.0,182.0,34.0,5.0
20663,2021-05-10 23:00:00,414.8,263.0,63.0,3.0,0.0,180.0,31.0,5.0
20664,2021-05-11 00:00:00,415.06,261.0,63.0,3.0,0.0,177.0,32.0,5.0
20665,2021-05-11 01:00:00,413.91,264.0,63.0,3.0,0.0,181.0,32.0,5.0
20666,2021-05-11 02:00:00,415.82,261.0,63.0,3.0,4.0,170.0,34.0,5.0
20667,2021-05-11 03:00:00,416.07,254.0,62.0,3.0,15.0,153.0,34.0,5.0
20668,2021-05-11 04:00:00,429.18,293.0,62.0,3.0,47.0,133.0,36.0,5.0
20669,2021-05-11 05:00:00,412.06,312.0,63.0,3.0,106.0,111.0,39.0,5.0
20670,2021-05-11 06:00:00,391.34,311.0,61.0,3.0,165.0,86.0,38.0,5.0
20671,2021-05-11 07:00:00,359.09,302.0,60.0,3.0,214.0,89.0,36.0,5.0
20672,2021-05-11 08:00:00,332.71,286.0,63.0,3.0,241.0,99.0,35.0,5.0
20673,2021-05-11 09:00:00,309.09,270.0,65.0,3.0,252.0,119.0,37.0,5.0
20674,2021-05-11 10:00:00,295.89,270.0,63.0,3.0,253.0,149.0,39.0,5.0
20675,2021-05-11 11:00:00,300.66,283.0,61.0,3.0,249.0,155.0,44.0,5.0
20676,2021-05-11 12:00:00,309.79,283.0,64.0,3.0,234.0,147.0,44.0,5.0
20677,2021-05-11 13:00:00,323.17,279.0,62.0,3.0,199.0,141.0,47.0,5.0
20678,2021-05-11 14:00:00,368.74,278.0,64.0,3.0,142.0,105.0,48.0,5.0
20679,2021-05-11 15:00:00,427.07,286.0,65.0,3.0,76.0,88.0,49.0,5.0
20680,2021-05-11 16:00:00,497.33,305.0,62.0,3.0,24.0,72.0,47.0,5.0
20681,2021-05-11 17:00:00,523.55,308.0,60.0,3.0,7.0,63.0,49.0,5.0
20682,2021-05-11 18:00:00,506.66,275.0,60.0,3.0,1.0,67.0,51.0,5.0
20683,2021-05-11 19:00:00,493.34,282.0,61.0,3.0,0.0,83.0,52.0,5.0
20684,2021-05-11 20:00:00,466.71,299.0,63.0,3.0,0.0,123.0,50.0,5.0
20685,2021-05-11 21:00:00,402.92,227.0,65.0,3.0,0.0,145.0,50.0,5.0
20686,2021-05-11 22:00:00,325.82,139.0,66.0,3.0,0.0,147.0,48.0,5.0
20687,2021-05-11 23:00:00,319.43,139.0,65.0,3.0,0.0,159.0,44.0,5.0
20688,2021-05-12 00:00:00,330.64,153.0,64.0,3.0,0.0,162.0,45.0,5.0
20689,2021-05-12 01:00:00,327.52,146.0,65.0,3.0,0.0,156.0,46.0,5.0
20690,2021-05-12 02:00:00,323.49,131.0,65.0,3.0,4.0,138.0,45.0,5.0
20691,2021-05-12 03:00:00,328.42,127.0,66.0,3.0,13.0,118.0,45.0,5.0
20692,2021-05-12 04:00:00,352.87,134.0,67.0,3.0,47.0,65.0,46.0,5.0
20693,2021-05-12 05:00:00,332.22,152.0,67.0,3.0,111.0,42.0,51.0,5.0
20694,2021-05-12 06:00:00,293.52,154.0,67.0,3.0,175.0,37.0,52.0,5.0
20695,2021-05-12 07:00:00,259.76,155.0,67.0,3.0,221.0,57.0,52.0,5.0
20696,2021-05-12 08:00:00,221.74,141.0,46.0,3.0,245.0,82.0,51.0,5.0
20697,2021-05-12 09:00:00,202.32,131.0,31.0,3.0,253.0,89.0,51.0,5.0
20698,2021-05-12 10:00:00,204.14,130.0,43.0,3.0,253.0,92.0,50.0,5.0
20699,2021-05-12 11:00:00,233.35,150.0,60.0,3.0,246.0,82.0,50.0,5.0
20700,2021-05-12 12:00:00,226.78,134.0,59.0,3.0,229.0,78.0,50.0,5.0
20701,2021-05-12 13:00:00,250.17,133.0,49.0,3.0,191.0,57.0,50.0,5.0
20702,2021-05-12 14:00:00,295.16,138.0,51.0,3.0,133.0,48.0,51.0,5.0
20703,2021-05-12 15:00:00,369.21,156.0,44.0,3.0,72.0,41.0,52.0,5.0
20704,2021-05-12 16:00:00,434.23,156.0,45.0,3.0,27.0,32.0,50.0,5.0
20705,2021-05-12 17:00:00,472.54,156.0,46.0,3.0,8.0,25.0,50.0,5.0
20706,2021-05-12 18:00:00,456.66,156.0,47.0,3.0,1.0,41.0,51.0,5.0
20707,2021-05-12 19:00:00,416.19,142.0,47.0,3.0,0.0,61.0,50.0,5.0
20708,2021-05-12 20:00:00,390.71,131.0,60.0,3.0,0.0,70.0,50.0,5.0
20709,2021-05-12 21:00:00,369.84,131.0,63.0,3.0,0.0,89.0,49.0,5.0
20710,2021-05-12 22:00:00,377.69,130.0,59.0,3.0,0.0,83.0,47.0,5.0
20711,2021-05-12 23:00:00,400.46,131.0,63.0,3.0,0.0,69.0,43.0,5.0
20712,2021-05-13 00:00:00,446.74,132.0,64.0,3.0,0.0,36.0,44.0,5.0
20713,2021-05-13 01:00:00,458.6,131.0,64.0,3.0,0.0,29.0,43.0,5.0
20714,2021-05-13 02:00:00,463.05,132.0,64.0,3.0,4.0,22.0,44.0,5.0
20715,2021-05-13 03:00:00,476.98,135.0,63.0,3.0,15.0,6.0,43.0,5.0
20716,2021-05-13 04:00:00,445.29,138.0,65.0,3.0,35.0,7.0,43.0,5.0
20717,2021-05-13 05:00:00,396.19,157.0,67.0,3.0,68.0,24.0,47.0,5.0
20718,2021-05-13 06:00:00,348.55,159.0,66.0,3.0,125.0,21.0,46.0,5.0
20719,2021-05-13 07:00:00,306.93,156.0,65.0,3.0,174.0,24.0,47.0,5.0
20720,2021-05-13 08:00:00,292.26,158.0,65.0,3.0,206.0,20.0,46.0,5.0
20721,2021-05-13 09:00:00,270.39,151.0,65.0,3.0,223.0,31.0,46.0,5.0
20722,2021-05-13 10:00:00,245.92,133.0,64.0,3.0,220.0,45.0,49.0,5.0
20723,2021-05-13 11:00:00,246.8,131.0,66.0,3.0,212.0,50.0,47.0,5.0
20724,2021-05-13 12:00:00,252.74,133.0,64.0,3.0,209.0,43.0,48.0,5.0
20725,2021-05-13 13:00:00,267.45,132.0,63.0,3.0,181.0,41.0,48.0,5.0
20726,2021-05-13 14:00:00,300.11,131.0,63.0,3.0,133.0,35.0,49.0,5.0
20727,2021-05-13 15:00:00,330.76,133.0,65.0,3.0,75.0,58.0,48.0,5.0
20728,2021-05-13 16:00:00,381.16,134.0,59.0,3.0,26.0,58.0,47.0,5.0
20729,2021-05-13 17:00:00,449.83,157.0,60.0,3.0,8.0,41.0,47.0,5.0
20730,2021-05-13 18:00:00,473.58,132.0,59.0,3.0,1.0,15.0,49.0,5.0
20731,2021-05-13 19:00:00,484.33,130.0,59.0,3.0,0.0,7.0,51.0,5.0
20732,2021-05-13 20:00:00,477.86,133.0,60.0,3.0,0.0,11.0,52.0,5.0
20733,2021-05-13 21:00:00,460.76,129.0,61.0,3.0,0.0,20.0,50.0,5.0
20734,2021-05-13 22:00:00,459.13,130.0,59.0,3.0,0.0,24.0,48.0,5.0
20735,2021-05-13 23:00:00,479.47,129.0,59.0,3.0,0.0,16.0,44.0,5.0
20736,2021-05-14 00:00:00,459.72,129.0,59.0,3.0,0.0,26.0,45.0,5.0
20737,2021-05-14 01:00:00,450.24,131.0,59.0,3.0,0.0,33.0,45.0,5.0
20738,2021-05-14 02:00:00,435.11,130.0,58.0,3.0,3.0,39.0,45.0,5.0
20739,2021-05-14 03:00:00,434.11,132.0,59.0,3.0,14.0,31.0,44.0,5.0
20740,2021-05-14 04:00:00,429.95,152.0,60.0,3.0,46.0,16.0,45.0,5.0
20741,2021-05-14 05:00:00,375.01,156.0,61.0,3.0,107.0,0.0,52.0,5.0
20742,2021-05-14 06:00:00,323.62,154.0,59.0,3.0,160.0,0.0,57.0,5.0
20743,2021-05-14 07:00:00,303.95,156.0,62.0,3.0,180.0,8.0,61.0,5.0
20744,2021-05-14 08:00:00,303.27,155.0,64.0,3.0,168.0,19.0,62.0,5.0
20745,2021-05-14 09:00:00,314.26,155.0,62.0,3.0,141.0,32.0,59.0,5.0
20746,2021-05-14 10:00:00,338.11,156.0,62.0,3.0,116.0,30.0,55.0,5.0
20747,2021-05-14 11:00:00,373.97,153.0,59.0,3.0,66.0,39.0,52.0,5.0
20748,2021-05-14 12:00:00,422.05,152.0,61.0,3.0,33.0,32.0,48.0,5.0
20749,2021-05-14 13:00:00,433.59,149.0,60.0,3.0,24.0,33.0,45.0,5.0
20750,2021-05-14 14:00:00,432.41,152.0,61.0,3.0,20.0,39.0,46.0,5.0
20751,2021-05-14 15:00:00,428.99,154.0,62.0,3.0,16.0,43.0,50.0,5.0
20752,2021-05-14 16:00:00,450.58,153.0,64.0,3.0,10.0,28.0,54.0,5.0
20753,2021-05-14 17:00:00,454.62,145.0,63.0,3.0,5.0,24.0,55.0,5.0
20754,2021-05-14 18:00:00,436.0,132.0,64.0,3.0,1.0,32.0,54.0,5.0
20755,2021-05-14 19:00:00,435.87,138.0,61.0,3.0,0.0,39.0,53.0,5.0
20756,2021-05-14 20:00:00,416.26,127.0,61.0,3.0,0.0,44.0,53.0,5.0
20757,2021-05-14 21:00:00,399.85,128.0,60.0,3.0,0.0,59.0,51.0,5.0
20758,2021-05-14 22:00:00,412.11,128.0,59.0,3.0,0.0,52.0,49.0,5.0
20759,2021-05-14 23:00:00,423.68,127.0,60.0,3.0,0.0,47.0,45.0,5.0
20760,2021-05-15 00:00:00,419.75,130.0,61.0,3.0,0.0,51.0,46.0,5.0
20761,2021-05-15 01:00:00,423.86,130.0,62.0,3.0,0.0,48.0,46.0,5.0
20762,2021-05-15 02:00:00,435.56,131.0,61.0,3.0,4.0,36.0,47.0,5.0
20763,2021-05-15 03:00:00,439.25,132.0,63.0,3.0,15.0,23.0,47.0,5.0
20764,2021-05-15 04:00:00,425.45,133.0,64.0,3.0,34.0,15.0,46.0,5.0
20765,2021-05-15 05:00:00,407.37,136.0,63.0,3.0,61.0,2.0,48.0,5.0
20766,2021-05-15 06:00:00,369.14,137.0,63.0,3.0,96.0,1.0,48.0,5.0
20767,2021-05-15 07:00:00,340.17,136.0,65.0,3.0,126.0,1.0,47.0,5.0
20768,2021-05-15 08:00:00,329.06,133.0,65.0,3.0,135.0,1.0,47.0,5.0
20769,2021-05-15 09:00:00,322.48,134.0,63.0,3.0,145.0,1.0,46.0,5.0
20770,2021-05-15 10:00:00,311.83,135.0,63.0,3.0,155.0,1.0,51.0,5.0
20771,2021-05-15 11:00:00,314.42,134.0,62.0,3.0,150.0,1.0,51.0,5.0
20772,2021-05-15 12:00:00,328.53,135.0,63.0,3.0,133.0,1.0,52.0,5.0
20773,2021-05-15 13:00:00,335.23,134.0,64.0,3.0,124.0,1.0,52.0,5.0
20774,2021-05-15 14:00:00,348.84,134.0,63.0,3.0,112.0,0.0,50.0,5.0
20775,2021-05-15 15:00:00,402.59,134.0,63.0,3.0,68.0,0.0,45.0,5.0
20776,2021-05-15 16:00:00,455.07,135.0,63.0,3.0,30.0,0.0,47.0,5.0
20777,2021-05-15 17:00:00,482.42,136.0,61.0,3.0,11.0,2.0,49.0,5.0
20778,2021-05-15 18:00:00,492.88,134.0,62.0,3.0,2.0,2.0,51.0,5.0
20779,2021-05-15 19:00:00,480.32,134.0,61.0,3.0,0.0,10.0,52.0,5.0
20780,2021-05-15 20:00:00,474.27,133.0,60.0,3.0,0.0,12.0,53.0,5.0
20781,2021-05-15 21:00:00,468.61,133.0,61.0,3.0,0.0,16.0,52.0,5.0
20782,2021-05-15 22:00:00,462.37,132.0,61.0,3.0,0.0,20.0,51.0,5.0
20783,2021-05-15 23:00:00,463.33,131.0,60.0,3.0,0.0,23.0,47.0,5.0
20784,2021-05-16 00:00:00,476.03,130.0,61.0,3.0,0.0,14.0,48.0,5.0
20785,2021-05-16 01:00:00,468.55,131.0,60.0,3.0,0.0,19.0,48.0,5.0
20786,2021-05-16 02:00:00,468.25,133.0,62.0,3.0,4.0,15.0,49.0,5.0
20787,2021-05-16 03:00:00,452.75,135.0,60.0,3.0,15.0,15.0,49.0,5.0
20788,2021-05-16 04:00:00,426.63,135.0,62.0,3.0,44.0,2.0,50.0,5.0
20789,2021-05-16 05:00:00,352.94,136.0,62.0,3.0,103.0,1.0,56.0,5.0
20790,2021-05-16 06:00:00,298.81,135.0,63.0,3.0,170.0,1.0,54.0,5.0
20791,2021-05-16 07:00:00,268.75,134.0,62.0,3.0,217.0,1.0,53.0,5.0
20792,2021-05-16 08:00:00,260.61,132.0,62.0,3.0,228.0,1.0,53.0,5.0
20793,2021-05-16 09:00:00,266.46,136.0,60.0,3.0,223.0,1.0,54.0,5.0
20794,2021-05-16 10:00:00,280.01,143.0,61.0,3.0,213.0,1.0,53.0,5.0
20795,2021-05-16 11:00:00,277.05,137.0,62.0,3.0,210.0,1.0,51.0,5.0
20796,2021-05-16 12:00:00,296.27,136.0,62.0,3.0,177.0,1.0,52.0,5.0
20797,2021-05-16 13:00:00,310.52,136.0,62.0,3.0,158.0,1.0,51.0,5.0
20798,2021-05-16 14:00:00,341.09,134.0,59.0,3.0,117.0,1.0,52.0,5.0
20799,2021-05-16 15:00:00,394.45,134.0,56.0,3.0,69.0,1.0,50.0,5.0
20800,2021-05-16 16:00:00,454.57,138.0,54.0,3.0,30.0,1.0,50.0,5.0
20801,2021-05-16 17:00:00,482.6,136.0,52.0,3.0,11.0,4.0,49.0,5.0
20802,2021-05-16 18:00:00,466.97,140.0,53.0,3.0,2.0,21.0,52.0,5.0
20803,2021-05-16 19:00:00,417.7,132.0,53.0,3.0,0.0,50.0,51.0,5.0
20804,2021-05-16 20:00:00,374.29,129.0,54.0,3.0,0.0,81.0,51.0,5.0
20805,2021-05-16 21:00:00,320.44,109.0,55.0,3.0,0.0,109.0,50.0,5.0
20806,2021-05-16 22:00:00,308.64,105.0,56.0,3.0,0.0,118.0,48.0,5.0
20807,2021-05-16 23:00:00,310.29,101.0,59.0,3.0,0.0,115.0,44.0,5.0
20808,2021-05-17 00:00:00,317.51,122.0,60.0,3.0,0.0,136.0,45.0,5.0
20809,2021-05-17 01:00:00,326.83,125.0,57.0,3.0,0.0,129.0,45.0,5.0
20810,2021-05-17 02:00:00,344.37,128.0,56.0,3.0,6.0,108.0,45.0,5.0
20811,2021-05-17 03:00:00,362.39,132.0,59.0,3.0,18.0,83.0,45.0,5.0
20812,2021-05-17 04:00:00,369.84,131.0,59.0,3.0,42.0,51.0,45.0,5.0
20813,2021-05-17 05:00:00,354.75,136.0,59.0,3.0,75.0,31.0,52.0,5.0
20814,2021-05-17 06:00:00,311.37,124.0,59.0,3.0,107.0,26.0,58.0,5.0
20815,2021-05-17 07:00:00,283.34,119.0,61.0,3.0,129.0,31.0,61.0,5.0
20816,2021-05-17 08:00:00,295.99,141.0,57.0,3.0,124.0,50.0,63.0,5.0
20817,2021-05-17 09:00:00,309.74,146.0,59.0,3.0,113.0,49.0,63.0,5.0
20818,2021-05-17 10:00:00,329.88,167.0,62.0,3.0,109.0,54.0,63.0,5.0
20819,2021-05-17 11:00:00,439.19,270.0,62.0,3.0,74.0,54.0,58.0,5.0
20820,2021-05-17 12:00:00,508.17,355.0,61.0,3.0,55.0,44.0,58.0,5.0
20821,2021-05-17 13:00:00,529.94,357.0,61.0,3.0,40.0,35.0,59.0,5.0
20822,2021-05-17 14:00:00,528.51,333.0,61.0,3.0,36.0,31.0,58.0,5.0
20823,2021-05-17 15:00:00,580.87,393.0,61.0,3.0,25.0,13.0,58.0,5.0
20824,2021-05-17 16:00:00,602.17,424.0,62.0,3.0,18.0,10.0,56.0,5.0
20825,2021-05-17 17:00:00,614.42,384.0,62.0,3.0,9.0,0.0,54.0,5.0
20826,2021-05-17 18:00:00,596.98,309.0,61.0,3.0,2.0,3.0,53.0,5.0
20827,2021-05-17 19:00:00,614.63,345.0,61.0,3.0,0.0,4.0,50.0,5.0
20828,2021-05-17 20:00:00,595.86,296.0,59.0,3.0,0.0,5.0,51.0,5.0
20829,2021-05-17 21:00:00,580.63,241.0,59.0,3.0,0.0,0.0,50.0,5.0
20830,2021-05-17 22:00:00,574.21,239.0,60.0,3.0,0.0,4.0,49.0,5.0
20831,2021-05-17 23:00:00,584.43,230.0,60.0,3.0,0.0,0.0,44.0,5.0
20832,2021-05-18 00:00:00,582.58,233.0,60.0,3.0,0.0,1.0,45.0,5.0
20833,2021-05-18 01:00:00,575.41,234.0,59.0,3.0,0.0,6.0,45.0,5.0
20834,2021-05-18 02:00:00,585.08,248.0,60.0,3.0,2.0,2.0,45.0,5.0
20835,2021-05-18 03:00:00,578.33,279.0,60.0,3.0,9.0,7.0,47.0,5.0
20836,2021-05-18 04:00:00,586.56,383.0,60.0,3.0,25.0,13.0,50.0,5.0
20837,2021-05-18 05:00:00,583.48,391.0,58.0,3.0,37.0,5.0,52.0,5.0
20838,2021-05-18 06:00:00,569.68,403.0,59.0,3.0,52.0,4.0,55.0,5.0
20839,2021-05-18 07:00:00,550.13,424.0,61.0,3.0,73.0,3.0,63.0,5.0
20840,2021-05-18 08:00:00,537.32,427.0,62.0,3.0,88.0,6.0,61.0,5.0
20841,2021-05-18 09:00:00,531.1,400.0,62.0,3.0,88.0,7.0,56.0,5.0
20842,2021-05-18 10:00:00,533.88,402.0,64.0,3.0,66.0,24.0,58.0,5.0
20843,2021-05-18 11:00:00,550.98,416.0,61.0,3.0,50.0,28.0,57.0,5.0
20844,2021-05-18 12:00:00,546.55,409.0,65.0,3.0,39.0,40.0,57.0,5.0
20845,2021-05-18 13:00:00,553.11,409.0,64.0,3.0,31.0,38.0,60.0,5.0
20846,2021-05-18 14:00:00,573.48,408.0,64.0,3.0,28.0,18.0,61.0,5.0
20847,2021-05-18 15:00:00,581.15,367.0,63.0,3.0,17.0,12.0,58.0,5.0
20848,2021-05-18 16:00:00,609.28,414.0,64.0,3.0,7.0,11.0,56.0,5.0
20849,2021-05-18 17:00:00,617.87,407.0,63.0,3.0,2.0,10.0,53.0,5.0
20850,2021-05-18 18:00:00,602.11,378.0,62.0,3.0,0.0,19.0,53.0,5.0
20851,2021-05-18 19:00:00,588.72,373.0,63.0,3.0,0.0,28.0,54.0,5.0
20852,2021-05-18 20:00:00,583.54,375.0,61.0,3.0,0.0,35.0,53.0,5.0
20853,2021-05-18 21:00:00,548.79,323.0,60.0,3.0,0.0,51.0,51.0,5.0
20854,2021-05-18 22:00:00,581.13,395.0,62.0,3.0,0.0,48.0,48.0,5.0
20855,2021-05-18 23:00:00,541.01,358.0,64.0,3.0,0.0,78.0,44.0,5.0
20856,2021-05-19 00:00:00,525.97,354.0,64.0,3.0,0.0,92.0,44.0,5.0
20857,2021-05-19 01:00:00,517.25,346.0,63.0,3.0,0.0,97.0,45.0,5.0
20858,2021-05-19 02:00:00,505.71,334.0,62.0,3.0,1.0,103.0,45.0,5.0
20859,2021-05-19 03:00:00,547.37,402.0,63.0,3.0,4.0,84.0,45.0,5.0
20860,2021-05-19 04:00:00,540.27,425.0,64.0,3.0,11.0,91.0,48.0,5.0
20861,2021-05-19 05:00:00,518.0,426.0,65.0,3.0,20.0,106.0,52.0,5.0
20862,2021-05-19 06:00:00,501.51,426.0,66.0,3.0,39.0,107.0,54.0,5.0
20863,2021-05-19 07:00:00,485.34,406.0,66.0,3.0,57.0,101.0,54.0,5.0
20864,2021-05-19 08:00:00,477.07,412.0,64.0,3.0,68.0,105.0,55.0,5.0
20865,2021-05-19 09:00:00,485.17,406.0,67.0,3.0,67.0,88.0,57.0,5.0
20866,2021-05-19 10:00:00,485.11,416.0,66.0,3.0,63.0,97.0,58.0,5.0
20867,2021-05-19 11:00:00,466.7,391.0,67.0,3.0,64.0,110.0,56.0,5.0
20868,2021-05-19 12:00:00,437.81,368.0,67.0,3.0,67.0,136.0,56.0,5.0
20869,2021-05-19 13:00:00,425.85,358.0,66.0,3.0,57.0,158.0,56.0,5.0
20870,2021-05-19 14:00:00,434.6,362.0,65.0,3.0,46.0,158.0,56.0,5.0
20871,2021-05-19 15:00:00,434.05,338.0,64.0,3.0,30.0,158.0,55.0,5.0
20872,2021-05-19 16:00:00,479.47,401.0,64.0,3.0,17.0,148.0,53.0,5.0
20873,2021-05-19 17:00:00,491.12,383.0,63.0,3.0,7.0,134.0,51.0,5.0
20874,2021-05-19 18:00:00,492.17,352.0,62.0,3.0,1.0,121.0,52.0,5.0
20875,2021-05-19 19:00:00,505.07,398.0,62.0,3.0,0.0,131.0,51.0,5.0
20876,2021-05-19 20:00:00,441.47,289.0,62.0,3.0,0.0,146.0,51.0,5.0
20877,2021-05-19 21:00:00,366.19,179.0,62.0,3.0,0.0,143.0,50.0,5.0
20878,2021-05-19 22:00:00,392.81,195.0,62.0,3.0,0.0,129.0,49.0,5.0
20879,2021-05-19 23:00:00,407.12,190.0,63.0,3.0,0.0,115.0,43.0,5.0
20880,2021-05-20 00:00:00,402.14,191.0,64.0,3.0,0.0,119.0,45.0,5.0
20881,2021-05-20 01:00:00,387.69,189.0,64.0,3.0,0.0,132.0,46.0,5.0
20882,2021-05-20 02:00:00,392.32,186.0,64.0,3.0,5.0,120.0,45.0,5.0
20883,2021-05-20 03:00:00,400.01,193.0,65.0,3.0,15.0,106.0,47.0,5.0
20884,2021-05-20 04:00:00,437.83,229.0,65.0,3.0,31.0,76.0,50.0,5.0
20885,2021-05-20 05:00:00,447.64,236.0,64.0,3.0,46.0,52.0,54.0,5.0
20886,2021-05-20 06:00:00,457.61,233.0,64.0,3.0,66.0,18.0,56.0,5.0
20887,2021-05-20 07:00:00,427.09,210.0,63.0,3.0,87.0,9.0,58.0,5.0
20888,2021-05-20 08:00:00,426.56,225.0,65.0,3.0,97.0,13.0,56.0,5.0
20889,2021-05-20 09:00:00,423.59,222.0,64.0,3.0,90.0,18.0,59.0,5.0
20890,2021-05-20 10:00:00,440.92,221.0,65.0,3.0,70.0,20.0,58.0,5.0
20891,2021-05-20 11:00:00,440.54,226.0,65.0,3.0,57.0,39.0,56.0,5.0
20892,2021-05-20 12:00:00,425.12,223.0,65.0,3.0,48.0,61.0,57.0,5.0
20893,2021-05-20 13:00:00,403.4,204.0,66.0,3.0,35.0,80.0,59.0,5.0
20894,2021-05-20 14:00:00,403.26,206.0,65.0,3.0,20.0,97.0,59.0,5.0
20895,2021-05-20 15:00:00,409.26,195.0,64.0,3.0,13.0,87.0,60.0,5.0
20896,2021-05-20 16:00:00,425.44,222.0,64.0,3.0,8.0,96.0,61.0,5.0
20897,2021-05-20 17:00:00,423.26,225.0,62.0,3.0,3.0,109.0,58.0,5.0
20898,2021-05-20 18:00:00,439.16,225.0,63.0,3.0,1.0,96.0,56.0,5.0
20899,2021-05-20 19:00:00,446.83,226.0,63.0,3.0,0.0,91.0,55.0,5.0
20900,2021-05-20 20:00:00,440.33,217.0,63.0,3.0,0.0,92.0,54.0,5.0
20901,2021-05-20 21:00:00,420.97,186.0,63.0,3.0,0.0,89.0,52.0,5.0
20902,2021-05-20 22:00:00,419.13,184.0,64.0,3.0,0.0,90.0,51.0,5.0
20903,2021-05-20 23:00:00,428.45,185.0,65.0,3.0,0.0,86.0,47.0,5.0
20904,2021-05-21 00:00:00,439.48,182.0,65.0,3.0,0.0,74.0,47.0,5.0
20905,2021-05-21 01:00:00,445.05,179.0,66.0,3.0,0.0,65.0,49.0,5.0
20906,2021-05-21 02:00:00,444.05,179.0,65.0,3.0,3.0,61.0,51.0,5.0
20907,2021-05-21 03:00:00,443.36,181.0,65.0,3.0,14.0,52.0,51.0,5.0
20908,2021-05-21 04:00:00,432.85,205.0,66.0,3.0,34.0,59.0,51.0,5.0
20909,2021-05-21 05:00:00,444.05,231.0,65.0,3.0,57.0,46.0,49.0,5.0
20910,2021-05-21 06:00:00,416.89,235.0,65.0,3.0,78.0,59.0,48.0,5.0
20911,2021-05-21 07:00:00,389.85,219.0,65.0,3.0,95.0,60.0,49.0,5.0
20912,2021-05-21 08:00:00,338.47,186.0,63.0,3.0,107.0,80.0,51.0,5.0
20913,2021-05-21 09:00:00,330.77,185.0,61.0,3.0,110.0,87.0,51.0,5.0
20914,2021-05-21 10:00:00,315.48,194.0,61.0,3.0,121.0,110.0,54.0,5.0
20915,2021-05-21 11:00:00,301.36,184.0,59.0,3.0,126.0,116.0,53.0,5.0
20916,2021-05-21 12:00:00,301.76,186.0,62.0,3.0,109.0,136.0,53.0,5.0
20917,2021-05-21 13:00:00,299.97,185.0,63.0,3.0,109.0,141.0,50.0,5.0
20918,2021-05-21 14:00:00,309.31,185.0,67.0,3.0,82.0,149.0,53.0,5.0
20919,2021-05-21 15:00:00,335.82,181.0,67.0,3.0,57.0,126.0,53.0,5.0
20920,2021-05-21 16:00:00,360.92,183.0,67.0,3.0,27.0,124.0,53.0,5.0
20921,2021-05-21 17:00:00,391.63,197.0,66.0,3.0,10.0,118.0,53.0,5.0
20922,2021-05-21 18:00:00,393.26,184.0,66.0,3.0,2.0,110.0,55.0,5.0
20923,2021-05-21 19:00:00,394.52,180.0,65.0,3.0,0.0,106.0,56.0,5.0
20924,2021-05-21 20:00:00,399.91,174.0,65.0,3.0,0.0,94.0,57.0,5.0
20925,2021-05-21 21:00:00,447.2,207.0,65.0,3.0,0.0,77.0,55.0,5.0
20926,2021-05-21 22:00:00,242.63,38.0,65.0,3.0,0.0,62.0,57.0,5.0
20927,2021-05-21 23:00:00,151.28,1.0,65.0,3.0,0.0,53.0,56.0,5.0
20928,2021-05-22 00:00:00,156.41,1.0,65.0,3.0,0.0,45.0,58.0,5.0
20929,2021-05-22 01:00:00,147.22,1.0,61.0,3.0,1.0,49.0,58.0,5.0
20930,2021-05-22 02:00:00,138.65,1.0,58.0,3.0,6.0,49.0,59.0,5.0
20931,2021-05-22 03:00:00,134.56,1.0,60.0,3.0,18.0,46.0,59.0,5.0
20932,2021-05-22 04:00:00,131.68,1.0,61.0,3.0,48.0,23.0,58.0,5.0
20933,2021-05-22 05:00:00,109.36,1.0,62.0,3.0,103.0,12.0,57.0,5.0
20934,2021-05-22 06:00:00,91.12,2.0,62.0,3.0,158.0,11.0,59.0,5.0
20935,2021-05-22 07:00:00,83.85,2.0,62.0,3.0,185.0,8.0,61.0,5.0
20936,2021-05-22 08:00:00,80.87,2.0,62.0,3.0,192.0,14.0,60.0,5.0
20937,2021-05-22 09:00:00,82.58,2.0,62.0,3.0,169.0,33.0,57.0,5.0
20938,2021-05-22 10:00:00,79.56,2.0,63.0,3.0,169.0,43.0,57.0,4.0
20939,2021-05-22 11:00:00,81.97,2.0,63.0,3.0,151.0,57.0,57.0,5.0
20940,2021-05-22 12:00:00,76.12,1.0,63.0,3.0,167.0,59.0,56.0,5.0
20941,2021-05-22 13:00:00,83.05,1.0,62.0,3.0,146.0,47.0,56.0,5.0
20942,2021-05-22 14:00:00,92.6,1.0,62.0,3.0,122.0,38.0,56.0,5.0
20943,2021-05-22 15:00:00,118.64,1.0,62.0,3.0,73.0,26.0,54.0,5.0
20944,2021-05-22 16:00:00,154.51,1.0,62.0,3.0,32.0,15.0,54.0,5.0
20945,2021-05-22 17:00:00,191.19,1.0,62.0,3.0,12.0,2.0,54.0,5.0
20946,2021-05-22 18:00:00,204.13,1.0,63.0,3.0,3.0,1.0,56.0,5.0
20947,2021-05-22 19:00:00,208.31,2.0,63.0,3.0,0.0,1.0,59.0,5.0
20948,2021-05-22 20:00:00,211.49,2.0,63.0,3.0,0.0,0.0,58.0,5.0
20949,2021-05-22 21:00:00,207.27,1.0,63.0,3.0,0.0,2.0,56.0,5.0
20950,2021-05-22 22:00:00,215.56,1.0,63.0,3.0,0.0,1.0,52.0,5.0
20951,2021-05-22 23:00:00,221.46,1.0,62.0,3.0,0.0,1.0,48.0,5.0
20952,2021-05-23 00:00:00,222.07,1.0,64.0,3.0,0.0,1.0,49.0,5.0
20953,2021-05-23 01:00:00,220.86,1.0,63.0,3.0,1.0,0.0,49.0,5.0
20954,2021-05-23 02:00:00,208.88,1.0,63.0,3.0,4.0,3.0,50.0,5.0
20955,2021-05-23 03:00:00,192.46,1.0,63.0,3.0,11.0,7.0,50.0,5.0
20956,2021-05-23 04:00:00,172.56,1.0,62.0,3.0,20.0,11.0,52.0,5.0
20957,2021-05-23 05:00:00,169.97,1.0,60.0,3.0,29.0,3.0,51.0,5.0
20958,2021-05-23 06:00:00,159.16,1.0,59.0,3.0,41.0,1.0,50.0,5.0
20959,2021-05-23 07:00:00,145.9,1.0,58.0,3.0,53.0,1.0,51.0,5.0
20960,2021-05-23 08:00:00,133.48,1.0,58.0,3.0,67.0,3.0,51.0,5.0
20961,2021-05-23 09:00:00,124.22,1.0,59.0,3.0,82.0,7.0,48.0,5.0
20962,2021-05-23 10:00:00,113.18,1.0,59.0,3.0,104.0,4.0,49.0,5.0
20963,2021-05-23 11:00:00,110.24,1.0,59.0,3.0,104.0,11.0,48.0,5.0
20964,2021-05-23 12:00:00,108.55,1.0,60.0,3.0,106.0,14.0,49.0,5.0
20965,2021-05-23 13:00:00,102.52,1.0,60.0,3.0,112.0,21.0,50.0,5.0
20966,2021-05-23 14:00:00,102.27,1.0,59.0,3.0,93.0,38.0,50.0,5.0
20967,2021-05-23 15:00:00,107.7,1.0,58.0,3.0,63.0,53.0,50.0,5.0
20968,2021-05-23 16:00:00,117.35,1.0,59.0,3.0,31.0,65.0,53.0,5.0
20969,2021-05-23 17:00:00,127.27,1.0,60.0,3.0,13.0,66.0,55.0,5.0
20970,2021-05-23 18:00:00,135.59,1.0,62.0,3.0,3.0,66.0,56.0,5.0
20971,2021-05-23 19:00:00,133.54,1.0,62.0,3.0,0.0,72.0,56.0,5.0
20972,2021-05-23 20:00:00,129.63,1.0,62.0,3.0,0.0,77.0,57.0,5.0
20973,2021-05-23 21:00:00,122.45,1.0,61.0,3.0,0.0,89.0,55.0,5.0
20974,2021-05-23 22:00:00,125.44,1.0,59.0,3.0,0.0,82.0,53.0,5.0
20975,2021-05-23 23:00:00,194.94,27.0,59.0,3.0,0.0,89.0,49.0,5.0
20976,2021-05-24 00:00:00,286.71,68.0,61.0,3.0,0.0,82.0,50.0,5.0
20977,2021-05-24 01:00:00,300.06,74.0,60.0,3.0,0.0,77.0,52.0,5.0
20978,2021-05-24 02:00:00,388.53,125.0,61.0,3.0,4.0,59.0,53.0,5.0
20979,2021-05-24 03:00:00,456.99,189.0,61.0,3.0,13.0,45.0,54.0,5.0
20980,2021-05-24 04:00:00,472.94,235.0,63.0,3.0,31.0,39.0,57.0,5.0
20981,2021-05-24 05:00:00,451.0,241.0,64.0,3.0,56.0,35.0,61.0,5.0
20982,2021-05-24 06:00:00,431.85,243.0,65.0,3.0,85.0,27.0,62.0,5.0
20983,2021-05-24 07:00:00,403.94,234.0,64.0,3.0,113.0,25.0,62.0,5.0
20984,2021-05-24 08:00:00,396.34,241.0,66.0,3.0,129.0,27.0,60.0,5.0
20985,2021-05-24 09:00:00,382.65,243.0,65.0,3.0,149.0,25.0,63.0,5.0
20986,2021-05-24 10:00:00,373.15,241.0,66.0,3.0,156.0,27.0,66.0,5.0
20987,2021-05-24 11:00:00,367.17,224.0,66.0,3.0,153.0,21.0,66.0,5.0
20988,2021-05-24 12:00:00,366.65,200.0,65.0,3.0,126.0,24.0,65.0,5.0
20989,2021-05-24 13:00:00,400.2,220.0,66.0,3.0,104.0,22.0,66.0,5.0
20990,2021-05-24 14:00:00,405.63,208.0,66.0,3.0,83.0,27.0,65.0,5.0
20991,2021-05-24 15:00:00,439.78,205.0,24.0,3.0,57.0,25.0,62.0,5.0
20992,2021-05-24 16:00:00,427.9,143.0,20.0,3.0,28.0,20.0,59.0,5.0
20993,2021-05-24 17:00:00,450.22,135.0,24.0,3.0,12.0,20.0,55.0,5.0
20994,2021-05-24 18:00:00,474.86,136.0,44.0,3.0,3.0,13.0,54.0,5.0
20995,2021-05-24 19:00:00,464.62,135.0,59.0,3.0,0.0,18.0,54.0,5.0
20996,2021-05-24 20:00:00,468.25,133.0,62.0,3.0,0.0,13.0,55.0,5.0
20997,2021-05-24 21:00:00,483.79,143.0,62.0,3.0,0.0,11.0,54.0,5.0
20998,2021-05-24 22:00:00,557.83,231.0,62.0,3.0,0.0,7.0,53.0,5.0
20999,2021-05-24 23:00:00,567.06,218.0,64.0,3.0,0.0,1.0,48.0,5.0
21000,2021-05-25 00:00:00,558.79,205.0,65.0,3.0,0.0,0.0,49.0,5.0
21001,2021-05-25 01:00:00,543.73,194.0,64.0,3.0,1.0,3.0,50.0,5.0
21002,2021-05-25 02:00:00,547.83,226.0,64.0,3.0,9.0,4.0,51.0,5.0
21003,2021-05-25 03:00:00,518.95,222.0,65.0,3.0,25.0,4.0,53.0,5.0
21004,2021-05-25 04:00:00,495.06,238.0,68.0,3.0,48.0,3.0,57.0,5.0
21005,2021-05-25 05:00:00,448.56,241.0,67.0,3.0,87.0,1.0,66.0,5.0
21006,2021-05-25 06:00:00,423.34,241.0,67.0,3.0,117.0,1.0,64.0,5.0
21007,2021-05-25 07:00:00,406.25,240.0,68.0,3.0,138.0,1.0,63.0,5.0
21008,2021-05-25 08:00:00,396.78,245.0,67.0,3.0,157.0,1.0,61.0,5.0
21009,2021-05-25 09:00:00,384.01,238.0,69.0,3.0,170.0,1.0,59.0,5.0
21010,2021-05-25 10:00:00,391.83,241.0,68.0,3.0,161.0,2.0,59.0,5.0
21011,2021-05-25 11:00:00,393.8,231.0,68.0,3.0,144.0,13.0,53.0,5.0
21012,2021-05-25 12:00:00,396.24,228.0,69.0,3.0,126.0,27.0,51.0,5.0
21013,2021-05-25 13:00:00,399.43,217.0,69.0,3.0,105.0,34.0,51.0,5.0
21014,2021-05-25 14:00:00,426.73,240.0,69.0,3.0,83.0,44.0,50.0,5.0
21015,2021-05-25 15:00:00,450.44,240.0,69.0,3.0,51.0,47.0,53.0,5.0
21016,2021-05-25 16:00:00,458.82,243.0,66.0,3.0,26.0,63.0,56.0,5.0
21017,2021-05-25 17:00:00,463.11,240.0,65.0,3.0,11.0,71.0,57.0,5.0
21018,2021-05-25 18:00:00,457.55,242.0,64.0,3.0,2.0,89.0,55.0,5.0
21019,2021-05-25 19:00:00,457.19,249.0,64.0,3.0,0.0,99.0,52.0,5.0
21020,2021-05-25 20:00:00,441.77,240.0,64.0,3.0,0.0,109.0,52.0,5.0
21021,2021-05-25 21:00:00,436.71,243.0,62.0,3.0,0.0,118.0,51.0,5.0
21022,2021-05-25 22:00:00,369.41,159.0,63.0,3.0,0.0,119.0,49.0,5.0
21023,2021-05-25 23:00:00,318.65,116.0,64.0,3.0,0.0,127.0,45.0,5.0
21024,2021-05-26 00:00:00,329.17,114.0,65.0,3.0,0.0,113.0,45.0,5.0
21025,2021-05-26 01:00:00,378.86,154.0,65.0,3.0,0.0,107.0,46.0,5.0
21026,2021-05-26 02:00:00,363.53,154.0,64.0,3.0,1.0,122.0,46.0,5.0
21027,2021-05-26 03:00:00,382.41,196.0,63.0,3.0,4.0,139.0,48.0,5.0
21028,2021-05-26 04:00:00,391.81,245.0,64.0,3.0,8.0,166.0,52.0,5.0
21029,2021-05-26 05:00:00,369.4,246.0,64.0,3.0,12.0,192.0,56.0,5.0
21030,2021-05-26 06:00:00,363.89,249.0,63.0,3.0,19.0,195.0,58.0,5.0
21031,2021-05-26 07:00:00,353.85,243.0,65.0,3.0,23.0,200.0,59.0,5.0
21032,2021-05-26 08:00:00,359.09,240.0,67.0,3.0,26.0,185.0,59.0,5.0
21033,2021-05-26 09:00:00,359.05,240.0,65.0,3.0,20.0,192.0,58.0,5.0
21034,2021-05-26 10:00:00,344.03,243.0,64.0,3.0,21.0,222.0,56.0,5.0
21035,2021-05-26 11:00:00,325.99,234.0,64.0,3.0,31.0,238.0,52.0,5.0
21036,2021-05-26 12:00:00,320.32,223.0,64.0,3.0,35.0,231.0,51.0,5.0
21037,2021-05-26 13:00:00,329.03,243.0,64.0,3.0,40.0,237.0,50.0,5.0
21038,2021-05-26 14:00:00,335.02,244.0,66.0,3.0,42.0,225.0,50.0,5.0
21039,2021-05-26 15:00:00,347.13,235.0,64.0,3.0,39.0,194.0,51.0,5.0
21040,2021-05-26 16:00:00,373.66,233.0,62.0,3.0,23.0,163.0,54.0,5.0
21041,2021-05-26 17:00:00,374.93,228.0,63.0,3.0,11.0,168.0,54.0,5.0
21042,2021-05-26 18:00:00,309.46,150.0,63.0,3.0,2.0,176.0,54.0,5.0
21043,2021-05-26 19:00:00,246.11,92.0,62.0,3.0,0.0,172.0,55.0,5.0
21044,2021-05-26 20:00:00,254.29,86.0,63.0,3.0,0.0,148.0,55.0,5.0
21045,2021-05-26 21:00:00,391.27,207.0,63.0,3.0,0.0,137.0,54.0,5.0
21046,2021-05-26 22:00:00,415.55,228.0,63.0,3.0,0.0,128.0,53.0,5.0
21047,2021-05-26 23:00:00,415.67,233.0,63.0,3.0,0.0,136.0,49.0,5.0
21048,2021-05-27 00:00:00,387.43,199.0,62.0,3.0,0.0,139.0,49.0,5.0
21049,2021-05-27 01:00:00,402.63,196.0,63.0,3.0,1.0,117.0,50.0,5.0
21050,2021-05-27 02:00:00,424.6,193.0,64.0,3.0,7.0,86.0,50.0,5.0
21051,2021-05-27 03:00:00,445.65,226.0,64.0,3.0,18.0,77.0,52.0,5.0
21052,2021-05-27 04:00:00,450.95,238.0,64.0,3.0,37.0,58.0,55.0,5.0
21053,2021-05-27 05:00:00,437.05,241.0,63.0,3.0,54.0,56.0,57.0,5.0
21054,2021-05-27 06:00:00,421.79,242.0,64.0,3.0,69.0,52.0,64.0,5.0
21055,2021-05-27 07:00:00,421.77,244.0,61.0,3.0,74.0,47.0,66.0,5.0
21056,2021-05-27 08:00:00,418.09,242.0,59.0,3.0,77.0,51.0,62.0,5.0
21057,2021-05-27 09:00:00,434.73,241.0,60.0,3.0,69.0,41.0,60.0,5.0
21058,2021-05-27 10:00:00,447.65,241.0,61.0,3.0,59.0,37.0,60.0,5.0
21059,2021-05-27 11:00:00,439.27,240.0,62.0,3.0,62.0,42.0,60.0,5.0
21060,2021-05-27 12:00:00,433.77,236.0,62.0,3.0,65.0,42.0,60.0,5.0
21061,2021-05-27 13:00:00,448.63,230.0,63.0,3.0,65.0,21.0,61.0,5.0
21062,2021-05-27 14:00:00,462.51,231.0,64.0,3.0,62.0,11.0,61.0,5.0
21063,2021-05-27 15:00:00,480.25,236.0,63.0,3.0,48.0,12.0,61.0,5.0
21064,2021-05-27 16:00:00,501.96,237.0,63.0,3.0,27.0,17.0,59.0,5.0
21065,2021-05-27 17:00:00,530.74,235.0,46.0,3.0,11.0,17.0,57.0,5.0
21066,2021-05-27 18:00:00,543.12,223.0,45.0,3.0,4.0,13.0,55.0,5.0
21067,2021-05-27 19:00:00,560.59,231.0,45.0,3.0,0.0,11.0,53.0,5.0
21068,2021-05-27 20:00:00,556.33,231.0,44.0,3.0,0.0,14.0,53.0,5.0
21069,2021-05-27 21:00:00,543.98,211.0,44.0,3.0,0.0,14.0,53.0,5.0
21070,2021-05-27 22:00:00,560.24,236.0,45.0,3.0,0.0,13.0,53.0,5.0
21071,2021-05-27 23:00:00,549.19,200.0,46.0,3.0,0.0,10.0,49.0,5.0
21072,2021-05-28 00:00:00,547.47,188.0,47.0,3.0,0.0,5.0,50.0,5.0
21073,2021-05-28 01:00:00,538.99,188.0,46.0,3.0,1.0,8.0,51.0,5.0
21074,2021-05-28 02:00:00,525.58,188.0,45.0,3.0,8.0,8.0,52.0,5.0
21075,2021-05-28 03:00:00,536.6,228.0,46.0,3.0,21.0,2.0,55.0,5.0
21076,2021-05-28 04:00:00,498.46,236.0,45.0,3.0,47.0,1.0,62.0,5.0
21077,2021-05-28 05:00:00,443.8,233.0,45.0,3.0,90.0,1.0,66.0,5.0
21078,2021-05-28 06:00:00,406.64,234.0,49.0,3.0,132.0,1.0,65.0,5.0
21079,2021-05-28 07:00:00,397.68,231.0,53.0,3.0,140.0,1.0,65.0,5.0
21080,2021-05-28 08:00:00,378.65,223.0,52.0,3.0,156.0,1.0,66.0,5.0
21081,2021-05-28 09:00:00,383.24,223.0,50.0,3.0,151.0,1.0,65.0,5.0
21082,2021-05-28 10:00:00,374.84,217.0,50.0,3.0,156.0,1.0,65.0,5.0
21083,2021-05-28 11:00:00,377.07,216.0,52.0,3.0,154.0,0.0,64.0,5.0
21084,2021-05-28 12:00:00,365.81,213.0,54.0,3.0,164.0,1.0,65.0,5.0
21085,2021-05-28 13:00:00,370.21,213.0,54.0,3.0,148.0,11.0,65.0,5.0
21086,2021-05-28 14:00:00,393.72,215.0,55.0,3.0,125.0,5.0,66.0,5.0
21087,2021-05-28 15:00:00,448.58,238.0,55.0,3.0,81.0,8.0,65.0,5.0
21088,2021-05-28 16:00:00,518.13,266.0,55.0,3.0,35.0,8.0,63.0,5.0
21089,2021-05-28 17:00:00,557.85,288.0,55.0,3.0,13.0,8.0,62.0,5.0
21090,2021-05-28 18:00:00,570.22,299.0,50.0,3.0,4.0,15.0,60.0,5.0
21091,2021-05-28 19:00:00,569.71,289.0,53.0,3.0,0.0,17.0,58.0,5.0
21092,2021-05-28 20:00:00,555.61,276.0,53.0,3.0,0.0,26.0,55.0,5.0
21093,2021-05-28 21:00:00,538.11,260.0,53.0,3.0,0.0,34.0,54.0,5.0
21094,2021-05-28 22:00:00,549.89,262.0,53.0,3.0,0.0,25.0,55.0,5.0
21095,2021-05-28 23:00:00,544.8,255.0,53.0,3.0,0.0,30.0,51.0,5.0
21096,2021-05-29 00:00:00,546.83,252.0,51.0,3.0,0.0,28.0,51.0,5.0
21097,2021-05-29 01:00:00,546.53,254.0,51.0,3.0,1.0,28.0,51.0,5.0
21098,2021-05-29 02:00:00,534.49,256.0,50.0,3.0,8.0,31.0,51.0,5.0
21099,2021-05-29 03:00:00,522.73,258.0,50.0,3.0,20.0,29.0,51.0,5.0
21100,2021-05-29 04:00:00,515.54,278.0,51.0,3.0,41.0,22.0,52.0,5.0
21101,2021-05-29 05:00:00,489.14,303.0,52.0,3.0,81.0,20.0,52.0,5.0
21102,2021-05-29 06:00:00,448.17,308.0,50.0,3.0,127.0,26.0,51.0,5.0
21103,2021-05-29 07:00:00,403.66,306.0,51.0,3.0,173.0,38.0,54.0,5.0
21104,2021-05-29 08:00:00,371.86,309.0,51.0,3.0,199.0,67.0,56.0,5.0
21105,2021-05-29 09:00:00,342.35,275.0,51.0,3.0,213.0,72.0,55.0,5.0
21106,2021-05-29 10:00:00,349.02,274.0,52.0,3.0,219.0,54.0,53.0,5.0
21107,2021-05-29 11:00:00,352.34,269.0,52.0,3.0,228.0,33.0,53.0,5.0
21108,2021-05-29 12:00:00,351.04,261.0,51.0,3.0,230.0,23.0,54.0,5.0
21109,2021-05-29 13:00:00,361.9,259.0,51.0,3.0,215.0,17.0,54.0,5.0
21110,2021-05-29 14:00:00,385.49,260.0,51.0,3.0,169.0,26.0,55.0,5.0
21111,2021-05-29 15:00:00,436.07,260.0,51.0,3.0,99.0,31.0,54.0,5.0
21112,2021-05-29 16:00:00,503.98,261.0,50.0,3.0,36.0,27.0,54.0,5.0
21113,2021-05-29 17:00:00,550.34,262.0,52.0,3.0,12.0,15.0,53.0,5.0
21114,2021-05-29 18:00:00,570.67,266.0,52.0,3.0,4.0,9.0,54.0,5.0
21115,2021-05-29 19:00:00,562.51,264.0,52.0,3.0,0.0,17.0,55.0,5.0
21116,2021-05-29 20:00:00,553.44,260.0,52.0,3.0,0.0,22.0,55.0,5.0
21117,2021-05-29 21:00:00,547.08,261.0,52.0,3.0,0.0,27.0,55.0,5.0
21118,2021-05-29 22:00:00,555.25,259.0,50.0,3.0,0.0,22.0,54.0,5.0
21119,2021-05-29 23:00:00,572.21,259.0,51.0,3.0,0.0,13.0,51.0,5.0
21120,2021-05-30 00:00:00,583.41,258.0,52.0,3.0,0.0,5.0,51.0,5.0
21121,2021-05-30 01:00:00,578.88,253.0,53.0,3.0,1.0,4.0,52.0,5.0
21122,2021-05-30 02:00:00,570.65,253.0,54.0,3.0,8.0,1.0,53.0,5.0
21123,2021-05-30 03:00:00,555.82,261.0,54.0,3.0,20.0,1.0,54.0,5.0
21124,2021-05-30 04:00:00,501.11,264.0,54.0,3.0,62.0,1.0,57.0,5.0
21125,2021-05-30 05:00:00,432.01,266.0,53.0,3.0,134.0,1.0,58.0,5.0
21126,2021-05-30 06:00:00,384.05,263.0,53.0,3.0,199.0,1.0,55.0,5.0
21127,2021-05-30 07:00:00,363.34,263.0,53.0,3.0,231.0,1.0,56.0,5.0
21128,2021-05-30 08:00:00,358.54,270.0,52.0,3.0,247.0,1.0,56.0,5.0
21129,2021-05-30 09:00:00,349.91,266.0,53.0,3.0,258.0,1.0,56.0,5.0
21130,2021-05-30 10:00:00,343.57,262.0,53.0,3.0,265.0,1.0,56.0,5.0
21131,2021-05-30 11:00:00,338.85,262.0,53.0,3.0,266.0,11.0,54.0,5.0
21132,2021-05-30 12:00:00,345.39,264.0,53.0,3.0,257.0,12.0,52.0,5.0
21133,2021-05-30 13:00:00,359.94,265.0,53.0,3.0,228.0,15.0,53.0,5.0
21134,2021-05-30 14:00:00,390.91,260.0,53.0,3.0,172.0,15.0,55.0,5.0
21135,2021-05-30 15:00:00,450.42,262.0,53.0,3.0,100.0,14.0,55.0,5.0
21136,2021-05-30 16:00:00,520.25,263.0,51.0,3.0,36.0,14.0,54.0,5.0
21137,2021-05-30 17:00:00,580.04,281.0,28.0,3.0,12.0,9.0,53.0,5.0
21138,2021-05-30 18:00:00,603.5,287.0,16.0,3.0,4.0,6.0,55.0,5.0
21139,2021-05-30 19:00:00,588.26,260.0,21.0,3.0,0.0,11.0,54.0,5.0
21140,2021-05-30 20:00:00,589.96,270.0,26.0,3.0,0.0,10.0,55.0,5.0
21141,2021-05-30 21:00:00,588.52,257.0,29.0,3.0,0.0,5.0,56.0,5.0
21142,2021-05-30 22:00:00,597.39,258.0,29.0,3.0,0.0,0.0,56.0,5.0
21143,2021-05-30 23:00:00,603.95,265.0,29.0,3.0,0.0,1.0,53.0,5.0
21144,2021-05-31 00:00:00,611.9,299.0,28.0,3.0,0.0,1.0,57.0,5.0
21145,2021-05-31 01:00:00,605.54,275.0,28.0,3.0,1.0,1.0,54.0,5.0
21146,2021-05-31 02:00:00,604.6,300.0,28.0,3.0,8.0,1.0,54.0,5.0
21147,2021-05-31 03:00:00,570.34,258.0,28.0,3.0,20.0,1.0,52.0,5.0
21148,2021-05-31 04:00:00,526.97,298.0,31.0,3.0,59.0,1.0,60.0,5.0
21149,2021-05-31 05:00:00,493.95,368.0,32.0,3.0,123.0,1.0,64.0,5.0
21150,2021-05-31 06:00:00,470.86,408.0,31.0,3.0,179.0,1.0,62.0,5.0
21151,2021-05-31 07:00:00,456.2,418.0,30.0,3.0,208.0,1.0,62.0,5.0
21152,2021-05-31 08:00:00,458.21,418.0,29.0,3.0,204.0,1.0,63.0,5.0
21153,2021-05-31 09:00:00,460.34,405.0,30.0,3.0,194.0,1.0,61.0,5.0
21154,2021-05-31 10:00:00,482.34,400.0,31.0,3.0,160.0,1.0,60.0,5.0
21155,2021-05-31 11:00:00,515.61,416.0,31.0,3.0,125.0,1.0,60.0,5.0
21156,2021-05-31 12:00:00,541.22,421.0,30.0,3.0,89.0,8.0,61.0,5.0
21157,2021-05-31 13:00:00,558.58,415.0,29.0,3.0,66.0,11.0,60.0,5.0
21158,2021-05-31 14:00:00,576.33,404.0,30.0,3.0,52.0,3.0,60.0,5.0
21159,2021-05-31 15:00:00,582.81,419.0,31.0,3.0,40.0,14.0,59.0,5.0
21160,2021-05-31 16:00:00,584.45,424.0,28.0,3.0,22.0,30.0,62.0,5.0
21161,2021-05-31 17:00:00,600.83,425.0,27.0,3.0,9.0,28.0,62.0,5.0
21162,2021-05-31 18:00:00,622.62,423.0,27.0,3.0,2.0,17.0,60.0,5.0
21163,2021-05-31 19:00:00,629.31,410.0,26.0,3.0,0.0,14.0,57.0,5.0
21164,2021-05-31 20:00:00,636.64,392.0,25.0,3.0,0.0,9.0,53.0,5.0
21165,2021-05-31 21:00:00,622.41,319.0,25.0,3.0,0.0,6.0,51.0,5.0
21166,2021-05-31 22:00:00,553.17,232.0,27.0,3.0,0.0,24.0,51.0,5.0
21167,2021-05-31 23:00:00,553.65,231.0,28.0,3.0,0.0,26.0,48.0,5.0
21168,2021-06-01 00:00:00,549.67,235.0,28.0,3.0,0.0,30.0,48.0,5.0
21169,2021-06-01 01:00:00,547.14,236.0,28.0,3.0,1.0,30.0,49.0,5.0
21170,2021-06-01 02:00:00,544.29,249.0,28.0,3.0,7.0,30.0,50.0,5.0
21171,2021-06-01 03:00:00,581.3,337.0,29.0,3.0,21.0,16.0,53.0,5.0
21172,2021-06-01 04:00:00,584.9,410.0,29.0,3.0,47.0,6.0,56.0,5.0
21173,2021-06-01 05:00:00,537.35,427.0,33.0,3.0,94.0,11.0,59.0,5.0
21174,2021-06-01 06:00:00,482.55,423.0,35.0,3.0,158.0,14.0,61.0,5.0
21175,2021-06-01 07:00:00,439.16,401.0,35.0,3.0,203.0,20.0,63.0,5.0
21176,2021-06-01 08:00:00,420.59,397.0,35.0,3.0,209.0,44.0,62.0,5.0
21177,2021-06-01 09:00:00,419.61,401.0,35.0,3.0,210.0,48.0,62.0,5.0
21178,2021-06-01 10:00:00,440.93,426.0,36.0,3.0,198.0,41.0,62.0,5.0
21179,2021-06-01 11:00:00,456.93,426.0,36.0,3.0,174.0,38.0,62.0,5.0
21180,2021-06-01 12:00:00,470.7,424.0,36.0,3.0,168.0,21.0,62.0,5.0
21181,2021-06-01 13:00:00,474.8,426.0,36.0,3.0,162.0,22.0,62.0,5.0
21182,2021-06-01 14:00:00,489.82,425.0,38.0,3.0,125.0,36.0,62.0,5.0
21183,2021-06-01 15:00:00,521.1,423.0,36.0,3.0,82.0,37.0,62.0,5.0
21184,2021-06-01 16:00:00,567.56,423.0,33.0,3.0,36.0,32.0,61.0,5.0
21185,2021-06-01 17:00:00,601.89,427.0,31.0,3.0,14.0,26.0,57.0,5.0
21186,2021-06-01 18:00:00,616.27,425.0,32.0,3.0,4.0,24.0,55.0,5.0
21187,2021-06-01 19:00:00,613.43,406.0,32.0,3.0,0.0,28.0,53.0,5.0
21188,2021-06-01 20:00:00,588.5,350.0,32.0,3.0,0.0,36.0,51.0,5.0
21189,2021-06-01 21:00:00,564.0,299.0,32.0,3.0,0.0,40.0,50.0,5.0
21190,2021-06-01 22:00:00,532.49,252.0,33.0,3.0,0.0,47.0,48.0,5.0
21191,2021-06-01 23:00:00,565.56,318.0,33.0,3.0,0.0,49.0,46.0,5.0
21192,2021-06-02 00:00:00,579.29,328.0,34.0,3.0,0.0,41.0,46.0,5.0
21193,2021-06-02 01:00:00,596.87,337.0,34.0,3.0,2.0,27.0,47.0,5.0
21194,2021-06-02 02:00:00,601.84,339.0,36.0,3.0,8.0,15.0,49.0,5.0
21195,2021-06-02 03:00:00,600.6,343.0,36.0,3.0,20.0,3.0,51.0,5.0
21196,2021-06-02 04:00:00,576.24,421.0,37.0,3.0,60.0,1.0,57.0,5.0
21197,2021-06-02 05:00:00,515.88,423.0,38.0,3.0,126.0,1.0,60.0,5.0
21198,2021-06-02 06:00:00,467.61,419.0,39.0,3.0,191.0,1.0,60.0,5.0
21199,2021-06-02 07:00:00,443.76,428.0,39.0,3.0,235.0,1.0,61.0,5.0
21200,2021-06-02 08:00:00,424.02,394.0,39.0,3.0,244.0,1.0,61.0,5.0
21201,2021-06-02 09:00:00,417.71,379.0,39.0,3.0,244.0,1.0,60.0,5.0
21202,2021-06-02 10:00:00,437.59,420.0,39.0,3.0,241.0,1.0,60.0,5.0
21203,2021-06-02 11:00:00,428.88,397.0,38.0,3.0,240.0,1.0,59.0,5.0
21204,2021-06-02 12:00:00,425.56,382.0,38.0,3.0,232.0,1.0,61.0,5.0
21205,2021-06-02 13:00:00,439.78,385.0,37.0,3.0,209.0,3.0,61.0,5.0
21206,2021-06-02 14:00:00,474.94,391.0,35.0,3.0,156.0,8.0,61.0,5.0
21207,2021-06-02 15:00:00,527.89,401.0,36.0,3.0,93.0,9.0,61.0,5.0
21208,2021-06-02 16:00:00,579.96,424.0,32.0,3.0,37.0,19.0,61.0,5.0
21209,2021-06-02 17:00:00,607.28,423.0,31.0,3.0,14.0,19.0,58.0,5.0
21210,2021-06-02 18:00:00,614.92,425.0,30.0,3.0,5.0,25.0,55.0,5.0
21211,2021-06-02 19:00:00,619.12,422.0,29.0,3.0,0.0,30.0,51.0,5.0
21212,2021-06-02 20:00:00,591.91,350.0,30.0,3.0,0.0,36.0,49.0,5.0
21213,2021-06-02 21:00:00,556.58,318.0,31.0,3.0,0.0,55.0,48.0,5.0
21214,2021-06-02 22:00:00,537.15,274.0,29.0,3.0,0.0,56.0,46.0,5.0
21215,2021-06-02 23:00:00,504.44,236.0,31.0,3.0,0.0,67.0,42.0,5.0
21216,2021-06-03 00:00:00,508.74,240.0,30.0,3.0,0.0,65.0,43.0,5.0
21217,2021-06-03 01:00:00,500.34,242.0,32.0,3.0,2.0,70.0,43.0,5.0
21218,2021-06-03 02:00:00,505.72,239.0,33.0,3.0,8.0,56.0,45.0,5.0
21219,2021-06-03 03:00:00,566.86,325.0,34.0,3.0,20.0,28.0,48.0,5.0
21220,2021-06-03 04:00:00,578.38,421.0,31.0,3.0,60.0,3.0,55.0,5.0
21221,2021-06-03 05:00:00,516.82,421.0,34.0,3.0,127.0,1.0,58.0,5.0
21222,2021-06-03 06:00:00,472.59,428.0,34.0,3.0,191.0,1.0,59.0,5.0
21223,2021-06-03 07:00:00,434.69,402.0,30.0,3.0,235.0,1.0,59.0,5.0
21224,2021-06-03 08:00:00,416.95,391.0,32.0,3.0,257.0,1.0,59.0,5.0
21225,2021-06-03 09:00:00,421.17,407.0,35.0,3.0,263.0,0.0,59.0,5.0
21226,2021-06-03 10:00:00,427.13,421.0,36.0,3.0,262.0,0.0,60.0,5.0
21227,2021-06-03 11:00:00,426.78,424.0,36.0,3.0,254.0,12.0,59.0,5.0
21228,2021-06-03 12:00:00,423.73,408.0,36.0,3.0,236.0,23.0,59.0,5.0
21229,2021-06-03 13:00:00,446.84,422.0,36.0,3.0,198.0,30.0,60.0,5.0
21230,2021-06-03 14:00:00,483.94,423.0,35.0,3.0,145.0,26.0,60.0,5.0
21231,2021-06-03 15:00:00,524.58,423.0,35.0,3.0,89.0,28.0,60.0,5.0
21232,2021-06-03 16:00:00,569.16,422.0,33.0,3.0,39.0,30.0,58.0,5.0
21233,2021-06-03 17:00:00,604.53,424.0,33.0,3.0,16.0,22.0,55.0,5.0
21234,2021-06-03 18:00:00,622.91,427.0,31.0,3.0,5.0,20.0,53.0,5.0
21235,2021-06-03 19:00:00,619.81,422.0,30.0,3.0,0.0,30.0,50.0,5.0
21236,2021-06-03 20:00:00,610.76,422.0,30.0,3.0,0.0,40.0,48.0,5.0
21237,2021-06-03 21:00:00,613.66,401.0,31.0,3.0,0.0,34.0,46.0,5.0
21238,2021-06-03 22:00:00,580.46,306.0,32.0,3.0,0.0,35.0,45.0,5.0
21239,2021-06-03 23:00:00,547.19,236.0,31.0,3.0,0.0,37.0,42.0,5.0
21240,2021-06-04 00:00:00,567.27,267.0,31.0,3.0,0.0,34.0,43.0,5.0
21241,2021-06-04 01:00:00,559.47,240.0,30.0,3.0,2.0,28.0,43.0,5.0
21242,2021-06-04 02:00:00,564.01,251.0,30.0,3.0,10.0,19.0,45.0,5.0
21243,2021-06-04 03:00:00,613.25,387.0,31.0,3.0,24.0,6.0,47.0,5.0
21244,2021-06-04 04:00:00,590.17,422.0,33.0,3.0,54.0,1.0,51.0,5.0
21245,2021-06-04 05:00:00,533.13,423.0,34.0,3.0,109.0,1.0,57.0,5.0
21246,2021-06-04 06:00:00,488.92,425.0,35.0,3.0,165.0,1.0,59.0,5.0
21247,2021-06-04 07:00:00,464.04,426.0,34.0,3.0,203.0,1.0,59.0,5.0
21248,2021-06-04 08:00:00,459.83,424.0,36.0,3.0,207.0,1.0,60.0,5.0
21249,2021-06-04 09:00:00,468.37,425.0,37.0,3.0,195.0,1.0,59.0,5.0
21250,2021-06-04 10:00:00,491.01,429.0,36.0,3.0,163.0,1.0,60.0,5.0
21251,2021-06-04 11:00:00,503.24,423.0,36.0,3.0,146.0,1.0,57.0,5.0
21252,2021-06-04 12:00:00,506.09,426.0,35.0,3.0,145.0,1.0,56.0,5.0
21253,2021-06-04 13:00:00,516.28,425.0,36.0,3.0,129.0,1.0,58.0,5.0
21254,2021-06-04 14:00:00,539.61,426.0,36.0,3.0,102.0,1.0,57.0,5.0
21255,2021-06-04 15:00:00,564.97,426.0,41.0,3.0,70.0,1.0,59.0,5.0
21256,2021-06-04 16:00:00,597.67,422.0,51.0,3.0,33.0,1.0,58.0,5.0
21257,2021-06-04 17:00:00,619.15,425.0,53.0,3.0,14.0,1.0,57.0,5.0
21258,2021-06-04 18:00:00,630.45,423.0,52.0,3.0,4.0,1.0,57.0,5.0
21259,2021-06-04 19:00:00,638.65,423.0,52.0,3.0,0.0,1.0,54.0,5.0
21260,2021-06-04 20:00:00,641.26,424.0,52.0,3.0,0.0,1.0,52.0,5.0
21261,2021-06-04 21:00:00,643.53,399.0,51.0,3.0,0.0,0.0,47.0,5.0
21262,2021-06-04 22:00:00,607.41,281.0,52.0,3.0,0.0,1.0,46.0,5.0
21263,2021-06-04 23:00:00,598.57,276.0,53.0,3.0,0.0,9.0,42.0,5.0
21264,2021-06-05 00:00:00,593.63,277.0,57.0,3.0,0.0,10.0,43.0,5.0
21265,2021-06-05 01:00:00,594.79,282.0,56.0,3.0,2.0,9.0,43.0,5.0
21266,2021-06-05 02:00:00,585.52,283.0,55.0,3.0,10.0,7.0,44.0,5.0
21267,2021-06-05 03:00:00,577.0,285.0,54.0,3.0,22.0,3.0,43.0,5.0
21268,2021-06-05 04:00:00,526.89,281.0,53.0,3.0,58.0,1.0,47.0,5.0
21269,2021-06-05 05:00:00,461.61,282.0,53.0,3.0,120.0,1.0,49.0,5.0
21270,2021-06-05 06:00:00,410.27,282.0,55.0,3.0,184.0,1.0,49.0,5.0
21271,2021-06-05 07:00:00,383.12,284.0,55.0,3.0,229.0,1.0,47.0,5.0
21272,2021-06-05 08:00:00,371.16,282.0,56.0,3.0,247.0,1.0,47.0,5.0
21273,2021-06-05 09:00:00,373.51,283.0,56.0,3.0,244.0,1.0,47.0,5.0
21274,2021-06-05 10:00:00,361.32,249.0,54.0,3.0,229.0,1.0,46.0,5.0
21275,2021-06-05 11:00:00,363.85,250.0,54.0,3.0,227.0,1.0,45.0,5.0
21276,2021-06-05 12:00:00,374.91,258.0,51.0,3.0,217.0,1.0,46.0,5.0
21277,2021-06-05 13:00:00,401.77,268.0,52.0,3.0,187.0,1.0,46.0,5.0
21278,2021-06-05 14:00:00,446.95,292.0,52.0,3.0,147.0,1.0,46.0,5.0
21279,2021-06-05 15:00:00,506.04,304.0,53.0,3.0,88.0,5.0,43.0,5.0
21280,2021-06-05 16:00:00,551.79,301.0,54.0,3.0,38.0,9.0,46.0,5.0
21281,2021-06-05 17:00:00,577.02,306.0,53.0,3.0,15.0,14.0,46.0,5.0
21282,2021-06-05 18:00:00,578.35,311.0,49.0,3.0,5.0,24.0,48.0,5.0
21283,2021-06-05 19:00:00,573.65,311.0,48.0,3.0,1.0,32.0,48.0,5.0
21284,2021-06-05 20:00:00,552.25,279.0,52.0,3.0,0.0,35.0,50.0,5.0
21285,2021-06-05 21:00:00,567.2,306.0,52.0,3.0,0.0,35.0,48.0,5.0
21286,2021-06-05 22:00:00,555.72,288.0,51.0,3.0,0.0,38.0,48.0,5.0
21287,2021-06-05 23:00:00,568.81,287.0,53.0,3.0,0.0,32.0,43.0,5.0
21288,2021-06-06 00:00:00,569.9,289.0,64.0,3.0,0.0,27.0,44.0,5.0
21289,2021-06-06 01:00:00,575.65,292.0,63.0,3.0,2.0,20.0,46.0,5.0
21290,2021-06-06 02:00:00,590.76,293.0,53.0,3.0,8.0,7.0,46.0,5.0
21291,2021-06-06 03:00:00,580.2,293.0,49.0,3.0,21.0,2.0,47.0,5.0
21292,2021-06-06 04:00:00,526.4,290.0,51.0,3.0,60.0,1.0,50.0,5.0
21293,2021-06-06 05:00:00,442.12,264.0,51.0,3.0,125.0,1.0,54.0,5.0
21294,2021-06-06 06:00:00,397.46,269.0,52.0,3.0,186.0,1.0,54.0,5.0
21295,2021-06-06 07:00:00,384.24,295.0,53.0,3.0,232.0,1.0,53.0,5.0
21296,2021-06-06 08:00:00,370.87,292.0,52.0,3.0,253.0,1.0,52.0,5.0
21297,2021-06-06 09:00:00,353.61,264.0,53.0,3.0,252.0,1.0,53.0,5.0
21298,2021-06-06 10:00:00,354.6,249.0,51.0,3.0,234.0,1.0,52.0,5.0
21299,2021-06-06 11:00:00,358.76,248.0,52.0,3.0,229.0,1.0,49.0,5.0
21300,2021-06-06 12:00:00,378.16,259.0,52.0,3.0,210.0,1.0,49.0,5.0
21301,2021-06-06 13:00:00,382.68,245.0,63.0,3.0,189.0,0.0,50.0,5.0
21302,2021-06-06 14:00:00,362.5,184.0,63.0,3.0,144.0,11.0,48.0,5.0
21303,2021-06-06 15:00:00,408.84,186.0,61.0,3.0,90.0,14.0,49.0,5.0
21304,2021-06-06 16:00:00,507.31,245.0,58.0,3.0,37.0,18.0,49.0,5.0
21305,2021-06-06 17:00:00,534.15,239.0,60.0,3.0,15.0,17.0,48.0,5.0
21306,2021-06-06 18:00:00,543.59,239.0,64.0,3.0,5.0,17.0,50.0,5.0
21307,2021-06-06 19:00:00,543.14,239.0,65.0,3.0,1.0,21.0,50.0,5.0
21308,2021-06-06 20:00:00,544.82,242.0,65.0,3.0,0.0,22.0,50.0,5.0
21309,2021-06-06 21:00:00,549.83,246.0,65.0,3.0,0.0,22.0,48.0,5.0
21310,2021-06-06 22:00:00,587.92,324.0,64.0,3.0,0.0,21.0,47.0,5.0
21311,2021-06-06 23:00:00,589.84,334.0,65.0,3.0,0.0,26.0,43.0,5.0
21312,2021-06-07 00:00:00,574.16,334.0,65.0,3.0,0.0,38.0,44.0,5.0
21313,2021-06-07 01:00:00,581.11,353.0,65.0,3.0,2.0,35.0,45.0,5.0
21314,2021-06-07 02:00:00,578.41,355.0,65.0,3.0,9.0,28.0,48.0,5.0
21315,2021-06-07 03:00:00,574.62,360.0,65.0,3.0,21.0,20.0,49.0,5.0
21316,2021-06-07 04:00:00,539.54,360.0,65.0,3.0,58.0,10.0,56.0,5.0
21317,2021-06-07 05:00:00,491.68,366.0,67.0,3.0,119.0,1.0,61.0,5.0
21318,2021-06-07 06:00:00,446.74,364.0,68.0,3.0,180.0,1.0,61.0,5.0
21319,2021-06-07 07:00:00,415.0,359.0,68.0,3.0,228.0,1.0,61.0,5.0
21320,2021-06-07 08:00:00,407.55,369.0,67.0,3.0,252.0,1.0,59.0,5.0
21321,2021-06-07 09:00:00,422.11,403.0,68.0,3.0,253.0,1.0,59.0,5.0
21322,2021-06-07 10:00:00,432.23,402.0,66.0,3.0,234.0,1.0,59.0,5.0
21323,2021-06-07 11:00:00,429.27,376.0,68.0,3.0,221.0,1.0,57.0,5.0
21324,2021-06-07 12:00:00,438.03,385.0,68.0,3.0,212.0,2.0,57.0,5.0
21325,2021-06-07 13:00:00,396.6,295.0,68.0,3.0,192.0,16.0,57.0,5.0
21326,2021-06-07 14:00:00,458.66,377.0,67.0,3.0,151.0,25.0,57.0,5.0
21327,2021-06-07 15:00:00,510.25,400.0,67.0,3.0,89.0,28.0,58.0,5.0
21328,2021-06-07 16:00:00,570.87,399.0,66.0,3.0,36.0,14.0,56.0,5.0
21329,2021-06-07 17:00:00,602.22,401.0,67.0,3.0,14.0,9.0,53.0,5.0
21330,2021-06-07 18:00:00,614.83,399.0,65.0,3.0,5.0,8.0,52.0,5.0
21331,2021-06-07 19:00:00,618.55,400.0,65.0,3.0,0.0,12.0,50.0,5.0
21332,2021-06-07 20:00:00,624.61,399.0,64.0,3.0,0.0,11.0,46.0,5.0
21333,2021-06-07 21:00:00,627.87,393.0,64.0,3.0,0.0,8.0,45.0,5.0
21334,2021-06-07 22:00:00,622.75,371.0,65.0,3.0,0.0,8.0,44.0,5.0
21335,2021-06-07 23:00:00,624.45,368.0,65.0,3.0,0.0,8.0,42.0,5.0
21336,2021-06-08 00:00:00,622.11,357.0,66.0,3.0,0.0,7.0,42.0,5.0
21337,2021-06-08 01:00:00,624.53,384.0,66.0,3.0,2.0,8.0,43.0,5.0
21338,2021-06-08 02:00:00,625.36,388.0,64.0,3.0,10.0,2.0,42.0,5.0
21339,2021-06-08 03:00:00,607.92,389.0,64.0,3.0,23.0,0.0,46.0,5.0
21340,2021-06-08 04:00:00,560.64,388.0,65.0,3.0,59.0,1.0,53.0,5.0
21341,2021-06-08 05:00:00,506.53,391.0,68.0,3.0,115.0,1.0,59.0,5.0
21342,2021-06-08 06:00:00,465.79,392.0,67.0,3.0,172.0,1.0,59.0,5.0
21343,2021-06-08 07:00:00,438.39,394.0,68.0,3.0,216.0,1.0,60.0,5.0
21344,2021-06-08 08:00:00,424.86,393.0,68.0,3.0,241.0,1.0,58.0,5.0
21345,2021-06-08 09:00:00,423.16,394.0,67.0,3.0,245.0,1.0,58.0,5.0
21346,2021-06-08 10:00:00,429.19,394.0,68.0,3.0,236.0,1.0,56.0,5.0
21347,2021-06-08 11:00:00,438.7,392.0,68.0,3.0,217.0,3.0,55.0,5.0
21348,2021-06-08 12:00:00,456.72,397.0,68.0,3.0,192.0,0.0,57.0,5.0
21349,2021-06-08 13:00:00,484.02,400.0,68.0,3.0,152.0,1.0,57.0,5.0
21350,2021-06-08 14:00:00,513.67,395.0,68.0,3.0,111.0,1.0,56.0,5.0
21351,2021-06-08 15:00:00,555.0,402.0,68.0,3.0,65.0,1.0,57.0,5.0
21352,2021-06-08 16:00:00,585.02,399.0,66.0,3.0,32.0,6.0,54.0,5.0
21353,2021-06-08 17:00:00,595.45,400.0,67.0,3.0,17.0,12.0,53.0,5.0
21354,2021-06-08 18:00:00,598.0,394.0,67.0,3.0,6.0,20.0,52.0,5.0
21355,2021-06-08 19:00:00,615.05,393.0,66.0,3.0,1.0,9.0,53.0,5.0
21356,2021-06-08 20:00:00,614.77,392.0,66.0,3.0,0.0,11.0,52.0,5.0
21357,2021-06-08 21:00:00,613.02,369.0,66.0,3.0,0.0,7.0,52.0,5.0
21358,2021-06-08 22:00:00,617.63,374.0,67.0,3.0,0.0,5.0,51.0,5.0
21359,2021-06-08 23:00:00,618.72,356.0,67.0,3.0,0.0,3.0,48.0,5.0
21360,2021-06-09 00:00:00,615.92,368.0,67.0,3.0,0.0,4.0,52.0,5.0
21361,2021-06-09 01:00:00,613.89,372.0,66.0,3.0,2.0,4.0,53.0,5.0
21362,2021-06-09 02:00:00,613.11,386.0,66.0,3.0,10.0,1.0,52.0,5.0
21363,2021-06-09 03:00:00,606.32,392.0,49.0,3.0,24.0,1.0,52.0,5.0
21364,2021-06-09 04:00:00,562.46,390.0,47.0,3.0,62.0,1.0,55.0,5.0
21365,2021-06-09 05:00:00,508.28,392.0,47.0,3.0,122.0,1.0,56.0,5.0
21366,2021-06-09 06:00:00,456.72,375.0,49.0,3.0,182.0,1.0,55.0,5.0
21367,2021-06-09 07:00:00,434.54,399.0,48.0,3.0,233.0,1.0,56.0,4.0
21368,2021-06-09 08:00:00,422.19,396.0,48.0,2.0,253.0,1.0,56.0,3.0
21369,2021-06-09 09:00:00,420.64,395.0,48.0,2.0,255.0,1.0,56.0,3.0
21370,2021-06-09 10:00:00,421.87,392.0,51.0,2.0,251.0,1.0,55.0,3.0
21371,2021-06-09 11:00:00,427.86,396.0,55.0,2.0,244.0,1.0,54.0,3.0
21372,2021-06-09 12:00:00,440.62,394.0,53.0,2.0,219.0,1.0,56.0,3.0
21373,2021-06-09 13:00:00,449.27,389.0,56.0,2.0,202.0,1.0,55.0,3.0
21374,2021-06-09 14:00:00,471.65,350.0,55.0,2.0,145.0,1.0,55.0,4.0
21375,2021-06-09 15:00:00,487.09,279.0,55.0,2.0,86.0,0.0,56.0,5.0
21376,2021-06-09 16:00:00,521.63,258.0,53.0,2.0,39.0,7.0,55.0,5.0
21377,2021-06-09 17:00:00,554.89,261.0,53.0,3.0,16.0,5.0,55.0,5.0
21378,2021-06-09 18:00:00,568.2,259.0,53.0,3.0,6.0,4.0,56.0,5.0
21379,2021-06-09 19:00:00,581.4,268.0,53.0,3.0,1.0,5.0,54.0,5.0
21380,2021-06-09 20:00:00,580.94,267.0,53.0,3.0,0.0,6.0,54.0,5.0
21381,2021-06-09 21:00:00,585.92,268.0,53.0,3.0,0.0,5.0,52.0,5.0
21382,2021-06-09 22:00:00,588.15,273.0,53.0,3.0,0.0,4.0,53.0,5.0
21383,2021-06-09 23:00:00,593.88,278.0,52.0,3.0,0.0,6.0,49.0,5.0
21384,2021-06-10 00:00:00,595.61,298.0,53.0,3.0,0.0,7.0,52.0,5.0
21385,2021-06-10 01:00:00,589.8,308.0,53.0,3.0,2.0,11.0,53.0,5.0
21386,2021-06-10 02:00:00,579.5,310.0,54.0,3.0,10.0,11.0,53.0,5.0
21387,2021-06-10 03:00:00,597.58,384.0,53.0,3.0,23.0,4.0,54.0,5.0
21388,2021-06-10 04:00:00,566.57,411.0,53.0,3.0,62.0,1.0,56.0,5.0
21389,2021-06-10 05:00:00,511.03,416.0,55.0,3.0,125.0,1.0,59.0,4.0
21390,2021-06-10 06:00:00,463.95,410.0,56.0,3.0,189.0,1.0,58.0,3.0
21391,2021-06-10 07:00:00,420.54,376.0,55.0,3.0,236.0,1.0,58.0,3.0
21392,2021-06-10 08:00:00,382.63,339.0,56.0,3.0,250.0,23.0,58.0,3.0
21393,2021-06-10 09:00:00,399.32,378.0,57.0,3.0,242.0,35.0,59.0,4.0
21394,2021-06-10 10:00:00,423.62,407.0,55.0,3.0,218.0,37.0,60.0,5.0
21395,2021-06-10 11:00:00,424.66,389.0,54.0,3.0,199.0,41.0,59.0,5.0
21396,2021-06-10 12:00:00,416.07,363.0,54.0,3.0,196.0,38.0,59.0,5.0
21397,2021-06-10 13:00:00,425.89,365.0,54.0,3.0,181.0,37.0,60.0,5.0
21398,2021-06-10 14:00:00,449.21,356.0,55.0,3.0,142.0,34.0,59.0,5.0
21399,2021-06-10 15:00:00,501.66,365.0,56.0,3.0,84.0,28.0,59.0,5.0
21400,2021-06-10 16:00:00,557.06,365.0,54.0,3.0,38.0,15.0,59.0,5.0
21401,2021-06-10 17:00:00,585.59,368.0,53.0,3.0,16.0,13.0,58.0,5.0
21402,2021-06-10 18:00:00,598.44,366.0,54.0,3.0,6.0,10.0,59.0,5.0
21403,2021-06-10 19:00:00,606.63,370.0,52.0,3.0,1.0,13.0,56.0,5.0
21404,2021-06-10 20:00:00,602.76,363.0,53.0,3.0,1.0,18.0,52.0,5.0
21405,2021-06-10 21:00:00,605.52,364.0,53.0,3.0,0.0,21.0,48.0,5.0
21406,2021-06-10 22:00:00,615.48,364.0,53.0,3.0,0.0,15.0,46.0,5.0
21407,2021-06-10 23:00:00,622.36,363.0,54.0,3.0,0.0,13.0,42.0,5.0
21408,2021-06-11 00:00:00,620.33,356.0,54.0,3.0,0.0,12.0,43.0,5.0
21409,2021-06-11 01:00:00,626.26,361.0,53.0,3.0,2.0,7.0,43.0,5.0
21410,2021-06-11 02:00:00,605.12,351.0,53.0,3.0,10.0,9.0,47.0,5.0
21411,2021-06-11 03:00:00,590.39,363.0,54.0,3.0,23.0,8.0,50.0,5.0
21412,2021-06-11 04:00:00,538.09,365.0,54.0,3.0,62.0,12.0,57.0,5.0
21413,2021-06-11 05:00:00,475.54,366.0,54.0,3.0,126.0,20.0,59.0,5.0
21414,2021-06-11 06:00:00,428.31,368.0,54.0,3.0,191.0,27.0,58.0,4.0
21415,2021-06-11 07:00:00,402.28,376.0,56.0,3.0,237.0,33.0,59.0,5.0
21416,2021-06-11 08:00:00,401.61,378.0,57.0,3.0,241.0,33.0,58.0,5.0
21417,2021-06-11 09:00:00,402.81,384.0,57.0,3.0,237.0,39.0,59.0,5.0
21418,2021-06-11 10:00:00,422.36,410.0,53.0,3.0,225.0,37.0,58.0,5.0
21419,2021-06-11 11:00:00,424.25,411.0,55.0,3.0,224.0,36.0,57.0,5.0
21420,2021-06-11 12:00:00,441.72,410.0,55.0,3.0,186.0,41.0,58.0,5.0
21421,2021-06-11 13:00:00,445.45,385.0,55.0,3.0,176.0,27.0,58.0,5.0
21422,2021-06-11 14:00:00,467.63,386.0,55.0,3.0,145.0,24.0,59.0,5.0
21423,2021-06-11 15:00:00,515.73,408.0,56.0,3.0,95.0,22.0,58.0,5.0
21424,2021-06-11 16:00:00,563.93,406.0,56.0,3.0,41.0,20.0,58.0,5.0
21425,2021-06-11 17:00:00,605.49,414.0,55.0,3.0,16.0,8.0,57.0,5.0
21426,2021-06-11 18:00:00,611.03,411.0,53.0,3.0,6.0,12.0,58.0,5.0
21427,2021-06-11 19:00:00,603.57,408.0,53.0,3.0,1.0,25.0,56.0,5.0
21428,2021-06-11 20:00:00,600.97,399.0,53.0,3.0,1.0,28.0,53.0,5.0
21429,2021-06-11 21:00:00,574.2,358.0,53.0,3.0,0.0,46.0,48.0,5.0
21430,2021-06-11 22:00:00,531.48,290.0,53.0,3.0,0.0,60.0,46.0,5.0
21431,2021-06-11 23:00:00,533.67,285.0,53.0,3.0,0.0,60.0,42.0,5.0
21432,2021-06-12 00:00:00,523.09,282.0,52.0,3.0,0.0,63.0,47.0,5.0
21433,2021-06-12 01:00:00,518.55,260.0,51.0,3.0,2.0,54.0,48.0,5.0
21434,2021-06-12 02:00:00,499.55,256.0,51.0,3.0,12.0,58.0,48.0,5.0
21435,2021-06-12 03:00:00,486.8,271.0,50.0,3.0,31.0,58.0,49.0,5.0
21436,2021-06-12 04:00:00,482.61,314.0,49.0,3.0,62.0,54.0,51.0,5.0
21437,2021-06-12 05:00:00,437.08,313.0,51.0,3.0,113.0,58.0,51.0,5.0
21438,2021-06-12 06:00:00,376.73,305.0,52.0,3.0,175.0,84.0,50.0,5.0
21439,2021-06-12 07:00:00,314.25,252.0,53.0,2.0,214.0,105.0,50.0,5.0
21440,2021-06-12 08:00:00,299.73,252.0,53.0,3.0,228.0,124.0,49.0,5.0
21441,2021-06-12 09:00:00,329.31,302.0,51.0,3.0,213.0,140.0,49.0,5.0
21442,2021-06-12 10:00:00,336.25,301.0,51.0,3.0,190.0,146.0,49.0,5.0
21443,2021-06-12 11:00:00,332.91,264.0,51.0,3.0,162.0,135.0,48.0,5.0
21444,2021-06-12 12:00:00,416.12,301.0,51.0,3.0,135.0,57.0,50.0,5.0
21445,2021-06-12 13:00:00,424.17,290.0,50.0,3.0,119.0,54.0,49.0,5.0
21446,2021-06-12 14:00:00,458.84,302.0,49.0,3.0,89.0,50.0,48.0,5.0
21447,2021-06-12 15:00:00,509.56,314.0,51.0,3.0,53.0,36.0,49.0,5.0
21448,2021-06-12 16:00:00,539.46,318.0,52.0,3.0,27.0,35.0,49.0,5.0
21449,2021-06-12 17:00:00,568.12,316.0,51.0,3.0,12.0,26.0,48.0,5.0
21450,2021-06-12 18:00:00,565.6,277.0,50.0,3.0,4.0,22.0,49.0,5.0
21451,2021-06-12 19:00:00,556.53,256.0,50.0,3.0,0.0,23.0,51.0,5.0
21452,2021-06-12 20:00:00,566.83,261.0,49.0,3.0,0.0,18.0,51.0,5.0
21453,2021-06-12 21:00:00,528.33,183.0,49.0,3.0,0.0,13.0,50.0,5.0
21454,2021-06-12 22:00:00,340.59,45.0,48.0,3.0,0.0,12.0,48.0,5.0
21455,2021-06-12 23:00:00,330.33,45.0,48.0,3.0,0.0,20.0,45.0,5.0
21456,2021-06-13 00:00:00,309.47,38.0,48.0,3.0,0.0,20.0,46.0,5.0
21457,2021-06-13 01:00:00,293.82,32.0,48.0,3.0,1.0,18.0,46.0,5.0
21458,2021-06-13 02:00:00,217.8,23.0,48.0,3.0,8.0,42.0,46.0,5.0
21459,2021-06-13 03:00:00,201.87,30.0,49.0,3.0,21.0,64.0,45.0,5.0
21460,2021-06-13 04:00:00,283.37,102.0,50.0,3.0,37.0,107.0,45.0,5.0
21461,2021-06-13 05:00:00,314.62,169.0,49.0,3.0,56.0,148.0,45.0,5.0
21462,2021-06-13 06:00:00,310.36,183.0,50.0,3.0,82.0,150.0,44.0,5.0
21463,2021-06-13 07:00:00,367.06,266.0,51.0,3.0,94.0,145.0,46.0,5.0
21464,2021-06-13 08:00:00,362.86,276.0,51.0,3.0,117.0,136.0,50.0,5.0
21465,2021-06-13 09:00:00,347.87,274.0,49.0,3.0,142.0,136.0,50.0,5.0
21466,2021-06-13 10:00:00,320.74,272.0,49.0,3.0,165.0,165.0,51.0,5.0
21467,2021-06-13 11:00:00,312.62,271.0,49.0,3.0,158.0,191.0,49.0,5.0
21468,2021-06-13 12:00:00,298.05,266.0,50.0,3.0,159.0,217.0,50.0,5.0
21469,2021-06-13 13:00:00,297.25,257.0,50.0,3.0,144.0,220.0,50.0,5.0
21470,2021-06-13 14:00:00,309.64,260.0,49.0,3.0,126.0,216.0,47.0,5.0
21471,2021-06-13 15:00:00,340.37,280.0,50.0,3.0,93.0,209.0,48.0,5.0
21472,2021-06-13 16:00:00,377.61,268.0,50.0,3.0,46.0,175.0,49.0,5.0
21473,2021-06-13 17:00:00,446.26,296.0,50.0,3.0,17.0,132.0,49.0,5.0
21474,2021-06-13 18:00:00,476.99,302.0,50.0,3.0,6.0,110.0,50.0,5.0
21475,2021-06-13 19:00:00,499.4,295.0,49.0,3.0,1.0,87.0,51.0,5.0
21476,2021-06-13 20:00:00,508.39,303.0,50.0,3.0,0.0,84.0,50.0,5.0
21477,2021-06-13 21:00:00,501.94,277.0,50.0,3.0,0.0,76.0,51.0,5.0
21478,2021-06-13 22:00:00,513.0,279.0,50.0,3.0,0.0,64.0,54.0,5.0
21479,2021-06-13 23:00:00,495.42,260.0,50.0,3.0,0.0,70.0,54.0,5.0
21480,2021-06-14 00:00:00,495.78,262.0,49.0,3.0,0.0,69.0,56.0,5.0
21481,2021-06-14 01:00:00,485.85,265.0,48.0,3.0,2.0,76.0,58.0,5.0
21482,2021-06-14 02:00:00,521.34,303.0,49.0,3.0,9.0,56.0,57.0,5.0
21483,2021-06-14 03:00:00,563.87,397.0,50.0,3.0,23.0,37.0,58.0,5.0
21484,2021-06-14 04:00:00,523.38,389.0,49.0,3.0,65.0,34.0,60.0,5.0
21485,2021-06-14 05:00:00,469.85,395.0,52.0,3.0,134.0,37.0,60.0,5.0
21486,2021-06-14 06:00:00,427.94,397.0,50.0,3.0,194.0,44.0,62.0,5.0
21487,2021-06-14 07:00:00,400.54,401.0,53.0,3.0,244.0,50.0,61.0,5.0
21488,2021-06-14 08:00:00,377.89,400.0,51.0,3.0,271.0,72.0,60.0,5.0
21489,2021-06-14 09:00:00,361.9,389.0,51.0,3.0,279.0,90.0,60.0,5.0
21490,2021-06-14 10:00:00,355.1,383.0,52.0,3.0,283.0,94.0,62.0,5.0
21491,2021-06-14 11:00:00,366.35,411.0,52.0,3.0,276.0,105.0,61.0,5.0
21492,2021-06-14 12:00:00,353.21,378.0,53.0,3.0,257.0,121.0,60.0,5.0
21493,2021-06-14 13:00:00,379.19,395.0,52.0,3.0,219.0,115.0,61.0,5.0
21494,2021-06-14 14:00:00,410.85,411.0,53.0,3.0,170.0,111.0,62.0,5.0
21495,2021-06-14 15:00:00,438.7,412.0,53.0,3.0,105.0,122.0,65.0,5.0
21496,2021-06-14 16:00:00,472.19,415.0,51.0,3.0,44.0,131.0,65.0,5.0
21497,2021-06-14 17:00:00,487.15,418.0,50.0,3.0,16.0,143.0,61.0,5.0
21498,2021-06-14 18:00:00,486.84,419.0,50.0,3.0,6.0,155.0,60.0,5.0
21499,2021-06-14 19:00:00,481.68,403.0,51.0,3.0,1.0,157.0,61.0,5.0
21500,2021-06-14 20:00:00,475.0,415.0,50.0,3.0,0.0,177.0,59.0,5.0
21501,2021-06-14 21:00:00,451.54,403.0,48.0,3.0,0.0,210.0,55.0,5.0
21502,2021-06-14 22:00:00,421.19,347.0,49.0,3.0,0.0,218.0,54.0,5.0
21503,2021-06-14 23:00:00,410.47,338.0,49.0,3.0,0.0,228.0,54.0,5.0
21504,2021-06-15 00:00:00,422.01,331.0,48.0,3.0,0.0,202.0,56.0,5.0
21505,2021-06-15 01:00:00,446.31,330.0,49.0,3.0,2.0,164.0,56.0,5.0
21506,2021-06-15 02:00:00,461.35,365.0,48.0,3.0,9.0,156.0,60.0,5.0
21507,2021-06-15 03:00:00,488.8,443.0,48.0,3.0,21.0,151.0,60.0,5.0
21508,2021-06-15 04:00:00,460.38,472.0,48.0,3.0,96.0,137.0,63.0,5.0
21509,2021-06-15 05:00:00,482.9,484.0,50.0,2.0,69.0,133.0,63.0,5.0
21510,2021-06-15 06:00:00,462.48,489.0,49.0,2.0,125.0,118.0,61.0,5.0
21511,2021-06-15 07:00:00,433.77,488.0,52.0,2.0,181.0,115.0,63.0,5.0
21512,2021-06-15 08:00:00,420.65,490.0,51.0,2.0,214.0,108.0,67.0,5.0
21513,2021-06-15 09:00:00,415.18,492.0,51.0,2.0,225.0,111.0,67.0,5.0
21514,2021-06-15 10:00:00,412.6,491.0,52.0,2.0,238.0,103.0,67.0,5.0
21515,2021-06-15 11:00:00,417.97,490.0,51.0,2.0,234.0,95.0,66.0,5.0
21516,2021-06-15 12:00:00,416.31,488.0,52.0,2.0,232.0,98.0,67.0,5.0
21517,2021-06-15 13:00:00,421.27,488.0,51.0,2.0,207.0,113.0,66.0,5.0
21518,2021-06-15 14:00:00,435.65,485.0,51.0,2.0,159.0,128.0,66.0,5.0
21519,2021-06-15 15:00:00,467.71,486.0,52.0,3.0,103.0,123.0,65.0,5.0
21520,2021-06-15 16:00:00,518.77,512.0,51.0,3.0,43.0,110.0,68.0,5.0
21521,2021-06-15 17:00:00,572.26,572.0,50.0,3.0,15.0,80.0,72.0,5.0
21522,2021-06-15 18:00:00,585.34,589.0,48.0,3.0,6.0,76.0,73.0,5.0
21523,2021-06-15 19:00:00,598.4,587.0,48.0,3.0,1.0,65.0,71.0,5.0
21524,2021-06-15 20:00:00,591.79,588.0,48.0,3.0,0.0,76.0,70.0,5.0
21525,2021-06-15 21:00:00,591.38,558.0,48.0,3.0,0.0,71.0,67.0,5.0
21526,2021-06-15 22:00:00,572.65,437.0,48.0,3.0,0.0,61.0,62.0,5.0
21527,2021-06-15 23:00:00,564.16,393.0,48.0,3.0,0.0,54.0,63.0,5.0
21528,2021-06-16 00:00:00,556.44,377.0,48.0,3.0,0.0,53.0,66.0,5.0
21529,2021-06-16 01:00:00,546.09,346.0,49.0,3.0,3.0,48.0,66.0,5.0
21530,2021-06-16 02:00:00,565.54,397.0,48.0,3.0,11.0,40.0,66.0,5.0
21531,2021-06-16 03:00:00,588.9,483.0,49.0,3.0,23.0,27.0,69.0,5.0
21532,2021-06-16 04:00:00,581.58,581.0,50.0,3.0,64.0,18.0,75.0,5.0
21533,2021-06-16 05:00:00,530.64,587.0,50.0,3.0,133.0,26.0,77.0,5.0
21534,2021-06-16 06:00:00,491.38,589.0,52.0,3.0,199.0,32.0,76.0,5.0
21535,2021-06-16 07:00:00,465.61,586.0,52.0,3.0,246.0,38.0,74.0,5.0
21536,2021-06-16 08:00:00,458.05,584.0,52.0,3.0,255.0,44.0,74.0,4.0
21537,2021-06-16 09:00:00,464.61,587.0,51.0,3.0,237.0,51.0,73.0,5.0
21538,2021-06-16 10:00:00,458.18,588.0,50.0,3.0,225.0,76.0,75.0,5.0
21539,2021-06-16 11:00:00,460.65,582.0,48.0,3.0,213.0,83.0,71.0,5.0
21540,2021-06-16 12:00:00,460.95,583.0,48.0,3.0,213.0,80.0,74.0,5.0
21541,2021-06-16 13:00:00,480.65,592.0,48.0,3.0,202.0,54.0,75.0,5.0
21542,2021-06-16 14:00:00,505.06,590.0,43.0,3.0,166.0,43.0,75.0,5.0
21543,2021-06-16 15:00:00,542.21,590.0,45.0,3.0,102.0,43.0,75.0,5.0
21544,2021-06-16 16:00:00,589.85,589.0,45.0,3.0,43.0,32.0,75.0,5.0
21545,2021-06-16 17:00:00,618.18,592.0,46.0,2.0,15.0,27.0,73.0,5.0
21546,2021-06-16 18:00:00,628.1,594.0,47.0,2.0,6.0,26.0,71.0,5.0
21547,2021-06-16 19:00:00,633.0,586.0,46.0,2.0,1.0,28.0,67.0,5.0
21548,2021-06-16 20:00:00,638.71,589.0,46.0,2.0,0.0,26.0,64.0,5.0
21549,2021-06-16 21:00:00,635.58,548.0,45.0,2.0,0.0,23.0,63.0,5.0
21550,2021-06-16 22:00:00,608.22,462.0,46.0,2.0,0.0,33.0,62.0,5.0
21551,2021-06-16 23:00:00,585.22,347.0,45.0,2.0,0.0,31.0,54.0,5.0
21552,2021-06-17 00:00:00,593.65,343.0,45.0,2.0,0.0,24.0,53.0,5.0
21553,2021-06-17 01:00:00,582.08,345.0,45.0,2.0,2.0,30.0,55.0,5.0
21554,2021-06-17 02:00:00,564.19,344.0,45.0,2.0,9.0,34.0,59.0,5.0
21555,2021-06-17 03:00:00,598.06,474.0,45.0,3.0,23.0,23.0,62.0,5.0
21556,2021-06-17 04:00:00,585.29,575.0,45.0,3.0,63.0,16.0,73.0,5.0
21557,2021-06-17 05:00:00,535.34,577.0,47.0,3.0,124.0,25.0,76.0,5.0
21558,2021-06-17 06:00:00,499.81,582.0,49.0,3.0,180.0,33.0,75.0,5.0
21559,2021-06-17 07:00:00,471.05,583.0,50.0,3.0,229.0,41.0,75.0,5.0
21560,2021-06-17 08:00:00,454.61,585.0,50.0,3.0,259.0,48.0,75.0,5.0
21561,2021-06-17 09:00:00,445.71,586.0,51.0,3.0,279.0,49.0,75.0,5.0
21562,2021-06-17 10:00:00,444.08,582.0,51.0,3.0,280.0,49.0,75.0,5.0
21563,2021-06-17 11:00:00,452.37,600.0,46.0,3.0,274.0,51.0,73.0,5.0
21564,2021-06-17 12:00:00,457.56,589.0,45.0,3.0,253.0,51.0,75.0,5.0
21565,2021-06-17 13:00:00,473.98,590.0,46.0,3.0,220.0,49.0,75.0,5.0
21566,2021-06-17 14:00:00,503.52,586.0,46.0,3.0,168.0,41.0,75.0,5.0
21567,2021-06-17 15:00:00,555.27,589.0,46.0,3.0,101.0,25.0,73.0,5.0
21568,2021-06-17 16:00:00,606.6,590.0,46.0,3.0,41.0,14.0,73.0,5.0
21569,2021-06-17 17:00:00,626.71,587.0,45.0,3.0,17.0,13.0,73.0,5.0
21570,2021-06-17 18:00:00,639.08,589.0,45.0,3.0,6.0,10.0,73.0,5.0
21571,2021-06-17 19:00:00,640.31,592.0,43.0,3.0,1.0,18.0,70.0,5.0
21572,2021-06-17 20:00:00,623.74,563.0,58.0,3.0,0.0,30.0,66.0,5.0
21573,2021-06-17 21:00:00,573.81,380.0,60.0,3.0,0.0,42.0,57.0,5.0
21574,2021-06-17 22:00:00,573.55,410.0,60.0,3.0,0.0,54.0,55.0,5.0
21575,2021-06-17 23:00:00,530.37,347.0,65.0,3.0,0.0,77.0,51.0,5.0
21576,2021-06-18 00:00:00,513.43,337.0,66.0,3.0,0.0,90.0,51.0,5.0
21577,2021-06-18 01:00:00,514.58,339.0,65.0,2.0,2.0,86.0,54.0,5.0
21578,2021-06-18 02:00:00,519.04,352.0,66.0,2.0,9.0,78.0,56.0,5.0
21579,2021-06-18 03:00:00,559.29,465.0,68.0,2.0,21.0,63.0,58.0,5.0
21580,2021-06-18 04:00:00,554.35,578.0,68.0,2.0,61.0,59.0,70.0,5.0
21581,2021-06-18 05:00:00,508.33,577.0,71.0,2.0,129.0,62.0,74.0,5.0
21582,2021-06-18 06:00:00,469.47,577.0,67.0,2.0,196.0,74.0,72.0,5.0
21583,2021-06-18 07:00:00,439.19,577.0,70.0,2.0,246.0,91.0,73.0,5.0
21584,2021-06-18 08:00:00,419.57,571.0,69.0,2.0,272.0,111.0,72.0,5.0
21585,2021-06-18 09:00:00,413.99,583.0,68.0,2.0,282.0,126.0,72.0,5.0
21586,2021-06-18 10:00:00,400.64,544.0,67.0,2.0,280.0,133.0,70.0,5.0
21587,2021-06-18 11:00:00,410.1,574.0,69.0,2.0,274.0,138.0,71.0,5.0
21588,2021-06-18 12:00:00,415.01,571.0,70.0,2.0,261.0,135.0,71.0,5.0
21589,2021-06-18 13:00:00,376.08,404.0,66.0,2.0,227.0,126.0,59.0,5.0
21590,2021-06-18 14:00:00,386.39,353.0,65.0,3.0,172.0,110.0,56.0,5.0
21591,2021-06-18 15:00:00,460.14,412.0,65.0,3.0,104.0,95.0,55.0,5.0
21592,2021-06-18 16:00:00,526.26,420.0,64.0,3.0,42.0,67.0,56.0,5.0
21593,2021-06-18 17:00:00,564.64,419.0,64.0,3.0,15.0,50.0,55.0,5.0
21594,2021-06-18 18:00:00,579.89,416.0,64.0,3.0,6.0,39.0,58.0,5.0
21595,2021-06-18 19:00:00,577.52,423.0,63.0,3.0,1.0,51.0,56.0,5.0
21596,2021-06-18 20:00:00,563.76,422.0,64.0,3.0,0.0,69.0,53.0,5.0
21597,2021-06-18 21:00:00,569.39,419.0,58.0,3.0,0.0,70.0,47.0,5.0
21598,2021-06-18 22:00:00,555.41,386.0,61.0,3.0,0.0,73.0,46.0,5.0
21599,2021-06-18 23:00:00,555.67,394.0,63.0,3.0,0.0,78.0,43.0,5.0
21600,2021-06-19 00:00:00,542.57,352.0,64.0,3.0,0.0,74.0,44.0,5.0
21601,2021-06-19 01:00:00,524.48,305.0,66.0,3.0,2.0,69.0,44.0,5.0
21602,2021-06-19 02:00:00,536.74,341.0,65.0,3.0,9.0,66.0,44.0,5.0
21603,2021-06-19 03:00:00,543.04,384.0,65.0,3.0,22.0,64.0,44.0,5.0
21604,2021-06-19 04:00:00,467.22,277.0,66.0,3.0,62.0,49.0,47.0,5.0
21605,2021-06-19 05:00:00,420.08,273.0,65.0,3.0,128.0,36.0,48.0,5.0
21606,2021-06-19 06:00:00,410.18,338.0,64.0,3.0,194.0,40.0,47.0,5.0
21607,2021-06-19 07:00:00,351.74,296.0,63.0,3.0,243.0,56.0,48.0,5.0
21608,2021-06-19 08:00:00,337.28,305.0,64.0,3.0,263.0,78.0,48.0,5.0
21609,2021-06-19 09:00:00,332.02,308.0,64.0,2.0,271.0,87.0,48.0,5.0
21610,2021-06-19 10:00:00,309.72,276.0,64.0,2.0,274.0,94.0,48.0,5.0
21611,2021-06-19 11:00:00,313.31,282.0,65.0,2.0,265.0,105.0,46.0,5.0
21612,2021-06-19 12:00:00,319.57,280.0,64.0,2.0,244.0,107.0,47.0,5.0
21613,2021-06-19 13:00:00,344.8,284.0,64.0,2.0,213.0,87.0,48.0,5.0
21614,2021-06-19 14:00:00,427.36,370.0,65.0,2.0,162.0,70.0,47.0,5.0
21615,2021-06-19 15:00:00,494.31,414.0,65.0,2.0,99.0,62.0,44.0,5.0
21616,2021-06-19 16:00:00,551.38,411.0,63.0,2.0,43.0,44.0,46.0,5.0
21617,2021-06-19 17:00:00,587.71,413.0,62.0,2.0,16.0,33.0,47.0,5.0
21618,2021-06-19 18:00:00,593.43,395.0,63.0,2.0,6.0,31.0,48.0,5.0
21619,2021-06-19 19:00:00,603.76,429.0,64.0,2.0,1.0,34.0,49.0,5.0
21620,2021-06-19 20:00:00,604.75,439.0,63.0,2.0,0.0,37.0,49.0,5.0
21621,2021-06-19 21:00:00,586.95,441.0,62.0,2.0,0.0,57.0,48.0,5.0
21622,2021-06-19 22:00:00,516.93,276.0,61.0,2.0,0.0,64.0,47.0,5.0
21623,2021-06-19 23:00:00,519.95,278.0,62.0,2.0,0.0,65.0,44.0,5.0
21624,2021-06-20 00:00:00,529.39,279.0,63.0,2.0,0.0,57.0,44.0,5.0
21625,2021-06-20 01:00:00,520.85,276.0,63.0,3.0,2.0,60.0,44.0,5.0
21626,2021-06-20 02:00:00,401.77,150.0,62.0,3.0,10.0,71.0,47.0,5.0
21627,2021-06-20 03:00:00,354.38,112.0,61.0,3.0,24.0,62.0,45.0,5.0
21628,2021-06-20 04:00:00,354.26,131.0,64.0,3.0,61.0,47.0,45.0,5.0
21629,2021-06-20 05:00:00,315.71,145.0,63.0,3.0,125.0,43.0,48.0,5.0
21630,2021-06-20 06:00:00,271.47,147.0,63.0,3.0,191.0,50.0,49.0,5.0
21631,2021-06-20 07:00:00,245.58,152.0,61.0,3.0,241.0,64.0,48.0,5.0
21632,2021-06-20 08:00:00,250.33,178.0,63.0,3.0,270.0,79.0,47.0,5.0
21633,2021-06-20 09:00:00,234.08,164.0,59.0,3.0,272.0,87.0,48.0,5.0
21634,2021-06-20 10:00:00,220.95,146.0,59.0,3.0,266.0,86.0,49.0,5.0
21635,2021-06-20 11:00:00,204.56,125.0,60.0,3.0,258.0,89.0,47.0,5.0
21636,2021-06-20 12:00:00,211.62,126.0,64.0,3.0,241.0,91.0,48.0,5.0
21637,2021-06-20 13:00:00,249.92,152.0,63.0,3.0,208.0,88.0,48.0,5.0
21638,2021-06-20 14:00:00,280.07,153.0,64.0,3.0,158.0,78.0,49.0,5.0
21639,2021-06-20 15:00:00,398.58,232.0,64.0,3.0,95.0,64.0,46.0,5.0
21640,2021-06-20 16:00:00,498.71,282.0,64.0,3.0,40.0,42.0,47.0,5.0
21641,2021-06-20 17:00:00,533.55,288.0,64.0,2.0,16.0,38.0,47.0,5.0
21642,2021-06-20 18:00:00,548.52,286.0,63.0,2.0,6.0,33.0,49.0,5.0
21643,2021-06-20 19:00:00,533.99,252.0,62.0,2.0,1.0,36.0,49.0,5.0
21644,2021-06-20 20:00:00,515.23,265.0,62.0,2.0,0.0,58.0,49.0,5.0
21645,2021-06-20 21:00:00,496.89,246.0,55.0,2.0,0.0,68.0,47.0,5.0
21646,2021-06-20 22:00:00,505.98,274.0,53.0,2.0,0.0,76.0,46.0,5.0
21647,2021-06-20 23:00:00,492.87,277.0,56.0,2.0,0.0,92.0,43.0,5.0
21648,2021-06-21 00:00:00,477.84,279.0,61.0,2.0,0.0,106.0,44.0,5.0
21649,2021-06-21 01:00:00,417.41,200.0,62.0,2.0,2.0,110.0,45.0,5.0
21650,2021-06-21 02:00:00,334.26,123.0,63.0,2.0,9.0,108.0,48.0,5.0
21651,2021-06-21 03:00:00,411.25,188.0,64.0,2.0,22.0,80.0,51.0,5.0
21652,2021-06-21 04:00:00,452.68,273.0,64.0,2.0,56.0,62.0,55.0,5.0
21653,2021-06-21 05:00:00,417.58,286.0,65.0,2.0,113.0,55.0,59.0,5.0
21654,2021-06-21 06:00:00,378.17,288.0,64.0,2.0,171.0,59.0,60.0,5.0
21655,2021-06-21 07:00:00,352.87,291.0,64.0,2.0,212.0,70.0,58.0,5.0
21656,2021-06-21 08:00:00,332.07,298.0,64.0,2.0,247.0,89.0,57.0,5.0
21657,2021-06-21 09:00:00,313.62,298.0,65.0,2.0,263.0,118.0,57.0,5.0
21658,2021-06-21 10:00:00,307.43,300.0,64.0,2.0,265.0,137.0,55.0,5.0
21659,2021-06-21 11:00:00,314.3,305.0,64.0,3.0,261.0,134.0,50.0,5.0
21660,2021-06-21 12:00:00,326.89,307.0,64.0,3.0,244.0,120.0,52.0,5.0
21661,2021-06-21 13:00:00,341.12,299.0,64.0,3.0,208.0,114.0,51.0,5.0
21662,2021-06-21 14:00:00,375.41,298.0,65.0,3.0,157.0,95.0,52.0,5.0
21663,2021-06-21 15:00:00,433.84,299.0,64.0,3.0,95.0,67.0,52.0,5.0
21664,2021-06-21 16:00:00,500.25,294.0,63.0,3.0,41.0,41.0,52.0,5.0
21665,2021-06-21 17:00:00,541.26,296.0,63.0,3.0,16.0,29.0,52.0,5.0
21666,2021-06-21 18:00:00,548.74,296.0,62.0,3.0,6.0,32.0,53.0,5.0
21667,2021-06-21 19:00:00,537.35,296.0,61.0,3.0,1.0,49.0,51.0,5.0
21668,2021-06-21 20:00:00,520.99,275.0,61.0,3.0,0.0,57.0,49.0,5.0
21669,2021-06-21 21:00:00,496.1,257.0,61.0,3.0,0.0,72.0,47.0,5.0
21670,2021-06-21 22:00:00,489.23,271.0,61.0,3.0,0.0,83.0,50.0,5.0
21671,2021-06-21 23:00:00,481.97,292.0,62.0,3.0,0.0,103.0,49.0,5.0
21672,2021-06-22 00:00:00,466.79,302.0,62.0,2.0,0.0,124.0,52.0,5.0
21673,2021-06-22 01:00:00,460.65,268.0,63.0,2.0,2.0,106.0,53.0,5.0
21674,2021-06-22 02:00:00,466.81,267.0,62.0,2.0,10.0,91.0,53.0,5.0
21675,2021-06-22 03:00:00,517.58,344.0,62.0,2.0,23.0,60.0,59.0,5.0
21676,2021-06-22 04:00:00,517.69,394.0,63.0,2.0,59.0,42.0,64.0,5.0
21677,2021-06-22 05:00:00,486.19,433.0,66.0,2.0,117.0,41.0,69.0,5.0
21678,2021-06-22 06:00:00,445.36,424.0,65.0,2.0,171.0,48.0,69.0,5.0
21679,2021-06-22 07:00:00,423.49,441.0,65.0,2.0,215.0,60.0,67.0,5.0
21680,2021-06-22 08:00:00,400.46,442.0,66.0,2.0,244.0,80.0,68.0,5.0
21681,2021-06-22 09:00:00,384.4,439.0,65.0,2.0,259.0,100.0,68.0,5.0
21682,2021-06-22 10:00:00,373.5,429.0,66.0,2.0,261.0,117.0,66.0,5.0
21683,2021-06-22 11:00:00,388.43,444.0,66.0,2.0,253.0,104.0,65.0,5.0
21684,2021-06-22 12:00:00,406.64,452.0,65.0,2.0,222.0,98.0,67.0,5.0
21685,2021-06-22 13:00:00,432.79,443.0,66.0,2.0,168.0,90.0,67.0,5.0
21686,2021-06-22 14:00:00,457.91,402.0,65.0,2.0,110.0,77.0,65.0,5.0
21687,2021-06-22 15:00:00,494.2,397.0,65.0,2.0,68.0,63.0,65.0,5.0
21688,2021-06-22 16:00:00,543.13,416.0,64.0,2.0,38.0,41.0,65.0,5.0
21689,2021-06-22 17:00:00,571.12,446.0,64.0,2.0,18.0,39.0,66.0,5.0
21690,2021-06-22 18:00:00,589.07,431.0,59.0,2.0,8.0,26.0,67.0,5.0
21691,2021-06-22 19:00:00,589.58,394.0,45.0,3.0,1.0,30.0,63.0,5.0
21692,2021-06-22 20:00:00,585.9,362.0,42.0,3.0,1.0,28.0,60.0,5.0
21693,2021-06-22 21:00:00,565.73,311.0,43.0,3.0,0.0,32.0,57.0,5.0
21694,2021-06-22 22:00:00,586.04,375.0,44.0,3.0,0.0,35.0,57.0,5.0
21695,2021-06-22 23:00:00,610.68,405.0,45.0,3.0,0.0,25.0,53.0,5.0
21696,2021-06-23 00:00:00,598.6,382.0,44.0,3.0,0.0,29.0,54.0,5.0
21697,2021-06-23 01:00:00,585.66,347.0,44.0,3.0,2.0,27.0,55.0,5.0
21698,2021-06-23 02:00:00,566.92,307.0,45.0,3.0,10.0,16.0,60.0,5.0
21699,2021-06-23 03:00:00,556.81,325.0,44.0,3.0,24.0,17.0,60.0,5.0
21700,2021-06-23 04:00:00,579.66,496.0,45.0,2.0,58.0,14.0,64.0,5.0
21701,2021-06-23 05:00:00,552.64,581.0,46.0,2.0,115.0,20.0,66.0,5.0
21702,2021-06-23 06:00:00,519.05,608.0,48.0,2.0,169.0,30.0,68.0,5.0
21703,2021-06-23 07:00:00,480.04,571.0,48.0,2.0,211.0,43.0,67.0,5.0
21704,2021-06-23 08:00:00,453.93,578.0,49.0,2.0,223.0,89.0,68.0,5.0
21705,2021-06-23 09:00:00,456.4,577.0,64.0,2.0,207.0,99.0,65.0,5.0
21706,2021-06-23 10:00:00,475.43,577.0,65.0,2.0,196.0,72.0,62.0,5.0
21707,2021-06-23 11:00:00,498.75,578.0,64.0,2.0,180.0,48.0,57.0,5.0
21708,2021-06-23 12:00:00,506.89,582.0,64.0,2.0,153.0,60.0,59.0,5.0
21709,2021-06-23 13:00:00,512.97,584.0,64.0,2.0,134.0,63.0,65.0,5.0
21710,2021-06-23 14:00:00,531.86,583.0,64.0,2.0,110.0,53.0,66.0,5.0
21711,2021-06-23 15:00:00,555.61,585.0,64.0,2.0,86.0,38.0,68.0,5.0
21712,2021-06-23 16:00:00,591.25,571.0,61.0,2.0,43.0,28.0,67.0,5.0
21713,2021-06-23 17:00:00,620.4,567.0,60.0,2.0,17.0,18.0,66.0,5.0
21714,2021-06-23 18:00:00,621.87,537.0,59.0,2.0,7.0,20.0,66.0,5.0
21715,2021-06-23 19:00:00,624.59,526.0,58.0,2.0,1.0,21.0,66.0,5.0
21716,2021-06-23 20:00:00,615.15,469.0,58.0,2.0,0.0,24.0,61.0,5.0
21717,2021-06-23 21:00:00,619.81,456.0,59.0,2.0,0.0,21.0,56.0,5.0
21718,2021-06-23 22:00:00,610.48,408.0,60.0,2.0,0.0,17.0,57.0,5.0
21719,2021-06-23 23:00:00,619.2,398.0,60.0,2.0,0.0,11.0,53.0,5.0
21720,2021-06-24 00:00:00,614.13,367.0,60.0,2.0,0.0,7.0,54.0,5.0
21721,2021-06-24 01:00:00,612.38,386.0,60.0,2.0,2.0,11.0,54.0,5.0
21722,2021-06-24 02:00:00,586.53,366.0,60.0,2.0,8.0,23.0,53.0,5.0
21723,2021-06-24 03:00:00,601.43,450.0,61.0,2.0,22.0,15.0,56.0,4.0
21724,2021-06-24 04:00:00,595.92,484.0,61.0,2.0,36.0,13.0,59.0,4.0
21725,2021-06-24 05:00:00,593.77,539.0,63.0,2.0,45.0,15.0,65.0,5.0
21726,2021-06-24 06:00:00,581.88,539.0,63.0,2.0,57.0,16.0,67.0,5.0
21727,2021-06-24 07:00:00,551.62,537.0,64.0,2.0,87.0,27.0,66.0,5.0
21728,2021-06-24 08:00:00,517.07,542.0,64.0,2.0,136.0,31.0,68.0,5.0
21729,2021-06-24 09:00:00,497.43,543.0,64.0,2.0,171.0,31.0,67.0,5.0
21730,2021-06-24 10:00:00,476.58,518.0,63.0,2.0,196.0,32.0,65.0,5.0
21731,2021-06-24 11:00:00,424.64,382.0,63.0,3.0,202.0,35.0,55.0,4.0
21732,2021-06-24 12:00:00,405.32,351.0,62.0,3.0,208.0,37.0,55.0,3.0
21733,2021-06-24 13:00:00,387.19,300.0,63.0,3.0,195.0,35.0,55.0,4.0
21734,2021-06-24 14:00:00,413.97,294.0,63.0,3.0,152.0,30.0,56.0,5.0
21735,2021-06-24 15:00:00,486.57,342.0,63.0,3.0,97.0,22.0,56.0,5.0
21736,2021-06-24 16:00:00,561.68,390.0,61.0,3.0,45.0,14.0,55.0,5.0
21737,2021-06-24 17:00:00,583.78,348.0,60.0,3.0,18.0,9.0,53.0,5.0
21738,2021-06-24 18:00:00,598.73,353.0,60.0,3.0,7.0,7.0,55.0,4.0
21739,2021-06-24 19:00:00,622.27,423.0,60.0,3.0,1.0,9.0,56.0,4.0
21740,2021-06-24 20:00:00,629.0,428.0,60.0,3.0,0.0,9.0,52.0,5.0
21741,2021-06-24 21:00:00,628.87,415.0,61.0,2.0,0.0,11.0,48.0,5.0
21742,2021-06-24 22:00:00,633.79,419.0,60.0,2.0,0.0,9.0,47.0,5.0
21743,2021-06-24 23:00:00,636.17,417.0,59.0,2.0,0.0,10.0,44.0,5.0
21744,2021-06-25 00:00:00,634.39,390.0,57.0,2.0,0.0,7.0,44.0,5.0
21745,2021-06-25 01:00:00,621.81,372.0,60.0,2.0,1.0,10.0,45.0,5.0
21746,2021-06-25 02:00:00,615.79,400.0,61.0,2.0,7.0,11.0,49.0,5.0
21747,2021-06-25 03:00:00,609.77,423.0,61.0,2.0,18.0,8.0,52.0,4.0
21748,2021-06-25 04:00:00,585.91,428.0,60.0,2.0,39.0,11.0,53.0,3.0
21749,2021-06-25 05:00:00,545.37,427.0,63.0,2.0,77.0,15.0,54.0,4.0
21750,2021-06-25 06:00:00,504.03,424.0,63.0,2.0,134.0,20.0,43.0,3.0
21751,2021-06-25 07:00:00,418.41,315.0,63.0,2.0,184.0,25.0,40.0,3.0
21752,2021-06-25 08:00:00,359.59,248.0,64.0,2.0,210.0,29.0,40.0,5.0
21753,2021-06-25 09:00:00,367.04,250.0,64.0,2.0,199.0,30.0,40.0,5.0
21754,2021-06-25 10:00:00,399.66,279.0,64.0,2.0,172.0,30.0,45.0,5.0
21755,2021-06-25 11:00:00,420.9,268.0,64.0,2.0,130.0,22.0,56.0,5.0
21756,2021-06-25 12:00:00,465.11,305.0,64.0,2.0,104.0,18.0,57.0,3.0
21757,2021-06-25 13:00:00,464.82,277.0,63.0,2.0,89.0,15.0,58.0,4.0
21758,2021-06-25 14:00:00,476.02,300.0,62.0,2.0,89.0,18.0,57.0,4.0
21759,2021-06-25 15:00:00,497.15,313.0,63.0,2.0,67.0,23.0,58.0,4.0
21760,2021-06-25 16:00:00,555.59,325.0,62.0,2.0,28.0,12.0,57.0,4.0
21761,2021-06-25 17:00:00,579.38,321.0,61.0,2.0,13.0,6.0,57.0,4.0
21762,2021-06-25 18:00:00,594.03,332.0,60.0,2.0,4.0,6.0,58.0,4.0
21763,2021-06-25 19:00:00,620.22,406.0,60.0,2.0,1.0,7.0,57.0,4.0
21764,2021-06-25 20:00:00,617.57,409.0,60.0,2.0,0.0,13.0,55.0,4.0
21765,2021-06-25 21:00:00,604.11,338.0,62.0,2.0,0.0,11.0,50.0,4.0
21766,2021-06-25 22:00:00,578.67,280.0,63.0,2.0,0.0,10.0,53.0,4.0
21767,2021-06-25 23:00:00,577.62,286.0,62.0,2.0,0.0,12.0,54.0,4.0
21768,2021-06-26 00:00:00,576.14,290.0,63.0,2.0,0.0,11.0,57.0,4.0
21769,2021-06-26 01:00:00,569.47,290.0,63.0,2.0,1.0,15.0,57.0,4.0
21770,2021-06-26 02:00:00,558.76,292.0,63.0,2.0,10.0,15.0,57.0,4.0
21771,2021-06-26 03:00:00,539.39,280.0,63.0,2.0,23.0,12.0,58.0,4.0
21772,2021-06-26 04:00:00,450.42,192.0,62.0,2.0,47.0,13.0,60.0,4.0
21773,2021-06-26 05:00:00,421.24,209.0,62.0,2.0,80.0,20.0,60.0,4.0
21774,2021-06-26 06:00:00,347.4,183.0,62.0,2.0,134.0,29.0,59.0,4.0
21775,2021-06-26 07:00:00,312.61,175.0,61.0,3.0,168.0,35.0,59.0,4.0
21776,2021-06-26 08:00:00,258.82,134.0,62.0,3.0,182.0,46.0,60.0,4.0
21777,2021-06-26 09:00:00,236.84,119.0,63.0,3.0,192.0,50.0,59.0,4.0
21778,2021-06-26 10:00:00,238.09,122.0,63.0,3.0,189.0,58.0,58.0,4.0
21779,2021-06-26 11:00:00,227.57,121.0,62.0,3.0,202.0,67.0,56.0,4.0
21780,2021-06-26 12:00:00,219.94,122.0,63.0,3.0,211.0,77.0,58.0,4.0
21781,2021-06-26 13:00:00,226.81,121.0,64.0,3.0,194.0,75.0,59.0,4.0
21782,2021-06-26 14:00:00,250.62,119.0,65.0,3.0,154.0,62.0,59.0,4.0
21783,2021-06-26 15:00:00,309.83,135.0,64.0,3.0,97.0,53.0,59.0,4.0
21784,2021-06-26 16:00:00,371.82,139.0,62.0,3.0,45.0,40.0,59.0,4.0
21785,2021-06-26 17:00:00,480.75,204.0,62.0,3.0,19.0,25.0,58.0,4.0
21786,2021-06-26 18:00:00,533.33,251.0,62.0,2.0,8.0,19.0,59.0,4.0
21787,2021-06-26 19:00:00,559.98,276.0,61.0,2.0,1.0,16.0,59.0,4.0
21788,2021-06-26 20:00:00,561.93,282.0,60.0,2.0,0.0,22.0,55.0,4.0
21789,2021-06-26 21:00:00,561.14,285.0,59.0,2.0,0.0,29.0,50.0,4.0
21790,2021-06-26 22:00:00,556.08,278.0,60.0,2.0,0.0,30.0,50.0,4.0
21791,2021-06-26 23:00:00,565.37,276.0,61.0,2.0,0.0,26.0,46.0,4.0
21792,2021-06-27 00:00:00,573.22,277.0,60.0,2.0,0.0,20.0,47.0,4.0
21793,2021-06-27 01:00:00,540.33,227.0,62.0,2.0,2.0,22.0,47.0,4.0
21794,2021-06-27 02:00:00,525.54,227.0,63.0,2.0,10.0,24.0,47.0,4.0
21795,2021-06-27 03:00:00,509.33,227.0,63.0,2.0,25.0,20.0,48.0,4.0
21796,2021-06-27 04:00:00,515.45,281.0,63.0,2.0,53.0,13.0,48.0,4.0
21797,2021-06-27 05:00:00,468.93,279.0,62.0,2.0,91.0,19.0,49.0,4.0
21798,2021-06-27 06:00:00,407.5,267.0,61.0,2.0,144.0,26.0,55.0,4.0
21799,2021-06-27 07:00:00,371.46,262.0,62.0,2.0,185.0,28.0,61.0,4.0
21800,2021-06-27 08:00:00,342.53,230.0,62.0,2.0,194.0,31.0,61.0,4.0
21801,2021-06-27 09:00:00,375.49,282.0,62.0,2.0,199.0,29.0,60.0,4.0
21802,2021-06-27 10:00:00,368.2,288.0,61.0,2.0,210.0,36.0,61.0,4.0
21803,2021-06-27 11:00:00,343.49,238.0,61.0,2.0,197.0,39.0,58.0,4.0
21804,2021-06-27 12:00:00,364.8,262.0,61.0,2.0,183.0,42.0,60.0,4.0
21805,2021-06-27 13:00:00,340.21,218.0,60.0,2.0,167.0,47.0,61.0,4.0
21806,2021-06-27 14:00:00,400.89,269.0,61.0,2.0,133.0,43.0,60.0,4.0
21807,2021-06-27 15:00:00,438.81,268.0,60.0,2.0,86.0,41.0,59.0,4.0
21808,2021-06-27 16:00:00,486.71,279.0,60.0,3.0,47.0,34.0,59.0,4.0
21809,2021-06-27 17:00:00,530.35,282.0,61.0,3.0,19.0,24.0,58.0,4.0
21810,2021-06-27 18:00:00,537.84,281.0,62.0,3.0,7.0,26.0,61.0,4.0
21811,2021-06-27 19:00:00,526.25,268.0,62.0,3.0,1.0,39.0,58.0,4.0
21812,2021-06-27 20:00:00,530.0,279.0,61.0,3.0,0.0,46.0,54.0,4.0
21813,2021-06-27 21:00:00,520.64,278.0,63.0,3.0,0.0,55.0,52.0,4.0
21814,2021-06-27 22:00:00,518.76,276.0,62.0,3.0,0.0,53.0,55.0,4.0
21815,2021-06-27 23:00:00,525.42,277.0,61.0,3.0,0.0,49.0,54.0,4.0
21816,2021-06-28 00:00:00,528.92,276.0,63.0,3.0,0.0,40.0,59.0,4.0
21817,2021-06-28 01:00:00,538.19,272.0,62.0,3.0,2.0,29.0,59.0,4.0
21818,2021-06-28 02:00:00,541.61,273.0,61.0,2.0,10.0,21.0,58.0,4.0
21819,2021-06-28 03:00:00,527.18,260.0,61.0,2.0,22.0,15.0,58.0,4.0
21820,2021-06-28 04:00:00,519.77,319.0,62.0,2.0,55.0,15.0,58.0,4.0
21821,2021-06-28 05:00:00,447.54,289.0,63.0,2.0,109.0,26.0,55.0,4.0
21822,2021-06-28 06:00:00,405.37,305.0,63.0,2.0,164.0,39.0,58.0,4.0
21823,2021-06-28 07:00:00,385.36,304.0,63.0,2.0,188.0,47.0,58.0,4.0
21824,2021-06-28 08:00:00,369.0,295.0,63.0,2.0,200.0,55.0,58.0,4.0
21825,2021-06-28 09:00:00,359.44,295.0,63.0,2.0,207.0,66.0,58.0,4.0
21826,2021-06-28 10:00:00,369.61,315.0,63.0,2.0,206.0,69.0,58.0,4.0
21827,2021-06-28 11:00:00,406.9,364.0,61.0,2.0,189.0,65.0,56.0,4.0
21828,2021-06-28 12:00:00,444.68,422.0,62.0,2.0,166.0,65.0,57.0,4.0
21829,2021-06-28 13:00:00,464.84,426.0,61.0,2.0,136.0,64.0,57.0,4.0
21830,2021-06-28 14:00:00,480.93,421.0,61.0,2.0,105.0,68.0,56.0,4.0
21831,2021-06-28 15:00:00,507.26,428.0,62.0,2.0,75.0,64.0,56.0,4.0
21832,2021-06-28 16:00:00,540.59,427.0,62.0,2.0,41.0,53.0,58.0,4.0
21833,2021-06-28 17:00:00,573.1,427.0,60.0,2.0,19.0,40.0,57.0,4.0
21834,2021-06-28 18:00:00,583.65,427.0,60.0,2.0,7.0,39.0,59.0,4.0
21835,2021-06-28 19:00:00,598.22,424.0,59.0,2.0,1.0,34.0,55.0,4.0
21836,2021-06-28 20:00:00,604.62,426.0,60.0,2.0,0.0,32.0,52.0,4.0
21837,2021-06-28 21:00:00,605.26,426.0,61.0,2.0,0.0,34.0,49.0,4.0
21838,2021-06-28 22:00:00,596.3,425.0,62.0,2.0,0.0,39.0,52.0,4.0
21839,2021-06-28 23:00:00,590.32,424.0,61.0,2.0,0.0,44.0,53.0,4.0
21840,2021-06-29 00:00:00,587.29,423.0,63.0,2.0,0.0,45.0,54.0,4.0
21841,2021-06-29 01:00:00,593.91,413.0,62.0,2.0,1.0,34.0,55.0,4.0
21842,2021-06-29 02:00:00,597.51,422.0,62.0,2.0,8.0,25.0,56.0,4.0
21843,2021-06-29 03:00:00,587.47,427.0,63.0,2.0,22.0,24.0,54.0,4.0
21844,2021-06-29 04:00:00,560.21,413.0,63.0,2.0,47.0,23.0,54.0,4.0
21845,2021-06-29 05:00:00,516.98,400.0,65.0,2.0,83.0,30.0,55.0,4.0
21846,2021-06-29 06:00:00,483.78,402.0,65.0,2.0,125.0,33.0,55.0,4.0
21847,2021-06-29 07:00:00,465.73,415.0,64.0,2.0,158.0,35.0,55.0,4.0
21848,2021-06-29 08:00:00,444.73,424.0,64.0,2.0,186.0,46.0,57.0,4.0
21849,2021-06-29 09:00:00,425.58,421.0,63.0,2.0,212.0,53.0,57.0,4.0
21850,2021-06-29 10:00:00,413.41,421.0,62.0,2.0,230.0,60.0,56.0,4.0
21851,2021-06-29 11:00:00,404.73,421.0,61.0,3.0,239.0,68.0,56.0,4.0
21852,2021-06-29 12:00:00,403.63,423.0,62.0,3.0,236.0,73.0,58.0,4.0
21853,2021-06-29 13:00:00,416.85,421.0,63.0,3.0,208.0,71.0,59.0,4.0
21854,2021-06-29 14:00:00,445.29,424.0,64.0,3.0,164.0,65.0,58.0,4.0
21855,2021-06-29 15:00:00,488.25,425.0,63.0,3.0,104.0,56.0,59.0,4.0
21856,2021-06-29 16:00:00,537.64,424.0,63.0,3.0,45.0,50.0,58.0,4.0
21857,2021-06-29 17:00:00,572.15,425.0,61.0,3.0,16.0,42.0,57.0,4.0
21858,2021-06-29 18:00:00,593.61,420.0,60.0,3.0,6.0,30.0,56.0,4.0
21859,2021-06-29 19:00:00,595.1,423.0,61.0,3.0,1.0,36.0,54.0,4.0
21860,2021-06-29 20:00:00,593.42,418.0,59.0,2.0,0.0,43.0,50.0,4.0
21861,2021-06-29 21:00:00,593.52,417.0,58.0,2.0,0.0,43.0,50.0,4.0
21862,2021-06-29 22:00:00,582.36,417.0,58.0,2.0,0.0,51.0,53.0,4.0
21863,2021-06-29 23:00:00,584.69,416.0,59.0,2.0,0.0,47.0,54.0,4.0
21864,2021-06-30 00:00:00,582.99,417.0,59.0,2.0,0.0,48.0,55.0,4.0
21865,2021-06-30 01:00:00,593.6,419.0,46.0,2.0,2.0,40.0,56.0,4.0
21866,2021-06-30 02:00:00,595.62,421.0,45.0,2.0,9.0,32.0,56.0,4.0
21867,2021-06-30 03:00:00,593.11,420.0,48.0,2.0,22.0,20.0,56.0,4.0
21868,2021-06-30 04:00:00,560.12,419.0,49.0,2.0,59.0,14.0,58.0,4.0
21869,2021-06-30 05:00:00,498.22,423.0,50.0,2.0,126.0,23.0,59.0,4.0
21870,2021-06-30 06:00:00,452.42,431.0,50.0,2.0,193.0,31.0,59.0,4.0
21871,2021-06-30 07:00:00,421.68,431.0,51.0,2.0,242.0,38.0,59.0,4.0
21872,2021-06-30 08:00:00,411.53,433.0,52.0,2.0,258.0,44.0,59.0,4.0
21873,2021-06-30 09:00:00,417.96,433.0,51.0,2.0,246.0,44.0,58.0,4.0
21874,2021-06-30 10:00:00,414.96,428.0,50.0,2.0,246.0,46.0,58.0,4.0
21875,2021-06-30 11:00:00,422.17,428.0,51.0,2.0,235.0,45.0,56.0,5.0
21876,2021-06-30 12:00:00,432.09,425.0,50.0,2.0,218.0,40.0,57.0,5.0
21877,2021-06-30 13:00:00,447.32,413.0,47.0,2.0,189.0,34.0,57.0,5.0
21878,2021-06-30 14:00:00,477.05,416.0,48.0,2.0,150.0,28.0,57.0,5.0
21879,2021-06-30 15:00:00,527.79,418.0,48.0,2.0,92.0,18.0,58.0,5.0
21880,2021-06-30 16:00:00,585.48,424.0,47.0,2.0,41.0,10.0,56.0,5.0
21881,2021-06-30 17:00:00,610.53,424.0,47.0,2.0,16.0,11.0,56.0,5.0
21882,2021-06-30 18:00:00,602.27,387.0,47.0,2.0,5.0,19.0,57.0,5.0
21883,2021-06-30 19:00:00,611.85,429.0,47.0,2.0,1.0,28.0,54.0,5.0
21884,2021-06-30 20:00:00,596.23,426.0,47.0,2.0,0.0,46.0,51.0,5.0
21885,2021-06-30 21:00:00,593.78,426.0,48.0,2.0,0.0,48.0,51.0,5.0
21886,2021-06-30 22:00:00,588.5,415.0,48.0,2.0,0.0,46.0,55.0,5.0
21887,2021-06-30 23:00:00,574.8,420.0,43.0,2.0,0.0,63.0,55.0,5.0
21888,2021-07-01 00:00:00,571.04,406.0,38.0,2.0,0.0,63.0,56.0,5.0
21889,2021-07-01 01:00:00,562.66,379.0,41.0,2.0,2.0,58.0,57.0,5.0
21890,2021-07-01 02:00:00,551.81,371.0,40.0,2.0,9.0,59.0,57.0,5.0
21891,2021-07-01 03:00:00,562.33,415.0,38.0,2.0,22.0,53.0,56.0,5.0
21892,2021-07-01 04:00:00,536.57,418.0,40.0,2.0,58.0,43.0,59.0,5.0
21893,2021-07-01 05:00:00,487.12,419.0,40.0,2.0,122.0,42.0,60.0,5.0
21894,2021-07-01 06:00:00,438.5,416.0,42.0,2.0,187.0,50.0,61.0,5.0
21895,2021-07-01 07:00:00,407.59,415.0,42.0,2.0,237.0,58.0,60.0,5.0
21896,2021-07-01 08:00:00,399.24,417.0,41.0,2.0,257.0,57.0,60.0,5.0
21897,2021-07-01 09:00:00,399.54,420.0,42.0,2.0,249.0,68.0,59.0,5.0
21898,2021-07-01 10:00:00,404.47,419.0,40.0,2.0,242.0,67.0,56.0,5.0
21899,2021-07-01 11:00:00,398.07,422.0,27.0,3.0,248.0,77.0,56.0,5.0
21900,2021-07-01 12:00:00,396.64,423.0,26.0,3.0,242.0,87.0,56.0,5.0
21901,2021-07-01 13:00:00,412.5,422.0,24.0,3.0,218.0,79.0,55.0,5.0
21902,2021-07-01 14:00:00,447.47,421.0,20.0,3.0,164.0,70.0,55.0,5.0
21903,2021-07-01 15:00:00,487.68,419.0,16.0,3.0,99.0,74.0,55.0,5.0
21904,2021-07-01 16:00:00,532.01,419.0,13.0,3.0,42.0,75.0,56.0,5.0
21905,2021-07-01 17:00:00,567.2,421.0,12.0,3.0,17.0,64.0,55.0,5.0
21906,2021-07-01 18:00:00,587.88,422.0,12.0,3.0,6.0,54.0,56.0,5.0
21907,2021-07-01 19:00:00,591.51,420.0,12.0,2.0,1.0,57.0,55.0,5.0
21908,2021-07-01 20:00:00,572.17,418.0,12.0,2.0,0.0,80.0,51.0,5.0
21909,2021-07-01 21:00:00,570.5,416.0,12.0,2.0,0.0,83.0,49.0,5.0
21910,2021-07-01 22:00:00,568.77,400.0,13.0,2.0,0.0,75.0,53.0,5.0
21911,2021-07-01 23:00:00,565.67,400.0,13.0,2.0,0.0,78.0,53.0,5.0
21912,2021-07-02 00:00:00,565.37,405.0,13.0,2.0,0.0,78.0,55.0,4.0
21913,2021-07-02 01:00:00,546.7,346.0,13.0,2.0,2.0,71.0,56.0,4.0
21914,2021-07-02 02:00:00,577.07,401.0,17.0,2.0,9.0,53.0,57.0,4.0
21915,2021-07-02 03:00:00,576.56,406.0,20.0,2.0,23.0,41.0,56.0,4.0
21916,2021-07-02 04:00:00,560.21,416.0,22.0,2.0,59.0,23.0,57.0,4.0
21917,2021-07-02 05:00:00,510.57,419.0,23.0,2.0,112.0,27.0,58.0,5.0
21918,2021-07-02 06:00:00,465.91,423.0,24.0,2.0,166.0,38.0,57.0,4.0
21919,2021-07-02 07:00:00,429.24,423.0,24.0,2.0,205.0,60.0,57.0,4.0
21920,2021-07-02 08:00:00,420.5,419.0,23.0,2.0,203.0,76.0,56.0,4.0
21921,2021-07-02 09:00:00,415.88,423.0,23.0,2.0,200.0,90.0,57.0,4.0
21922,2021-07-02 10:00:00,407.79,422.0,23.0,2.0,213.0,92.0,57.0,4.0
21923,2021-07-02 11:00:00,395.8,423.0,23.0,2.0,223.0,109.0,56.0,5.0
21924,2021-07-02 12:00:00,401.53,423.0,23.0,2.0,221.0,103.0,52.0,5.0
21925,2021-07-02 13:00:00,412.39,424.0,23.0,2.0,206.0,98.0,51.0,5.0
21926,2021-07-02 14:00:00,436.68,424.0,21.0,2.0,164.0,94.0,52.0,4.0
21927,2021-07-02 15:00:00,474.55,416.0,24.0,2.0,101.0,90.0,53.0,5.0
21928,2021-07-02 16:00:00,540.73,420.0,21.0,2.0,43.0,66.0,53.0,5.0
21929,2021-07-02 17:00:00,587.91,422.0,20.0,2.0,16.0,46.0,52.0,5.0
21930,2021-07-02 18:00:00,608.13,424.0,22.0,2.0,6.0,37.0,52.0,5.0
21931,2021-07-02 19:00:00,607.23,423.0,21.0,2.0,1.0,41.0,54.0,4.0
21932,2021-07-02 20:00:00,592.81,422.0,21.0,2.0,0.0,55.0,54.0,4.0
21933,2021-07-02 21:00:00,583.21,395.0,21.0,2.0,0.0,52.0,58.0,4.0
21934,2021-07-02 22:00:00,590.72,402.0,27.0,2.0,0.0,44.0,59.0,4.0
21935,2021-07-02 23:00:00,586.14,402.0,33.0,2.0,0.0,49.0,56.0,4.0
21936,2021-07-03 00:00:00,578.96,403.0,36.0,2.0,0.0,54.0,57.0,4.0
21937,2021-07-03 01:00:00,566.86,385.0,41.0,2.0,2.0,56.0,57.0,4.0
21938,2021-07-03 02:00:00,550.73,334.0,46.0,2.0,10.0,42.0,58.0,4.0
21939,2021-07-03 03:00:00,553.62,349.0,46.0,2.0,25.0,30.0,58.0,4.0
21940,2021-07-03 04:00:00,555.83,419.0,45.0,2.0,60.0,18.0,59.0,4.0
21941,2021-07-03 05:00:00,502.87,425.0,45.0,2.0,123.0,22.0,59.0,4.0
21942,2021-07-03 06:00:00,448.01,411.0,48.0,2.0,185.0,34.0,58.0,4.0
21943,2021-07-03 07:00:00,416.37,424.0,49.0,2.0,239.0,47.0,58.0,4.0
21944,2021-07-03 08:00:00,397.03,425.0,49.0,2.0,270.0,57.0,58.0,4.0
21945,2021-07-03 09:00:00,390.99,423.0,48.0,2.0,280.0,60.0,57.0,5.0
21946,2021-07-03 10:00:00,383.1,424.0,48.0,2.0,284.0,76.0,56.0,5.0
21947,2021-07-03 11:00:00,379.27,416.0,48.0,2.0,278.0,84.0,55.0,5.0
21948,2021-07-03 12:00:00,365.01,383.0,48.0,2.0,263.0,97.0,56.0,5.0
21949,2021-07-03 13:00:00,363.21,359.0,48.0,2.0,235.0,101.0,58.0,5.0
21950,2021-07-03 14:00:00,401.05,359.0,45.0,2.0,177.0,84.0,57.0,5.0
21951,2021-07-03 15:00:00,461.55,358.0,44.0,2.0,109.0,56.0,57.0,5.0
21952,2021-07-03 16:00:00,540.31,399.0,43.0,2.0,45.0,46.0,56.0,5.0
21953,2021-07-03 17:00:00,587.09,404.0,43.0,2.0,16.0,32.0,53.0,4.0
21954,2021-07-03 18:00:00,602.06,420.0,44.0,2.0,6.0,32.0,53.0,5.0
21955,2021-07-03 19:00:00,590.65,403.0,44.0,2.0,1.0,44.0,52.0,4.0
21956,2021-07-03 20:00:00,600.13,407.0,45.0,2.0,0.0,44.0,45.0,4.0
21957,2021-07-03 21:00:00,608.64,400.0,44.0,2.0,0.0,45.0,35.0,4.0
21958,2021-07-03 22:00:00,563.68,360.0,45.0,2.0,0.0,71.0,37.0,4.0
21959,2021-07-03 23:00:00,568.45,375.0,47.0,2.0,0.0,70.0,38.0,4.0
21960,2021-07-04 00:00:00,571.01,354.0,46.0,2.0,0.0,58.0,41.0,4.0
21961,2021-07-04 01:00:00,591.8,394.0,45.0,2.0,2.0,50.0,41.0,4.0
21962,2021-07-04 02:00:00,571.13,328.0,44.0,2.0,8.0,41.0,42.0,4.0
21963,2021-07-04 03:00:00,579.87,337.0,46.0,2.0,20.0,25.0,41.0,4.0
21964,2021-07-04 04:00:00,564.32,381.0,47.0,2.0,59.0,13.0,42.0,4.0
21965,2021-07-04 05:00:00,508.71,411.0,46.0,2.0,129.0,18.0,42.0,4.0
21966,2021-07-04 06:00:00,454.67,407.0,45.0,2.0,197.0,26.0,41.0,4.0
21967,2021-07-04 07:00:00,418.57,403.0,45.0,2.0,245.0,36.0,42.0,4.0
21968,2021-07-04 08:00:00,409.29,413.0,47.0,2.0,264.0,45.0,40.0,4.0
21969,2021-07-04 09:00:00,402.85,414.0,46.0,2.0,266.0,58.0,39.0,4.0
21970,2021-07-04 10:00:00,388.37,413.0,45.0,2.0,267.0,87.0,39.0,4.0
21971,2021-07-04 11:00:00,381.7,409.0,45.0,2.0,267.0,99.0,38.0,4.0
21972,2021-07-04 12:00:00,384.0,399.0,46.0,2.0,251.0,99.0,39.0,4.0
21973,2021-07-04 13:00:00,403.66,399.0,47.0,2.0,217.0,93.0,38.0,4.0
21974,2021-07-04 14:00:00,439.5,403.0,45.0,2.0,161.0,87.0,38.0,4.0
21975,2021-07-04 15:00:00,488.89,417.0,45.0,2.0,99.0,82.0,38.0,4.0
21976,2021-07-04 16:00:00,547.37,418.0,45.0,2.0,43.0,66.0,37.0,4.0
21977,2021-07-04 17:00:00,592.36,417.0,45.0,2.0,15.0,48.0,36.0,4.0
21978,2021-07-04 18:00:00,594.53,415.0,46.0,2.0,6.0,52.0,38.0,4.0
21979,2021-07-04 19:00:00,588.39,421.0,45.0,2.0,1.0,66.0,37.0,4.0
21980,2021-07-04 20:00:00,596.76,430.0,46.0,2.0,0.0,62.0,36.0,4.0
21981,2021-07-04 21:00:00,577.58,424.0,47.0,2.0,0.0,80.0,35.0,4.0
21982,2021-07-04 22:00:00,583.65,432.0,45.0,2.0,0.0,75.0,37.0,4.0
21983,2021-07-04 23:00:00,586.78,436.0,45.0,2.0,0.0,72.0,38.0,4.0
21984,2021-07-05 00:00:00,583.03,441.0,46.0,2.0,0.0,74.0,41.0,4.0
21985,2021-07-05 01:00:00,599.74,452.0,46.0,2.0,2.0,58.0,41.0,4.0
21986,2021-07-05 02:00:00,590.49,419.0,46.0,2.0,8.0,52.0,41.0,4.0
21987,2021-07-05 03:00:00,616.02,529.0,46.0,2.0,20.0,42.0,41.0,4.0
21988,2021-07-05 04:00:00,618.12,567.0,47.0,2.0,43.0,25.0,41.0,4.0
21989,2021-07-05 05:00:00,588.71,584.0,48.0,2.0,84.0,26.0,40.0,4.0
21990,2021-07-05 06:00:00,548.36,591.0,47.0,2.0,137.0,34.0,40.0,4.0
21991,2021-07-05 07:00:00,505.92,589.0,46.0,2.0,193.0,49.0,40.0,4.0
21992,2021-07-05 08:00:00,483.11,588.0,46.0,2.0,230.0,55.0,40.0,4.0
21993,2021-07-05 09:00:00,492.71,595.0,46.0,2.0,220.0,51.0,39.0,4.0
21994,2021-07-05 10:00:00,506.72,595.0,48.0,2.0,192.0,54.0,37.0,4.0
21995,2021-07-05 11:00:00,508.51,593.0,47.0,2.0,181.0,63.0,35.0,4.0
21996,2021-07-05 12:00:00,512.81,591.0,48.0,2.0,164.0,71.0,35.0,4.0
21997,2021-07-05 13:00:00,523.57,595.0,48.0,2.0,139.0,78.0,36.0,4.0
21998,2021-07-05 14:00:00,540.17,596.0,47.0,2.0,113.0,77.0,36.0,4.0
21999,2021-07-05 15:00:00,569.66,565.0,48.0,2.0,76.0,57.0,37.0,4.0
22000,2021-07-05 16:00:00,618.58,593.0,48.0,2.0,40.0,37.0,37.0,4.0
22001,2021-07-05 17:00:00,644.91,591.0,47.0,2.0,18.0,29.0,36.0,4.0
22002,2021-07-05 18:00:00,649.67,587.0,47.0,2.0,6.0,33.0,38.0,4.0
22003,2021-07-05 19:00:00,644.52,575.0,46.0,2.0,1.0,41.0,39.0,4.0
22004,2021-07-05 20:00:00,629.41,577.0,47.0,2.0,0.0,59.0,39.0,4.0
22005,2021-07-05 21:00:00,591.49,454.0,46.0,2.0,0.0,71.0,39.0,4.0
22006,2021-07-05 22:00:00,517.75,290.0,46.0,2.0,0.0,82.0,39.0,4.0
22007,2021-07-05 23:00:00,490.48,238.0,46.0,2.0,0.0,81.0,37.0,3.0
22008,2021-07-06 00:00:00,505.5,266.0,46.0,2.0,0.0,82.0,38.0,3.0
22009,2021-07-06 01:00:00,549.48,346.0,45.0,2.0,2.0,76.0,38.0,3.0
22010,2021-07-06 02:00:00,537.57,350.0,45.0,2.0,10.0,81.0,38.0,3.0
22011,2021-07-06 03:00:00,557.84,415.0,46.0,2.0,26.0,69.0,38.0,3.0
22012,2021-07-06 04:00:00,551.51,417.0,45.0,2.0,58.0,43.0,40.0,4.0
22013,2021-07-06 05:00:00,528.07,429.0,46.0,2.0,102.0,31.0,40.0,4.0
22014,2021-07-06 06:00:00,495.87,430.0,46.0,2.0,141.0,35.0,40.0,4.0
22015,2021-07-06 07:00:00,469.79,435.0,50.0,2.0,175.0,42.0,40.0,4.0
22016,2021-07-06 08:00:00,437.38,434.0,48.0,2.0,209.0,63.0,40.0,4.0
22017,2021-07-06 09:00:00,430.71,435.0,49.0,2.0,212.0,75.0,38.0,4.0
22018,2021-07-06 10:00:00,427.56,435.0,49.0,2.0,213.0,81.0,37.0,4.0
22019,2021-07-06 11:00:00,425.47,434.0,51.0,2.0,206.0,91.0,37.0,4.0
22020,2021-07-06 12:00:00,438.59,432.0,50.0,2.0,187.0,85.0,36.0,4.0
22021,2021-07-06 13:00:00,465.27,433.0,50.0,2.0,159.0,67.0,37.0,4.0
22022,2021-07-06 14:00:00,487.65,433.0,52.0,2.0,121.0,70.0,37.0,4.0
22023,2021-07-06 15:00:00,536.03,432.0,51.0,2.0,78.0,48.0,37.0,4.0
22024,2021-07-06 16:00:00,585.95,428.0,49.0,2.0,37.0,33.0,37.0,4.0
22025,2021-07-06 17:00:00,625.59,426.0,47.0,2.0,16.0,18.0,36.0,4.0
22026,2021-07-06 18:00:00,628.12,427.0,47.0,2.0,5.0,26.0,37.0,4.0
22027,2021-07-06 19:00:00,615.06,426.0,48.0,2.0,1.0,40.0,38.0,4.0
22028,2021-07-06 20:00:00,607.84,425.0,49.0,2.0,0.0,47.0,38.0,4.0
22029,2021-07-06 21:00:00,600.99,421.0,50.0,2.0,0.0,52.0,38.0,4.0
22030,2021-07-06 22:00:00,604.41,397.0,49.0,2.0,0.0,43.0,38.0,4.0
22031,2021-07-06 23:00:00,601.92,381.0,49.0,2.0,0.0,43.0,36.0,4.0
22032,2021-07-07 00:00:00,592.16,370.0,50.0,2.0,0.0,47.0,37.0,4.0
22033,2021-07-07 01:00:00,602.58,364.0,49.0,2.0,1.0,37.0,36.0,4.0
22034,2021-07-07 02:00:00,592.33,348.0,49.0,2.0,8.0,33.0,37.0,4.0
22035,2021-07-07 03:00:00,608.39,411.0,49.0,2.0,21.0,22.0,38.0,4.0
22036,2021-07-07 04:00:00,610.09,523.0,49.0,2.0,53.0,15.0,39.0,4.0
22037,2021-07-07 05:00:00,564.38,563.0,50.0,2.0,113.0,21.0,42.0,4.0
22038,2021-07-07 06:00:00,526.47,592.0,47.0,2.0,175.0,31.0,41.0,4.0
22039,2021-07-07 07:00:00,504.52,592.0,50.0,2.0,207.0,39.0,39.0,4.0
22040,2021-07-07 08:00:00,494.99,593.0,52.0,2.0,216.0,49.0,38.0,4.0
22041,2021-07-07 09:00:00,486.16,592.0,51.0,2.0,225.0,57.0,38.0,4.0
22042,2021-07-07 10:00:00,486.44,593.0,51.0,2.0,222.0,61.0,37.0,4.0
22043,2021-07-07 11:00:00,484.3,596.0,51.0,2.0,222.0,68.0,36.0,4.0
22044,2021-07-07 12:00:00,487.39,595.0,52.0,2.0,212.0,70.0,37.0,4.0
22045,2021-07-07 13:00:00,503.13,595.0,51.0,2.0,191.0,61.0,37.0,5.0
22046,2021-07-07 14:00:00,536.32,590.0,53.0,2.0,142.0,49.0,37.0,5.0
22047,2021-07-07 15:00:00,583.55,589.0,52.0,2.0,81.0,39.0,37.0,5.0
22048,2021-07-07 16:00:00,625.91,594.0,51.0,2.0,41.0,27.0,36.0,5.0
22049,2021-07-07 17:00:00,650.36,594.0,50.0,2.0,19.0,22.0,35.0,5.0
22050,2021-07-07 18:00:00,664.33,579.0,49.0,2.0,6.0,18.0,35.0,5.0
22051,2021-07-07 19:00:00,650.71,507.0,50.0,2.0,1.0,23.0,37.0,5.0
22052,2021-07-07 20:00:00,634.6,444.0,51.0,2.0,0.0,26.0,38.0,5.0
22053,2021-07-07 21:00:00,630.72,464.0,50.0,2.0,0.0,34.0,38.0,5.0
22054,2021-07-07 22:00:00,598.27,419.0,50.0,2.0,0.0,54.0,38.0,5.0
22055,2021-07-07 23:00:00,579.89,419.0,50.0,2.0,0.0,74.0,36.0,5.0
22056,2021-07-08 00:00:00,563.48,393.0,50.0,2.0,0.0,83.0,35.0,5.0
22057,2021-07-08 01:00:00,565.59,373.0,50.0,2.0,1.0,72.0,36.0,5.0
22058,2021-07-08 02:00:00,575.89,375.0,50.0,2.0,8.0,57.0,35.0,5.0
22059,2021-07-08 03:00:00,566.47,351.0,49.0,2.0,20.0,45.0,36.0,5.0
22060,2021-07-08 04:00:00,562.27,417.0,49.0,2.0,52.0,38.0,38.0,5.0
22061,2021-07-08 05:00:00,558.59,541.0,51.0,2.0,103.0,36.0,37.0,5.0
22062,2021-07-08 06:00:00,544.06,598.0,52.0,2.0,144.0,38.0,37.0,5.0
22063,2021-07-08 07:00:00,517.52,600.0,48.0,2.0,177.0,51.0,38.0,5.0
22064,2021-07-08 08:00:00,509.76,602.0,48.0,2.0,182.0,63.0,36.0,5.0
22065,2021-07-08 09:00:00,520.84,601.0,50.0,2.0,162.0,61.0,37.0,5.0
22066,2021-07-08 10:00:00,518.85,602.0,50.0,2.0,161.0,67.0,36.0,5.0
22067,2021-07-08 11:00:00,538.61,600.0,51.0,2.0,126.0,69.0,34.0,5.0
22068,2021-07-08 12:00:00,555.53,591.0,50.0,2.0,119.0,46.0,34.0,5.0
22069,2021-07-08 13:00:00,566.61,579.0,51.0,2.0,106.0,38.0,34.0,5.0
22070,2021-07-08 14:00:00,586.99,597.0,51.0,2.0,84.0,35.0,36.0,5.0
22071,2021-07-08 15:00:00,610.2,593.0,49.0,2.0,61.0,27.0,36.0,5.0
22072,2021-07-08 16:00:00,634.19,577.0,48.0,2.0,37.0,20.0,35.0,5.0
22073,2021-07-08 17:00:00,657.11,595.0,47.0,2.0,19.0,16.0,35.0,5.0
22074,2021-07-08 18:00:00,654.72,504.0,47.0,2.0,6.0,16.0,36.0,5.0
22075,2021-07-08 19:00:00,644.76,434.0,47.0,2.0,1.0,17.0,37.0,5.0
22076,2021-07-08 20:00:00,639.35,418.0,46.0,2.0,0.0,20.0,37.0,5.0
22077,2021-07-08 21:00:00,623.21,353.0,47.0,2.0,0.0,18.0,38.0,5.0
22078,2021-07-08 22:00:00,639.43,441.0,49.0,2.0,0.0,23.0,37.0,5.0
22079,2021-07-08 23:00:00,632.15,441.0,50.0,2.0,0.0,31.0,35.0,5.0
22080,2021-07-09 00:00:00,628.16,441.0,49.0,2.0,0.0,36.0,34.0,5.0
22081,2021-07-09 01:00:00,582.34,321.0,49.0,2.0,1.0,43.0,34.0,5.0
22082,2021-07-09 02:00:00,513.26,209.0,50.0,2.0,6.0,44.0,35.0,4.0
22083,2021-07-09 03:00:00,526.81,270.0,50.0,2.0,17.0,52.0,34.0,4.0
22084,2021-07-09 04:00:00,551.5,312.0,49.0,2.0,32.0,33.0,35.0,4.0
22085,2021-07-09 05:00:00,514.91,308.0,50.0,2.0,63.0,32.0,36.0,4.0
22086,2021-07-09 06:00:00,464.03,306.0,50.0,3.0,106.0,41.0,36.0,4.0
22087,2021-07-09 07:00:00,425.97,305.0,50.0,3.0,148.0,47.0,36.0,4.0
22088,2021-07-09 08:00:00,439.2,342.0,51.0,3.0,168.0,37.0,35.0,4.0
22089,2021-07-09 09:00:00,472.66,454.0,50.0,3.0,181.0,47.0,35.0,4.0
22090,2021-07-09 10:00:00,482.42,499.0,51.0,3.0,187.0,52.0,34.0,4.0
22091,2021-07-09 11:00:00,489.33,561.0,50.0,3.0,205.0,59.0,32.0,5.0
22092,2021-07-09 12:00:00,502.84,589.0,49.0,3.0,195.0,59.0,32.0,5.0
22093,2021-07-09 13:00:00,506.52,590.0,48.0,3.0,180.0,67.0,33.0,5.0
22094,2021-07-09 14:00:00,528.67,582.0,47.0,3.0,136.0,68.0,34.0,5.0
22095,2021-07-09 15:00:00,582.56,583.0,48.0,3.0,70.0,53.0,34.0,5.0
22096,2021-07-09 16:00:00,623.77,583.0,49.0,2.0,35.0,37.0,33.0,5.0
22097,2021-07-09 17:00:00,640.14,584.0,47.0,2.0,16.0,39.0,32.0,5.0
22098,2021-07-09 18:00:00,653.62,581.0,46.0,2.0,5.0,34.0,33.0,5.0
22099,2021-07-09 19:00:00,624.01,542.0,46.0,2.0,0.0,64.0,33.0,5.0
22100,2021-07-09 20:00:00,581.48,426.0,46.0,2.0,0.0,77.0,35.0,5.0
22101,2021-07-09 21:00:00,573.18,412.0,46.0,2.0,0.0,81.0,35.0,5.0
22102,2021-07-09 22:00:00,578.84,411.0,46.0,2.0,0.0,75.0,35.0,5.0
22103,2021-07-09 23:00:00,585.35,419.0,46.0,2.0,0.0,73.0,33.0,5.0
22104,2021-07-10 00:00:00,580.36,363.0,45.0,2.0,0.0,62.0,32.0,5.0
22105,2021-07-10 01:00:00,562.09,316.0,45.0,2.0,1.0,61.0,32.0,5.0
22106,2021-07-10 02:00:00,525.41,263.0,47.0,2.0,7.0,63.0,32.0,5.0
22107,2021-07-10 03:00:00,516.29,267.0,48.0,2.0,21.0,58.0,32.0,5.0
22108,2021-07-10 04:00:00,533.28,353.0,47.0,2.0,54.0,47.0,33.0,4.0
22109,2021-07-10 05:00:00,507.51,413.0,48.0,2.0,116.0,40.0,35.0,4.0
22110,2021-07-10 06:00:00,469.28,423.0,47.0,2.0,180.0,38.0,33.0,4.0
22111,2021-07-10 07:00:00,417.79,414.0,49.0,2.0,233.0,70.0,30.0,4.0
22112,2021-07-10 08:00:00,395.38,420.0,49.0,2.0,269.0,88.0,27.0,4.0
22113,2021-07-10 09:00:00,404.03,421.0,48.0,2.0,258.0,82.0,27.0,5.0
22114,2021-07-10 10:00:00,411.27,422.0,48.0,2.0,245.0,81.0,27.0,5.0
22115,2021-07-10 11:00:00,416.49,421.0,46.0,2.0,240.0,77.0,25.0,5.0
22116,2021-07-10 12:00:00,427.35,421.0,48.0,2.0,221.0,77.0,23.0,5.0
22117,2021-07-10 13:00:00,449.56,423.0,48.0,2.0,195.0,65.0,23.0,5.0
22118,2021-07-10 14:00:00,479.33,417.0,49.0,2.0,153.0,56.0,23.0,5.0
22119,2021-07-10 15:00:00,538.11,409.0,48.0,2.0,91.0,37.0,24.0,5.0
22120,2021-07-10 16:00:00,602.21,405.0,49.0,2.0,40.0,21.0,24.0,5.0
22121,2021-07-10 17:00:00,635.93,418.0,48.0,2.0,16.0,17.0,26.0,5.0
22122,2021-07-10 18:00:00,637.36,419.0,48.0,2.0,5.0,24.0,29.0,5.0
22123,2021-07-10 19:00:00,634.97,419.0,48.0,2.0,0.0,31.0,29.0,5.0
22124,2021-07-10 20:00:00,622.45,418.0,47.0,2.0,0.0,40.0,31.0,4.0
22125,2021-07-10 21:00:00,613.99,416.0,47.0,2.0,0.0,47.0,31.0,4.0
22126,2021-07-10 22:00:00,582.12,390.0,47.0,2.0,0.0,68.0,32.0,4.0
22127,2021-07-10 23:00:00,604.6,397.0,46.0,2.0,0.0,53.0,29.0,4.0
22128,2021-07-11 00:00:00,615.16,406.0,46.0,2.0,0.0,46.0,29.0,4.0
22129,2021-07-11 01:00:00,584.07,323.0,47.0,2.0,1.0,47.0,30.0,4.0
22130,2021-07-11 02:00:00,532.44,245.0,46.0,2.0,8.0,51.0,30.0,4.0
22131,2021-07-11 03:00:00,512.01,235.0,48.0,2.0,22.0,47.0,30.0,4.0
22132,2021-07-11 04:00:00,468.96,234.0,48.0,2.0,52.0,49.0,33.0,4.0
22133,2021-07-11 05:00:00,473.36,326.0,47.0,2.0,102.0,51.0,33.0,4.0
22134,2021-07-11 06:00:00,463.26,402.0,47.0,2.0,153.0,62.0,32.0,4.0
22135,2021-07-11 07:00:00,436.87,403.0,48.0,2.0,186.0,71.0,33.0,4.0
22136,2021-07-11 08:00:00,423.32,408.0,47.0,2.0,212.0,72.0,34.0,4.0
22137,2021-07-11 09:00:00,423.15,420.0,46.0,2.0,217.0,77.0,34.0,4.0
22138,2021-07-11 10:00:00,419.35,416.0,46.0,2.0,224.0,74.0,34.0,4.0
22139,2021-07-11 11:00:00,433.21,419.0,46.0,2.0,218.0,58.0,33.0,5.0
22140,2021-07-11 12:00:00,432.18,403.0,44.0,2.0,217.0,48.0,34.0,5.0
22141,2021-07-11 13:00:00,446.95,418.0,46.0,2.0,208.0,42.0,34.0,4.0
22142,2021-07-11 14:00:00,479.5,417.0,47.0,2.0,164.0,34.0,34.0,4.0
22143,2021-07-11 15:00:00,532.39,418.0,46.0,2.0,101.0,28.0,34.0,4.0
22144,2021-07-11 16:00:00,595.04,419.0,45.0,2.0,42.0,20.0,35.0,4.0
22145,2021-07-11 17:00:00,633.48,421.0,45.0,2.0,16.0,14.0,33.0,4.0
22146,2021-07-11 18:00:00,647.8,420.0,45.0,2.0,5.0,11.0,35.0,4.0
22147,2021-07-11 19:00:00,656.76,420.0,47.0,2.0,1.0,8.0,34.0,4.0
22148,2021-07-11 20:00:00,654.37,418.0,46.0,2.0,0.0,11.0,34.0,4.0
22149,2021-07-11 21:00:00,651.29,418.0,47.0,2.0,0.0,12.0,35.0,4.0
22150,2021-07-11 22:00:00,658.17,415.0,45.0,2.0,0.0,8.0,34.0,4.0
22151,2021-07-11 23:00:00,660.45,420.0,45.0,2.0,0.0,9.0,32.0,4.0
22152,2021-07-12 00:00:00,661.21,421.0,44.0,2.0,0.0,9.0,32.0,4.0
22153,2021-07-12 01:00:00,659.78,410.0,45.0,2.0,1.0,7.0,32.0,4.0
22154,2021-07-12 02:00:00,649.04,420.0,45.0,2.0,7.0,11.0,32.0,4.0
22155,2021-07-12 03:00:00,634.4,422.0,46.0,2.0,20.0,10.0,32.0,4.0
22156,2021-07-12 04:00:00,591.92,423.0,48.0,2.0,56.0,11.0,33.0,4.0
22157,2021-07-12 05:00:00,525.31,415.0,50.0,2.0,117.0,18.0,34.0,4.0
22158,2021-07-12 06:00:00,474.99,422.0,50.0,2.0,182.0,26.0,33.0,4.0
22159,2021-07-12 07:00:00,443.37,423.0,50.0,2.0,228.0,32.0,33.0,4.0
22160,2021-07-12 08:00:00,428.02,421.0,51.0,2.0,251.0,35.0,33.0,4.0
22161,2021-07-12 09:00:00,421.67,421.0,51.0,2.0,263.0,36.0,32.0,4.0
22162,2021-07-12 10:00:00,419.75,420.0,50.0,2.0,263.0,38.0,33.0,4.0
22163,2021-07-12 11:00:00,422.53,419.0,49.0,2.0,256.0,38.0,34.0,4.0
22164,2021-07-12 12:00:00,428.04,422.0,49.0,2.0,247.0,38.0,35.0,4.0
22165,2021-07-12 13:00:00,452.39,428.0,50.0,2.0,212.0,33.0,36.0,4.0
22166,2021-07-12 14:00:00,491.07,428.0,49.0,3.0,159.0,25.0,36.0,4.0
22167,2021-07-12 15:00:00,540.83,425.0,49.0,3.0,99.0,19.0,36.0,4.0
22168,2021-07-12 16:00:00,599.23,424.0,46.0,3.0,44.0,13.0,36.0,4.0
22169,2021-07-12 17:00:00,632.52,424.0,46.0,3.0,18.0,10.0,35.0,4.0
22170,2021-07-12 18:00:00,643.94,424.0,47.0,3.0,6.0,11.0,36.0,4.0
22171,2021-07-12 19:00:00,641.3,423.0,47.0,3.0,1.0,17.0,37.0,4.0
22172,2021-07-12 20:00:00,628.5,421.0,48.0,3.0,0.0,28.0,37.0,4.0
22173,2021-07-12 21:00:00,622.75,421.0,48.0,3.0,0.0,33.0,37.0,4.0
22174,2021-07-12 22:00:00,616.42,421.0,47.0,2.0,0.0,39.0,38.0,4.0
22175,2021-07-12 23:00:00,616.84,420.0,48.0,2.0,0.0,41.0,35.0,4.0
22176,2021-07-13 00:00:00,620.73,422.0,48.0,2.0,0.0,38.0,35.0,4.0
22177,2021-07-13 01:00:00,625.96,422.0,49.0,2.0,1.0,32.0,35.0,4.0
22178,2021-07-13 02:00:00,626.68,423.0,48.0,2.0,8.0,25.0,35.0,4.0
22179,2021-07-13 03:00:00,611.85,418.0,48.0,2.0,20.0,25.0,35.0,4.0
22180,2021-07-13 04:00:00,586.39,424.0,50.0,2.0,46.0,22.0,37.0,4.0
22181,2021-07-13 05:00:00,551.7,421.0,52.0,2.0,82.0,20.0,38.0,4.0
22182,2021-07-13 06:00:00,520.33,429.0,52.0,2.0,120.0,23.0,38.0,4.0
22183,2021-07-13 07:00:00,507.42,429.0,52.0,2.0,136.0,24.0,38.0,4.0
22184,2021-07-13 08:00:00,480.11,430.0,50.0,2.0,169.0,31.0,38.0,4.0
22185,2021-07-13 09:00:00,453.68,430.0,51.0,2.0,204.0,38.0,38.0,4.0
22186,2021-07-13 10:00:00,442.36,418.0,51.0,2.0,220.0,37.0,34.0,4.0
22187,2021-07-13 11:00:00,449.67,423.0,51.0,2.0,212.0,37.0,33.0,4.0
22188,2021-07-13 12:00:00,476.31,430.0,49.0,2.0,176.0,34.0,34.0,4.0
22189,2021-07-13 13:00:00,497.99,420.0,49.0,2.0,140.0,33.0,34.0,4.0
22190,2021-07-13 14:00:00,524.04,422.0,49.0,2.0,104.0,35.0,35.0,4.0
22191,2021-07-13 15:00:00,549.77,418.0,49.0,2.0,71.0,34.0,37.0,4.0
22192,2021-07-13 16:00:00,583.29,420.0,47.0,2.0,42.0,29.0,37.0,4.0
22193,2021-07-13 17:00:00,623.25,422.0,45.0,2.0,20.0,17.0,35.0,4.0
22194,2021-07-13 18:00:00,633.6,422.0,45.0,2.0,7.0,21.0,35.0,5.0
22195,2021-07-13 19:00:00,629.8,418.0,46.0,2.0,1.0,29.0,35.0,5.0
22196,2021-07-13 20:00:00,626.11,420.0,45.0,2.0,0.0,32.0,37.0,5.0
22197,2021-07-13 21:00:00,628.68,421.0,45.0,2.0,0.0,27.0,40.0,5.0
22198,2021-07-13 22:00:00,632.65,418.0,45.0,2.0,0.0,23.0,40.0,5.0
22199,2021-07-13 23:00:00,646.49,426.0,45.0,2.0,0.0,15.0,38.0,5.0
22200,2021-07-14 00:00:00,656.1,440.0,46.0,2.0,0.0,10.0,37.0,5.0
22201,2021-07-14 01:00:00,650.12,452.0,46.0,2.0,1.0,16.0,37.0,5.0
22202,2021-07-14 02:00:00,638.06,473.0,45.0,2.0,7.0,25.0,37.0,5.0
22203,2021-07-14 03:00:00,633.14,477.0,46.0,2.0,19.0,18.0,37.0,5.0
22204,2021-07-14 04:00:00,617.41,484.0,46.0,2.0,45.0,8.0,38.0,5.0
22205,2021-07-14 05:00:00,586.29,555.0,47.0,2.0,91.0,15.0,39.0,5.0
22206,2021-07-14 06:00:00,548.78,583.0,48.0,2.0,146.0,22.0,39.0,5.0
22207,2021-07-14 07:00:00,520.08,586.0,48.0,2.0,188.0,29.0,38.0,5.0
22208,2021-07-14 08:00:00,501.8,592.0,47.0,2.0,222.0,33.0,36.0,5.0
22209,2021-07-14 09:00:00,495.56,591.0,48.0,2.0,232.0,35.0,35.0,5.0
22210,2021-07-14 10:00:00,497.27,591.0,47.0,2.0,228.0,36.0,35.0,5.0
22211,2021-07-14 11:00:00,496.74,590.0,45.0,2.0,228.0,38.0,34.0,5.0
22212,2021-07-14 12:00:00,506.73,585.0,41.0,2.0,208.0,37.0,35.0,5.0
22213,2021-07-14 13:00:00,538.7,592.0,40.0,2.0,166.0,28.0,35.0,5.0
22214,2021-07-14 14:00:00,573.93,586.0,45.0,2.0,115.0,22.0,35.0,5.0
22215,2021-07-14 15:00:00,616.07,592.0,45.0,2.0,67.0,16.0,35.0,5.0
22216,2021-07-14 16:00:00,650.27,595.0,46.0,2.0,33.0,10.0,35.0,5.0
22217,2021-07-14 17:00:00,672.35,598.0,45.0,2.0,16.0,6.0,33.0,5.0
22218,2021-07-14 18:00:00,676.57,585.0,45.0,2.0,7.0,6.0,36.0,5.0
22219,2021-07-14 19:00:00,681.34,592.0,45.0,2.0,1.0,7.0,37.0,5.0
22220,2021-07-14 20:00:00,684.11,595.0,44.0,2.0,0.0,5.0,38.0,5.0
22221,2021-07-14 21:00:00,680.47,593.0,45.0,2.0,0.0,8.0,38.0,5.0
22222,2021-07-14 22:00:00,680.78,591.0,46.0,2.0,0.0,6.0,39.0,5.0
22223,2021-07-14 23:00:00,684.09,594.0,46.0,2.0,0.0,5.0,37.0,5.0
22224,2021-07-15 00:00:00,687.54,594.0,45.0,2.0,0.0,3.0,36.0,5.0
22225,2021-07-15 01:00:00,684.53,589.0,46.0,2.0,1.0,4.0,36.0,5.0
22226,2021-07-15 02:00:00,673.43,599.0,45.0,2.0,7.0,12.0,35.0,5.0
22227,2021-07-15 03:00:00,659.12,597.0,45.0,2.0,19.0,14.0,36.0,5.0
22228,2021-07-15 04:00:00,633.85,596.0,46.0,2.0,51.0,8.0,38.0,5.0
22229,2021-07-15 05:00:00,578.84,589.0,48.0,2.0,111.0,16.0,38.0,4.0
22230,2021-07-15 06:00:00,532.9,588.0,49.0,2.0,174.0,23.0,37.0,5.0
22231,2021-07-15 07:00:00,500.02,589.0,50.0,2.0,225.0,31.0,36.0,5.0
22232,2021-07-15 08:00:00,483.2,588.0,46.0,2.0,254.0,36.0,35.0,5.0
22233,2021-07-15 09:00:00,482.62,583.0,43.0,2.0,254.0,35.0,35.0,5.0
22234,2021-07-15 10:00:00,487.88,584.0,44.0,2.0,246.0,33.0,35.0,5.0
22235,2021-07-15 11:00:00,494.39,591.0,45.0,2.0,235.0,36.0,34.0,5.0
22236,2021-07-15 12:00:00,513.44,594.0,46.0,2.0,200.0,37.0,34.0,5.0
22237,2021-07-15 13:00:00,528.66,595.0,46.0,2.0,179.0,30.0,36.0,5.0
22238,2021-07-15 14:00:00,557.83,596.0,45.0,2.0,139.0,24.0,36.0,5.0
22239,2021-07-15 15:00:00,598.84,596.0,45.0,2.0,87.0,17.0,37.0,5.0
22240,2021-07-15 16:00:00,638.02,567.0,45.0,2.0,41.0,10.0,36.0,5.0
22241,2021-07-15 17:00:00,668.03,602.0,43.0,2.0,18.0,9.0,34.0,5.0
22242,2021-07-15 18:00:00,682.05,599.0,43.0,2.0,6.0,5.0,35.0,5.0
22243,2021-07-15 19:00:00,683.45,589.0,44.0,2.0,0.0,6.0,37.0,5.0
22244,2021-07-15 20:00:00,678.66,570.0,43.0,2.0,0.0,8.0,38.0,5.0
22245,2021-07-15 21:00:00,610.68,275.0,43.0,2.0,0.0,9.0,39.0,5.0
22246,2021-07-15 22:00:00,631.76,356.0,43.0,2.0,0.0,13.0,39.0,5.0
22247,2021-07-15 23:00:00,614.83,328.0,43.0,2.0,0.0,21.0,37.0,5.0
22248,2021-07-16 00:00:00,603.97,331.0,42.0,2.0,0.0,30.0,37.0,5.0
22249,2021-07-16 01:00:00,590.89,313.0,44.0,2.0,1.0,34.0,36.0,5.0
22250,2021-07-16 02:00:00,608.65,352.0,44.0,2.0,7.0,25.0,36.0,5.0
22251,2021-07-16 03:00:00,592.52,342.0,44.0,2.0,21.0,21.0,36.0,5.0
22252,2021-07-16 04:00:00,592.86,421.0,44.0,2.0,48.0,14.0,38.0,5.0
22253,2021-07-16 05:00:00,543.35,424.0,45.0,2.0,94.0,21.0,38.0,5.0
22254,2021-07-16 06:00:00,497.4,421.0,47.0,2.0,146.0,26.0,37.0,5.0
22255,2021-07-16 07:00:00,474.47,422.0,50.0,2.0,177.0,30.0,35.0,5.0
22256,2021-07-16 08:00:00,466.6,423.0,49.0,2.0,185.0,34.0,36.0,5.0
22257,2021-07-16 09:00:00,454.73,421.0,48.0,2.0,195.0,42.0,36.0,5.0
22258,2021-07-16 10:00:00,446.74,419.0,48.0,2.0,194.0,55.0,36.0,5.0
22259,2021-07-16 11:00:00,451.83,421.0,47.0,2.0,192.0,54.0,32.0,5.0
22260,2021-07-16 12:00:00,464.79,421.0,47.0,2.0,170.0,54.0,33.0,5.0
22261,2021-07-16 13:00:00,465.29,421.0,48.0,2.0,166.0,58.0,32.0,5.0
22262,2021-07-16 14:00:00,496.11,420.0,48.0,2.0,132.0,49.0,29.0,5.0
22263,2021-07-16 15:00:00,544.77,423.0,48.0,2.0,79.0,42.0,29.0,5.0
22264,2021-07-16 16:00:00,584.31,421.0,45.0,2.0,41.0,36.0,31.0,5.0
22265,2021-07-16 17:00:00,611.52,422.0,46.0,2.0,17.0,30.0,35.0,5.0
22266,2021-07-16 18:00:00,611.02,421.0,44.0,2.0,5.0,43.0,35.0,5.0
22267,2021-07-16 19:00:00,597.03,421.0,44.0,2.0,0.0,59.0,37.0,5.0
22268,2021-07-16 20:00:00,588.74,421.0,44.0,2.0,0.0,66.0,38.0,5.0
22269,2021-07-16 21:00:00,595.48,422.0,46.0,2.0,0.0,58.0,39.0,5.0
22270,2021-07-16 22:00:00,582.57,412.0,45.0,2.0,0.0,67.0,40.0,5.0
22271,2021-07-16 23:00:00,580.11,374.0,44.0,2.0,0.0,61.0,37.0,5.0
22272,2021-07-17 00:00:00,604.81,391.0,44.0,2.0,0.0,43.0,38.0,5.0
22273,2021-07-17 01:00:00,593.98,339.0,44.0,2.0,1.0,36.0,39.0,5.0
22274,2021-07-17 02:00:00,578.1,294.0,43.0,2.0,6.0,29.0,40.0,5.0
22275,2021-07-17 03:00:00,553.8,267.0,44.0,2.0,19.0,24.0,40.0,5.0
22276,2021-07-17 04:00:00,546.9,319.0,45.0,2.0,53.0,13.0,42.0,5.0
22277,2021-07-17 05:00:00,510.88,400.0,46.0,2.0,121.0,19.0,41.0,5.0
22278,2021-07-17 06:00:00,457.16,405.0,45.0,2.0,192.0,29.0,38.0,5.0
22279,2021-07-17 07:00:00,432.83,423.0,44.0,2.0,242.0,34.0,37.0,5.0
22280,2021-07-17 08:00:00,413.29,418.0,44.0,2.0,268.0,42.0,36.0,5.0
22281,2021-07-17 09:00:00,408.53,421.0,45.0,2.0,277.0,45.0,36.0,5.0
22282,2021-07-17 10:00:00,400.64,414.0,46.0,2.0,281.0,50.0,37.0,5.0
22283,2021-07-17 11:00:00,404.26,419.0,45.0,2.0,280.0,50.0,35.0,5.0
22284,2021-07-17 12:00:00,403.28,397.0,40.0,2.0,267.0,45.0,36.0,5.0
22285,2021-07-17 13:00:00,417.98,381.0,23.0,2.0,232.0,40.0,37.0,5.0
22286,2021-07-17 14:00:00,468.36,401.0,23.0,2.0,173.0,33.0,38.0,5.0
22287,2021-07-17 15:00:00,529.07,408.0,25.0,2.0,104.0,28.0,37.0,5.0
22288,2021-07-17 16:00:00,602.32,425.0,26.0,2.0,42.0,20.0,37.0,5.0
22289,2021-07-17 17:00:00,640.38,425.0,26.0,2.0,14.0,16.0,36.0,4.0
22290,2021-07-17 18:00:00,649.79,425.0,27.0,2.0,4.0,17.0,37.0,4.0
22291,2021-07-17 19:00:00,657.03,423.0,27.0,2.0,0.0,14.0,38.0,4.0
22292,2021-07-17 20:00:00,666.43,421.0,26.0,2.0,0.0,6.0,39.0,4.0
22293,2021-07-17 21:00:00,665.43,422.0,28.0,2.0,0.0,5.0,40.0,4.0
22294,2021-07-17 22:00:00,661.27,421.0,28.0,2.0,0.0,11.0,37.0,4.0
22295,2021-07-17 23:00:00,613.75,291.0,38.0,2.0,0.0,21.0,31.0,4.0
22296,2021-07-18 00:00:00,577.16,235.0,43.0,2.0,0.0,27.0,30.0,4.0
22297,2021-07-18 01:00:00,567.86,255.0,44.0,2.0,1.0,38.0,30.0,4.0
22298,2021-07-18 02:00:00,535.82,235.0,44.0,2.0,7.0,46.0,30.0,4.0
22299,2021-07-18 03:00:00,507.18,242.0,45.0,2.0,19.0,58.0,30.0,4.0
22300,2021-07-18 04:00:00,474.42,255.0,47.0,2.0,54.0,56.0,32.0,4.0
22301,2021-07-18 05:00:00,396.8,246.0,44.0,2.0,119.0,71.0,32.0,4.0
22302,2021-07-18 06:00:00,337.07,239.0,44.0,2.0,186.0,88.0,31.0,4.0
22303,2021-07-18 07:00:00,306.81,239.0,46.0,2.0,236.0,97.0,31.0,4.0
22304,2021-07-18 08:00:00,287.09,239.0,46.0,2.0,268.0,109.0,32.0,4.0
22305,2021-07-18 09:00:00,284.5,238.0,47.0,2.0,265.0,119.0,31.0,5.0
22306,2021-07-18 10:00:00,288.32,239.0,46.0,2.0,245.0,130.0,31.0,4.0
22307,2021-07-18 11:00:00,312.53,239.0,46.0,2.0,218.0,103.0,31.0,4.0
22308,2021-07-18 12:00:00,297.78,237.0,47.0,2.0,206.0,144.0,31.0,4.0
22309,2021-07-18 13:00:00,321.05,245.0,45.0,2.0,179.0,132.0,32.0,4.0
22310,2021-07-18 14:00:00,337.8,243.0,47.0,2.0,150.0,127.0,32.0,4.0
22311,2021-07-18 15:00:00,358.91,236.0,47.0,2.0,95.0,137.0,33.0,3.0
22312,2021-07-18 16:00:00,425.82,248.0,46.0,2.0,42.0,114.0,32.0,4.0
22313,2021-07-18 17:00:00,509.09,312.0,45.0,2.0,16.0,92.0,32.0,4.0
22314,2021-07-18 18:00:00,556.51,410.0,45.0,2.0,5.0,95.0,33.0,5.0
22315,2021-07-18 19:00:00,576.25,428.0,46.0,2.0,0.0,85.0,33.0,5.0
22316,2021-07-18 20:00:00,575.36,424.0,45.0,2.0,0.0,84.0,34.0,4.0
22317,2021-07-18 21:00:00,564.85,422.0,46.0,2.0,0.0,94.0,34.0,4.0
22318,2021-07-18 22:00:00,571.88,408.0,46.0,2.0,0.0,79.0,37.0,4.0
22319,2021-07-18 23:00:00,559.36,386.0,46.0,2.0,0.0,82.0,39.0,4.0
22320,2021-07-19 00:00:00,546.11,348.0,45.0,2.0,0.0,79.0,41.0,4.0
22321,2021-07-19 01:00:00,523.81,293.0,46.0,2.0,1.0,76.0,40.0,4.0
22322,2021-07-19 02:00:00,530.09,301.0,46.0,2.0,6.0,68.0,41.0,4.0
22323,2021-07-19 03:00:00,544.5,350.0,46.0,2.0,19.0,62.0,41.0,4.0
22324,2021-07-19 04:00:00,531.62,384.0,47.0,2.0,51.0,55.0,43.0,4.0
22325,2021-07-19 05:00:00,495.97,427.0,51.0,2.0,104.0,66.0,43.0,4.0
22326,2021-07-19 06:00:00,457.2,429.0,48.0,2.0,167.0,64.0,43.0,4.0
22327,2021-07-19 07:00:00,429.85,426.0,47.0,2.0,213.0,64.0,43.0,4.0
22328,2021-07-19 08:00:00,417.55,429.0,47.0,2.0,238.0,67.0,41.0,4.0
22329,2021-07-19 09:00:00,416.49,429.0,48.0,2.0,237.0,70.0,41.0,4.0
22330,2021-07-19 10:00:00,415.63,428.0,47.0,2.0,234.0,75.0,40.0,4.0
22331,2021-07-19 11:00:00,423.48,431.0,47.0,2.0,219.0,77.0,40.0,4.0
22332,2021-07-19 12:00:00,420.3,432.0,47.0,2.0,215.0,87.0,41.0,4.0
22333,2021-07-19 13:00:00,432.08,429.0,48.0,2.0,189.0,88.0,41.0,4.0
22334,2021-07-19 14:00:00,456.32,413.0,47.0,2.0,141.0,83.0,41.0,4.0
22335,2021-07-19 15:00:00,498.13,427.0,47.0,2.0,91.0,78.0,42.0,4.0
22336,2021-07-19 16:00:00,550.27,430.0,46.0,2.0,41.0,64.0,42.0,4.0
22337,2021-07-19 17:00:00,583.14,427.0,45.0,2.0,15.0,57.0,39.0,4.0
22338,2021-07-19 18:00:00,598.26,428.0,46.0,2.0,4.0,52.0,40.0,4.0
22339,2021-07-19 19:00:00,596.48,429.0,46.0,2.0,0.0,56.0,42.0,4.0
22340,2021-07-19 20:00:00,576.29,429.0,44.0,2.0,0.0,76.0,43.0,4.0
22341,2021-07-19 21:00:00,565.41,413.0,44.0,2.0,0.0,81.0,44.0,4.0
22342,2021-07-19 22:00:00,560.66,414.0,45.0,2.0,0.0,85.0,45.0,4.0
22343,2021-07-19 23:00:00,558.47,378.0,46.0,2.0,0.0,76.0,43.0,4.0
22344,2021-07-20 00:00:00,559.02,335.0,46.0,2.0,0.0,61.0,42.0,4.0
22345,2021-07-20 01:00:00,547.95,281.0,46.0,2.0,0.0,50.0,42.0,4.0
22346,2021-07-20 02:00:00,548.06,320.0,46.0,2.0,6.0,59.0,42.0,4.0
22347,2021-07-20 03:00:00,556.11,368.0,45.0,2.0,19.0,58.0,41.0,4.0
22348,2021-07-20 04:00:00,551.91,427.0,46.0,2.0,49.0,56.0,39.0,4.0
22349,2021-07-20 05:00:00,508.77,436.0,47.0,2.0,97.0,64.0,40.0,4.0
22350,2021-07-20 06:00:00,480.74,436.0,48.0,2.0,136.0,64.0,41.0,4.0
22351,2021-07-20 07:00:00,459.09,431.0,49.0,2.0,158.0,71.0,43.0,4.0
22352,2021-07-20 08:00:00,455.48,431.0,49.0,2.0,163.0,73.0,42.0,4.0
22353,2021-07-20 09:00:00,449.52,425.0,49.0,2.0,150.0,92.0,42.0,4.0
22354,2021-07-20 10:00:00,430.15,431.0,49.0,2.0,179.0,101.0,43.0,4.0
22355,2021-07-20 11:00:00,427.28,430.0,49.0,2.0,176.0,110.0,42.0,5.0
22356,2021-07-20 12:00:00,402.9,416.0,47.0,2.0,170.0,153.0,42.0,5.0
22357,2021-07-20 13:00:00,395.95,387.0,47.0,2.0,153.0,158.0,42.0,5.0
22358,2021-07-20 14:00:00,398.66,372.0,47.0,2.0,124.0,168.0,42.0,5.0
22359,2021-07-20 15:00:00,461.41,405.0,47.0,2.0,77.0,133.0,42.0,5.0
22360,2021-07-20 16:00:00,529.65,428.0,45.0,2.0,37.0,92.0,42.0,5.0
22361,2021-07-20 17:00:00,549.36,422.0,43.0,2.0,13.0,92.0,41.0,5.0
22362,2021-07-20 18:00:00,583.98,422.0,44.0,2.0,4.0,60.0,45.0,5.0
22363,2021-07-20 19:00:00,582.67,421.0,44.0,2.0,0.0,68.0,42.0,5.0
22364,2021-07-20 20:00:00,561.39,418.0,44.0,2.0,0.0,88.0,43.0,5.0
22365,2021-07-20 21:00:00,492.84,318.0,45.0,2.0,0.0,115.0,45.0,5.0
22366,2021-07-20 22:00:00,454.08,236.0,45.0,2.0,0.0,103.0,47.0,5.0
22367,2021-07-20 23:00:00,471.91,230.0,44.0,2.0,0.0,85.0,45.0,5.0
22368,2021-07-21 00:00:00,489.94,247.0,45.0,2.0,0.0,80.0,44.0,5.0
22369,2021-07-21 01:00:00,527.93,301.0,46.0,2.0,1.0,73.0,43.0,5.0
22370,2021-07-21 02:00:00,507.51,281.0,46.0,2.0,6.0,76.0,44.0,5.0
22371,2021-07-21 03:00:00,527.58,323.0,46.0,2.0,18.0,65.0,44.0,5.0
22372,2021-07-21 04:00:00,532.2,411.0,47.0,2.0,52.0,62.0,46.0,5.0
22373,2021-07-21 05:00:00,480.94,422.0,47.0,2.0,116.0,70.0,47.0,5.0
22374,2021-07-21 06:00:00,439.03,422.0,45.0,2.0,171.0,83.0,47.0,5.0
22375,2021-07-21 07:00:00,421.82,420.0,45.0,2.0,195.0,89.0,47.0,5.0
22376,2021-07-21 08:00:00,403.2,420.0,46.0,2.0,219.0,103.0,46.0,5.0
22377,2021-07-21 09:00:00,395.16,419.0,49.0,2.0,224.0,114.0,46.0,5.0
22378,2021-07-21 10:00:00,391.91,421.0,49.0,2.0,223.0,125.0,45.0,5.0
22379,2021-07-21 11:00:00,397.75,414.0,47.0,2.0,208.0,122.0,44.0,5.0
22380,2021-07-21 12:00:00,386.72,387.0,46.0,2.0,200.0,127.0,45.0,5.0
22381,2021-07-21 13:00:00,384.0,373.0,47.0,2.0,185.0,134.0,45.0,5.0
22382,2021-07-21 14:00:00,405.66,387.0,47.0,2.0,158.0,131.0,45.0,5.0
22383,2021-07-21 15:00:00,454.44,420.0,47.0,2.0,99.0,128.0,46.0,5.0
22384,2021-07-21 16:00:00,502.0,421.0,46.0,2.0,42.0,115.0,46.0,5.0
22385,2021-07-21 17:00:00,538.67,418.0,45.0,2.0,14.0,96.0,46.0,5.0
22386,2021-07-21 18:00:00,562.39,422.0,45.0,2.0,4.0,81.0,46.0,5.0
22387,2021-07-21 19:00:00,566.41,417.0,45.0,2.0,0.0,79.0,46.0,5.0
22388,2021-07-21 20:00:00,557.28,415.0,45.0,2.0,0.0,87.0,47.0,5.0
22389,2021-07-21 21:00:00,532.4,379.0,44.0,2.0,0.0,100.0,47.0,5.0
22390,2021-07-21 22:00:00,527.05,368.0,44.0,2.0,0.0,101.0,47.0,5.0
22391,2021-07-21 23:00:00,526.0,334.0,44.0,2.0,0.0,88.0,46.0,5.0
22392,2021-07-22 00:00:00,534.22,289.0,44.0,2.0,0.0,62.0,45.0,5.0
22393,2021-07-22 01:00:00,516.12,251.0,43.0,2.0,0.0,60.0,45.0,5.0
22394,2021-07-22 02:00:00,533.29,306.0,44.0,2.0,5.0,65.0,45.0,5.0
22395,2021-07-22 03:00:00,530.11,314.0,45.0,2.0,19.0,58.0,44.0,5.0
22396,2021-07-22 04:00:00,520.51,369.0,46.0,2.0,52.0,57.0,46.0,5.0
22397,2021-07-22 05:00:00,479.61,422.0,46.0,2.0,111.0,78.0,46.0,4.0
22398,2021-07-22 06:00:00,426.26,425.0,44.0,2.0,178.0,102.0,46.0,3.0
22399,2021-07-22 07:00:00,397.99,423.0,44.0,2.0,218.0,117.0,46.0,3.0
22400,2021-07-22 08:00:00,384.87,423.0,46.0,2.0,235.0,130.0,45.0,3.0
22401,2021-07-22 09:00:00,378.84,414.0,47.0,2.0,232.0,139.0,44.0,3.0
22402,2021-07-22 10:00:00,384.58,407.0,47.0,2.0,209.0,143.0,43.0,3.0
22403,2021-07-22 11:00:00,386.8,411.0,46.0,2.0,194.0,158.0,42.0,3.0
22404,2021-07-22 12:00:00,389.08,409.0,48.0,2.0,187.0,157.0,43.0,3.0
22405,2021-07-22 13:00:00,401.25,420.0,49.0,2.0,170.0,158.0,43.0,3.0
22406,2021-07-22 14:00:00,413.93,422.0,47.0,2.0,139.0,165.0,43.0,3.0
22407,2021-07-22 15:00:00,439.54,422.0,48.0,2.0,94.0,162.0,43.0,3.0
22408,2021-07-22 16:00:00,491.27,422.0,46.0,2.0,40.0,135.0,43.0,3.0
22409,2021-07-22 17:00:00,516.13,422.0,45.0,2.0,14.0,129.0,42.0,3.0
22410,2021-07-22 18:00:00,537.63,421.0,46.0,2.0,4.0,112.0,42.0,3.0
22411,2021-07-22 19:00:00,559.49,419.0,45.0,2.0,0.0,90.0,43.0,3.0
22412,2021-07-22 20:00:00,564.51,420.0,45.0,2.0,0.0,82.0,46.0,3.0
22413,2021-07-22 21:00:00,572.81,419.0,45.0,2.0,0.0,73.0,46.0,3.0
22414,2021-07-22 22:00:00,572.75,374.0,46.0,2.0,0.0,58.0,46.0,3.0
22415,2021-07-22 23:00:00,574.87,349.0,46.0,2.0,0.0,51.0,43.0,3.0
22416,2021-07-23 00:00:00,552.93,294.0,46.0,2.0,0.0,51.0,42.0,3.0
22417,2021-07-23 01:00:00,551.61,293.0,45.0,2.0,0.0,52.0,42.0,3.0
22418,2021-07-23 02:00:00,558.13,320.0,44.0,2.0,6.0,51.0,42.0,3.0
22419,2021-07-23 03:00:00,556.43,358.0,45.0,2.0,19.0,53.0,42.0,3.0
22420,2021-07-23 04:00:00,536.63,423.0,46.0,2.0,50.0,66.0,44.0,3.0
22421,2021-07-23 05:00:00,484.65,426.0,49.0,2.0,106.0,78.0,45.0,3.0
22422,2021-07-23 06:00:00,442.13,426.0,44.0,2.0,161.0,92.0,45.0,3.0
22423,2021-07-23 07:00:00,424.65,427.0,41.0,2.0,188.0,97.0,46.0,3.0
22424,2021-07-23 08:00:00,425.93,426.0,47.0,2.0,183.0,99.0,45.0,3.0
22425,2021-07-23 09:00:00,428.47,427.0,47.0,2.0,186.0,93.0,44.0,3.0
22426,2021-07-23 10:00:00,415.16,426.0,46.0,2.0,203.0,101.0,44.0,3.0
22427,2021-07-23 11:00:00,407.52,422.0,46.0,2.0,213.0,104.0,43.0,3.0
22428,2021-07-23 12:00:00,399.63,418.0,44.0,2.0,216.0,113.0,44.0,3.0
22429,2021-07-23 13:00:00,406.84,427.0,43.0,2.0,201.0,121.0,44.0,3.0
22430,2021-07-23 14:00:00,434.65,426.0,46.0,2.0,158.0,109.0,44.0,3.0
22431,2021-07-23 15:00:00,479.57,427.0,45.0,2.0,98.0,96.0,44.0,3.0
22432,2021-07-23 16:00:00,549.21,427.0,43.0,2.0,39.0,65.0,44.0,3.0
22433,2021-07-23 17:00:00,585.13,409.0,44.0,2.0,15.0,46.0,43.0,3.0
22434,2021-07-23 18:00:00,591.93,393.0,44.0,2.0,4.0,43.0,46.0,3.0
22435,2021-07-23 19:00:00,587.76,389.0,43.0,2.0,0.0,49.0,47.0,3.0
22436,2021-07-23 20:00:00,595.29,417.0,43.0,2.0,0.0,49.0,48.0,3.0
22437,2021-07-23 21:00:00,586.17,374.0,43.0,2.0,0.0,40.0,53.0,3.0
22438,2021-07-23 22:00:00,584.07,360.0,42.0,2.0,0.0,31.0,60.0,3.0
22439,2021-07-23 23:00:00,582.12,337.0,41.0,2.0,0.0,27.0,59.0,3.0
22440,2021-07-24 00:00:00,570.45,286.0,40.0,2.0,0.0,22.0,57.0,3.0
22441,2021-07-24 01:00:00,588.45,305.0,40.0,2.0,0.0,17.0,55.0,3.0
22442,2021-07-24 02:00:00,587.82,306.0,42.0,2.0,5.0,12.0,55.0,3.0
22443,2021-07-24 03:00:00,599.28,375.0,43.0,2.0,17.0,10.0,55.0,3.0
22444,2021-07-24 04:00:00,575.43,424.0,42.0,2.0,51.0,11.0,57.0,3.0
22445,2021-07-24 05:00:00,512.28,421.0,43.0,2.0,116.0,17.0,57.0,3.0
22446,2021-07-24 06:00:00,464.6,420.0,43.0,2.0,175.0,25.0,57.0,3.0
22447,2021-07-24 07:00:00,433.58,412.0,42.0,2.0,215.0,31.0,57.0,3.0
22448,2021-07-24 08:00:00,427.04,415.0,42.0,2.0,223.0,37.0,57.0,3.0
22449,2021-07-24 09:00:00,425.64,417.0,43.0,2.0,224.0,40.0,57.0,3.0
22450,2021-07-24 10:00:00,428.47,420.0,44.0,2.0,217.0,44.0,57.0,3.0
22451,2021-07-24 11:00:00,431.42,419.0,43.0,2.0,217.0,50.0,45.0,3.0
22452,2021-07-24 12:00:00,447.19,418.0,42.0,2.0,205.0,42.0,37.0,3.0
22453,2021-07-24 13:00:00,456.12,419.0,42.0,2.0,187.0,42.0,41.0,3.0
22454,2021-07-24 14:00:00,478.98,420.0,44.0,2.0,149.0,36.0,50.0,3.0
22455,2021-07-24 15:00:00,523.53,422.0,44.0,2.0,92.0,25.0,59.0,3.0
22456,2021-07-24 16:00:00,577.67,422.0,45.0,2.0,39.0,16.0,60.0,3.0
22457,2021-07-24 17:00:00,608.4,423.0,44.0,2.0,15.0,12.0,59.0,3.0
22458,2021-07-24 18:00:00,626.17,425.0,43.0,2.0,4.0,8.0,59.0,3.0
22459,2021-07-24 19:00:00,631.29,425.0,42.0,2.0,0.0,8.0,59.0,3.0
22460,2021-07-24 20:00:00,627.06,422.0,42.0,2.0,0.0,10.0,60.0,3.0
22461,2021-07-24 21:00:00,626.9,428.0,43.0,2.0,0.0,12.0,59.0,3.0
22462,2021-07-24 22:00:00,590.36,308.0,44.0,2.0,0.0,10.0,60.0,3.0
22463,2021-07-24 23:00:00,574.9,265.0,43.0,2.0,0.0,9.0,59.0,3.0
22464,2021-07-25 00:00:00,559.0,246.0,43.0,2.0,0.0,13.0,59.0,3.0
22465,2021-07-25 01:00:00,565.98,266.0,44.0,2.0,0.0,15.0,59.0,3.0
22466,2021-07-25 02:00:00,562.31,273.0,44.0,2.0,5.0,16.0,58.0,3.0
22467,2021-07-25 03:00:00,543.71,272.0,45.0,2.0,16.0,17.0,59.0,3.0
22468,2021-07-25 04:00:00,489.74,255.0,46.0,2.0,50.0,15.0,63.0,3.0
22469,2021-07-25 05:00:00,470.41,343.0,46.0,2.0,118.0,19.0,63.0,3.0
22470,2021-07-25 06:00:00,441.94,407.0,48.0,2.0,190.0,32.0,62.0,3.0
22471,2021-07-25 07:00:00,415.99,421.0,48.0,2.0,245.0,35.0,62.0,3.0
22472,2021-07-25 08:00:00,403.1,421.0,49.0,2.0,271.0,36.0,61.0,3.0
22473,2021-07-25 09:00:00,394.35,418.0,48.0,2.0,286.0,38.0,60.0,3.0
22474,2021-07-25 10:00:00,387.25,410.0,47.0,2.0,291.0,42.0,59.0,3.0
22475,2021-07-25 11:00:00,386.04,401.0,46.0,2.0,286.0,41.0,59.0,3.0
22476,2021-07-25 12:00:00,387.22,385.0,47.0,2.0,269.0,39.0,60.0,3.0
22477,2021-07-25 13:00:00,410.83,384.0,46.0,2.0,228.0,33.0,60.0,3.0
22478,2021-07-25 14:00:00,466.07,417.0,47.0,2.0,168.0,24.0,60.0,3.0
22479,2021-07-25 15:00:00,523.39,422.0,48.0,2.0,98.0,16.0,61.0,3.0
22480,2021-07-25 16:00:00,587.01,421.0,46.0,2.0,38.0,8.0,59.0,3.0
22481,2021-07-25 17:00:00,618.07,421.0,46.0,2.0,12.0,5.0,59.0,3.0
22482,2021-07-25 18:00:00,626.07,421.0,46.0,2.0,3.0,7.0,59.0,3.0
22483,2021-07-25 19:00:00,626.49,418.0,46.0,2.0,0.0,10.0,58.0,3.0
22484,2021-07-25 20:00:00,619.05,409.0,47.0,2.0,0.0,13.0,59.0,3.0
22485,2021-07-25 21:00:00,584.97,314.0,46.0,2.0,0.0,16.0,59.0,3.0
22486,2021-07-25 22:00:00,548.07,246.0,47.0,2.0,0.0,19.0,59.0,3.0
22487,2021-07-25 23:00:00,537.72,243.0,47.0,2.0,0.0,25.0,59.0,3.0
22488,2021-07-26 00:00:00,534.67,245.0,47.0,2.0,0.0,28.0,59.0,3.0
22489,2021-07-26 01:00:00,540.88,246.0,47.0,2.0,0.0,25.0,58.0,3.0
22490,2021-07-26 02:00:00,575.76,313.0,48.0,2.0,4.0,20.0,57.0,3.0
22491,2021-07-26 03:00:00,581.69,367.0,48.0,2.0,16.0,20.0,57.0,3.0
22492,2021-07-26 04:00:00,566.34,417.0,48.0,2.0,47.0,19.0,58.0,3.0
22493,2021-07-26 05:00:00,510.81,419.0,50.0,2.0,111.0,21.0,57.0,3.0
22494,2021-07-26 06:00:00,459.42,420.0,49.0,2.0,180.0,26.0,58.0,3.0
22495,2021-07-26 07:00:00,422.91,418.0,50.0,2.0,235.0,33.0,58.0,3.0
22496,2021-07-26 08:00:00,404.18,419.0,49.0,2.0,269.0,39.0,56.0,3.0
22497,2021-07-26 09:00:00,394.52,412.0,49.0,2.0,281.0,42.0,55.0,3.0
22498,2021-07-26 10:00:00,398.52,420.0,32.0,2.0,280.0,43.0,55.0,3.0
22499,2021-07-26 11:00:00,400.44,420.0,32.0,2.0,271.0,48.0,55.0,3.0
22500,2021-07-26 12:00:00,408.3,420.0,32.0,2.0,249.0,53.0,56.0,3.0
22501,2021-07-26 13:00:00,426.69,420.0,31.0,2.0,213.0,53.0,57.0,3.0
22502,2021-07-26 14:00:00,466.68,418.0,31.0,2.0,158.0,42.0,55.0,3.0
22503,2021-07-26 15:00:00,520.55,416.0,30.0,2.0,92.0,35.0,54.0,3.0
22504,2021-07-26 16:00:00,599.28,417.0,28.0,2.0,36.0,23.0,40.0,3.0
22505,2021-07-26 17:00:00,636.65,416.0,27.0,2.0,12.0,18.0,37.0,3.0
22506,2021-07-26 18:00:00,639.85,416.0,28.0,2.0,3.0,23.0,38.0,3.0
22507,2021-07-26 19:00:00,621.03,418.0,28.0,2.0,0.0,40.0,40.0,3.0
22508,2021-07-26 20:00:00,604.79,417.0,28.0,2.0,0.0,54.0,40.0,3.0
22509,2021-07-26 21:00:00,553.38,362.0,28.0,2.0,0.0,79.0,45.0,3.0
22510,2021-07-26 22:00:00,472.66,285.0,41.0,2.0,0.0,104.0,59.0,3.0
22511,2021-07-26 23:00:00,453.28,246.0,45.0,2.0,0.0,99.0,58.0,3.0
22512,2021-07-27 00:00:00,473.99,244.0,45.0,2.0,0.0,77.0,59.0,3.0
22513,2021-07-27 01:00:00,495.89,259.0,45.0,2.0,0.0,66.0,59.0,3.0
22514,2021-07-27 02:00:00,540.09,347.0,46.0,2.0,5.0,62.0,58.0,3.0
22515,2021-07-27 03:00:00,530.74,328.0,46.0,2.0,20.0,48.0,58.0,3.0
22516,2021-07-27 04:00:00,543.57,419.0,47.0,2.0,49.0,41.0,60.0,3.0
22517,2021-07-27 05:00:00,507.94,421.0,49.0,2.0,100.0,34.0,60.0,3.0
22518,2021-07-27 06:00:00,467.74,417.0,49.0,2.0,157.0,33.0,59.0,3.0
22519,2021-07-27 07:00:00,432.94,420.0,50.0,2.0,209.0,43.0,57.0,3.0
22520,2021-07-27 08:00:00,402.83,418.0,48.0,2.0,251.0,61.0,54.0,3.0
22521,2021-07-27 09:00:00,388.4,418.0,50.0,2.0,263.0,80.0,54.0,3.0
22522,2021-07-27 10:00:00,392.0,420.0,48.0,2.0,251.0,87.0,53.0,3.0
22523,2021-07-27 11:00:00,402.86,418.0,47.0,2.0,221.0,93.0,52.0,3.0
22524,2021-07-27 12:00:00,414.18,419.0,47.0,2.0,180.0,111.0,53.0,3.0
22525,2021-07-27 13:00:00,457.63,419.0,45.0,2.0,125.0,89.0,53.0,3.0
22526,2021-07-27 14:00:00,505.3,420.0,49.0,2.0,73.0,70.0,54.0,3.0
22527,2021-07-27 15:00:00,535.99,421.0,49.0,2.0,44.0,62.0,53.0,3.0
22528,2021-07-27 16:00:00,558.91,421.0,49.0,2.0,22.0,57.0,54.0,3.0
22529,2021-07-27 17:00:00,573.76,420.0,46.0,2.0,8.0,55.0,55.0,3.0
22530,2021-07-27 18:00:00,580.99,419.0,47.0,2.0,1.0,53.0,56.0,3.0
22531,2021-07-27 19:00:00,567.97,420.0,46.0,2.0,0.0,66.0,58.0,3.0
22532,2021-07-27 20:00:00,545.7,415.0,47.0,2.0,0.0,89.0,57.0,3.0
22533,2021-07-27 21:00:00,511.52,358.0,48.0,2.0,0.0,100.0,59.0,3.0
22534,2021-07-27 22:00:00,490.01,284.0,49.0,2.0,0.0,84.0,59.0,3.0
22535,2021-07-27 23:00:00,460.7,272.0,48.0,2.0,0.0,108.0,58.0,3.0
22536,2021-07-28 00:00:00,448.95,252.0,48.0,2.0,0.0,107.0,58.0,3.0
22537,2021-07-28 01:00:00,459.51,267.0,48.0,2.0,0.0,107.0,57.0,3.0
22538,2021-07-28 02:00:00,477.64,265.0,50.0,2.0,1.0,86.0,57.0,3.0
22539,2021-07-28 03:00:00,514.13,350.0,49.0,2.0,7.0,86.0,59.0,3.0
22540,2021-07-28 04:00:00,516.12,415.0,51.0,2.0,20.0,101.0,59.0,3.0
22541,2021-07-28 05:00:00,516.7,419.0,48.0,2.0,37.0,85.0,60.0,3.0
22542,2021-07-28 06:00:00,501.37,419.0,48.0,2.0,57.0,83.0,62.0,3.0
22543,2021-07-28 07:00:00,465.6,420.0,50.0,2.0,90.0,102.0,62.0,3.0
22544,2021-07-28 08:00:00,443.81,417.0,48.0,2.0,122.0,106.0,60.0,3.0
22545,2021-07-28 09:00:00,417.22,418.0,49.0,2.0,165.0,112.0,60.0,3.0
22546,2021-07-28 10:00:00,397.41,421.0,50.0,2.0,195.0,126.0,59.0,3.0
22547,2021-07-28 11:00:00,389.23,420.0,51.0,2.0,203.0,138.0,56.0,3.0
22548,2021-07-28 12:00:00,398.93,419.0,49.0,2.0,191.0,127.0,57.0,3.0
22549,2021-07-28 13:00:00,410.6,413.0,47.0,2.0,171.0,117.0,58.0,3.0
22550,2021-07-28 14:00:00,445.38,417.0,44.0,2.0,126.0,97.0,63.0,3.0
22551,2021-07-28 15:00:00,482.68,418.0,46.0,2.0,73.0,92.0,63.0,3.0
22552,2021-07-28 16:00:00,514.6,417.0,47.0,2.0,37.0,87.0,60.0,3.0
22553,2021-07-28 17:00:00,545.23,417.0,48.0,2.0,16.0,72.0,59.0,3.0
22554,2021-07-28 18:00:00,560.67,417.0,48.0,2.0,3.0,67.0,60.0,3.0
22555,2021-07-28 19:00:00,573.13,411.0,48.0,2.0,0.0,55.0,60.0,3.0
22556,2021-07-28 20:00:00,573.8,410.0,48.0,2.0,0.0,54.0,60.0,3.0
22557,2021-07-28 21:00:00,554.17,346.0,47.0,2.0,0.0,52.0,59.0,3.0
22558,2021-07-28 22:00:00,518.18,288.0,48.0,2.0,0.0,59.0,60.0,3.0
22559,2021-07-28 23:00:00,493.18,268.0,46.0,2.0,0.0,75.0,57.0,3.0
22560,2021-07-29 00:00:00,490.59,255.0,47.0,2.0,0.0,70.0,57.0,3.0
22561,2021-07-29 01:00:00,502.19,277.0,48.0,2.0,0.0,70.0,58.0,3.0
22562,2021-07-29 02:00:00,490.1,276.0,47.0,2.0,2.0,80.0,57.0,3.0
22563,2021-07-29 03:00:00,502.39,330.0,48.0,2.0,14.0,83.0,58.0,3.0
22564,2021-07-29 04:00:00,532.43,412.0,47.0,2.0,36.0,65.0,59.0,3.0
22565,2021-07-29 05:00:00,486.57,427.0,48.0,2.0,84.0,84.0,59.0,3.0
22566,2021-07-29 06:00:00,433.72,423.0,49.0,2.0,150.0,102.0,58.0,3.0
22567,2021-07-29 07:00:00,402.53,422.0,50.0,2.0,195.0,117.0,58.0,3.0
22568,2021-07-29 08:00:00,384.82,420.0,51.0,2.0,219.0,130.0,58.0,3.0
22569,2021-07-29 09:00:00,375.44,418.0,51.0,2.0,229.0,139.0,59.0,3.0
22570,2021-07-29 10:00:00,362.68,421.0,51.0,2.0,223.0,180.0,59.0,3.0
22571,2021-07-29 11:00:00,355.41,412.0,52.0,2.0,220.0,194.0,57.0,3.0
22572,2021-07-29 12:00:00,353.97,400.0,51.0,2.0,219.0,185.0,57.0,3.0
22573,2021-07-29 13:00:00,369.94,392.0,52.0,2.0,182.0,172.0,59.0,3.0
22574,2021-07-29 14:00:00,412.39,400.0,52.0,2.0,137.0,135.0,59.0,3.0
22575,2021-07-29 15:00:00,461.55,420.0,52.0,2.0,77.0,123.0,60.0,3.0
22576,2021-07-29 16:00:00,494.71,410.0,49.0,2.0,31.0,116.0,59.0,3.0
22577,2021-07-29 17:00:00,517.42,420.0,50.0,2.0,11.0,112.0,58.0,3.0
22578,2021-07-29 18:00:00,526.58,418.0,49.0,2.0,2.0,109.0,58.0,3.0
22579,2021-07-29 19:00:00,532.64,414.0,49.0,2.0,0.0,101.0,59.0,3.0
22580,2021-07-29 20:00:00,509.16,408.0,49.0,2.0,0.0,127.0,59.0,3.0
22581,2021-07-29 21:00:00,486.36,370.0,49.0,2.0,0.0,137.0,58.0,3.0
22582,2021-07-29 22:00:00,494.33,383.0,49.0,2.0,0.0,134.0,58.0,3.0
22583,2021-07-29 23:00:00,461.09,322.0,48.0,2.0,0.0,141.0,57.0,3.0
22584,2021-07-30 00:00:00,452.37,294.0,48.0,2.0,0.0,132.0,58.0,3.0
22585,2021-07-30 01:00:00,454.05,296.0,50.0,2.0,0.0,131.0,58.0,3.0
22586,2021-07-30 02:00:00,443.03,277.0,49.0,2.0,2.0,131.0,56.0,3.0
22587,2021-07-30 03:00:00,424.23,267.0,50.0,2.0,10.0,137.0,57.0,3.0
22588,2021-07-30 04:00:00,435.1,346.0,49.0,2.0,34.0,158.0,58.0,3.0
22589,2021-07-30 05:00:00,400.13,393.0,50.0,2.0,102.0,189.0,58.0,3.0
22590,2021-07-30 06:00:00,365.16,401.0,51.0,2.0,151.0,224.0,59.0,3.0
22591,2021-07-30 07:00:00,348.51,409.0,51.0,2.0,178.0,249.0,59.0,3.0
22592,2021-07-30 08:00:00,343.41,390.0,50.0,2.0,182.0,236.0,59.0,3.0
22593,2021-07-30 09:00:00,348.43,414.0,49.0,2.0,192.0,243.0,57.0,3.0
22594,2021-07-30 10:00:00,335.41,375.0,50.0,2.0,181.0,241.0,58.0,3.0
22595,2021-07-30 11:00:00,361.29,396.0,50.0,2.0,146.0,235.0,57.0,3.0
22596,2021-07-30 12:00:00,381.37,422.0,50.0,2.0,119.0,239.0,59.0,3.0
22597,2021-07-30 13:00:00,388.8,421.0,49.0,2.0,94.0,246.0,59.0,3.0
22598,2021-07-30 14:00:00,418.25,412.0,50.0,2.0,64.0,207.0,59.0,3.0
22599,2021-07-30 15:00:00,456.97,411.0,49.0,2.0,35.0,168.0,59.0,3.0
22600,2021-07-30 16:00:00,484.14,412.0,48.0,2.0,16.0,147.0,59.0,3.0
22601,2021-07-30 17:00:00,501.06,408.0,47.0,2.0,7.0,131.0,59.0,3.0
22602,2021-07-30 18:00:00,518.43,416.0,46.0,2.0,1.0,119.0,59.0,3.0
22603,2021-07-30 19:00:00,515.09,406.0,44.0,2.0,0.0,121.0,58.0,3.0
22604,2021-07-30 20:00:00,490.72,391.0,45.0,2.0,0.0,144.0,58.0,3.0
22605,2021-07-30 21:00:00,447.4,289.0,45.0,2.0,0.0,134.0,59.0,3.0
22606,2021-07-30 22:00:00,439.58,268.0,46.0,2.0,0.0,126.0,61.0,3.0
22607,2021-07-30 23:00:00,392.52,200.0,46.0,2.0,0.0,125.0,59.0,3.0
22608,2021-07-31 00:00:00,395.75,193.0,46.0,2.0,0.0,115.0,59.0,3.0
22609,2021-07-31 01:00:00,336.21,128.0,45.0,2.0,0.0,107.0,59.0,3.0
22610,2021-07-31 02:00:00,315.97,116.0,44.0,2.0,3.0,109.0,59.0,3.0
22611,2021-07-31 03:00:00,326.11,123.0,45.0,2.0,14.0,98.0,58.0,3.0
22612,2021-07-31 04:00:00,384.68,196.0,45.0,2.0,44.0,86.0,59.0,3.0
22613,2021-07-31 05:00:00,395.81,269.0,44.0,2.0,104.0,81.0,59.0,3.0
22614,2021-07-31 06:00:00,359.12,274.0,44.0,2.0,164.0,84.0,59.0,3.0
22615,2021-07-31 07:00:00,330.59,269.0,45.0,2.0,197.0,99.0,59.0,3.0
22616,2021-07-31 08:00:00,322.45,275.0,44.0,2.0,203.0,117.0,60.0,3.0
22617,2021-07-31 09:00:00,316.25,273.0,44.0,2.0,200.0,135.0,56.0,3.0
22618,2021-07-31 10:00:00,341.29,274.0,45.0,2.0,176.0,112.0,52.0,3.0
22619,2021-07-31 11:00:00,339.63,273.0,45.0,2.0,164.0,121.0,57.0,3.0
22620,2021-07-31 12:00:00,346.37,273.0,44.0,2.0,151.0,119.0,59.0,3.0
22621,2021-07-31 13:00:00,345.28,272.0,46.0,2.0,128.0,141.0,61.0,3.0
22622,2021-07-31 14:00:00,372.08,273.0,45.0,2.0,108.0,115.0,61.0,3.0
22623,2021-07-31 15:00:00,408.08,277.0,44.0,2.0,73.0,100.0,61.0,3.0
22624,2021-07-31 16:00:00,455.53,273.0,44.0,2.0,34.0,77.0,62.0,3.0
22625,2021-07-31 17:00:00,504.14,273.0,45.0,2.0,12.0,52.0,61.0,3.0
22626,2021-07-31 18:00:00,510.98,273.0,45.0,2.0,2.0,55.0,62.0,3.0
22627,2021-07-31 19:00:00,524.03,273.0,45.0,2.0,0.0,46.0,62.0,3.0
22628,2021-07-31 20:00:00,533.4,272.0,45.0,2.0,0.0,39.0,61.0,3.0
22629,2021-07-31 21:00:00,520.85,271.0,44.0,2.0,0.0,48.0,62.0,3.0
22630,2021-07-31 22:00:00,505.6,270.0,42.0,2.0,0.0,60.0,63.0,3.0
22631,2021-07-31 23:00:00,461.18,212.0,41.0,2.0,0.0,67.0,61.0,3.0
22632,2021-08-01 00:00:00,395.27,152.0,41.0,2.0,0.0,76.0,61.0,3.0
22633,2021-08-01 01:00:00,415.45,168.0,41.0,2.0,0.0,74.0,60.0,3.0
22634,2021-08-01 02:00:00,437.55,181.0,41.0,2.0,2.0,64.0,60.0,3.0
22635,2021-08-01 03:00:00,385.12,144.0,42.0,2.0,12.0,67.0,59.0,3.0
22636,2021-08-01 04:00:00,319.08,125.0,43.0,2.0,37.0,82.0,61.0,3.0
22637,2021-08-01 05:00:00,344.08,190.0,44.0,2.0,68.0,103.0,62.0,3.0
22638,2021-08-01 06:00:00,378.93,260.0,43.0,2.0,90.0,109.0,61.0,3.0
22639,2021-08-01 07:00:00,347.4,273.0,43.0,2.0,128.0,137.0,62.0,3.0
22640,2021-08-01 08:00:00,337.55,273.0,44.0,2.0,147.0,140.0,59.0,3.0
22641,2021-08-01 09:00:00,356.98,276.0,43.0,2.0,157.0,98.0,58.0,3.0
22642,2021-08-01 10:00:00,369.75,276.0,44.0,2.0,135.0,99.0,57.0,3.0
22643,2021-08-01 11:00:00,348.17,275.0,44.0,2.0,144.0,128.0,56.0,3.0
22644,2021-08-01 12:00:00,319.38,276.0,43.0,2.0,166.0,163.0,59.0,3.0
22645,2021-08-01 13:00:00,320.56,275.0,43.0,2.0,160.0,165.0,59.0,3.0
22646,2021-08-01 14:00:00,329.5,276.0,42.0,2.0,120.0,186.0,60.0,3.0
22647,2021-08-01 15:00:00,359.28,277.0,42.0,2.0,72.0,179.0,59.0,3.0
22648,2021-08-01 16:00:00,403.16,277.0,42.0,2.0,32.0,149.0,60.0,3.0
22649,2021-08-01 17:00:00,444.17,277.0,41.0,2.0,12.0,116.0,61.0,3.0
22650,2021-08-01 18:00:00,470.82,275.0,40.0,2.0,2.0,96.0,61.0,3.0
22651,2021-08-01 19:00:00,474.95,276.0,42.0,2.0,0.0,94.0,61.0,3.0
22652,2021-08-01 20:00:00,484.36,273.0,42.0,2.0,0.0,83.0,61.0,3.0
22653,2021-08-01 21:00:00,492.86,273.0,42.0,2.0,0.0,75.0,61.0,3.0
22654,2021-08-01 22:00:00,495.57,273.0,44.0,2.0,0.0,72.0,61.0,3.0
22655,2021-08-01 23:00:00,500.75,270.0,43.0,2.0,0.0,67.0,60.0,3.0
22656,2021-08-02 00:00:00,470.04,193.0,41.0,2.0,0.0,49.0,60.0,3.0
22657,2021-08-02 01:00:00,435.0,153.0,42.0,2.0,0.0,49.0,58.0,3.0
22658,2021-08-02 02:00:00,494.69,216.0,41.0,2.0,2.0,45.0,57.0,3.0
22659,2021-08-02 03:00:00,520.64,274.0,39.0,2.0,13.0,43.0,57.0,3.0
22660,2021-08-02 04:00:00,511.96,276.0,40.0,2.0,32.0,31.0,58.0,3.0
22661,2021-08-02 05:00:00,492.95,281.0,43.0,2.0,59.0,22.0,59.0,3.0
22662,2021-08-02 06:00:00,454.05,276.0,42.0,2.0,95.0,24.0,58.0,3.0
22663,2021-08-02 07:00:00,434.08,280.0,42.0,2.0,120.0,25.0,58.0,3.0
22664,2021-08-02 08:00:00,389.86,222.0,43.0,2.0,125.0,25.0,58.0,3.0
22665,2021-08-02 09:00:00,152.55,33.0,43.0,2.0,115.0,25.0,59.0,3.0
22666,2021-08-02 10:00:00,158.36,35.0,42.0,2.0,109.0,27.0,59.0,3.0
22667,2021-08-02 11:00:00,160.06,34.0,41.0,2.0,103.0,26.0,58.0,3.0
22668,2021-08-02 12:00:00,166.11,31.0,43.0,2.0,83.0,27.0,59.0,3.0
22669,2021-08-02 13:00:00,264.43,69.0,43.0,2.0,66.0,23.0,59.0,3.0
22670,2021-08-02 14:00:00,194.07,32.0,45.0,2.0,55.0,24.0,59.0,3.0
22671,2021-08-02 15:00:00,362.09,114.0,44.0,2.0,40.0,28.0,58.0,3.0
22672,2021-08-02 16:00:00,443.02,161.0,43.0,2.0,23.0,26.0,58.0,3.0
22673,2021-08-02 17:00:00,450.89,153.0,43.0,2.0,9.0,28.0,59.0,3.0
22674,2021-08-02 18:00:00,495.75,210.0,45.0,2.0,1.0,39.0,59.0,3.0
22675,2021-08-02 19:00:00,513.21,228.0,43.0,2.0,0.0,35.0,61.0,3.0
22676,2021-08-02 20:00:00,520.45,256.0,42.0,2.0,0.0,44.0,60.0,3.0
22677,2021-08-02 21:00:00,530.31,258.0,43.0,2.0,0.0,37.0,60.0,3.0
22678,2021-08-02 22:00:00,507.96,258.0,42.0,2.0,0.0,54.0,61.0,3.0
22679,2021-08-02 23:00:00,479.43,258.0,42.0,2.0,0.0,81.0,59.0,3.0
22680,2021-08-03 00:00:00,504.4,297.0,41.0,2.0,0.0,78.0,60.0,3.0
22681,2021-08-03 01:00:00,503.43,305.0,41.0,2.0,0.0,84.0,59.0,3.0
22682,2021-08-03 02:00:00,495.36,326.0,46.0,2.0,3.0,100.0,58.0,3.0
22683,2021-08-03 03:00:00,463.06,294.0,51.0,2.0,13.0,106.0,58.0,3.0
22684,2021-08-03 04:00:00,444.15,314.0,55.0,2.0,41.0,112.0,60.0,3.0
22685,2021-08-03 05:00:00,449.62,392.0,42.0,2.0,74.0,127.0,61.0,3.0
22686,2021-08-03 06:00:00,430.7,416.0,36.0,2.0,106.0,147.0,59.0,3.0
22687,2021-08-03 07:00:00,392.75,360.0,35.0,2.0,124.0,148.0,62.0,3.0
22688,2021-08-03 08:00:00,389.8,368.0,38.0,2.0,135.0,151.0,61.0,3.0
22689,2021-08-03 09:00:00,392.31,389.0,35.0,2.0,147.0,154.0,61.0,3.0
22690,2021-08-03 10:00:00,392.87,387.0,35.0,2.0,144.0,154.0,61.0,3.0
22691,2021-08-03 11:00:00,382.37,356.0,34.0,2.0,139.0,152.0,59.0,3.0
22692,2021-08-03 12:00:00,382.43,347.0,34.0,2.0,137.0,143.0,61.0,3.0
22693,2021-08-03 13:00:00,381.32,356.0,36.0,2.0,127.0,166.0,59.0,3.0
22694,2021-08-03 14:00:00,422.91,386.0,38.0,2.0,102.0,141.0,59.0,3.0
22695,2021-08-03 15:00:00,456.5,392.0,39.0,2.0,70.0,123.0,59.0,3.0
22696,2021-08-03 16:00:00,511.99,420.0,39.0,2.0,30.0,101.0,60.0,3.0
22697,2021-08-03 17:00:00,538.0,416.0,38.0,2.0,9.0,91.0,58.0,3.0
22698,2021-08-03 18:00:00,545.97,399.0,39.0,2.0,2.0,80.0,60.0,3.0
22699,2021-08-03 19:00:00,554.04,395.0,39.0,2.0,0.0,71.0,61.0,3.0
22700,2021-08-03 20:00:00,554.69,359.0,39.0,2.0,0.0,57.0,61.0,3.0
22701,2021-08-03 21:00:00,563.87,346.0,39.0,2.0,0.0,43.0,62.0,3.0
22702,2021-08-03 22:00:00,600.67,400.0,39.0,2.0,0.0,28.0,61.0,3.0
22703,2021-08-03 23:00:00,619.0,421.0,39.0,2.0,0.0,19.0,59.0,3.0
22704,2021-08-04 00:00:00,619.83,426.0,40.0,2.0,0.0,19.0,59.0,3.0
22705,2021-08-04 01:00:00,618.18,424.0,40.0,2.0,0.0,18.0,61.0,3.0
22706,2021-08-04 02:00:00,611.86,413.0,40.0,2.0,2.0,19.0,61.0,3.0
22707,2021-08-04 03:00:00,588.48,399.0,41.0,2.0,13.0,25.0,61.0,3.0
22708,2021-08-04 04:00:00,553.46,405.0,40.0,2.0,43.0,31.0,62.0,3.0
22709,2021-08-04 05:00:00,499.56,418.0,40.0,2.0,111.0,32.0,63.0,3.0
22710,2021-08-04 06:00:00,457.4,417.0,40.0,2.0,173.0,33.0,61.0,3.0
22711,2021-08-04 07:00:00,443.49,420.0,40.0,2.0,190.0,40.0,62.0,3.0
22712,2021-08-04 08:00:00,457.86,422.0,43.0,2.0,175.0,33.0,61.0,3.0
22713,2021-08-04 09:00:00,457.74,422.0,44.0,2.0,176.0,32.0,61.0,3.0
22714,2021-08-04 10:00:00,460.73,422.0,45.0,2.0,169.0,38.0,57.0,3.0
22715,2021-08-04 11:00:00,447.18,423.0,45.0,2.0,191.0,37.0,59.0,3.0
22716,2021-08-04 12:00:00,454.87,424.0,44.0,2.0,186.0,29.0,60.0,3.0
22717,2021-08-04 13:00:00,456.6,418.0,45.0,2.0,170.0,38.0,60.0,3.0
22718,2021-08-04 14:00:00,484.85,409.0,45.0,2.0,133.0,27.0,60.0,3.0
22719,2021-08-04 15:00:00,536.66,424.0,44.0,2.0,81.0,20.0,60.0,3.0
22720,2021-08-04 16:00:00,586.56,422.0,48.0,2.0,33.0,11.0,61.0,3.0
22721,2021-08-04 17:00:00,612.3,421.0,54.0,2.0,10.0,8.0,60.0,3.0
22722,2021-08-04 18:00:00,624.37,420.0,54.0,2.0,1.0,4.0,62.0,3.0
22723,2021-08-04 19:00:00,624.28,420.0,54.0,2.0,0.0,5.0,62.0,4.0
22724,2021-08-04 20:00:00,621.45,411.0,55.0,2.0,0.0,5.0,62.0,5.0
22725,2021-08-04 21:00:00,616.32,390.0,54.0,2.0,0.0,4.0,63.0,5.0
22726,2021-08-04 22:00:00,619.84,411.0,56.0,2.0,0.0,4.0,64.0,5.0
22727,2021-08-04 23:00:00,618.85,409.0,62.0,2.0,0.0,5.0,61.0,5.0
22728,2021-08-05 00:00:00,623.79,425.0,60.0,2.0,0.0,6.0,60.0,5.0
22729,2021-08-05 01:00:00,631.56,425.0,41.0,2.0,0.0,7.0,60.0,5.0
22730,2021-08-05 02:00:00,624.56,421.0,39.0,2.0,2.0,9.0,62.0,5.0
22731,2021-08-05 03:00:00,607.38,400.0,39.0,2.0,11.0,11.0,61.0,5.0
22732,2021-08-05 04:00:00,569.02,401.0,39.0,2.0,41.0,17.0,61.0,5.0
22733,2021-08-05 05:00:00,510.93,421.0,43.0,2.0,108.0,23.0,61.0,5.0
22734,2021-08-05 06:00:00,456.21,422.0,44.0,2.0,184.0,28.0,60.0,5.0
22735,2021-08-05 07:00:00,426.21,424.0,44.0,2.0,234.0,32.0,60.0,5.0
22736,2021-08-05 08:00:00,418.13,423.0,41.0,2.0,246.0,37.0,58.0,5.0
22737,2021-08-05 09:00:00,419.4,424.0,44.0,2.0,242.0,38.0,59.0,5.0
22738,2021-08-05 10:00:00,414.96,423.0,43.0,2.0,248.0,40.0,59.0,5.0
22739,2021-08-05 11:00:00,416.34,424.0,44.0,2.0,242.0,45.0,58.0,5.0
22740,2021-08-05 12:00:00,418.05,422.0,44.0,2.0,229.0,54.0,57.0,5.0
22741,2021-08-05 13:00:00,420.15,406.0,44.0,2.0,207.0,56.0,60.0,5.0
22742,2021-08-05 14:00:00,454.87,411.0,43.0,2.0,159.0,48.0,60.0,5.0
22743,2021-08-05 15:00:00,515.3,416.0,43.0,2.0,91.0,34.0,59.0,5.0
22744,2021-08-05 16:00:00,581.82,420.0,40.0,2.0,32.0,19.0,61.0,5.0
22745,2021-08-05 17:00:00,606.17,421.0,40.0,2.0,9.0,20.0,60.0,5.0
22746,2021-08-05 18:00:00,587.64,422.0,45.0,2.0,1.0,41.0,63.0,5.0
22747,2021-08-05 19:00:00,571.1,412.0,52.0,2.0,0.0,52.0,64.0,5.0
22748,2021-08-05 20:00:00,558.32,397.0,55.0,2.0,0.0,59.0,64.0,5.0
22749,2021-08-05 21:00:00,554.41,394.0,61.0,2.0,0.0,59.0,65.0,5.0
22750,2021-08-05 22:00:00,547.36,366.0,60.0,2.0,0.0,56.0,65.0,5.0
22751,2021-08-05 23:00:00,556.41,387.0,59.0,2.0,0.0,58.0,62.0,5.0
22752,2021-08-06 00:00:00,549.01,373.0,57.0,2.0,0.0,61.0,62.0,5.0
22753,2021-08-06 01:00:00,539.33,346.0,57.0,2.0,0.0,61.0,61.0,5.0
22754,2021-08-06 02:00:00,548.44,349.0,58.0,2.0,2.0,50.0,62.0,5.0
22755,2021-08-06 03:00:00,554.44,377.0,60.0,2.0,12.0,43.0,63.0,5.0
22756,2021-08-06 04:00:00,531.85,392.0,61.0,2.0,43.0,42.0,63.0,5.0
22757,2021-08-06 05:00:00,480.45,407.0,60.0,2.0,112.0,46.0,64.0,5.0
22758,2021-08-06 06:00:00,426.78,410.0,59.0,2.0,187.0,60.0,65.0,5.0
22759,2021-08-06 07:00:00,373.26,383.0,60.0,2.0,242.0,91.0,64.0,5.0
22760,2021-08-06 08:00:00,349.43,384.0,61.0,2.0,263.0,130.0,63.0,5.0
22761,2021-08-06 09:00:00,353.05,406.0,60.0,2.0,246.0,164.0,62.0,5.0
22762,2021-08-06 10:00:00,363.4,416.0,60.0,2.0,215.0,182.0,59.0,5.0
22763,2021-08-06 11:00:00,358.38,390.0,59.0,2.0,208.0,174.0,58.0,5.0
22764,2021-08-06 12:00:00,341.24,372.0,60.0,2.0,223.0,181.0,59.0,5.0
22765,2021-08-06 13:00:00,362.39,389.0,60.0,2.0,174.0,196.0,59.0,5.0
22766,2021-08-06 14:00:00,380.04,375.0,56.0,2.0,112.0,203.0,59.0,5.0
22767,2021-08-06 15:00:00,428.82,398.0,37.0,2.0,61.0,184.0,57.0,5.0
22768,2021-08-06 16:00:00,453.01,387.0,36.0,2.0,28.0,169.0,58.0,5.0
22769,2021-08-06 17:00:00,477.14,410.0,36.0,2.0,10.0,165.0,59.0,5.0
22770,2021-08-06 18:00:00,490.52,420.0,35.0,2.0,1.0,158.0,62.0,5.0
22771,2021-08-06 19:00:00,477.56,371.0,33.0,2.0,0.0,151.0,60.0,5.0
22772,2021-08-06 20:00:00,403.73,242.0,32.0,2.0,0.0,153.0,58.0,5.0
22773,2021-08-06 21:00:00,412.96,247.0,34.0,2.0,0.0,146.0,58.0,5.0
22774,2021-08-06 22:00:00,414.5,248.0,34.0,2.0,0.0,147.0,56.0,5.0
22775,2021-08-06 23:00:00,436.36,272.0,35.0,2.0,0.0,142.0,54.0,5.0
22776,2021-08-07 00:00:00,433.6,273.0,35.0,2.0,0.0,148.0,52.0,5.0
22777,2021-08-07 01:00:00,430.97,273.0,36.0,2.0,0.0,149.0,54.0,5.0
22778,2021-08-07 02:00:00,425.64,265.0,35.0,2.0,0.0,150.0,53.0,4.0
22779,2021-08-07 03:00:00,409.5,271.0,37.0,2.0,2.0,173.0,53.0,4.0
22780,2021-08-07 04:00:00,405.85,270.0,37.0,2.0,5.0,173.0,54.0,4.0
22781,2021-08-07 05:00:00,397.67,262.0,36.0,2.0,10.0,171.0,55.0,4.0
22782,2021-08-07 06:00:00,413.4,271.0,36.0,2.0,15.0,154.0,54.0,4.0
22783,2021-08-07 07:00:00,405.2,257.0,36.0,2.0,21.0,147.0,54.0,5.0
22784,2021-08-07 08:00:00,422.19,277.0,36.0,2.0,29.0,134.0,54.0,5.0
22785,2021-08-07 09:00:00,422.66,274.0,36.0,2.0,37.0,124.0,53.0,5.0
22786,2021-08-07 10:00:00,428.72,273.0,34.0,2.0,36.0,117.0,53.0,5.0
22787,2021-08-07 11:00:00,431.92,273.0,35.0,2.0,36.0,114.0,52.0,5.0
22788,2021-08-07 12:00:00,451.46,275.0,35.0,2.0,37.0,91.0,53.0,5.0
22789,2021-08-07 13:00:00,478.89,278.0,36.0,2.0,37.0,64.0,53.0,5.0
22790,2021-08-07 14:00:00,497.86,253.0,35.0,2.0,32.0,38.0,53.0,5.0
22791,2021-08-07 15:00:00,520.65,258.0,35.0,2.0,26.0,28.0,53.0,5.0
22792,2021-08-07 16:00:00,544.59,256.0,36.0,2.0,14.0,21.0,53.0,5.0
22793,2021-08-07 17:00:00,565.67,265.0,35.0,2.0,5.0,19.0,53.0,4.0
22794,2021-08-07 18:00:00,559.6,259.0,35.0,2.0,1.0,22.0,56.0,4.0
22795,2021-08-07 19:00:00,561.34,251.0,35.0,2.0,0.0,18.0,57.0,4.0
22796,2021-08-07 20:00:00,551.12,247.0,36.0,2.0,0.0,23.0,57.0,5.0
22797,2021-08-07 21:00:00,512.13,195.0,36.0,2.0,0.0,27.0,56.0,5.0
22798,2021-08-07 22:00:00,400.5,111.0,37.0,2.0,0.0,43.0,54.0,5.0
22799,2021-08-07 23:00:00,363.99,69.0,37.0,2.0,0.0,30.0,46.0,4.0
22800,2021-08-08 00:00:00,384.57,68.0,36.0,2.0,0.0,23.0,42.0,4.0
22801,2021-08-08 01:00:00,363.92,69.0,35.0,2.0,0.0,34.0,42.0,4.0
22802,2021-08-08 02:00:00,362.4,71.0,36.0,2.0,1.0,35.0,43.0,4.0
22803,2021-08-08 03:00:00,349.85,72.0,35.0,2.0,6.0,38.0,43.0,4.0
22804,2021-08-08 04:00:00,325.14,71.0,36.0,2.0,22.0,36.0,43.0,4.0
22805,2021-08-08 05:00:00,290.69,79.0,35.0,2.0,54.0,42.0,43.0,4.0
22806,2021-08-08 06:00:00,260.23,83.0,35.0,2.0,95.0,37.0,45.0,4.0
22807,2021-08-08 07:00:00,257.8,110.0,34.0,2.0,140.0,46.0,46.0,4.0
22808,2021-08-08 08:00:00,320.23,173.0,35.0,2.0,163.0,37.0,45.0,5.0
22809,2021-08-08 09:00:00,291.53,156.0,35.0,2.0,176.0,40.0,46.0,4.0
22810,2021-08-08 10:00:00,253.15,134.0,36.0,2.0,198.0,43.0,47.0,4.0
22811,2021-08-08 11:00:00,292.18,176.0,35.0,2.0,196.0,52.0,45.0,4.0
22812,2021-08-08 12:00:00,313.79,183.0,36.0,2.0,174.0,48.0,46.0,4.0
22813,2021-08-08 13:00:00,311.16,160.0,36.0,2.0,153.0,40.0,46.0,4.0
22814,2021-08-08 14:00:00,348.61,135.0,34.0,2.0,90.0,26.0,46.0,4.0
22815,2021-08-08 15:00:00,484.54,194.0,34.0,2.0,39.0,17.0,45.0,4.0
22816,2021-08-08 16:00:00,582.94,244.0,33.0,2.0,14.0,8.0,38.0,4.0
22817,2021-08-08 17:00:00,590.62,219.0,34.0,2.0,3.0,11.0,34.0,4.0
22818,2021-08-08 18:00:00,583.51,222.0,33.0,2.0,0.0,12.0,41.0,5.0
22819,2021-08-08 19:00:00,536.93,211.0,29.0,2.0,0.0,30.0,47.0,5.0
22820,2021-08-08 20:00:00,477.52,150.0,30.0,2.0,0.0,30.0,51.0,5.0
22821,2021-08-08 21:00:00,442.18,120.0,23.0,2.0,0.0,29.0,53.0,5.0
22822,2021-08-08 22:00:00,467.86,149.0,20.0,2.0,0.0,34.0,54.0,5.0
22823,2021-08-08 23:00:00,492.1,166.0,21.0,2.0,0.0,32.0,52.0,5.0
22824,2021-08-09 00:00:00,496.88,180.0,20.0,2.0,0.0,36.0,53.0,5.0
22825,2021-08-09 01:00:00,493.44,191.0,20.0,2.0,0.0,44.0,53.0,5.0
22826,2021-08-09 02:00:00,514.0,220.0,21.0,2.0,1.0,43.0,54.0,5.0
22827,2021-08-09 03:00:00,542.07,307.0,21.0,2.0,8.0,55.0,52.0,4.0
22828,2021-08-09 04:00:00,553.8,397.0,21.0,2.0,25.0,62.0,52.0,4.0
22829,2021-08-09 05:00:00,524.44,421.0,22.0,2.0,54.0,71.0,56.0,4.0
22830,2021-08-09 06:00:00,496.59,418.0,21.0,2.0,87.0,71.0,57.0,4.0
22831,2021-08-09 07:00:00,464.73,376.0,20.0,2.0,111.0,66.0,57.0,5.0
22832,2021-08-09 08:00:00,458.4,397.0,18.0,2.0,131.0,70.0,56.0,5.0
22833,2021-08-09 09:00:00,473.82,422.0,18.0,2.0,121.0,73.0,56.0,5.0
22834,2021-08-09 10:00:00,478.72,426.0,19.0,2.0,115.0,74.0,56.0,5.0
22835,2021-08-09 11:00:00,466.31,408.0,20.0,2.0,121.0,77.0,54.0,5.0
22836,2021-08-09 12:00:00,458.67,400.0,21.0,2.0,127.0,76.0,55.0,5.0
22837,2021-08-09 13:00:00,490.41,408.0,21.0,2.0,103.0,59.0,56.0,5.0
22838,2021-08-09 14:00:00,510.08,386.0,21.0,2.0,69.0,56.0,57.0,5.0
22839,2021-08-09 15:00:00,537.28,406.0,31.0,2.0,33.0,70.0,54.0,5.0
22840,2021-08-09 16:00:00,540.45,381.0,32.0,2.0,15.0,75.0,53.0,5.0
22841,2021-08-09 17:00:00,562.45,420.0,34.0,2.0,7.0,72.0,55.0,5.0
22842,2021-08-09 18:00:00,595.69,413.0,31.0,2.0,0.0,45.0,55.0,5.0
22843,2021-08-09 19:00:00,599.58,418.0,33.0,2.0,0.0,42.0,55.0,5.0
22844,2021-08-09 20:00:00,579.08,397.0,36.0,2.0,0.0,54.0,55.0,5.0
22845,2021-08-09 21:00:00,577.15,395.0,31.0,2.0,0.0,56.0,56.0,5.0
22846,2021-08-09 22:00:00,578.42,395.0,36.0,2.0,0.0,52.0,57.0,5.0
22847,2021-08-09 23:00:00,590.19,419.0,36.0,2.0,0.0,52.0,53.0,5.0
22848,2021-08-10 00:00:00,582.57,420.0,38.0,2.0,0.0,60.0,52.0,4.0
22849,2021-08-10 01:00:00,589.39,421.0,37.0,2.0,0.0,53.0,53.0,4.0
22850,2021-08-10 02:00:00,593.32,418.0,38.0,2.0,1.0,47.0,53.0,4.0
22851,2021-08-10 03:00:00,583.31,396.0,38.0,2.0,11.0,40.0,53.0,4.0
22852,2021-08-10 04:00:00,567.11,410.0,36.0,2.0,35.0,37.0,53.0,4.0
22853,2021-08-10 05:00:00,518.1,410.0,38.0,2.0,80.0,42.0,57.0,4.0
22854,2021-08-10 06:00:00,474.09,422.0,38.0,2.0,138.0,50.0,57.0,4.0
22855,2021-08-10 07:00:00,429.45,408.0,39.0,2.0,198.0,53.0,57.0,4.0
22856,2021-08-10 08:00:00,400.95,374.0,40.0,2.0,219.0,57.0,56.0,5.0
22857,2021-08-10 09:00:00,416.31,423.0,37.0,2.0,229.0,61.0,55.0,5.0
22858,2021-08-10 10:00:00,413.8,420.0,41.0,2.0,224.0,69.0,54.0,5.0
22859,2021-08-10 11:00:00,422.0,417.0,39.0,2.0,215.0,62.0,52.0,5.0
22860,2021-08-10 12:00:00,420.03,405.0,39.0,2.0,200.0,70.0,53.0,5.0
22861,2021-08-10 13:00:00,441.02,405.0,40.0,2.0,152.0,79.0,55.0,5.0
22862,2021-08-10 14:00:00,486.75,410.0,42.0,2.0,105.0,60.0,54.0,5.0
22863,2021-08-10 15:00:00,524.2,389.0,39.0,2.0,57.0,51.0,54.0,5.0
22864,2021-08-10 16:00:00,566.89,388.0,41.0,2.0,24.0,37.0,55.0,5.0
22865,2021-08-10 17:00:00,617.44,420.0,39.0,2.0,7.0,17.0,55.0,5.0
22866,2021-08-10 18:00:00,620.91,422.0,40.0,2.0,1.0,20.0,55.0,5.0
22867,2021-08-10 19:00:00,612.29,420.0,43.0,2.0,0.0,23.0,59.0,5.0
22868,2021-08-10 20:00:00,621.69,418.0,46.0,2.0,0.0,15.0,57.0,5.0
22869,2021-08-10 21:00:00,626.28,416.0,45.0,2.0,0.0,11.0,57.0,5.0
22870,2021-08-10 22:00:00,623.97,394.0,43.0,2.0,0.0,11.0,55.0,5.0
22871,2021-08-10 23:00:00,621.85,397.0,44.0,2.0,0.0,16.0,52.0,5.0
22872,2021-08-11 00:00:00,626.28,416.0,45.0,2.0,0.0,15.0,53.0,5.0
22873,2021-08-11 01:00:00,629.36,419.0,45.0,2.0,0.0,12.0,54.0,5.0
22874,2021-08-11 02:00:00,631.71,419.0,45.0,2.0,1.0,10.0,53.0,5.0
22875,2021-08-11 03:00:00,617.78,397.0,45.0,2.0,10.0,8.0,53.0,5.0
22876,2021-08-11 04:00:00,587.35,404.0,45.0,2.0,31.0,15.0,54.0,5.0
22877,2021-08-11 05:00:00,551.68,420.0,48.0,2.0,68.0,19.0,54.0,5.0
22878,2021-08-11 06:00:00,527.84,422.0,47.0,2.0,92.0,23.0,55.0,5.0
22879,2021-08-11 07:00:00,512.16,405.0,49.0,2.0,105.0,21.0,55.0,5.0
22880,2021-08-11 08:00:00,473.85,375.0,48.0,2.0,131.0,27.0,57.0,5.0
22881,2021-08-11 09:00:00,484.16,421.0,50.0,2.0,146.0,24.0,57.0,5.0
22882,2021-08-11 10:00:00,485.47,423.0,51.0,2.0,142.0,27.0,57.0,5.0
22883,2021-08-11 11:00:00,514.28,418.0,51.0,2.0,104.0,25.0,55.0,5.0
22884,2021-08-11 12:00:00,504.01,391.0,50.0,2.0,102.0,28.0,54.0,5.0
22885,2021-08-11 13:00:00,526.44,387.0,51.0,2.0,79.0,22.0,54.0,5.0
22886,2021-08-11 14:00:00,564.51,398.0,52.0,2.0,49.0,15.0,54.0,5.0
22887,2021-08-11 15:00:00,587.34,406.0,52.0,2.0,32.0,12.0,54.0,5.0
22888,2021-08-11 16:00:00,609.44,411.0,49.0,2.0,17.0,9.0,54.0,5.0
22889,2021-08-11 17:00:00,625.66,422.0,47.0,2.0,5.0,9.0,55.0,5.0
22890,2021-08-11 18:00:00,630.98,420.0,47.0,2.0,0.0,9.0,55.0,5.0
22891,2021-08-11 19:00:00,629.56,419.0,47.0,2.0,0.0,9.0,56.0,5.0
22892,2021-08-11 20:00:00,624.95,396.0,47.0,2.0,0.0,8.0,56.0,5.0
22893,2021-08-11 21:00:00,620.79,394.0,47.0,2.0,0.0,11.0,56.0,5.0
22894,2021-08-11 22:00:00,616.2,405.0,48.0,2.0,0.0,16.0,57.0,5.0
22895,2021-08-11 23:00:00,626.76,419.0,48.0,2.0,0.0,12.0,55.0,5.0
22896,2021-08-12 00:00:00,631.66,420.0,48.0,2.0,0.0,8.0,55.0,5.0
22897,2021-08-12 01:00:00,629.12,422.0,47.0,2.0,0.0,11.0,55.0,5.0
22898,2021-08-12 02:00:00,620.38,420.0,45.0,2.0,0.0,19.0,55.0,5.0
22899,2021-08-12 03:00:00,605.83,396.0,45.0,2.0,5.0,20.0,56.0,5.0
22900,2021-08-12 04:00:00,597.68,398.0,47.0,2.0,17.0,15.0,56.0,5.0
22901,2021-08-12 05:00:00,576.69,420.0,46.0,2.0,43.0,15.0,57.0,5.0
22902,2021-08-12 06:00:00,546.99,421.0,47.0,2.0,72.0,18.0,57.0,5.0
22903,2021-08-12 07:00:00,502.32,397.0,47.0,2.0,108.0,24.0,58.0,5.0
22904,2021-08-12 08:00:00,471.12,376.0,45.0,2.0,129.0,33.0,58.0,5.0
22905,2021-08-12 09:00:00,463.5,420.0,44.0,2.0,161.0,39.0,59.0,5.0
22906,2021-08-12 10:00:00,442.49,420.0,48.0,2.0,187.0,47.0,59.0,5.0
22907,2021-08-12 11:00:00,441.61,407.0,49.0,2.0,175.0,53.0,57.0,5.0
22908,2021-08-12 12:00:00,455.52,419.0,50.0,2.0,152.0,61.0,57.0,5.0
22909,2021-08-12 13:00:00,460.67,418.0,50.0,2.0,133.0,69.0,59.0,5.0
22910,2021-08-12 14:00:00,476.1,406.0,50.0,2.0,106.0,66.0,58.0,5.0
22911,2021-08-12 15:00:00,509.83,397.0,49.0,2.0,64.0,58.0,58.0,5.0
22912,2021-08-12 16:00:00,567.35,423.0,48.0,2.0,27.0,43.0,55.0,5.0
22913,2021-08-12 17:00:00,590.29,421.0,48.0,2.0,8.0,38.0,55.0,5.0
22914,2021-08-12 18:00:00,582.82,423.0,48.0,2.0,1.0,51.0,57.0,5.0
22915,2021-08-12 19:00:00,575.33,423.0,47.0,2.0,0.0,60.0,57.0,5.0
22916,2021-08-12 20:00:00,573.7,420.0,49.0,2.0,0.0,61.0,56.0,5.0
22917,2021-08-12 21:00:00,570.21,416.0,47.0,2.0,0.0,65.0,55.0,5.0
22918,2021-08-12 22:00:00,570.18,406.0,49.0,2.0,0.0,60.0,56.0,5.0
22919,2021-08-12 23:00:00,574.33,420.0,50.0,2.0,0.0,62.0,54.0,5.0
22920,2021-08-13 00:00:00,578.2,424.0,48.0,2.0,0.0,58.0,56.0,5.0
22921,2021-08-13 01:00:00,596.6,426.0,25.0,2.0,0.0,50.0,55.0,5.0
22922,2021-08-13 02:00:00,597.37,425.0,25.0,2.0,1.0,47.0,56.0,5.0
22923,2021-08-13 03:00:00,596.6,426.0,25.0,2.0,8.0,41.0,56.0,5.0
22924,2021-08-13 04:00:00,576.13,426.0,25.0,2.0,30.0,39.0,56.0,5.0
22925,2021-08-13 05:00:00,534.68,427.0,27.0,2.0,77.0,39.0,54.0,5.0
22926,2021-08-13 06:00:00,465.63,428.0,28.0,2.0,157.0,50.0,57.0,5.0
22927,2021-08-13 07:00:00,408.86,427.0,29.0,2.0,232.0,74.0,58.0,5.0
22928,2021-08-13 08:00:00,377.22,402.0,29.0,2.0,253.0,98.0,57.0,5.0
22929,2021-08-13 09:00:00,385.18,424.0,27.0,2.0,250.0,105.0,57.0,5.0
22930,2021-08-13 10:00:00,390.04,427.0,27.0,2.0,239.0,109.0,56.0,5.0
22931,2021-08-13 11:00:00,389.13,406.0,27.0,2.0,221.0,110.0,55.0,5.0
22932,2021-08-13 12:00:00,407.5,411.0,28.0,2.0,195.0,103.0,55.0,5.0
22933,2021-08-13 13:00:00,419.18,421.0,27.0,2.0,179.0,104.0,56.0,5.0
22934,2021-08-13 14:00:00,447.3,424.0,28.0,2.0,130.0,104.0,57.0,5.0
22935,2021-08-13 15:00:00,508.0,418.0,29.0,2.0,65.0,77.0,56.0,4.0
22936,2021-08-13 16:00:00,551.06,421.0,42.0,2.0,27.0,62.0,55.0,4.0
22937,2021-08-13 17:00:00,586.2,426.0,44.0,2.0,8.0,45.0,55.0,4.0
22938,2021-08-13 18:00:00,588.32,425.0,51.0,2.0,1.0,46.0,56.0,4.0
22939,2021-08-13 19:00:00,577.37,429.0,52.0,2.0,0.0,57.0,58.0,5.0
22940,2021-08-13 20:00:00,558.49,427.0,51.0,2.0,0.0,77.0,58.0,5.0
22941,2021-08-13 21:00:00,542.98,391.0,52.0,2.0,0.0,81.0,57.0,5.0
22942,2021-08-13 22:00:00,542.62,400.0,52.0,2.0,0.0,84.0,58.0,5.0
22943,2021-08-13 23:00:00,528.05,385.0,52.0,2.0,0.0,97.0,55.0,5.0
22944,2021-08-14 00:00:00,502.18,353.0,53.0,2.0,0.0,111.0,55.0,5.0
22945,2021-08-14 01:00:00,495.85,356.0,53.0,2.0,0.0,121.0,54.0,5.0
22946,2021-08-14 02:00:00,494.77,355.0,52.0,2.0,0.0,122.0,54.0,5.0
22947,2021-08-14 03:00:00,486.02,361.0,52.0,2.0,7.0,128.0,55.0,5.0
22948,2021-08-14 04:00:00,495.56,420.0,51.0,2.0,21.0,137.0,52.0,5.0
22949,2021-08-14 05:00:00,469.48,420.0,52.0,2.0,35.0,162.0,51.0,5.0
22950,2021-08-14 06:00:00,469.22,419.0,51.0,2.0,37.0,162.0,49.0,5.0
22951,2021-08-14 07:00:00,449.02,421.0,51.0,2.0,71.0,168.0,43.0,5.0
22952,2021-08-14 08:00:00,408.45,418.0,51.0,2.0,125.0,187.0,43.0,5.0
22953,2021-08-14 09:00:00,400.03,423.0,51.0,2.0,168.0,170.0,39.0,5.0
22954,2021-08-14 10:00:00,397.62,401.0,53.0,2.0,166.0,157.0,39.0,5.0
22955,2021-08-14 11:00:00,389.6,399.0,54.0,2.0,178.0,161.0,38.0,5.0
22956,2021-08-14 12:00:00,392.54,381.0,52.0,2.0,157.0,159.0,38.0,5.0
22957,2021-08-14 13:00:00,394.36,371.0,53.0,2.0,142.0,161.0,38.0,5.0
22958,2021-08-14 14:00:00,408.74,362.0,54.0,2.0,113.0,154.0,39.0,5.0
22959,2021-08-14 15:00:00,450.41,367.0,54.0,2.0,63.0,142.0,37.0,5.0
22960,2021-08-14 16:00:00,518.18,402.0,53.0,2.0,27.0,108.0,36.0,5.0
22961,2021-08-14 17:00:00,545.38,406.0,53.0,2.0,7.0,97.0,37.0,5.0
22962,2021-08-14 18:00:00,540.76,408.0,53.0,2.0,0.0,109.0,38.0,5.0
22963,2021-08-14 19:00:00,538.97,416.0,54.0,2.0,0.0,112.0,40.0,5.0
22964,2021-08-14 20:00:00,509.73,401.0,53.0,2.0,0.0,142.0,39.0,5.0
22965,2021-08-14 21:00:00,484.72,355.0,53.0,2.0,0.0,149.0,39.0,5.0
22966,2021-08-14 22:00:00,470.69,331.0,54.0,2.0,0.0,152.0,39.0,5.0
22967,2021-08-14 23:00:00,473.52,307.0,54.0,2.0,0.0,136.0,37.0,5.0
22968,2021-08-15 00:00:00,453.04,296.0,54.0,2.0,0.0,154.0,36.0,5.0
22969,2021-08-15 01:00:00,453.55,307.0,53.0,2.0,0.0,161.0,36.0,5.0
22970,2021-08-15 02:00:00,480.22,356.0,54.0,2.0,1.0,156.0,37.0,5.0
22971,2021-08-15 03:00:00,419.27,307.0,54.0,2.0,8.0,197.0,38.0,5.0
22972,2021-08-15 04:00:00,423.41,337.0,53.0,2.0,35.0,189.0,37.0,5.0
22973,2021-08-15 05:00:00,404.9,383.0,53.0,2.0,84.0,207.0,40.0,4.0
22974,2021-08-15 06:00:00,363.29,366.0,54.0,2.0,135.0,226.0,40.0,4.0
22975,2021-08-15 07:00:00,348.95,383.0,54.0,2.0,177.0,237.0,41.0,4.0
22976,2021-08-15 08:00:00,349.84,375.0,54.0,2.0,177.0,227.0,40.0,5.0
22977,2021-08-15 09:00:00,361.57,410.0,54.0,2.0,175.0,239.0,40.0,5.0
22978,2021-08-15 10:00:00,372.68,399.0,53.0,2.0,141.0,234.0,40.0,5.0
22979,2021-08-15 11:00:00,378.72,384.0,52.0,2.0,116.0,231.0,39.0,5.0
22980,2021-08-15 12:00:00,383.06,390.0,52.0,2.0,143.0,200.0,39.0,4.0
22981,2021-08-15 13:00:00,385.45,382.0,54.0,2.0,136.0,193.0,40.0,4.0
22982,2021-08-15 14:00:00,418.71,402.0,53.0,2.0,90.0,190.0,41.0,4.0
22983,2021-08-15 15:00:00,452.7,406.0,53.0,2.0,53.0,173.0,39.0,4.0
22984,2021-08-15 16:00:00,478.33,416.0,52.0,2.0,20.0,174.0,38.0,4.0
22985,2021-08-15 17:00:00,503.52,422.0,51.0,2.0,5.0,158.0,37.0,4.0
22986,2021-08-15 18:00:00,506.88,411.0,51.0,2.0,0.0,152.0,38.0,4.0
22987,2021-08-15 19:00:00,491.9,410.0,49.0,2.0,0.0,169.0,41.0,4.0
22988,2021-08-15 20:00:00,500.03,396.0,48.0,2.0,0.0,153.0,39.0,4.0
22989,2021-08-15 21:00:00,489.61,383.0,50.0,2.0,0.0,158.0,40.0,4.0
22990,2021-08-15 22:00:00,505.93,391.0,48.0,2.0,0.0,142.0,40.0,4.0
22991,2021-08-15 23:00:00,535.04,405.0,57.0,2.0,0.0,113.0,38.0,4.0
22992,2021-08-16 00:00:00,524.15,387.0,63.0,2.0,0.0,118.0,36.0,4.0
22993,2021-08-16 01:00:00,549.68,408.0,65.0,2.0,0.0,98.0,35.0,3.0
22994,2021-08-16 02:00:00,563.39,421.0,67.0,2.0,1.0,85.0,36.0,4.0
22995,2021-08-16 03:00:00,560.6,418.0,67.0,2.0,9.0,81.0,34.0,4.0
22996,2021-08-16 04:00:00,561.04,425.0,67.0,2.0,34.0,74.0,18.0,4.0
22997,2021-08-16 05:00:00,508.66,423.0,68.0,2.0,87.0,77.0,25.0,4.0
22998,2021-08-16 06:00:00,442.67,388.0,69.0,2.0,139.0,88.0,39.0,4.0
22999,2021-08-16 07:00:00,424.71,411.0,69.0,2.0,174.0,99.0,42.0,4.0
23000,2021-08-16 08:00:00,421.39,403.0,68.0,2.0,180.0,95.0,40.0,4.0
23001,2021-08-16 09:00:00,439.09,415.0,67.0,2.0,168.0,83.0,41.0,4.0
23002,2021-08-16 10:00:00,438.08,425.0,68.0,2.0,161.0,98.0,42.0,4.0
23003,2021-08-16 11:00:00,425.97,400.0,69.0,2.0,163.0,100.0,41.0,4.0
23004,2021-08-16 12:00:00,440.25,399.0,69.0,2.0,149.0,88.0,41.0,4.0
23005,2021-08-16 13:00:00,480.32,405.0,68.0,2.0,111.0,67.0,41.0,4.0
23006,2021-08-16 14:00:00,512.23,409.0,66.0,2.0,77.0,61.0,40.0,4.0
23007,2021-08-16 15:00:00,558.68,414.0,69.0,2.0,35.0,50.0,39.0,4.0
23008,2021-08-16 16:00:00,582.33,408.0,67.0,2.0,11.0,50.0,37.0,4.0
23009,2021-08-16 17:00:00,564.15,407.0,65.0,2.0,2.0,80.0,35.0,4.0
23010,2021-08-16 18:00:00,560.88,401.0,66.0,2.0,0.0,91.0,27.0,4.0
23011,2021-08-16 19:00:00,564.48,410.0,67.0,2.0,0.0,93.0,24.0,4.0
23012,2021-08-16 20:00:00,547.52,399.0,68.0,2.0,0.0,98.0,33.0,4.0
23013,2021-08-16 21:00:00,511.64,355.0,68.0,2.0,0.0,113.0,39.0,4.0
23014,2021-08-16 22:00:00,491.34,307.0,67.0,2.0,0.0,111.0,39.0,4.0
23015,2021-08-16 23:00:00,494.19,249.0,66.0,2.0,0.0,79.0,37.0,4.0
23016,2021-08-17 00:00:00,491.98,233.0,67.0,2.0,0.0,73.0,36.0,4.0
23017,2021-08-17 01:00:00,498.04,235.0,67.0,2.0,0.0,70.0,35.0,4.0
23018,2021-08-17 02:00:00,504.18,239.0,67.0,2.0,0.0,67.0,35.0,4.0
23019,2021-08-17 03:00:00,541.35,297.0,67.0,2.0,8.0,54.0,35.0,4.0
23020,2021-08-17 04:00:00,571.95,373.0,67.0,2.0,29.0,34.0,34.0,4.0
23021,2021-08-17 05:00:00,560.75,410.0,67.0,2.0,64.0,21.0,36.0,4.0
23022,2021-08-17 06:00:00,527.03,414.0,65.0,2.0,100.0,23.0,39.0,4.0
23023,2021-08-17 07:00:00,505.49,404.0,67.0,2.0,119.0,27.0,38.0,4.0
23024,2021-08-17 08:00:00,505.49,404.0,67.0,2.0,120.0,27.0,37.0,4.0
23025,2021-08-17 09:00:00,522.15,418.0,68.0,2.0,102.0,31.0,36.0,4.0
23026,2021-08-17 10:00:00,555.87,421.0,68.0,2.0,63.0,30.0,37.0,4.0
23027,2021-08-17 11:00:00,558.79,406.0,69.0,2.0,56.0,28.0,37.0,4.0
23028,2021-08-17 12:00:00,563.76,405.0,70.0,2.0,39.0,39.0,37.0,4.0
23029,2021-08-17 13:00:00,574.61,412.0,70.0,2.0,17.0,53.0,36.0,4.0
23030,2021-08-17 14:00:00,555.15,417.0,69.0,2.0,18.0,76.0,35.0,4.0
23031,2021-08-17 15:00:00,533.21,407.0,70.0,2.0,19.0,94.0,37.0,4.0
23032,2021-08-17 16:00:00,494.01,401.0,66.0,2.0,11.0,151.0,36.0,4.0
23033,2021-08-17 17:00:00,520.02,392.0,67.0,2.0,3.0,121.0,36.0,4.0
23034,2021-08-17 18:00:00,525.41,399.0,66.0,2.0,0.0,119.0,38.0,4.0
23035,2021-08-17 19:00:00,524.4,409.0,65.0,2.0,0.0,124.0,39.0,4.0
23036,2021-08-17 20:00:00,516.89,415.0,66.0,2.0,0.0,135.0,40.0,5.0
23037,2021-08-17 21:00:00,500.92,378.0,66.0,2.0,0.0,136.0,41.0,5.0
23038,2021-08-17 22:00:00,405.71,231.0,66.0,2.0,0.0,156.0,40.0,5.0
23039,2021-08-17 23:00:00,405.37,235.0,65.0,2.0,0.0,163.0,37.0,5.0
23040,2021-08-18 00:00:00,397.53,223.0,66.0,2.0,0.0,164.0,35.0,5.0
23041,2021-08-18 01:00:00,402.49,240.0,66.0,2.0,0.0,173.0,35.0,5.0
23042,2021-08-18 02:00:00,361.73,198.0,46.0,2.0,0.0,184.0,36.0,5.0
23043,2021-08-18 03:00:00,365.18,204.0,43.0,2.0,6.0,180.0,36.0,5.0
23044,2021-08-18 04:00:00,375.15,231.0,46.0,2.0,20.0,181.0,36.0,5.0
23045,2021-08-18 05:00:00,370.77,248.0,46.0,2.0,40.0,185.0,36.0,5.0
23046,2021-08-18 06:00:00,356.73,247.0,46.0,2.0,58.0,185.0,39.0,5.0
23047,2021-08-18 07:00:00,353.15,254.0,47.0,2.0,70.0,186.0,40.0,5.0
23048,2021-08-18 08:00:00,343.13,275.0,45.0,2.0,82.0,218.0,39.0,5.0
23049,2021-08-18 09:00:00,322.74,278.0,44.0,2.0,110.0,236.0,39.0,5.0
23050,2021-08-18 10:00:00,336.56,275.0,45.0,2.0,98.0,214.0,40.0,5.0
23051,2021-08-18 11:00:00,320.59,240.0,46.0,2.0,103.0,195.0,40.0,5.0
23052,2021-08-18 12:00:00,314.19,259.0,47.0,2.0,106.0,232.0,40.0,5.0
23053,2021-08-18 13:00:00,321.83,259.0,43.0,2.0,68.0,252.0,41.0,5.0
23054,2021-08-18 14:00:00,332.86,255.0,46.0,2.0,44.0,251.0,39.0,5.0
23055,2021-08-18 15:00:00,355.21,265.0,46.0,2.0,23.0,245.0,37.0,5.0
23056,2021-08-18 16:00:00,365.23,264.0,59.0,2.0,9.0,240.0,38.0,5.0
23057,2021-08-18 17:00:00,371.07,258.0,59.0,2.0,2.0,231.0,38.0,5.0
23058,2021-08-18 18:00:00,378.7,267.0,62.0,2.0,0.0,229.0,39.0,5.0
23059,2021-08-18 19:00:00,386.95,268.0,64.0,2.0,0.0,214.0,42.0,5.0
23060,2021-08-18 20:00:00,361.81,245.0,63.0,2.0,0.0,230.0,42.0,5.0
23061,2021-08-18 21:00:00,366.82,245.0,64.0,2.0,0.0,223.0,41.0,5.0
23062,2021-08-18 22:00:00,369.1,238.0,66.0,2.0,0.0,212.0,41.0,5.0
23063,2021-08-18 23:00:00,346.26,201.0,66.0,2.0,0.0,208.0,38.0,5.0
23064,2021-08-19 00:00:00,344.95,192.0,64.0,2.0,0.0,201.0,36.0,5.0
23065,2021-08-19 01:00:00,379.9,233.0,65.0,2.0,0.0,197.0,35.0,5.0
23066,2021-08-19 02:00:00,375.75,236.0,65.0,2.0,0.0,205.0,36.0,5.0
23067,2021-08-19 03:00:00,360.33,204.0,65.0,2.0,2.0,191.0,36.0,5.0
23068,2021-08-19 04:00:00,397.45,259.0,65.0,2.0,11.0,185.0,36.0,5.0
23069,2021-08-19 05:00:00,380.5,259.0,68.0,2.0,23.0,198.0,36.0,5.0
23070,2021-08-19 06:00:00,380.48,262.0,69.0,2.0,41.0,183.0,36.0,5.0
23071,2021-08-19 07:00:00,359.67,262.0,69.0,2.0,68.0,188.0,38.0,4.0
23072,2021-08-19 08:00:00,342.86,268.0,66.0,2.0,107.0,185.0,40.0,4.0
23073,2021-08-19 09:00:00,337.75,287.0,67.0,2.0,133.0,193.0,40.0,4.0
23074,2021-08-19 10:00:00,340.39,285.0,68.0,2.0,134.0,184.0,40.0,4.0
23075,2021-08-19 11:00:00,285.29,235.0,67.0,2.0,151.0,226.0,37.0,5.0
23076,2021-08-19 12:00:00,283.6,239.0,67.0,2.0,160.0,225.0,39.0,4.0
23077,2021-08-19 13:00:00,298.72,241.0,68.0,2.0,139.0,219.0,33.0,5.0
23078,2021-08-19 14:00:00,351.01,279.0,69.0,2.0,91.0,199.0,40.0,5.0
23079,2021-08-19 15:00:00,400.01,280.0,69.0,2.0,50.0,164.0,33.0,5.0
23080,2021-08-19 16:00:00,444.72,283.0,66.0,2.0,19.0,139.0,31.0,5.0
23081,2021-08-19 17:00:00,476.71,289.0,66.0,2.0,4.0,117.0,35.0,5.0
23082,2021-08-19 18:00:00,477.8,291.0,66.0,2.0,0.0,118.0,38.0,5.0
23083,2021-08-19 19:00:00,463.14,270.0,66.0,2.0,0.0,115.0,44.0,5.0
23084,2021-08-19 20:00:00,437.04,259.0,65.0,2.0,0.0,135.0,46.0,5.0
23085,2021-08-19 21:00:00,428.33,257.0,64.0,2.0,0.0,144.0,46.0,5.0
23086,2021-08-19 22:00:00,435.88,261.0,64.0,2.0,0.0,138.0,46.0,5.0
23087,2021-08-19 23:00:00,444.44,275.0,64.0,2.0,0.0,139.0,45.0,5.0
23088,2021-08-20 00:00:00,448.08,280.0,65.0,2.0,0.0,140.0,43.0,5.0
23089,2021-08-20 01:00:00,454.34,285.0,65.0,2.0,0.0,137.0,42.0,5.0
23090,2021-08-20 02:00:00,468.32,285.0,65.0,2.0,0.0,122.0,41.0,5.0
23091,2021-08-20 03:00:00,468.38,271.0,66.0,2.0,4.0,107.0,43.0,5.0
23092,2021-08-20 04:00:00,470.63,283.0,66.0,2.0,19.0,98.0,42.0,5.0
23093,2021-08-20 05:00:00,440.24,285.0,66.0,2.0,47.0,107.0,42.0,5.0
23094,2021-08-20 06:00:00,400.37,286.0,67.0,2.0,79.0,131.0,42.0,5.0
23095,2021-08-20 07:00:00,371.84,287.0,68.0,2.0,111.0,147.0,42.0,5.0
23096,2021-08-20 08:00:00,342.14,286.0,65.0,2.0,178.0,135.0,43.0,5.0
23097,2021-08-20 09:00:00,341.79,288.0,63.0,2.0,195.0,119.0,45.0,5.0
23098,2021-08-20 10:00:00,334.69,286.0,66.0,2.0,219.0,110.0,43.0,5.0
23099,2021-08-20 11:00:00,316.28,264.0,62.0,2.0,226.0,114.0,43.0,5.0
23100,2021-08-20 12:00:00,321.24,261.0,63.0,2.0,218.0,108.0,42.0,5.0
23101,2021-08-20 13:00:00,339.7,259.0,57.0,2.0,189.0,94.0,44.0,5.0
23102,2021-08-20 14:00:00,379.48,265.0,52.0,2.0,142.0,80.0,43.0,5.0
23103,2021-08-20 15:00:00,466.96,285.0,53.0,2.0,74.0,48.0,45.0,5.0
23104,2021-08-20 16:00:00,545.41,285.0,51.0,2.0,22.0,29.0,43.0,5.0
23105,2021-08-20 17:00:00,568.4,287.0,51.0,2.0,4.0,29.0,44.0,5.0
23106,2021-08-20 18:00:00,565.21,285.0,53.0,2.0,0.0,34.0,44.0,5.0
23107,2021-08-20 19:00:00,564.34,286.0,53.0,2.0,0.0,32.0,47.0,5.0
23108,2021-08-20 20:00:00,555.92,283.0,54.0,2.0,0.0,37.0,47.0,5.0
23109,2021-08-20 21:00:00,541.15,264.0,54.0,2.0,0.0,41.0,47.0,5.0
23110,2021-08-20 22:00:00,552.68,263.0,51.0,2.0,0.0,32.0,48.0,5.0
23111,2021-08-20 23:00:00,568.91,285.0,48.0,2.0,0.0,34.0,43.0,5.0
23112,2021-08-21 00:00:00,563.45,283.0,49.0,2.0,0.0,38.0,42.0,5.0
23113,2021-08-21 01:00:00,570.28,282.0,48.0,2.0,0.0,32.0,43.0,5.0
23114,2021-08-21 02:00:00,588.69,276.0,49.0,2.0,0.0,17.0,43.0,5.0
23115,2021-08-21 03:00:00,572.67,270.0,49.0,2.0,3.0,23.0,43.0,5.0
23116,2021-08-21 04:00:00,563.05,265.0,49.0,2.0,19.0,12.0,43.0,5.0
23117,2021-08-21 05:00:00,506.36,276.0,48.0,2.0,63.0,17.0,44.0,5.0
23118,2021-08-21 06:00:00,460.76,344.0,49.0,2.0,140.0,25.0,48.0,5.0
23119,2021-08-21 07:00:00,434.58,363.0,50.0,2.0,186.0,30.0,48.0,5.0
23120,2021-08-21 08:00:00,420.22,365.0,50.0,2.0,205.0,37.0,47.0,5.0
23121,2021-08-21 09:00:00,405.96,357.0,50.0,2.0,208.0,52.0,47.0,5.0
23122,2021-08-21 10:00:00,412.84,377.0,48.0,2.0,200.0,65.0,47.0,5.0
23123,2021-08-21 11:00:00,409.6,368.0,50.0,2.0,199.0,64.0,47.0,5.0
23124,2021-08-21 12:00:00,398.37,354.0,50.0,2.0,196.0,75.0,47.0,5.0
23125,2021-08-21 13:00:00,422.41,356.0,51.0,2.0,166.0,64.0,48.0,5.0
23126,2021-08-21 14:00:00,447.13,369.0,50.0,2.0,125.0,77.0,47.0,5.0
23127,2021-08-21 15:00:00,492.14,363.0,50.0,2.0,61.0,79.0,44.0,5.0
23128,2021-08-21 16:00:00,540.52,391.0,51.0,2.0,20.0,78.0,43.0,5.0
23129,2021-08-21 17:00:00,555.15,397.0,50.0,2.0,3.0,81.0,44.0,5.0
23130,2021-08-21 18:00:00,554.48,396.0,51.0,2.0,0.0,83.0,45.0,5.0
23131,2021-08-21 19:00:00,553.65,391.0,51.0,2.0,0.0,80.0,47.0,5.0
23132,2021-08-21 20:00:00,550.01,381.0,51.0,2.0,0.0,81.0,46.0,5.0
23133,2021-08-21 21:00:00,496.13,288.0,51.0,2.0,0.0,93.0,46.0,5.0
23134,2021-08-21 22:00:00,484.52,272.0,49.0,2.0,0.0,96.0,46.0,5.0
23135,2021-08-21 23:00:00,481.73,279.0,48.0,2.0,0.0,106.0,43.0,5.0
23136,2021-08-22 00:00:00,493.78,280.0,47.0,2.0,0.0,96.0,42.0,5.0
23137,2021-08-22 01:00:00,516.71,282.0,47.0,2.0,0.0,75.0,43.0,5.0
23138,2021-08-22 02:00:00,524.45,282.0,48.0,2.0,0.0,69.0,42.0,5.0
23139,2021-08-22 03:00:00,525.5,284.0,48.0,2.0,5.0,64.0,42.0,5.0
23140,2021-08-22 04:00:00,517.52,282.0,48.0,2.0,23.0,53.0,41.0,5.0
23141,2021-08-22 05:00:00,487.18,269.0,48.0,2.0,53.0,44.0,41.0,5.0
23142,2021-08-22 06:00:00,457.89,273.0,49.0,2.0,88.0,40.0,42.0,5.0
23143,2021-08-22 07:00:00,406.71,270.0,51.0,2.0,138.0,49.0,43.0,5.0
23144,2021-08-22 08:00:00,388.21,283.0,52.0,2.0,168.0,54.0,47.0,5.0
23145,2021-08-22 09:00:00,381.61,287.0,53.0,2.0,173.0,62.0,48.0,4.0
23146,2021-08-22 10:00:00,361.74,272.0,52.0,2.0,171.0,81.0,49.0,4.0
23147,2021-08-22 11:00:00,362.06,282.0,51.0,2.0,161.0,105.0,46.0,5.0
23148,2021-08-22 12:00:00,374.03,278.0,52.0,2.0,149.0,92.0,46.0,5.0
23149,2021-08-22 13:00:00,383.26,278.0,51.0,2.0,126.0,100.0,46.0,5.0
23150,2021-08-22 14:00:00,419.86,278.0,51.0,2.0,87.0,88.0,44.0,5.0
23151,2021-08-22 15:00:00,442.39,270.0,51.0,2.0,47.0,95.0,43.0,5.0
23152,2021-08-22 16:00:00,476.24,254.0,51.0,2.0,16.0,80.0,43.0,5.0
23153,2021-08-22 17:00:00,512.07,282.0,51.0,2.0,2.0,74.0,45.0,5.0
23154,2021-08-22 18:00:00,518.22,283.0,51.0,2.0,0.0,72.0,44.0,5.0
23155,2021-08-22 19:00:00,498.86,262.0,50.0,2.0,0.0,77.0,46.0,5.0
23156,2021-08-22 20:00:00,487.3,262.0,52.0,2.0,0.0,86.0,47.0,5.0
23157,2021-08-22 21:00:00,506.41,260.0,51.0,2.0,0.0,68.0,47.0,4.0
23158,2021-08-22 22:00:00,516.9,268.0,51.0,2.0,0.0,63.0,47.0,4.0
23159,2021-08-22 23:00:00,518.78,280.0,51.0,2.0,0.0,70.0,44.0,4.0
23160,2021-08-23 00:00:00,527.34,283.0,51.0,2.0,0.0,65.0,43.0,4.0
23161,2021-08-23 01:00:00,531.22,282.0,52.0,2.0,0.0,61.0,43.0,4.0
23162,2021-08-23 02:00:00,530.7,281.0,52.0,2.0,0.0,62.0,42.0,4.0
23163,2021-08-23 03:00:00,497.59,282.0,52.0,2.0,3.0,89.0,42.0,4.0
23164,2021-08-23 04:00:00,482.21,288.0,51.0,2.0,17.0,94.0,42.0,5.0
23165,2021-08-23 05:00:00,493.46,345.0,52.0,2.0,45.0,84.0,43.0,4.0
23166,2021-08-23 06:00:00,483.75,398.0,52.0,2.0,86.0,86.0,42.0,5.0
23167,2021-08-23 07:00:00,456.5,403.0,54.0,2.0,135.0,79.0,43.0,5.0
23168,2021-08-23 08:00:00,422.87,404.0,55.0,2.0,183.0,86.0,46.0,5.0
23169,2021-08-23 09:00:00,391.64,392.0,55.0,2.0,220.0,100.0,46.0,5.0
23170,2021-08-23 10:00:00,394.46,381.0,54.0,2.0,206.0,99.0,45.0,5.0
23171,2021-08-23 11:00:00,404.13,380.0,56.0,2.0,187.0,100.0,43.0,5.0
23172,2021-08-23 12:00:00,412.73,380.0,55.0,2.0,164.0,105.0,45.0,5.0
23173,2021-08-23 13:00:00,422.42,359.0,54.0,2.0,132.0,103.0,45.0,5.0
23174,2021-08-23 14:00:00,407.51,274.0,55.0,2.0,91.0,96.0,45.0,5.0
23175,2021-08-23 15:00:00,439.89,260.0,55.0,2.0,48.0,90.0,42.0,5.0
23176,2021-08-23 16:00:00,508.94,326.0,53.0,2.0,16.0,89.0,40.0,5.0
23177,2021-08-23 17:00:00,565.52,403.0,54.0,2.0,2.0,74.0,42.0,5.0
23178,2021-08-23 18:00:00,550.39,403.0,54.0,2.0,0.0,91.0,43.0,5.0
23179,2021-08-23 19:00:00,537.68,406.0,52.0,2.0,0.0,105.0,45.0,5.0
23180,2021-08-23 20:00:00,521.68,345.0,52.0,2.0,0.0,95.0,46.0,5.0
23181,2021-08-23 21:00:00,511.74,332.0,53.0,2.0,0.0,99.0,46.0,5.0
23182,2021-08-23 22:00:00,477.41,263.0,52.0,2.0,0.0,98.0,45.0,5.0
23183,2021-08-23 23:00:00,490.33,278.0,52.0,2.0,0.0,96.0,43.0,5.0
23184,2021-08-24 00:00:00,503.29,281.0,53.0,2.0,0.0,87.0,41.0,5.0
23185,2021-08-24 01:00:00,488.01,282.0,54.0,2.0,0.0,102.0,41.0,5.0
23186,2021-08-24 02:00:00,495.07,280.0,54.0,2.0,0.0,95.0,40.0,5.0
23187,2021-08-24 03:00:00,480.89,270.0,55.0,2.0,3.0,100.0,40.0,5.0
23188,2021-08-24 04:00:00,495.44,327.0,53.0,2.0,17.0,104.0,39.0,5.0
23189,2021-08-24 05:00:00,506.35,383.0,54.0,2.0,41.0,96.0,39.0,5.0
23190,2021-08-24 06:00:00,503.8,399.0,55.0,2.0,58.0,91.0,38.0,5.0
23191,2021-08-24 07:00:00,491.46,393.0,55.0,2.0,78.0,82.0,40.0,5.0
23192,2021-08-24 08:00:00,483.76,387.0,55.0,2.0,97.0,68.0,42.0,5.0
23193,2021-08-24 09:00:00,483.75,401.0,55.0,2.0,110.0,60.0,45.0,5.0
23194,2021-08-24 10:00:00,491.95,402.0,56.0,2.0,104.0,56.0,44.0,5.0
23195,2021-08-24 11:00:00,494.13,394.0,55.0,2.0,100.0,54.0,43.0,5.0
23196,2021-08-24 12:00:00,512.31,397.0,56.0,2.0,86.0,46.0,43.0,5.0
23197,2021-08-24 13:00:00,499.16,310.0,57.0,2.0,65.0,37.0,44.0,5.0
23198,2021-08-24 14:00:00,538.32,329.0,57.0,2.0,44.0,28.0,44.0,5.0
23199,2021-08-24 15:00:00,563.42,309.0,58.0,2.0,26.0,19.0,41.0,5.0
23200,2021-08-24 16:00:00,620.19,376.0,58.0,2.0,10.0,9.0,40.0,5.0
23201,2021-08-24 17:00:00,633.92,376.0,56.0,2.0,1.0,6.0,42.0,5.0
23202,2021-08-24 18:00:00,640.66,399.0,54.0,2.0,0.0,6.0,43.0,5.0
23203,2021-08-24 19:00:00,630.53,401.0,53.0,2.0,0.0,13.0,45.0,5.0
23204,2021-08-24 20:00:00,619.19,397.0,52.0,2.0,0.0,22.0,45.0,5.0
23205,2021-08-24 21:00:00,570.6,302.0,52.0,2.0,0.0,35.0,45.0,5.0
23206,2021-08-24 22:00:00,531.78,251.0,53.0,2.0,0.0,45.0,45.0,5.0
23207,2021-08-24 23:00:00,535.25,281.0,53.0,2.0,0.0,57.0,43.0,5.0
23208,2021-08-25 00:00:00,496.64,247.0,54.0,2.0,0.0,75.0,41.0,5.0
23209,2021-08-25 01:00:00,463.21,247.0,52.0,2.0,0.0,106.0,41.0,5.0
23210,2021-08-25 02:00:00,432.55,231.0,52.0,2.0,0.0,127.0,40.0,5.0
23211,2021-08-25 03:00:00,408.3,232.0,52.0,2.0,2.0,153.0,40.0,5.0
23212,2021-08-25 04:00:00,410.97,290.0,53.0,2.0,9.0,193.0,39.0,5.0
23213,2021-08-25 05:00:00,412.76,323.0,55.0,2.0,16.0,210.0,40.0,5.0
23214,2021-08-25 06:00:00,404.55,324.0,56.0,2.0,24.0,215.0,41.0,5.0
23215,2021-08-25 07:00:00,396.48,319.0,56.0,2.0,31.0,218.0,40.0,5.0
23216,2021-08-25 08:00:00,396.91,323.0,55.0,2.0,35.0,214.0,43.0,5.0
23217,2021-08-25 09:00:00,396.91,323.0,55.0,2.0,33.0,216.0,43.0,5.0
23218,2021-08-25 10:00:00,396.51,320.0,54.0,2.0,31.0,216.0,43.0,5.0
23219,2021-08-25 11:00:00,404.93,321.0,53.0,2.0,29.0,206.0,42.0,5.0
23220,2021-08-25 12:00:00,408.66,321.0,53.0,2.0,26.0,202.0,43.0,5.0
23221,2021-08-25 13:00:00,407.89,322.0,54.0,2.0,24.0,206.0,43.0,5.0
23222,2021-08-25 14:00:00,428.81,322.0,54.0,2.0,18.0,181.0,42.0,5.0
23223,2021-08-25 15:00:00,459.75,322.0,54.0,2.0,11.0,147.0,41.0,5.0
23224,2021-08-25 16:00:00,504.38,321.0,54.0,2.0,4.0,102.0,41.0,5.0
23225,2021-08-25 17:00:00,515.24,306.0,53.0,2.0,1.0,86.0,42.0,5.0
23226,2021-08-25 18:00:00,516.66,301.0,54.0,2.0,0.0,81.0,44.0,5.0
23227,2021-08-25 19:00:00,526.64,297.0,54.0,2.0,0.0,68.0,46.0,5.0
23228,2021-08-25 20:00:00,544.38,303.0,54.0,2.0,0.0,56.0,45.0,5.0
23229,2021-08-25 21:00:00,535.78,294.0,53.0,2.0,0.0,58.0,47.0,5.0
23230,2021-08-25 22:00:00,549.48,296.0,54.0,2.0,0.0,48.0,46.0,5.0
23231,2021-08-25 23:00:00,566.43,314.0,53.0,2.0,0.0,43.0,44.0,5.0
23232,2021-08-26 00:00:00,562.48,320.0,54.0,2.0,0.0,50.0,42.0,5.0
23233,2021-08-26 01:00:00,549.04,322.0,52.0,2.0,0.0,64.0,41.0,5.0
23234,2021-08-26 02:00:00,528.7,322.0,51.0,2.0,0.0,83.0,41.0,5.0
23235,2021-08-26 03:00:00,493.47,310.0,53.0,2.0,1.0,111.0,41.0,5.0
23236,2021-08-26 04:00:00,474.91,305.0,55.0,2.0,8.0,117.0,45.0,5.0
23237,2021-08-26 05:00:00,473.8,323.0,51.0,2.0,22.0,114.0,47.0,5.0
23238,2021-08-26 06:00:00,471.15,324.0,50.0,2.0,39.0,101.0,47.0,5.0
23239,2021-08-26 07:00:00,468.17,323.0,50.0,2.0,45.0,98.0,47.0,5.0
23240,2021-08-26 08:00:00,465.91,325.0,55.0,2.0,54.0,92.0,47.0,5.0
23241,2021-08-26 09:00:00,466.41,326.0,55.0,2.0,56.0,91.0,46.0,5.0
23242,2021-08-26 10:00:00,482.18,326.0,55.0,2.0,55.0,73.0,46.0,5.0
23243,2021-08-26 11:00:00,447.62,324.0,55.0,2.0,65.0,105.0,46.0,5.0
23244,2021-08-26 12:00:00,430.39,325.0,54.0,2.0,62.0,134.0,45.0,5.0
23245,2021-08-26 13:00:00,433.85,325.0,54.0,2.0,54.0,136.0,46.0,5.0
23246,2021-08-26 14:00:00,432.76,298.0,55.0,2.0,34.0,136.0,47.0,5.0
23247,2021-08-26 15:00:00,477.46,320.0,55.0,2.0,17.0,112.0,47.0,5.0
23248,2021-08-26 16:00:00,469.55,319.0,54.0,2.0,6.0,135.0,44.0,5.0
23249,2021-08-26 17:00:00,463.74,317.0,53.0,2.0,1.0,147.0,43.0,5.0
23250,2021-08-26 18:00:00,482.63,317.0,52.0,2.0,0.0,125.0,44.0,5.0
23251,2021-08-26 19:00:00,481.68,319.0,53.0,2.0,0.0,124.0,47.0,5.0
23252,2021-08-26 20:00:00,484.44,303.0,52.0,2.0,0.0,113.0,46.0,5.0
23253,2021-08-26 21:00:00,481.11,290.0,48.0,2.0,0.0,110.0,46.0,5.0
23254,2021-08-26 22:00:00,478.58,294.0,48.0,2.0,0.0,116.0,45.0,5.0
23255,2021-08-26 23:00:00,486.45,298.0,48.0,2.0,0.0,112.0,43.0,5.0
23256,2021-08-27 00:00:00,470.8,264.0,48.0,2.0,0.0,109.0,42.0,5.0
23257,2021-08-27 01:00:00,500.27,300.0,48.0,2.0,0.0,100.0,42.0,5.0
23258,2021-08-27 02:00:00,520.7,330.0,49.0,2.0,0.0,94.0,42.0,5.0
23259,2021-08-27 03:00:00,546.31,390.0,49.0,2.0,1.0,93.0,41.0,5.0
23260,2021-08-27 04:00:00,544.31,425.0,49.0,2.0,6.0,105.0,40.0,5.0
23261,2021-08-27 05:00:00,526.21,424.0,50.0,2.0,12.0,120.0,40.0,5.0
23262,2021-08-27 06:00:00,525.25,422.0,51.0,2.0,21.0,111.0,40.0,5.0
23263,2021-08-27 07:00:00,516.45,426.0,51.0,2.0,28.0,116.0,41.0,5.0
23264,2021-08-27 08:00:00,508.09,428.0,51.0,2.0,33.0,124.0,40.0,5.0
23265,2021-08-27 09:00:00,510.49,429.0,52.0,2.0,33.0,120.0,41.0,5.0
23266,2021-08-27 10:00:00,504.57,429.0,52.0,2.0,34.0,127.0,41.0,5.0
23267,2021-08-27 11:00:00,498.95,428.0,53.0,2.0,30.0,139.0,40.0,5.0
23268,2021-08-27 12:00:00,488.83,402.0,53.0,2.0,26.0,143.0,40.0,5.0
23269,2021-08-27 13:00:00,489.16,401.0,53.0,2.0,19.0,149.0,40.0,5.0
23270,2021-08-27 14:00:00,506.78,421.0,52.0,2.0,13.0,141.0,41.0,5.0
23271,2021-08-27 15:00:00,514.35,414.0,51.0,2.0,8.0,131.0,43.0,5.0
23272,2021-08-27 16:00:00,542.49,423.0,50.0,2.0,3.0,106.0,43.0,5.0
23273,2021-08-27 17:00:00,543.79,426.0,49.0,2.0,0.0,107.0,45.0,5.0
23274,2021-08-27 18:00:00,551.51,423.0,49.0,2.0,0.0,98.0,44.0,5.0
23275,2021-08-27 19:00:00,562.05,422.0,49.0,2.0,0.0,84.0,46.0,5.0
23276,2021-08-27 20:00:00,565.19,426.0,49.0,2.0,0.0,82.0,46.0,5.0
23277,2021-08-27 21:00:00,547.25,408.0,49.0,2.0,0.0,95.0,46.0,5.0
23278,2021-08-27 22:00:00,505.12,308.0,49.0,2.0,0.0,95.0,46.0,5.0
23279,2021-08-27 23:00:00,382.61,139.0,49.0,2.0,0.0,93.0,43.0,5.0
23280,2021-08-28 00:00:00,381.43,142.0,49.0,2.0,0.0,98.0,42.0,5.0
23281,2021-08-28 01:00:00,372.66,143.0,49.0,2.0,0.0,107.0,42.0,5.0
23282,2021-08-28 02:00:00,372.7,144.0,49.0,2.0,0.0,110.0,40.0,5.0
23283,2021-08-28 03:00:00,353.79,146.0,49.0,2.0,1.0,129.0,41.0,5.0
23284,2021-08-28 04:00:00,344.92,148.0,49.0,2.0,7.0,135.0,41.0,5.0
23285,2021-08-28 05:00:00,339.66,148.0,49.0,2.0,19.0,130.0,40.0,5.0
23286,2021-08-28 06:00:00,324.49,144.0,49.0,2.0,41.0,118.0,43.0,5.0
23287,2021-08-28 07:00:00,289.56,148.0,49.0,2.0,85.0,127.0,45.0,5.0
23288,2021-08-28 08:00:00,249.55,150.0,49.0,2.0,158.0,133.0,44.0,5.0
23289,2021-08-28 09:00:00,217.09,148.0,52.0,2.0,220.0,149.0,44.0,5.0
23290,2021-08-28 10:00:00,210.8,148.0,54.0,2.0,240.0,149.0,44.0,5.0
23291,2021-08-28 11:00:00,218.39,148.0,53.0,2.0,237.0,130.0,43.0,5.0
23292,2021-08-28 12:00:00,223.06,147.0,52.0,2.0,220.0,130.0,44.0,5.0
23293,2021-08-28 13:00:00,245.07,151.0,51.0,2.0,174.0,131.0,43.0,5.0
23294,2021-08-28 14:00:00,276.47,150.0,51.0,2.0,112.0,127.0,44.0,5.0
23295,2021-08-28 15:00:00,331.66,149.0,51.0,2.0,50.0,108.0,42.0,5.0
23296,2021-08-28 16:00:00,360.07,150.0,51.0,2.0,13.0,116.0,40.0,5.0
23297,2021-08-28 17:00:00,372.93,150.0,51.0,2.0,1.0,113.0,42.0,5.0
23298,2021-08-28 18:00:00,365.8,149.0,50.0,2.0,0.0,116.0,46.0,5.0
23299,2021-08-28 19:00:00,360.92,149.0,51.0,2.0,0.0,118.0,49.0,5.0
23300,2021-08-28 20:00:00,364.66,147.0,51.0,2.0,0.0,109.0,52.0,5.0
23301,2021-08-28 21:00:00,380.24,145.0,51.0,2.0,0.0,88.0,56.0,5.0
23302,2021-08-28 22:00:00,386.9,147.0,50.0,2.0,0.0,79.0,61.0,5.0
23303,2021-08-28 23:00:00,375.99,146.0,48.0,2.0,0.0,86.0,63.0,5.0
23304,2021-08-29 00:00:00,382.41,148.0,51.0,2.0,0.0,85.0,60.0,5.0
23305,2021-08-29 01:00:00,384.53,149.0,52.0,2.0,0.0,83.0,61.0,5.0
23306,2021-08-29 02:00:00,387.83,148.0,53.0,2.0,0.0,79.0,61.0,5.0
23307,2021-08-29 03:00:00,398.1,149.0,52.0,2.0,2.0,69.0,61.0,5.0
23308,2021-08-29 04:00:00,381.28,149.0,52.0,2.0,10.0,76.0,61.0,5.0
23309,2021-08-29 05:00:00,372.96,151.0,51.0,2.0,24.0,72.0,61.0,5.0
23310,2021-08-29 06:00:00,360.3,152.0,52.0,2.0,43.0,67.0,61.0,5.0
23311,2021-08-29 07:00:00,326.77,151.0,53.0,2.0,71.0,77.0,61.0,5.0
23312,2021-08-29 08:00:00,295.51,152.0,53.0,2.0,96.0,98.0,61.0,5.0
23313,2021-08-29 09:00:00,274.24,153.0,53.0,2.0,117.0,114.0,62.0,5.0
23314,2021-08-29 10:00:00,263.85,149.0,52.0,2.0,131.0,114.0,60.0,5.0
23315,2021-08-29 11:00:00,264.68,152.0,52.0,2.0,137.0,112.0,60.0,5.0
23316,2021-08-29 12:00:00,264.88,152.0,53.0,2.0,128.0,118.0,63.0,5.0
23317,2021-08-29 13:00:00,281.7,155.0,53.0,2.0,104.0,117.0,62.0,5.0
23318,2021-08-29 14:00:00,310.51,151.0,53.0,2.0,68.0,102.0,61.0,5.0
23319,2021-08-29 15:00:00,347.35,150.0,54.0,2.0,33.0,88.0,62.0,5.0
23320,2021-08-29 16:00:00,382.25,149.0,55.0,2.0,10.0,74.0,62.0,5.0
23321,2021-08-29 17:00:00,397.71,152.0,53.0,2.0,1.0,70.0,64.0,5.0
23322,2021-08-29 18:00:00,390.95,153.0,52.0,2.0,0.0,77.0,65.0,5.0
23323,2021-08-29 19:00:00,382.38,150.0,51.0,2.0,0.0,80.0,67.0,5.0
23324,2021-08-29 20:00:00,385.74,147.0,51.0,2.0,0.0,74.0,67.0,5.0
23325,2021-08-29 21:00:00,390.37,145.0,51.0,2.0,0.0,69.0,66.0,5.0
23326,2021-08-29 22:00:00,389.27,144.0,51.0,2.0,0.0,69.0,66.0,5.0
23327,2021-08-29 23:00:00,386.94,145.0,51.0,2.0,0.0,73.0,65.0,5.0
23328,2021-08-30 00:00:00,410.15,164.0,50.0,2.0,0.0,75.0,60.0,5.0
23329,2021-08-30 01:00:00,416.06,181.0,50.0,2.0,0.0,83.0,61.0,5.0
23330,2021-08-30 02:00:00,420.99,194.0,50.0,2.0,0.0,87.0,63.0,5.0
23331,2021-08-30 03:00:00,427.5,207.0,50.0,2.0,2.0,91.0,61.0,5.0
23332,2021-08-30 04:00:00,432.83,207.0,49.0,2.0,15.0,74.0,60.0,5.0
23333,2021-08-30 05:00:00,443.36,220.0,52.0,2.0,34.0,53.0,61.0,5.0
23334,2021-08-30 06:00:00,410.84,244.0,54.0,2.0,83.0,57.0,62.0,5.0
23335,2021-08-30 07:00:00,355.9,242.0,54.0,2.0,143.0,70.0,65.0,5.0
23336,2021-08-30 08:00:00,327.88,236.0,56.0,2.0,177.0,79.0,64.0,5.0
23337,2021-08-30 09:00:00,317.33,235.0,55.0,2.0,194.0,81.0,64.0,5.0
23338,2021-08-30 10:00:00,317.43,241.0,54.0,2.0,204.0,80.0,63.0,5.0
23339,2021-08-30 11:00:00,307.23,239.0,51.0,2.0,215.0,87.0,63.0,5.0
23340,2021-08-30 12:00:00,311.34,238.0,52.0,2.0,205.0,86.0,64.0,5.0
23341,2021-08-30 13:00:00,333.72,238.0,31.0,2.0,165.0,80.0,64.0,5.0
23342,2021-08-30 14:00:00,375.56,241.0,24.0,2.0,103.0,81.0,63.0,5.0
23343,2021-08-30 15:00:00,423.33,242.0,23.0,2.0,45.0,84.0,60.0,4.0
23344,2021-08-30 16:00:00,466.77,242.0,25.0,2.0,11.0,74.0,61.0,5.0
23345,2021-08-30 17:00:00,470.11,240.0,24.0,2.0,1.0,79.0,62.0,5.0
23346,2021-08-30 18:00:00,461.82,231.0,22.0,2.0,0.0,81.0,63.0,5.0
23347,2021-08-30 19:00:00,460.4,234.0,23.0,2.0,0.0,81.0,66.0,5.0
23348,2021-08-30 20:00:00,402.87,177.0,25.0,2.0,0.0,90.0,65.0,5.0
23349,2021-08-30 21:00:00,364.72,152.0,26.0,2.0,0.0,99.0,67.0,5.0
23350,2021-08-30 22:00:00,379.85,167.0,27.0,2.0,0.0,101.0,66.0,5.0
23351,2021-08-30 23:00:00,404.86,178.0,26.0,2.0,0.0,90.0,64.0,5.0
23352,2021-08-31 00:00:00,444.61,201.0,42.0,2.0,0.0,73.0,62.0,5.0
23353,2021-08-31 01:00:00,456.64,203.0,43.0,2.0,0.0,64.0,62.0,5.0
23354,2021-08-31 02:00:00,456.73,210.0,46.0,2.0,0.0,68.0,62.0,5.0
23355,2021-08-31 03:00:00,499.85,292.0,49.0,2.0,3.0,73.0,62.0,5.0
23356,2021-08-31 04:00:00,495.63,318.0,49.0,2.0,19.0,76.0,61.0,5.0
23357,2021-08-31 05:00:00,479.55,326.0,51.0,2.0,50.0,68.0,60.0,5.0
23358,2021-08-31 06:00:00,471.02,327.0,50.0,2.0,78.0,51.0,60.0,5.0
23359,2021-08-31 07:00:00,435.62,331.0,47.0,2.0,110.0,69.0,60.0,5.0
23360,2021-08-31 08:00:00,412.91,331.0,50.0,2.0,130.0,82.0,61.0,5.0
23361,2021-08-31 09:00:00,402.03,330.0,50.0,2.0,156.0,72.0,62.0,5.0
23362,2021-08-31 10:00:00,403.08,330.0,53.0,2.0,163.0,65.0,60.0,5.0
23363,2021-08-31 11:00:00,399.73,336.0,54.0,2.0,168.0,72.0,59.0,5.0
23364,2021-08-31 12:00:00,403.71,328.0,55.0,2.0,153.0,69.0,63.0,5.0
23365,2021-08-31 13:00:00,424.36,330.0,53.0,2.0,132.0,61.0,61.0,5.0
23366,2021-08-31 14:00:00,449.34,323.0,55.0,2.0,95.0,57.0,61.0,5.0
23367,2021-08-31 15:00:00,503.71,328.0,55.0,2.0,46.0,44.0,61.0,5.0
23368,2021-08-31 16:00:00,557.31,329.0,53.0,2.0,12.0,27.0,61.0,5.0
23369,2021-08-31 17:00:00,568.55,328.0,53.0,2.0,1.0,26.0,63.0,5.0
23370,2021-08-31 18:00:00,555.72,327.0,52.0,2.0,0.0,37.0,64.0,5.0
23371,2021-08-31 19:00:00,504.94,326.0,50.0,2.0,0.0,84.0,66.0,5.0
23372,2021-08-31 20:00:00,479.45,322.0,50.0,2.0,0.0,109.0,67.0,5.0
23373,2021-08-31 21:00:00,483.48,320.0,51.0,2.0,0.0,103.0,67.0,5.0
23374,2021-08-31 22:00:00,474.98,322.0,51.0,2.0,0.0,115.0,66.0,5.0
23375,2021-08-31 23:00:00,495.36,339.0,51.0,2.0,0.0,104.0,63.0,5.0
23376,2021-09-01 00:00:00,507.26,342.0,52.0,2.0,0.0,93.0,62.0,5.0
23377,2021-09-01 01:00:00,522.38,362.0,52.0,2.0,0.0,88.0,60.0,5.0
23378,2021-09-01 02:00:00,528.59,372.0,51.0,2.0,0.0,94.0,52.0,5.0
23379,2021-09-01 03:00:00,537.72,391.0,51.0,2.0,3.0,101.0,40.0,4.0
23380,2021-09-01 04:00:00,545.12,456.0,53.0,2.0,24.0,97.0,40.0,5.0
23381,2021-09-01 05:00:00,498.92,469.0,51.0,2.0,80.0,108.0,43.0,5.0
23382,2021-09-01 06:00:00,453.17,467.0,52.0,2.0,137.0,124.0,45.0,5.0
23383,2021-09-01 07:00:00,417.7,465.0,52.0,2.0,188.0,141.0,46.0,5.0
23384,2021-09-01 08:00:00,398.8,461.0,52.0,2.0,220.0,149.0,45.0,5.0
23385,2021-09-01 09:00:00,400.64,458.0,52.0,2.0,199.0,158.0,50.0,5.0
23386,2021-09-01 10:00:00,385.63,457.0,52.0,2.0,206.0,176.0,60.0,5.0
23387,2021-09-01 11:00:00,377.38,456.0,48.0,2.0,206.0,191.0,65.0,5.0
23388,2021-09-01 12:00:00,377.34,454.0,53.0,2.0,182.0,212.0,66.0,5.0
23389,2021-09-01 13:00:00,390.52,455.0,54.0,2.0,144.0,219.0,65.0,5.0
23390,2021-09-01 14:00:00,420.71,457.0,53.0,2.0,91.0,206.0,65.0,5.0
23391,2021-09-01 15:00:00,451.66,472.0,53.0,2.0,42.0,208.0,62.0,5.0
23392,2021-09-01 16:00:00,476.29,474.0,51.0,2.0,11.0,196.0,63.0,5.0
23393,2021-09-01 17:00:00,487.65,473.0,50.0,2.0,1.0,185.0,65.0,5.0
23394,2021-09-01 18:00:00,497.81,470.0,48.0,2.0,0.0,169.0,65.0,5.0
23395,2021-09-01 19:00:00,498.64,472.0,51.0,2.0,0.0,165.0,68.0,5.0
23396,2021-09-01 20:00:00,503.05,465.0,50.0,2.0,0.0,155.0,68.0,5.0
23397,2021-09-01 21:00:00,482.21,390.0,50.0,2.0,0.0,145.0,67.0,5.0
23398,2021-09-01 22:00:00,485.15,390.0,50.0,2.0,0.0,141.0,67.0,5.0
23399,2021-09-01 23:00:00,495.8,392.0,50.0,2.0,0.0,131.0,64.0,5.0
23400,2021-09-02 00:00:00,503.92,409.0,51.0,2.0,0.0,130.0,63.0,5.0
23401,2021-09-02 01:00:00,521.42,429.0,51.0,2.0,0.0,118.0,62.0,5.0
23402,2021-09-02 02:00:00,542.34,440.0,50.0,2.0,0.0,99.0,60.0,5.0
23403,2021-09-02 03:00:00,557.91,462.0,49.0,2.0,3.0,86.0,60.0,5.0
23404,2021-09-02 04:00:00,566.3,528.0,51.0,2.0,24.0,78.0,59.0,5.0
23405,2021-09-02 05:00:00,527.76,569.0,53.0,2.0,87.0,85.0,61.0,5.0
23406,2021-09-02 06:00:00,502.24,642.0,54.0,2.0,162.0,90.0,62.0,5.0
23407,2021-09-02 07:00:00,465.05,638.0,53.0,2.0,211.0,119.0,63.0,5.0
23408,2021-09-02 08:00:00,453.67,636.0,53.0,2.0,222.0,131.0,66.0,5.0
23409,2021-09-02 09:00:00,452.24,622.0,53.0,2.0,213.0,135.0,65.0,5.0
23410,2021-09-02 10:00:00,456.27,614.0,53.0,2.0,192.0,141.0,65.0,5.0
23411,2021-09-02 11:00:00,455.26,611.0,55.0,2.0,166.0,169.0,63.0,5.0
23412,2021-09-02 12:00:00,466.43,626.0,54.0,2.0,128.0,190.0,64.0,5.0
23413,2021-09-02 13:00:00,483.06,627.0,53.0,2.0,95.0,187.0,64.0,5.0
23414,2021-09-02 14:00:00,504.69,625.0,52.0,2.0,57.0,180.0,64.0,5.0
23415,2021-09-02 15:00:00,537.84,634.0,52.0,2.0,25.0,157.0,62.0,5.0
23416,2021-09-02 16:00:00,563.29,634.0,51.0,2.0,5.0,135.0,62.0,5.0
23417,2021-09-02 17:00:00,557.76,638.0,49.0,2.0,1.0,148.0,64.0,5.0
23418,2021-09-02 18:00:00,546.08,637.0,49.0,2.0,0.0,167.0,65.0,5.0
23419,2021-09-02 19:00:00,524.47,609.0,61.0,2.0,0.0,187.0,67.0,5.0
23420,2021-09-02 20:00:00,501.19,517.0,60.0,2.0,0.0,182.0,68.0,5.0
23421,2021-09-02 21:00:00,488.48,504.0,62.0,2.0,0.0,197.0,67.0,5.0
23422,2021-09-02 22:00:00,494.85,561.0,65.0,2.0,0.0,217.0,66.0,5.0
23423,2021-09-02 23:00:00,483.77,512.0,65.0,2.0,0.0,212.0,64.0,5.0
23424,2021-09-03 00:00:00,483.21,485.0,63.0,2.0,0.0,199.0,63.0,5.0
23425,2021-09-03 01:00:00,488.24,479.0,64.0,2.0,0.0,190.0,60.0,5.0
23426,2021-09-03 02:00:00,505.16,551.0,66.0,2.0,0.0,197.0,62.0,5.0
23427,2021-09-03 03:00:00,498.18,566.0,67.0,2.0,1.0,216.0,62.0,5.0
23428,2021-09-03 04:00:00,505.06,627.0,68.0,2.0,10.0,225.0,62.0,5.0
23429,2021-09-03 05:00:00,498.72,661.0,70.0,2.0,23.0,242.0,62.0,5.0
23430,2021-09-03 06:00:00,490.95,659.0,69.0,2.0,46.0,238.0,59.0,5.0
23431,2021-09-03 07:00:00,473.41,656.0,65.0,2.0,95.0,226.0,61.0,5.0
23432,2021-09-03 08:00:00,453.31,653.0,66.0,2.0,159.0,203.0,67.0,5.0
23433,2021-09-03 09:00:00,439.83,622.0,65.0,2.0,177.0,199.0,66.0,5.0
23434,2021-09-03 10:00:00,436.26,601.0,63.0,2.0,185.0,185.0,66.0,5.0
23435,2021-09-03 11:00:00,440.44,595.0,64.0,2.0,185.0,171.0,65.0,5.0
23436,2021-09-03 12:00:00,452.63,608.0,67.0,2.0,183.0,151.0,66.0,5.0
23437,2021-09-03 13:00:00,472.78,623.0,67.0,2.0,154.0,141.0,68.0,5.0
23438,2021-09-03 14:00:00,492.31,607.0,68.0,2.0,102.0,142.0,68.0,5.0
23439,2021-09-03 15:00:00,530.75,654.0,69.0,2.0,42.0,151.0,67.0,5.0
23440,2021-09-03 16:00:00,544.26,653.0,66.0,2.0,9.0,163.0,64.0,5.0
23441,2021-09-03 17:00:00,541.34,655.0,66.0,2.0,1.0,176.0,65.0,5.0
23442,2021-09-03 18:00:00,545.84,655.0,66.0,2.0,0.0,169.0,65.0,5.0
23443,2021-09-03 19:00:00,550.77,654.0,66.0,2.0,0.0,161.0,64.0,5.0
23444,2021-09-03 20:00:00,550.33,652.0,66.0,2.0,0.0,162.0,63.0,5.0
23445,2021-09-03 21:00:00,554.57,659.0,64.0,2.0,0.0,158.0,63.0,5.0
23446,2021-09-03 22:00:00,533.8,545.0,63.0,2.0,0.0,148.0,62.0,5.0
23447,2021-09-03 23:00:00,523.81,487.0,65.0,2.0,0.0,139.0,60.0,5.0
23448,2021-09-04 00:00:00,542.04,494.0,66.0,2.0,0.0,119.0,57.0,5.0
23449,2021-09-04 01:00:00,553.8,497.0,67.0,2.0,0.0,108.0,53.0,5.0
23450,2021-09-04 02:00:00,568.82,488.0,66.0,2.0,0.0,87.0,52.0,5.0
23451,2021-09-04 03:00:00,572.86,497.0,66.0,2.0,2.0,85.0,50.0,4.0
23452,2021-09-04 04:00:00,560.86,491.0,66.0,2.0,22.0,80.0,48.0,5.0
23453,2021-09-04 05:00:00,484.08,466.0,66.0,2.0,84.0,113.0,52.0,5.0
23454,2021-09-04 06:00:00,456.63,485.0,66.0,2.0,158.0,94.0,57.0,5.0
23455,2021-09-04 07:00:00,428.82,486.0,66.0,2.0,213.0,92.0,61.0,5.0
23456,2021-09-04 08:00:00,410.88,448.0,67.0,2.0,215.0,95.0,64.0,5.0
23457,2021-09-04 09:00:00,423.09,464.0,66.0,2.0,223.0,92.0,46.0,5.0
23458,2021-09-04 10:00:00,413.63,455.0,66.0,2.0,222.0,105.0,47.0,5.0
23459,2021-09-04 11:00:00,433.15,464.0,67.0,2.0,207.0,84.0,49.0,5.0
23460,2021-09-04 12:00:00,421.23,423.0,66.0,2.0,189.0,94.0,49.0,5.0
23461,2021-09-04 13:00:00,428.33,397.0,67.0,2.0,149.0,101.0,48.0,5.0
23462,2021-09-04 14:00:00,493.58,445.0,68.0,2.0,78.0,96.0,48.0,5.0
23463,2021-09-04 15:00:00,528.99,455.0,67.0,2.0,38.0,95.0,44.0,5.0
23464,2021-09-04 16:00:00,549.49,435.0,67.0,2.0,8.0,92.0,43.0,5.0
23465,2021-09-04 17:00:00,556.79,463.0,66.0,2.0,1.0,99.0,45.0,5.0
23466,2021-09-04 18:00:00,546.64,493.0,64.0,2.0,0.0,122.0,48.0,5.0
23467,2021-09-04 19:00:00,555.95,482.0,66.0,2.0,0.0,104.0,49.0,5.0
23468,2021-09-04 20:00:00,554.0,443.0,66.0,2.0,0.0,92.0,49.0,5.0
23469,2021-09-04 21:00:00,562.61,447.0,67.0,2.0,0.0,82.0,50.0,5.0
23470,2021-09-04 22:00:00,555.7,424.0,66.0,2.0,0.0,82.0,50.0,5.0
23471,2021-09-04 23:00:00,569.33,453.0,65.0,2.0,0.0,80.0,47.0,5.0
23472,2021-09-05 00:00:00,567.56,452.0,67.0,2.0,0.0,83.0,45.0,5.0
23473,2021-09-05 01:00:00,588.48,455.0,66.0,2.0,0.0,63.0,43.0,5.0
23474,2021-09-05 02:00:00,596.44,464.0,66.0,2.0,3.0,51.0,46.0,5.0
23475,2021-09-05 03:00:00,609.94,466.0,67.0,2.0,2.0,39.0,45.0,5.0
23476,2021-09-05 04:00:00,587.58,444.0,68.0,2.0,21.0,37.0,45.0,5.0
23477,2021-09-05 05:00:00,534.08,448.0,68.0,2.0,74.0,46.0,47.0,5.0
23478,2021-09-05 06:00:00,481.54,470.0,68.0,2.0,143.0,63.0,49.0,5.0
23479,2021-09-05 07:00:00,441.19,464.0,67.0,2.0,204.0,69.0,51.0,5.0
23480,2021-09-05 08:00:00,435.79,471.0,53.0,2.0,220.0,71.0,51.0,5.0
23481,2021-09-05 09:00:00,406.22,361.0,39.0,2.0,196.0,65.0,50.0,5.0
23482,2021-09-05 10:00:00,408.34,363.0,39.0,2.0,196.0,63.0,50.0,5.0
23483,2021-09-05 11:00:00,442.15,438.0,39.0,2.0,189.0,71.0,48.0,5.0
23484,2021-09-05 12:00:00,456.8,452.0,49.0,2.0,170.0,71.0,49.0,5.0
23485,2021-09-05 13:00:00,483.01,464.0,60.0,2.0,129.0,73.0,49.0,5.0
23486,2021-09-05 14:00:00,495.75,391.0,60.0,2.0,81.0,61.0,50.0,5.0
23487,2021-09-05 15:00:00,573.11,466.0,62.0,2.0,34.0,48.0,46.0,5.0
23488,2021-09-05 16:00:00,605.36,489.0,66.0,2.0,7.0,46.0,44.0,5.0
23489,2021-09-05 17:00:00,611.43,483.0,66.0,2.0,1.0,43.0,45.0,5.0
23490,2021-09-05 18:00:00,600.7,481.0,66.0,2.0,0.0,53.0,47.0,5.0
23491,2021-09-05 19:00:00,585.51,482.0,64.0,2.0,0.0,69.0,49.0,5.0
23492,2021-09-05 20:00:00,597.2,482.0,61.0,2.0,0.0,57.0,49.0,5.0
23493,2021-09-05 21:00:00,586.65,459.0,61.0,2.0,0.0,62.0,49.0,5.0
23494,2021-09-05 22:00:00,567.36,407.0,64.0,2.0,0.0,65.0,49.0,5.0
23495,2021-09-05 23:00:00,576.89,416.0,67.0,2.0,0.0,60.0,46.0,5.0
23496,2021-09-06 00:00:00,577.42,441.0,68.0,2.0,0.0,70.0,43.0,5.0
23497,2021-09-06 01:00:00,572.26,442.0,68.0,2.0,0.0,77.0,42.0,5.0
23498,2021-09-06 02:00:00,576.74,469.0,67.0,2.0,0.0,80.0,43.0,4.0
23499,2021-09-06 03:00:00,595.61,526.0,66.0,2.0,1.0,75.0,42.0,5.0
23500,2021-09-06 04:00:00,599.38,589.0,67.0,2.0,9.0,79.0,42.0,5.0
23501,2021-09-06 05:00:00,603.69,645.0,64.0,2.0,33.0,65.0,42.0,5.0
23502,2021-09-06 06:00:00,576.95,640.0,67.0,2.0,76.0,57.0,44.0,5.0
23503,2021-09-06 07:00:00,554.07,645.0,69.0,2.0,121.0,50.0,44.0,5.0
23504,2021-09-06 08:00:00,532.88,614.0,69.0,2.0,147.0,47.0,45.0,5.0
23505,2021-09-06 09:00:00,532.86,613.0,71.0,2.0,151.0,42.0,45.0,5.0
23506,2021-09-06 10:00:00,534.52,608.0,71.0,2.0,140.0,47.0,46.0,5.0
23507,2021-09-06 11:00:00,544.34,612.0,71.0,2.0,114.0,58.0,46.0,5.0
23508,2021-09-06 12:00:00,549.49,609.0,69.0,2.0,98.0,67.0,44.0,5.0
23509,2021-09-06 13:00:00,545.37,613.0,70.0,2.0,83.0,88.0,46.0,5.0
23510,2021-09-06 14:00:00,568.78,611.0,70.0,2.0,47.0,88.0,44.0,5.0
23511,2021-09-06 15:00:00,595.77,612.0,70.0,2.0,21.0,79.0,40.0,5.0
23512,2021-09-06 16:00:00,620.17,644.0,69.0,2.0,4.0,70.0,41.0,5.0
23513,2021-09-06 17:00:00,622.55,643.0,68.0,2.0,0.0,70.0,42.0,5.0
23514,2021-09-06 18:00:00,619.56,643.0,68.0,2.0,0.0,72.0,44.0,5.0
23515,2021-09-06 19:00:00,625.02,610.0,67.0,2.0,0.0,56.0,46.0,5.0
23516,2021-09-06 20:00:00,624.04,586.0,67.0,2.0,0.0,51.0,47.0,5.0
23517,2021-09-06 21:00:00,633.89,610.0,67.0,2.0,0.0,44.0,47.0,5.0
23518,2021-09-06 22:00:00,616.41,550.0,67.0,2.0,0.0,53.0,46.0,5.0
23519,2021-09-06 23:00:00,617.95,530.0,66.0,2.0,0.0,49.0,44.0,5.0
23520,2021-09-07 00:00:00,615.37,498.0,67.0,2.0,0.0,48.0,40.0,5.0
23521,2021-09-07 01:00:00,606.53,494.0,66.0,2.0,0.0,59.0,38.0,5.0
23522,2021-09-07 02:00:00,611.17,504.0,67.0,2.0,0.0,53.0,41.0,5.0
23523,2021-09-07 03:00:00,628.65,603.0,67.0,2.0,1.0,53.0,42.0,5.0
23524,2021-09-07 04:00:00,621.65,625.0,66.0,2.0,11.0,57.0,42.0,5.0
23525,2021-09-07 05:00:00,616.29,654.0,68.0,2.0,39.0,42.0,42.0,5.0
23526,2021-09-07 06:00:00,584.59,660.0,68.0,2.0,92.0,38.0,41.0,5.0
23527,2021-09-07 07:00:00,534.01,659.0,66.0,2.0,157.0,54.0,46.0,5.0
23528,2021-09-07 08:00:00,503.62,618.0,69.0,2.0,184.0,66.0,45.0,5.0
23529,2021-09-07 09:00:00,506.84,616.0,68.0,2.0,163.0,80.0,45.0,5.0
23530,2021-09-07 10:00:00,517.03,613.0,69.0,2.0,136.0,85.0,46.0,5.0
23531,2021-09-07 11:00:00,528.82,616.0,69.0,2.0,101.0,101.0,45.0,5.0
23532,2021-09-07 12:00:00,545.08,616.0,69.0,2.0,75.0,102.0,42.0,5.0
23533,2021-09-07 13:00:00,560.42,628.0,70.0,2.0,58.0,98.0,42.0,5.0
23534,2021-09-07 14:00:00,568.35,612.0,70.0,2.0,41.0,97.0,42.0,5.0
23535,2021-09-07 15:00:00,591.77,638.0,70.0,2.0,22.0,90.0,41.0,5.0
23536,2021-09-07 16:00:00,606.5,655.0,68.0,2.0,5.0,90.0,42.0,5.0
23537,2021-09-07 17:00:00,606.09,663.0,67.0,2.0,0.0,97.0,43.0,5.0
23538,2021-09-07 18:00:00,600.56,625.0,67.0,2.0,0.0,93.0,45.0,5.0
23539,2021-09-07 19:00:00,598.93,624.0,67.0,2.0,0.0,93.0,47.0,5.0
23540,2021-09-07 20:00:00,597.58,617.0,67.0,2.0,0.0,93.0,47.0,5.0
23541,2021-09-07 21:00:00,551.86,461.0,67.0,2.0,0.0,103.0,47.0,5.0
23542,2021-09-07 22:00:00,534.85,452.0,67.0,2.0,0.0,121.0,47.0,5.0
23543,2021-09-07 23:00:00,528.71,429.0,67.0,2.0,0.0,121.0,45.0,5.0
23544,2021-09-08 00:00:00,537.63,430.0,68.0,2.0,0.0,114.0,41.0,5.0
23545,2021-09-08 01:00:00,534.48,435.0,68.0,2.0,0.0,122.0,39.0,5.0
23546,2021-09-08 02:00:00,536.61,439.0,68.0,2.0,0.0,118.0,42.0,5.0
23547,2021-09-08 03:00:00,544.39,460.0,67.0,2.0,1.0,116.0,42.0,5.0
23548,2021-09-08 04:00:00,554.34,498.0,66.0,2.0,7.0,114.0,40.0,5.0
23549,2021-09-08 05:00:00,549.8,497.0,68.0,2.0,18.0,107.0,41.0,5.0
23550,2021-09-08 06:00:00,539.99,500.0,70.0,2.0,36.0,105.0,39.0,5.0
23551,2021-09-08 07:00:00,519.01,463.0,68.0,2.0,44.0,111.0,39.0,5.0
23552,2021-09-08 08:00:00,502.52,464.0,70.0,2.0,55.0,124.0,39.0,5.0
23553,2021-09-08 09:00:00,498.21,461.0,70.0,2.0,56.0,129.0,38.0,5.0
23554,2021-09-08 10:00:00,496.03,466.0,70.0,2.0,55.0,134.0,40.0,5.0
23555,2021-09-08 11:00:00,495.95,462.0,70.0,2.0,45.0,142.0,40.0,5.0
23556,2021-09-08 12:00:00,494.21,457.0,70.0,2.0,41.0,146.0,40.0,5.0
23557,2021-09-08 13:00:00,484.84,454.0,70.0,2.0,33.0,168.0,39.0,5.0
23558,2021-09-08 14:00:00,496.13,455.0,70.0,2.0,18.0,164.0,41.0,5.0
23559,2021-09-08 15:00:00,505.52,463.0,70.0,2.0,8.0,164.0,41.0,5.0
23560,2021-09-08 16:00:00,526.22,493.0,69.0,2.0,2.0,154.0,41.0,5.0
23561,2021-09-08 17:00:00,544.2,498.0,68.0,2.0,0.0,132.0,42.0,5.0
23562,2021-09-08 18:00:00,561.99,497.0,68.0,2.0,0.0,105.0,45.0,5.0
23563,2021-09-08 19:00:00,559.52,463.0,68.0,2.0,0.0,94.0,47.0,5.0
23564,2021-09-08 20:00:00,568.45,462.0,68.0,2.0,0.0,83.0,47.0,5.0
23565,2021-09-08 21:00:00,561.08,426.0,68.0,2.0,0.0,79.0,47.0,5.0
23566,2021-09-08 22:00:00,563.05,418.0,68.0,2.0,0.0,74.0,47.0,5.0
23567,2021-09-08 23:00:00,582.84,413.0,67.0,2.0,0.0,55.0,44.0,5.0
23568,2021-09-09 00:00:00,598.32,415.0,68.0,2.0,0.0,43.0,41.0,5.0
23569,2021-09-09 01:00:00,613.09,456.0,68.0,2.0,0.0,41.0,39.0,5.0
23570,2021-09-09 02:00:00,628.28,536.0,68.0,2.0,0.0,41.0,41.0,5.0
23571,2021-09-09 03:00:00,631.21,591.0,68.0,2.0,1.0,49.0,40.0,5.0
23572,2021-09-09 04:00:00,626.44,625.0,68.0,2.0,10.0,53.0,40.0,5.0
23573,2021-09-09 05:00:00,608.24,628.0,70.0,2.0,35.0,51.0,41.0,5.0
23574,2021-09-09 06:00:00,575.98,623.0,70.0,2.0,76.0,56.0,40.0,5.0
23575,2021-09-09 07:00:00,523.78,621.0,70.0,2.0,144.0,73.0,41.0,5.0
23576,2021-09-09 08:00:00,486.29,614.0,69.0,2.0,200.0,84.0,44.0,5.0
23577,2021-09-09 09:00:00,474.54,612.0,69.0,2.0,193.0,116.0,43.0,5.0
23578,2021-09-09 10:00:00,488.46,615.0,65.0,2.0,142.0,139.0,44.0,5.0
23579,2021-09-09 11:00:00,504.29,624.0,68.0,2.0,117.0,135.0,45.0,5.0
23580,2021-09-09 12:00:00,502.61,614.0,65.0,2.0,115.0,136.0,45.0,5.0
23581,2021-09-09 13:00:00,512.9,624.0,69.0,2.0,98.0,139.0,43.0,5.0
23582,2021-09-09 14:00:00,528.56,622.0,66.0,2.0,61.0,147.0,43.0,5.0
23583,2021-09-09 15:00:00,563.52,627.0,69.0,2.0,25.0,126.0,42.0,4.0
23584,2021-09-09 16:00:00,593.42,621.0,67.0,2.0,4.0,103.0,40.0,3.0
23585,2021-09-09 17:00:00,616.12,655.0,67.0,2.0,0.0,82.0,42.0,3.0
23586,2021-09-09 18:00:00,618.63,657.0,67.0,2.0,0.0,76.0,45.0,3.0
23587,2021-09-09 19:00:00,617.9,657.0,67.0,2.0,0.0,76.0,46.0,3.0
23588,2021-09-09 20:00:00,625.82,626.0,66.0,2.0,0.0,58.0,47.0,3.0
23589,2021-09-09 21:00:00,638.16,613.0,66.0,2.0,0.0,40.0,47.0,3.0
23590,2021-09-09 22:00:00,649.82,612.0,66.0,2.0,0.0,26.0,47.0,3.0
23591,2021-09-09 23:00:00,658.62,609.0,67.0,2.0,0.0,17.0,45.0,3.0
23592,2021-09-10 00:00:00,668.3,604.0,66.0,2.0,0.0,11.0,40.0,3.0
23593,2021-09-10 01:00:00,669.34,609.0,65.0,2.0,0.0,12.0,39.0,3.0
23594,2021-09-10 02:00:00,661.62,616.0,64.0,2.0,0.0,20.0,41.0,3.0
23595,2021-09-10 03:00:00,654.57,615.0,66.0,2.0,1.0,25.0,42.0,3.0
23596,2021-09-10 04:00:00,652.96,622.0,66.0,2.0,6.0,22.0,43.0,3.0
23597,2021-09-10 05:00:00,641.95,626.0,68.0,2.0,20.0,22.0,42.0,3.0
23598,2021-09-10 06:00:00,636.93,654.0,67.0,2.0,37.0,17.0,42.0,3.0
23599,2021-09-10 07:00:00,621.96,655.0,67.0,2.0,59.0,16.0,41.0,3.0
23600,2021-09-10 08:00:00,597.0,622.0,65.0,2.0,82.0,19.0,42.0,3.0
23601,2021-09-10 09:00:00,584.68,620.0,65.0,2.0,96.0,22.0,42.0,3.0
23602,2021-09-10 10:00:00,580.76,620.0,67.0,2.0,98.0,25.0,42.0,3.0
23603,2021-09-10 11:00:00,578.79,615.0,68.0,2.0,98.0,26.0,42.0,3.0
23604,2021-09-10 12:00:00,591.21,617.0,67.0,2.0,86.0,22.0,41.0,3.0
23605,2021-09-10 13:00:00,604.06,618.0,68.0,2.0,69.0,20.0,42.0,4.0
23606,2021-09-10 14:00:00,627.79,617.0,67.0,2.0,44.0,14.0,42.0,5.0
23607,2021-09-10 15:00:00,650.96,618.0,65.0,2.0,18.0,12.0,43.0,4.0
23608,2021-09-10 16:00:00,672.16,655.0,62.0,2.0,3.0,9.0,43.0,5.0
23609,2021-09-10 17:00:00,677.4,653.0,57.0,2.0,0.0,8.0,43.0,5.0
23610,2021-09-10 18:00:00,670.35,654.0,53.0,2.0,0.0,14.0,47.0,5.0
23611,2021-09-10 19:00:00,663.17,621.0,43.0,2.0,0.0,20.0,49.0,5.0
23612,2021-09-10 20:00:00,662.27,621.0,43.0,2.0,0.0,21.0,49.0,5.0
23613,2021-09-10 21:00:00,662.54,617.0,41.0,2.0,0.0,22.0,48.0,5.0
23614,2021-09-10 22:00:00,637.2,458.0,40.0,2.0,0.0,21.0,48.0,5.0
23615,2021-09-10 23:00:00,576.76,402.0,41.0,2.0,48.0,17.0,46.0,5.0
23616,2021-09-11 00:00:00,630.46,364.0,42.0,2.0,0.0,13.0,42.0,5.0
23617,2021-09-11 01:00:00,633.42,347.0,43.0,2.0,0.0,9.0,40.0,5.0
23618,2021-09-11 02:00:00,645.2,396.0,42.0,2.0,0.0,8.0,42.0,5.0
23619,2021-09-11 03:00:00,648.76,406.0,42.0,2.0,1.0,6.0,42.0,5.0
23620,2021-09-11 04:00:00,646.12,460.0,41.0,2.0,11.0,7.0,43.0,5.0
23621,2021-09-11 05:00:00,608.29,460.0,42.0,2.0,42.0,10.0,44.0,5.0
23622,2021-09-11 06:00:00,558.77,462.0,43.0,2.0,88.0,13.0,49.0,5.0
23623,2021-09-11 07:00:00,513.93,461.0,44.0,2.0,139.0,19.0,49.0,5.0
23624,2021-09-11 08:00:00,462.02,457.0,40.0,2.0,209.0,28.0,49.0,5.0
23625,2021-09-11 09:00:00,432.41,458.0,39.0,2.0,259.0,35.0,47.0,5.0
23626,2021-09-11 10:00:00,426.72,454.0,40.0,2.0,268.0,34.0,47.0,5.0
23627,2021-09-11 11:00:00,433.71,450.0,42.0,2.0,251.0,32.0,49.0,5.0
23628,2021-09-11 12:00:00,455.13,426.0,41.0,2.0,203.0,26.0,48.0,5.0
23629,2021-09-11 13:00:00,506.35,433.0,43.0,2.0,139.0,18.0,47.0,5.0
23630,2021-09-11 14:00:00,568.22,461.0,42.0,2.0,78.0,13.0,48.0,5.0
23631,2021-09-11 15:00:00,624.19,460.0,41.0,2.0,29.0,8.0,44.0,5.0
23632,2021-09-11 16:00:00,657.5,459.0,41.0,2.0,4.0,5.0,42.0,5.0
23633,2021-09-11 17:00:00,661.06,462.0,42.0,2.0,0.0,5.0,43.0,5.0
23634,2021-09-11 18:00:00,657.35,461.0,42.0,2.0,0.0,6.0,45.0,5.0
23635,2021-09-11 19:00:00,653.86,461.0,42.0,2.0,0.0,7.0,47.0,5.0
23636,2021-09-11 20:00:00,651.35,460.0,42.0,2.0,0.0,8.0,48.0,5.0
23637,2021-09-11 21:00:00,643.67,448.0,41.0,2.0,0.0,13.0,48.0,5.0
23638,2021-09-11 22:00:00,636.89,438.0,41.0,2.0,0.0,17.0,48.0,5.0
23639,2021-09-11 23:00:00,634.97,460.0,41.0,2.0,0.0,25.0,46.0,5.0
23640,2021-09-12 00:00:00,629.97,462.0,41.0,2.0,0.0,33.0,43.0,5.0
23641,2021-09-12 01:00:00,619.87,464.0,41.0,2.0,0.0,47.0,39.0,5.0
23642,2021-09-12 02:00:00,627.01,465.0,42.0,2.0,0.0,39.0,40.0,5.0
23643,2021-09-12 03:00:00,628.29,466.0,42.0,2.0,1.0,35.0,42.0,5.0
23644,2021-09-12 04:00:00,613.62,465.0,42.0,2.0,4.0,45.0,43.0,4.0
23645,2021-09-12 05:00:00,602.62,467.0,41.0,2.0,7.0,52.0,45.0,3.0
23646,2021-09-12 06:00:00,592.92,468.0,42.0,2.0,18.0,53.0,43.0,3.0
23647,2021-09-12 07:00:00,577.03,467.0,42.0,2.0,27.0,58.0,46.0,3.0
23648,2021-09-12 08:00:00,560.69,461.0,41.0,2.0,34.0,70.0,44.0,3.0
23649,2021-09-12 09:00:00,553.44,463.0,42.0,2.0,38.0,79.0,40.0,3.0
23650,2021-09-12 10:00:00,547.23,471.0,41.0,2.0,40.0,85.0,43.0,3.0
23651,2021-09-12 11:00:00,548.63,434.0,41.0,2.0,45.0,64.0,43.0,3.0
23652,2021-09-12 12:00:00,516.98,407.0,41.0,2.0,57.0,74.0,47.0,3.0
23653,2021-09-12 13:00:00,526.68,412.0,43.0,2.0,45.0,76.0,47.0,3.0
23654,2021-09-12 14:00:00,572.55,469.0,44.0,2.0,29.0,64.0,43.0,3.0
23655,2021-09-12 15:00:00,590.42,467.0,43.0,2.0,16.0,57.0,43.0,3.0
23656,2021-09-12 16:00:00,603.09,465.0,41.0,2.0,3.0,58.0,42.0,3.0
23657,2021-09-12 17:00:00,610.31,462.0,41.0,2.0,0.0,53.0,42.0,3.0
23658,2021-09-12 18:00:00,609.18,464.0,40.0,2.0,0.0,52.0,45.0,3.0
23659,2021-09-12 19:00:00,596.91,444.0,40.0,2.0,0.0,58.0,46.0,3.0
23660,2021-09-12 20:00:00,600.29,458.0,41.0,2.0,0.0,58.0,46.0,3.0
23661,2021-09-12 21:00:00,597.06,451.0,42.0,2.0,0.0,59.0,46.0,3.0
23662,2021-09-12 22:00:00,603.4,460.0,42.0,2.0,0.0,55.0,46.0,3.0
23663,2021-09-12 23:00:00,607.3,470.0,41.0,2.0,0.0,56.0,44.0,3.0
23664,2021-09-13 00:00:00,614.54,488.0,41.0,2.0,0.0,57.0,40.0,3.0
23665,2021-09-13 01:00:00,612.57,502.0,42.0,2.0,0.0,64.0,38.0,3.0
23666,2021-09-13 02:00:00,611.3,517.0,42.0,2.0,0.0,68.0,39.0,3.0
23667,2021-09-13 03:00:00,596.46,540.0,42.0,2.0,0.0,91.0,39.0,3.0
23668,2021-09-13 04:00:00,603.84,628.0,42.0,2.0,4.0,100.0,40.0,3.0
23669,2021-09-13 05:00:00,559.51,631.0,42.0,2.0,14.0,154.0,42.0,4.0
23670,2021-09-13 06:00:00,549.15,628.0,44.0,2.0,25.0,159.0,41.0,5.0
23671,2021-09-13 07:00:00,526.86,629.0,43.0,2.0,32.0,189.0,43.0,5.0
23672,2021-09-13 08:00:00,509.2,625.0,42.0,2.0,52.0,201.0,42.0,5.0
23673,2021-09-13 09:00:00,486.48,617.0,41.0,2.0,84.0,207.0,45.0,5.0
23674,2021-09-13 10:00:00,474.41,619.0,44.0,2.0,110.0,207.0,45.0,5.0
23675,2021-09-13 11:00:00,451.4,629.0,41.0,2.0,151.0,228.0,43.0,5.0
23676,2021-09-13 12:00:00,427.53,624.0,37.0,2.0,186.0,247.0,47.0,5.0
23677,2021-09-13 13:00:00,440.24,621.0,35.0,2.0,169.0,228.0,48.0,5.0
23678,2021-09-13 14:00:00,469.17,620.0,40.0,2.0,104.0,223.0,48.0,5.0
23679,2021-09-13 15:00:00,512.87,632.0,40.0,2.0,33.0,215.0,44.0,5.0
23680,2021-09-13 16:00:00,539.48,631.0,39.0,2.0,4.0,198.0,42.0,5.0
23681,2021-09-13 17:00:00,537.05,633.0,39.0,2.0,0.0,206.0,43.0,5.0
23682,2021-09-13 18:00:00,531.81,628.0,39.0,2.0,0.0,211.0,45.0,5.0
23683,2021-09-13 19:00:00,539.78,629.0,38.0,2.0,0.0,196.0,47.0,5.0
23684,2021-09-13 20:00:00,546.01,631.0,39.0,2.0,0.0,185.0,48.0,5.0
23685,2021-09-13 21:00:00,554.47,628.0,39.0,2.0,0.0,171.0,47.0,5.0
23686,2021-09-13 22:00:00,549.41,617.0,39.0,2.0,0.0,175.0,47.0,5.0
23687,2021-09-13 23:00:00,551.44,623.0,39.0,2.0,0.0,177.0,44.0,5.0
23688,2021-09-14 00:00:00,548.13,616.0,38.0,2.0,0.0,183.0,41.0,5.0
23689,2021-09-14 01:00:00,552.43,629.0,38.0,2.0,0.0,183.0,39.0,5.0
23690,2021-09-14 02:00:00,550.96,628.0,38.0,2.0,0.0,183.0,41.0,5.0
23691,2021-09-14 03:00:00,538.58,616.0,37.0,2.0,1.0,199.0,40.0,5.0
23692,2021-09-14 04:00:00,531.66,629.0,38.0,2.0,13.0,204.0,40.0,5.0
23693,2021-09-14 05:00:00,504.7,631.0,37.0,2.0,64.0,203.0,41.0,5.0
23694,2021-09-14 06:00:00,476.59,631.0,37.0,2.0,111.0,209.0,46.0,5.0
23695,2021-09-14 07:00:00,466.3,632.0,35.0,2.0,139.0,205.0,46.0,5.0
23696,2021-09-14 08:00:00,440.49,629.0,36.0,2.0,182.0,223.0,45.0,5.0
23697,2021-09-14 09:00:00,431.79,628.0,35.0,2.0,205.0,223.0,44.0,5.0
23698,2021-09-14 10:00:00,427.38,627.0,35.0,2.0,214.0,224.0,45.0,5.0
23699,2021-09-14 11:00:00,449.83,628.0,37.75,2.0,200.0,181.0,44.5,4.25
23700,2021-09-14 12:00:00,442.97,631.0,37.0,2.0,184.0,216.0,45.0,5.0
23701,2021-09-14 13:00:00,464.48,627.0,35.0,2.0,146.0,199.0,46.0,5.0
23702,2021-09-14 14:00:00,500.48,628.0,36.0,2.0,86.0,183.0,46.0,5.0
23703,2021-09-14 15:00:00,546.46,627.0,38.0,2.0,29.0,161.0,41.0,5.0
23704,2021-09-14 16:00:00,575.39,626.0,36.0,2.0,4.0,141.0,41.0,5.0
23705,2021-09-14 17:00:00,581.24,628.0,36.0,2.0,0.0,137.0,41.0,5.0
23706,2021-09-14 18:00:00,581.98,625.0,36.0,2.0,0.0,132.0,44.0,5.0
23707,2021-09-14 19:00:00,590.48,629.0,36.0,2.0,0.0,118.0,47.0,5.0
23708,2021-09-14 20:00:00,601.49,634.0,36.0,2.0,0.0,105.0,46.0,5.0
23709,2021-09-14 21:00:00,608.97,621.0,35.0,2.0,0.0,92.0,46.0,5.0
23710,2021-09-14 22:00:00,618.66,626.0,34.0,2.0,0.0,82.0,45.0,5.0
23711,2021-09-14 23:00:00,632.85,630.0,34.0,2.0,0.0,66.0,44.0,5.0
23712,2021-09-15 00:00:00,645.94,629.0,34.0,2.0,0.0,54.0,40.0,5.0
23713,2021-09-15 01:00:00,639.88,630.0,35.0,2.0,0.0,63.0,38.0,5.0
23714,2021-09-15 02:00:00,632.2,631.0,34.0,2.0,0.0,72.0,39.0,5.0
23715,2021-09-15 03:00:00,616.64,632.0,34.0,2.0,1.0,90.0,40.0,5.0
23716,2021-09-15 04:00:00,592.06,632.0,35.0,2.0,12.0,114.0,38.0,5.0
23717,2021-09-15 05:00:00,557.23,631.0,38.0,2.0,59.0,118.0,38.0,5.0
23718,2021-09-15 06:00:00,517.76,629.0,45.0,2.0,125.0,125.0,30.0,5.0
23719,2021-09-15 07:00:00,500.16,625.0,39.0,2.0,157.0,127.0,29.0,3.0
23720,2021-09-15 08:00:00,518.29,626.0,39.0,2.0,141.0,101.0,37.0,2.0
23721,2021-09-15 09:00:00,526.93,632.0,36.0,2.0,133.0,90.0,44.0,2.0
23722,2021-09-15 10:00:00,534.58,629.0,37.0,2.0,139.0,67.0,46.0,2.0
23723,2021-09-15 11:00:00,526.54,625.0,38.0,2.0,163.0,56.0,45.0,2.0
23724,2021-09-15 12:00:00,564.56,625.0,36.0,2.0,123.0,34.0,45.0,2.0
23725,2021-09-15 13:00:00,589.84,626.0,39.0,2.0,93.0,25.0,46.0,2.0
23726,2021-09-15 14:00:00,625.44,626.0,38.0,2.0,53.0,19.0,45.0,2.0
23727,2021-09-15 15:00:00,664.24,625.0,38.0,2.0,17.0,13.0,41.0,2.0
23728,2021-09-15 16:00:00,676.92,628.0,37.0,2.0,2.0,15.0,41.0,2.0
23729,2021-09-15 17:00:00,679.63,631.0,38.0,2.0,0.0,14.0,41.0,2.0
23730,2021-09-15 18:00:00,674.85,629.0,40.0,2.0,0.0,14.0,45.0,2.0
23731,2021-09-15 19:00:00,673.46,625.0,40.0,2.0,0.0,12.0,48.0,2.0
23732,2021-09-15 20:00:00,664.41,539.0,39.0,2.0,0.0,12.0,46.0,2.0
23733,2021-09-15 21:00:00,638.49,431.0,40.0,2.0,0.0,16.0,47.0,2.0
23734,2021-09-15 22:00:00,655.19,489.0,39.0,2.0,0.0,12.0,47.0,2.0
23735,2021-09-15 23:00:00,631.11,554.6666666666666,44.333333333333336,2.0,0.0,47.66666666666666,45.0,3.0
23736,2021-09-16 00:00:00,635.04,554.4166666666666,44.083333333333336,2.0,0.0,47.16666666666666,41.25,3.0
23737,2021-09-16 01:00:00,664.87,487.0,37.0,2.0,0.0,12.0,39.0,2.0
23738,2021-09-16 02:00:00,666.83,492.0,37.0,2.0,0.0,9.0,41.0,2.0
23739,2021-09-16 03:00:00,668.86,527.0,37.0,2.0,0.0,13.0,40.0,2.0
23740,2021-09-16 04:00:00,677.68,631.0,36.0,2.0,5.0,15.0,38.0,2.0
23741,2021-09-16 05:00:00,661.46,631.0,38.0,2.0,19.0,18.0,38.0,2.0
23742,2021-09-16 06:00:00,639.78,630.0,36.0,2.0,42.0,20.0,39.0,2.0
23743,2021-09-16 07:00:00,612.92,630.0,38.0,2.0,69.0,23.0,42.0,2.0
23744,2021-09-16 08:00:00,603.11,629.0,35.0,2.0,80.0,26.0,42.0,2.0
23745,2021-09-16 09:00:00,596.88,629.0,39.0,2.0,84.0,29.0,42.0,2.0
23746,2021-09-16 10:00:00,594.21,630.0,39.0,2.0,87.0,31.0,41.0,2.0
23747,2021-09-16 11:00:00,593.48,617.0,40.0,2.0,83.0,31.0,42.0,2.0
23748,2021-09-16 12:00:00,599.51,594.0,39.0,2.0,65.0,35.0,42.0,2.0
23749,2021-09-16 13:00:00,622.3,629.0,42.0,2.0,38.0,42.0,40.0,2.0
23750,2021-09-16 14:00:00,629.96,630.0,53.0,2.0,21.0,45.0,40.0,2.0
23751,2021-09-16 15:00:00,638.32,632.0,53.0,2.0,9.0,47.0,40.0,2.0
23752,2021-09-16 16:00:00,643.29,630.0,52.0,2.0,1.0,49.0,40.0,2.0
23753,2021-09-16 17:00:00,644.41,629.0,39.0,2.0,1.0,52.0,41.0,2.0
23754,2021-09-16 18:00:00,638.68,628.0,43.0,2.0,0.0,55.0,44.0,2.0
23755,2021-09-16 19:00:00,624.13,631.0,57.0,2.0,0.0,65.0,47.0,2.0
23756,2021-09-16 20:00:00,632.6,629.0,59.0,2.0,0.0,53.0,47.0,2.0
23757,2021-09-16 21:00:00,631.8,629.0,59.0,2.0,0.0,54.0,47.0,2.0
23758,2021-09-16 22:00:00,611.72,548.0,60.0,2.0,0.0,60.0,47.0,2.0
23759,2021-09-16 23:00:00,609.4,545.0,60.0,2.0,0.0,65.0,44.0,2.0
23760,2021-09-17 00:00:00,603.63,547.0,61.0,2.0,0.0,75.0,41.0,2.0
23761,2021-09-17 01:00:00,611.12,559.0,61.0,2.0,0.0,71.0,39.0,2.0
23762,2021-09-17 02:00:00,608.35,581.0,58.0,2.0,0.0,80.0,40.0,2.0
23763,2021-09-17 03:00:00,610.25,607.0,58.0,2.0,1.0,83.0,40.0,2.0
23764,2021-09-17 04:00:00,610.16,626.0,60.0,2.0,7.0,83.0,38.0,2.0
23765,2021-09-17 05:00:00,577.13,630.0,63.0,2.0,37.0,97.0,41.0,2.0
23766,2021-09-17 06:00:00,551.85,631.0,64.0,2.0,81.0,93.0,41.0,2.0
23767,2021-09-17 07:00:00,507.44,627.0,64.0,2.0,135.0,117.0,41.0,2.0
23768,2021-09-17 08:00:00,478.31,625.0,64.0,2.0,182.0,126.0,44.0,2.0
23769,2021-09-17 09:00:00,483.38,631.0,66.0,2.0,175.0,124.0,45.0,2.0
23770,2021-09-17 10:00:00,507.44,629.0,64.0,2.0,140.0,109.0,45.0,2.0
23771,2021-09-17 11:00:00,515.89,628.0,65.0,2.0,124.0,112.0,41.0,2.0
23772,2021-09-17 12:00:00,530.86,630.0,63.0,2.0,99.0,112.0,40.0,2.0
23773,2021-09-17 13:00:00,550.48,632.0,66.0,2.0,71.0,103.0,43.0,2.0
23774,2021-09-17 14:00:00,571.86,629.0,65.0,2.0,37.0,101.0,44.0,2.0
23775,2021-09-17 15:00:00,603.06,631.0,65.0,2.0,12.0,84.0,41.0,2.0
23776,2021-09-17 16:00:00,608.35,629.0,63.0,2.0,1.0,87.0,42.0,2.0
23777,2021-09-17 17:00:00,603.9,631.0,62.0,2.0,0.0,88.0,49.0,2.0
23778,2021-09-17 18:00:00,606.62,630.0,62.0,2.0,0.0,78.0,55.0,2.0
23779,2021-09-17 19:00:00,606.81,631.0,62.0,2.0,0.0,69.0,64.0,2.0
23780,2021-09-17 20:00:00,551.77,439.0,63.0,2.0,0.0,76.0,67.0,2.0
23781,2021-09-17 21:00:00,485.64,306.0,64.0,2.0,0.0,88.0,68.0,2.0
23782,2021-09-17 22:00:00,499.66,300.0,64.0,2.0,0.0,70.0,68.0,2.0
23783,2021-09-17 23:00:00,508.69,311.0,62.0,2.0,0.0,71.0,64.0,2.0
23784,2021-09-18 00:00:00,519.08,330.0,64.0,2.0,0.0,70.0,63.0,2.0
23785,2021-09-18 01:00:00,518.73,328.0,62.0,2.0,0.0,74.0,59.0,2.0
23786,2021-09-18 02:00:00,504.76,313.0,62.0,2.0,0.0,79.0,61.0,2.0
23787,2021-09-18 03:00:00,486.89,304.0,62.0,2.0,1.0,92.0,61.0,2.0
23788,2021-09-18 04:00:00,510.44,378.0,62.0,2.0,9.0,95.0,62.0,2.0
23789,2021-09-18 05:00:00,506.37,437.0,60.0,2.0,52.0,85.0,64.0,2.0
23790,2021-09-18 06:00:00,485.57,486.0,59.0,2.0,118.0,73.0,68.0,2.0
23791,2021-09-18 07:00:00,447.89,504.0,62.0,2.0,184.0,86.0,69.0,2.0
23792,2021-09-18 08:00:00,410.32,471.0,63.0,2.0,212.0,113.0,69.0,2.0
23793,2021-09-18 09:00:00,418.11,469.0,63.0,2.0,191.0,116.0,68.0,2.0
23794,2021-09-18 10:00:00,421.57,492.0,63.0,2.0,203.0,116.0,67.0,2.0
23795,2021-09-18 11:00:00,389.57,424.0,62.0,2.0,204.0,127.0,68.0,2.0
23796,2021-09-18 12:00:00,373.9,385.0,62.0,2.0,186.0,143.0,67.0,2.0
23797,2021-09-18 13:00:00,423.22,469.0,63.0,2.0,147.0,150.0,67.0,2.0
23798,2021-09-18 14:00:00,473.82,492.0,62.0,2.0,83.0,131.0,68.0,2.0
23799,2021-09-18 15:00:00,523.67,503.0,62.0,2.0,25.0,119.0,63.0,2.0
23800,2021-09-18 16:00:00,548.41,501.0,63.0,2.0,2.0,106.0,63.0,4.0
23801,2021-09-18 17:00:00,534.56,502.0,62.0,2.0,0.0,128.0,63.0,5.0
23802,2021-09-18 18:00:00,546.51,496.0,62.0,2.0,0.0,106.0,66.0,5.0
23803,2021-09-18 19:00:00,554.47,476.0,62.0,2.0,0.0,85.0,69.0,5.0
23804,2021-09-18 20:00:00,508.5,376.0,61.0,2.0,0.0,99.0,69.0,5.0
23805,2021-09-18 21:00:00,486.36,334.0,62.0,2.0,0.0,103.0,69.0,5.0
23806,2021-09-18 22:00:00,387.78,165.0,61.0,2.0,0.0,87.0,69.0,5.0
23807,2021-09-18 23:00:00,356.18,146.0,62.0,2.0,0.0,104.0,65.0,5.0
23808,2021-09-19 00:00:00,351.25,150.0,61.0,2.0,0.0,117.0,62.0,5.0
23809,2021-09-19 01:00:00,346.88,150.0,61.0,2.0,0.0,125.0,59.0,5.0
23810,2021-09-19 02:00:00,344.77,153.0,60.0,2.0,0.0,129.0,61.0,5.0
23811,2021-09-19 03:00:00,346.78,155.0,60.0,2.0,1.0,127.0,62.0,5.0
23812,2021-09-19 04:00:00,344.89,153.0,62.0,2.0,9.0,119.0,62.0,5.0
23813,2021-09-19 05:00:00,290.91,149.0,62.0,2.0,55.0,141.0,64.0,5.0
23814,2021-09-19 06:00:00,248.44,154.0,62.0,2.0,136.0,148.0,68.0,5.0
23815,2021-09-19 07:00:00,207.67,139.0,62.0,2.0,205.0,150.0,70.0,5.0
23816,2021-09-19 08:00:00,187.21,137.0,64.0,2.0,241.0,179.0,70.0,5.0
23817,2021-09-19 09:00:00,183.89,140.0,63.0,2.0,254.0,188.0,69.0,5.0
23818,2021-09-19 10:00:00,188.55,134.0,63.0,2.0,254.0,153.0,68.0,5.0
23819,2021-09-19 11:00:00,203.52,153.0,63.0,2.0,246.0,162.0,69.0,5.0
23820,2021-09-19 12:00:00,210.6,153.0,65.0,2.0,223.0,163.0,69.0,5.0
23821,2021-09-19 13:00:00,216.09,140.0,65.0,2.0,169.0,168.0,68.0,5.0
23822,2021-09-19 14:00:00,247.65,142.0,64.0,2.0,90.0,172.0,68.0,5.0
23823,2021-09-19 15:00:00,323.74,166.0,59.0,2.0,24.0,146.0,64.0,5.0
23824,2021-09-19 16:00:00,373.11,183.0,55.0,2.0,2.0,125.0,63.0,5.0
23825,2021-09-19 17:00:00,386.36,192.0,50.0,2.0,0.0,120.0,64.0,5.0
23826,2021-09-19 18:00:00,366.51,187.0,41.0,2.0,0.0,136.0,66.0,5.0
23827,2021-09-19 19:00:00,337.69,175.0,38.0,2.0,0.0,155.0,69.0,5.0
23828,2021-09-19 20:00:00,344.04,180.0,40.0,2.0,0.0,154.0,68.0,5.0
23829,2021-09-19 21:00:00,366.93,194.0,41.0,2.0,0.0,140.0,69.0,5.0
23830,2021-09-19 22:00:00,377.09,205.0,42.0,2.0,0.0,139.0,69.0,5.0
23831,2021-09-19 23:00:00,376.04,239.0,42.0,2.0,50.0,130.0,64.0,5.0
23832,2021-09-20 00:00:00,432.95,272.0,42.0,2.0,0.0,136.0,63.0,5.0
23833,2021-09-20 01:00:00,457.33,300.0,41.0,2.0,0.0,129.0,61.0,5.0
23834,2021-09-20 02:00:00,471.1,324.0,41.0,2.0,0.0,127.0,62.0,5.0
23835,2021-09-20 03:00:00,490.21,391.0,41.0,2.0,0.0,142.0,62.0,5.0
23836,2021-09-20 04:00:00,527.36,549.0,39.0,2.0,6.0,157.0,66.0,5.0
23837,2021-09-20 05:00:00,534.88,654.0,41.0,2.0,35.0,159.0,67.0,5.0
23838,2021-09-20 06:00:00,503.66,663.0,42.0,2.0,92.0,166.0,67.0,5.0
23839,2021-09-20 07:00:00,457.89,622.0,40.0,2.0,149.0,183.0,70.0,5.0
23840,2021-09-20 08:00:00,445.95,635.0,39.0,2.0,172.0,195.0,73.0,5.0
23841,2021-09-20 09:00:00,462.67,666.0,41.0,2.0,163.0,184.0,72.0,5.0
23842,2021-09-20 10:00:00,464.98,649.0,39.0,2.0,139.0,191.0,73.0,5.0
23843,2021-09-20 11:00:00,484.25,680.0,43.0,2.0,106.0,198.0,72.0,5.0
23844,2021-09-20 12:00:00,501.08,688.0,43.0,2.0,77.0,197.0,69.0,5.0
23845,2021-09-20 13:00:00,517.84,688.0,43.0,2.0,49.0,192.0,67.0,5.0
23846,2021-09-20 14:00:00,536.58,687.0,40.0,2.0,26.0,178.0,68.0,5.0
23847,2021-09-20 15:00:00,548.75,687.0,39.0,2.0,8.0,174.0,68.0,5.0
23848,2021-09-20 16:00:00,560.26,667.0,41.0,2.0,1.0,153.0,68.0,5.0
23849,2021-09-20 17:00:00,574.16,679.0,50.0,2.0,0.0,131.0,69.0,5.0
23850,2021-09-20 18:00:00,587.95,660.0,54.0,2.0,0.0,100.0,71.0,5.0
23851,2021-09-20 19:00:00,595.77,634.0,57.0,2.0,0.0,79.0,72.0,5.0
23852,2021-09-20 20:00:00,603.47,631.0,58.0,2.0,0.0,66.0,73.0,5.0
23853,2021-09-20 21:00:00,611.33,602.0,56.0,2.0,0.0,50.0,72.0,5.0
23854,2021-09-20 22:00:00,616.07,574.0,57.0,2.0,0.0,37.0,72.0,5.0
23855,2021-09-20 23:00:00,613.88,525.0,57.0,2.0,0.0,31.0,69.0,5.0
23856,2021-09-21 00:00:00,617.44,524.0,59.0,2.0,0.0,27.0,68.0,5.0
23857,2021-09-21 01:00:00,612.31,477.0,60.0,2.0,0.0,23.0,66.0,5.0
23858,2021-09-21 02:00:00,612.07,495.0,59.0,2.0,0.0,27.0,67.0,5.0
23859,2021-09-21 03:00:00,610.4,504.0,59.0,2.0,0.0,30.0,68.0,5.0
23860,2021-09-21 04:00:00,631.83,665.0,59.0,2.0,2.0,35.0,71.0,5.0
23861,2021-09-21 05:00:00,626.89,697.0,60.0,2.0,11.0,39.0,71.0,5.0
23862,2021-09-21 06:00:00,631.91,689.0,56.0,2.0,26.0,20.0,68.0,5.0
23863,2021-09-21 07:00:00,613.42,686.0,62.0,2.0,38.0,32.0,67.0,5.0
23864,2021-09-21 08:00:00,608.36,681.0,65.0,2.0,40.0,35.0,67.0,5.0
23865,2021-09-21 09:00:00,607.35,683.0,65.0,2.0,44.0,33.0,67.0,5.0
23866,2021-09-21 10:00:00,608.72,667.0,65.0,2.0,45.0,25.0,68.0,5.0
23867,2021-09-21 11:00:00,612.72,680.0,66.0,2.0,40.0,28.0,67.0,5.0
23868,2021-09-21 12:00:00,609.7,650.0,66.0,2.0,31.0,33.0,68.0,5.0
23869,2021-09-21 13:00:00,618.41,672.0,66.0,2.0,26.0,31.0,68.0,5.0
23870,2021-09-21 14:00:00,626.57,681.0,65.0,2.0,17.0,30.0,69.0,5.0
23871,2021-09-21 15:00:00,633.9,662.0,63.0,2.0,5.0,29.0,69.0,5.0
23872,2021-09-21 16:00:00,636.29,676.0,62.0,2.0,1.0,34.0,68.0,5.0
23873,2021-09-21 17:00:00,635.22,695.0,60.0,2.0,0.0,40.0,69.0,5.0
23874,2021-09-21 18:00:00,641.89,679.0,60.0,2.0,0.0,26.0,71.0,5.0
23875,2021-09-21 19:00:00,642.52,689.0,60.0,2.0,0.0,25.0,73.0,5.0
23876,2021-09-21 20:00:00,633.46,675.0,61.0,2.0,0.0,33.0,74.0,5.0
23877,2021-09-21 21:00:00,614.39,540.0,62.0,2.0,0.0,28.0,73.0,5.0
23878,2021-09-21 22:00:00,591.02,451.0,61.0,2.0,0.0,32.0,72.0,5.0
23879,2021-09-21 23:00:00,589.2,434.0,61.0,2.0,0.0,32.0,69.0,5.0
23880,2021-09-22 00:00:00,587.25,434.0,61.0,2.0,0.0,35.0,68.0,5.0
23881,2021-09-22 01:00:00,576.46,433.0,61.0,2.0,0.0,48.0,66.0,5.0
23882,2021-09-22 02:00:00,572.14,433.0,60.0,2.0,0.0,51.0,68.0,5.0
23883,2021-09-22 03:00:00,574.54,472.0,60.0,2.0,1.0,61.0,67.0,5.0
23884,2021-09-22 04:00:00,614.54,632.0,61.0,2.0,4.0,53.0,66.0,5.0
23885,2021-09-22 05:00:00,620.29,681.0,62.0,2.0,22.0,37.0,67.0,5.0
23886,2021-09-22 06:00:00,614.63,679.0,61.0,2.0,50.0,18.0,66.0,5.0
23887,2021-09-22 07:00:00,602.39,690.0,63.0,2.0,74.0,13.0,67.0,5.0
23888,2021-09-22 08:00:00,581.62,687.0,65.0,2.0,107.0,10.0,68.0,5.0
23889,2021-09-22 09:00:00,573.55,680.0,65.0,2.0,118.0,7.0,71.0,5.0
23890,2021-09-22 10:00:00,567.59,685.0,64.0,2.0,126.0,10.0,72.0,5.0
23891,2021-09-22 11:00:00,565.44,686.0,64.0,2.0,127.0,13.0,72.0,5.0
23892,2021-09-22 12:00:00,572.77,682.0,62.0,2.0,113.0,14.0,72.0,5.0
23893,2021-09-22 13:00:00,584.63,675.0,61.0,2.0,88.0,17.0,73.0,5.0
23894,2021-09-22 14:00:00,612.11,688.0,63.0,2.0,49.0,17.0,73.0,5.0
23895,2021-09-22 15:00:00,646.17,692.0,64.0,2.0,12.0,13.0,67.0,5.0
23896,2021-09-22 16:00:00,658.31,682.0,61.0,2.0,1.0,7.0,68.0,5.0
23897,2021-09-22 17:00:00,660.18,685.0,59.0,2.0,0.0,6.0,69.0,5.0
23898,2021-09-22 18:00:00,658.44,681.0,58.0,2.0,0.0,7.0,70.0,5.0
23899,2021-09-22 19:00:00,655.07,676.0,59.0,2.0,0.0,7.0,73.0,5.0
23900,2021-09-22 20:00:00,634.09,529.0,59.0,2.0,0.0,5.0,73.0,5.0
23901,2021-09-22 21:00:00,600.71,428.0,58.0,2.0,0.0,15.0,74.0,5.0
23902,2021-09-22 22:00:00,522.19,249.0,58.0,2.0,0.0,22.0,73.0,5.0
23903,2021-09-22 23:00:00,502.57,213.0,60.0,2.0,0.0,23.0,69.0,5.0
23904,2021-09-23 00:00:00,490.7,213.0,60.0,2.0,0.0,33.0,68.0,5.0
23905,2021-09-23 01:00:00,493.82,217.0,59.0,2.0,0.0,35.0,66.0,5.0
23906,2021-09-23 02:00:00,475.81,207.0,57.0,2.0,1.0,41.0,68.0,5.0
23907,2021-09-23 03:00:00,454.07,193.0,56.0,2.0,1.0,51.0,67.0,5.0
23908,2021-09-23 04:00:00,453.16,217.0,56.0,2.0,8.0,62.0,66.0,5.0
23909,2021-09-23 05:00:00,421.32,218.0,58.0,2.0,36.0,64.0,68.0,5.0
23910,2021-09-23 06:00:00,384.75,211.0,59.0,2.0,72.0,63.0,69.0,5.0
23911,2021-09-23 07:00:00,349.18,211.0,59.0,2.0,106.0,74.0,73.0,5.0
23912,2021-09-23 08:00:00,321.73,210.0,60.0,2.0,130.0,94.0,73.0,5.0
23913,2021-09-23 09:00:00,286.69,199.0,60.0,2.0,140.0,136.0,73.0,5.0
23914,2021-09-23 10:00:00,276.46,202.0,60.0,2.0,144.0,159.0,74.0,5.0
23915,2021-09-23 11:00:00,274.98,197.0,61.0,2.0,141.0,157.0,74.0,5.0
23916,2021-09-23 12:00:00,285.69,195.0,65.0,2.0,95.0,183.0,68.0,5.0
23917,2021-09-23 13:00:00,320.78,211.0,66.0,2.0,45.0,193.0,63.0,5.0
23918,2021-09-23 14:00:00,328.96,216.0,66.0,2.0,16.0,208.0,69.0,5.0
23919,2021-09-23 15:00:00,325.3,219.0,62.0,2.0,3.0,229.0,71.0,5.0
23920,2021-09-23 16:00:00,311.62,210.0,62.0,2.0,0.0,245.0,71.0,5.0
23921,2021-09-23 17:00:00,313.72,208.0,61.0,2.0,0.0,238.0,71.0,5.0
23922,2021-09-23 18:00:00,304.63,199.0,61.0,2.0,0.0,240.0,73.0,5.0
23923,2021-09-23 19:00:00,309.08,198.0,60.0,2.0,0.0,229.0,74.0,5.0
23924,2021-09-23 20:00:00,319.92,196.0,60.0,2.0,0.0,207.0,74.0,5.0
23925,2021-09-23 21:00:00,330.1,197.0,64.0,2.0,0.0,193.0,73.0,5.0
23926,2021-09-23 22:00:00,336.98,197.0,63.0,2.0,0.0,182.0,73.0,5.0
23927,2021-09-23 23:00:00,356.93,198.0,64.0,2.0,0.0,157.0,70.0,5.0
23928,2021-09-24 00:00:00,376.64,196.0,64.0,2.0,0.0,130.0,69.0,5.0
23929,2021-09-24 01:00:00,392.58,199.0,62.0,2.0,0.0,117.0,66.0,5.0
23930,2021-09-24 02:00:00,395.33,199.0,60.0,2.0,0.0,111.0,69.0,5.0
23931,2021-09-24 03:00:00,405.36,198.0,61.0,2.0,0.0,98.0,70.0,5.0
23932,2021-09-24 04:00:00,422.79,209.0,60.0,2.0,1.0,88.0,70.0,5.0
23933,2021-09-24 05:00:00,431.34,222.0,62.0,2.0,9.0,81.0,70.0,5.0
23934,2021-09-24 06:00:00,421.16,217.0,61.0,2.0,20.0,77.0,70.0,5.0
23935,2021-09-24 07:00:00,407.26,209.0,62.0,2.0,34.0,71.0,70.0,4.0
23936,2021-09-24 08:00:00,404.98,208.0,63.0,2.0,45.0,62.0,70.0,5.0
23937,2021-09-24 09:00:00,418.26,211.0,63.0,2.0,49.0,48.0,68.0,5.0
23938,2021-09-24 10:00:00,436.01,211.0,62.0,2.0,44.0,35.0,68.0,5.0
23939,2021-09-24 11:00:00,435.72,207.0,64.0,2.0,44.0,31.0,69.0,5.0
23940,2021-09-24 12:00:00,444.3,199.0,65.0,2.0,35.0,26.0,69.0,5.0
23941,2021-09-24 13:00:00,470.34,210.0,63.0,2.0,29.0,16.0,70.0,5.0
23942,2021-09-24 14:00:00,485.03,198.0,64.0,2.0,14.0,11.0,71.0,5.0
23943,2021-09-24 15:00:00,497.01,200.0,65.0,2.0,3.0,14.0,71.0,5.0
23944,2021-09-24 16:00:00,511.57,214.0,67.0,2.0,0.0,13.0,71.0,5.0
23945,2021-09-24 17:00:00,508.94,216.0,63.0,2.0,0.0,17.0,71.0,5.0
23946,2021-09-24 18:00:00,500.17,213.0,63.0,2.0,0.0,20.0,73.0,5.0
23947,2021-09-24 19:00:00,481.44,205.0,63.0,2.0,0.0,27.0,76.0,5.0
23948,2021-09-24 20:00:00,460.66,200.0,62.0,2.0,0.0,40.0,77.0,5.0
23949,2021-09-24 21:00:00,466.06,209.0,63.0,2.0,0.0,42.0,76.0,5.0
23950,2021-09-24 22:00:00,459.24,200.0,63.0,2.0,0.0,42.0,76.0,5.0
23951,2021-09-24 23:00:00,441.09,186.0,62.0,2.0,0.0,51.0,73.0,5.0
23952,2021-09-25 00:00:00,445.01,182.0,61.0,2.0,0.0,47.0,71.0,5.0
23953,2021-09-25 01:00:00,462.82,181.0,62.0,2.0,0.0,34.0,69.0,5.0
23954,2021-09-25 02:00:00,498.27,215.0,61.0,2.0,0.0,25.0,71.0,5.0
23955,2021-09-25 03:00:00,514.53,238.0,61.0,2.0,0.0,25.0,70.0,5.0
23956,2021-09-25 04:00:00,509.15,239.0,60.0,2.0,2.0,28.0,70.0,5.0
23957,2021-09-25 05:00:00,517.28,266.0,61.0,2.0,12.0,25.0,69.0,5.0
23958,2021-09-25 06:00:00,530.36,328.0,61.0,2.0,29.0,25.0,68.0,5.0
23959,2021-09-25 07:00:00,510.62,373.0,61.0,2.0,51.0,43.0,70.0,5.0
23960,2021-09-25 08:00:00,456.82,347.0,61.0,2.0,65.0,82.0,71.0,5.0
23961,2021-09-25 09:00:00,460.82,353.0,63.0,2.0,75.0,70.0,71.0,5.0
23962,2021-09-25 10:00:00,468.46,381.0,63.0,2.0,85.0,67.0,71.0,5.0
23963,2021-09-25 11:00:00,462.34,378.0,63.0,2.0,82.0,77.0,71.0,5.0
23964,2021-09-25 12:00:00,470.99,382.0,63.0,2.0,74.0,73.0,73.0,5.0
23965,2021-09-25 13:00:00,468.65,365.0,62.0,2.0,69.0,72.0,72.0,5.0
23966,2021-09-25 14:00:00,485.49,387.0,62.0,2.0,46.0,87.0,70.0,5.0
23967,2021-09-25 15:00:00,492.84,389.0,63.0,2.0,11.0,114.0,69.0,5.0
23968,2021-09-25 16:00:00,486.46,388.0,63.0,2.0,1.0,131.0,70.0,5.0
23969,2021-09-25 17:00:00,485.76,389.0,61.0,2.0,0.0,134.0,70.0,5.0
23970,2021-09-25 18:00:00,478.94,387.0,62.0,2.0,0.0,140.0,72.0,5.0
23971,2021-09-25 19:00:00,473.85,388.0,61.0,2.0,0.0,145.0,75.0,5.0
23972,2021-09-25 20:00:00,467.06,387.0,62.0,2.0,0.0,155.0,74.0,5.0
23973,2021-09-25 21:00:00,455.05,363.0,62.0,2.0,0.0,158.0,73.0,5.0
23974,2021-09-25 22:00:00,443.26,329.0,64.0,2.0,0.0,151.0,73.0,5.0
23975,2021-09-25 23:00:00,438.63,320.0,64.0,2.0,0.0,153.0,71.0,5.0
23976,2021-09-26 00:00:00,430.16,337.0,65.0,2.0,0.0,179.0,70.0,5.0
23977,2021-09-26 01:00:00,441.11,328.0,66.0,2.0,0.0,159.0,67.0,5.0
23978,2021-09-26 02:00:00,459.29,303.0,65.0,2.0,1.0,115.0,69.0,5.0
23979,2021-09-26 03:00:00,452.99,275.0,64.0,2.0,1.0,104.0,69.0,5.0
23980,2021-09-26 04:00:00,480.82,323.0,63.0,2.0,4.0,99.0,69.0,5.0
23981,2021-09-26 05:00:00,482.3,359.0,63.0,2.0,37.0,85.0,69.0,5.0
23982,2021-09-26 06:00:00,452.09,376.0,63.0,2.0,100.0,71.0,73.0,5.0
23983,2021-09-26 07:00:00,425.49,372.0,63.0,2.0,151.0,58.0,75.0,5.0
23984,2021-09-26 08:00:00,400.53,345.0,63.0,2.0,171.0,59.0,75.0,5.0
23985,2021-09-26 09:00:00,386.18,339.0,62.0,2.0,188.0,64.0,74.0,5.0
23986,2021-09-26 10:00:00,385.53,346.0,63.0,2.0,202.0,60.0,72.0,5.0
23987,2021-09-26 11:00:00,379.95,330.0,63.0,2.0,207.0,48.0,74.0,5.0
23988,2021-09-26 12:00:00,400.65,343.0,63.0,2.0,191.0,37.0,75.0,5.0
23989,2021-09-26 13:00:00,422.54,327.0,64.0,2.0,149.0,29.0,75.0,5.0
23990,2021-09-26 14:00:00,499.43,349.0,65.0,2.0,75.0,18.0,71.0,5.0
23991,2021-09-26 15:00:00,578.84,387.0,64.0,2.0,14.0,12.0,70.0,5.0
23992,2021-09-26 16:00:00,597.18,393.0,63.0,2.0,1.0,10.0,70.0,5.0
23993,2021-09-26 17:00:00,595.59,395.0,63.0,2.0,0.0,12.0,71.0,5.0
23994,2021-09-26 18:00:00,591.63,390.0,61.0,2.0,0.0,13.0,73.0,5.0
23995,2021-09-26 19:00:00,589.9,381.0,61.0,2.0,0.0,11.0,74.0,5.0
23996,2021-09-26 20:00:00,583.38,358.0,61.0,2.0,0.0,10.0,74.0,5.0
23997,2021-09-26 21:00:00,549.81,287.0,61.0,2.0,0.0,13.0,75.0,5.0
23998,2021-09-26 22:00:00,552.47,298.0,61.0,2.0,0.0,16.0,74.0,5.0
23999,2021-09-26 23:00:00,563.15,318.0,62.0,2.0,0.0,17.0,71.0,5.0
24000,2021-09-27 00:00:00,578.04,341.0,62.0,2.0,0.0,14.0,69.0,5.0
24001,2021-09-27 01:00:00,587.0,361.0,63.0,2.0,0.0,14.0,67.0,5.0
24002,2021-09-27 02:00:00,584.16,366.0,63.0,2.0,1.0,17.0,67.0,5.0
24003,2021-09-27 03:00:00,589.19,393.0,64.0,2.0,1.0,19.0,68.0,5.0
24004,2021-09-27 04:00:00,632.95,596.0,63.0,2.0,6.0,17.0,68.0,5.0
24005,2021-09-27 05:00:00,617.23,683.0,64.0,2.0,46.0,15.0,69.0,5.0
24006,2021-09-27 06:00:00,566.38,680.0,65.0,2.0,120.0,18.0,70.0,5.0
24007,2021-09-27 07:00:00,527.18,678.0,60.0,2.0,193.0,14.0,73.0,5.0
24008,2021-09-27 08:00:00,505.83,680.0,61.0,2.0,234.0,17.0,73.0,5.0
24009,2021-09-27 09:00:00,501.04,684.0,66.0,2.0,245.0,17.0,73.0,5.0
24010,2021-09-27 10:00:00,511.9,684.0,69.0,2.0,221.0,18.0,72.0,5.0
24011,2021-09-27 11:00:00,527.57,667.0,68.0,2.0,184.0,16.0,72.0,5.0
24012,2021-09-27 12:00:00,540.37,644.0,70.0,2.0,149.0,16.0,73.0,5.0
24013,2021-09-27 13:00:00,568.87,641.0,67.0,2.0,102.0,18.0,70.0,5.0
24014,2021-09-27 14:00:00,610.61,652.0,64.0,2.0,46.0,18.0,68.0,5.0
24015,2021-09-27 15:00:00,639.86,676.0,65.0,2.0,9.0,20.0,68.0,5.0
24016,2021-09-27 16:00:00,637.48,679.0,62.0,2.0,0.0,34.0,68.0,5.0
24017,2021-09-27 17:00:00,624.01,682.0,62.0,2.0,0.0,51.0,70.0,5.0
24018,2021-09-27 18:00:00,612.85,670.0,62.0,2.0,0.0,62.0,72.0,5.0
24019,2021-09-27 19:00:00,600.63,646.0,63.0,2.0,0.0,70.0,75.0,5.0
24020,2021-09-27 20:00:00,584.14,574.0,62.0,2.0,0.0,74.0,74.0,5.0
24021,2021-09-27 21:00:00,544.5,447.0,63.0,2.0,0.0,81.0,74.0,5.0
24022,2021-09-27 22:00:00,546.13,447.0,63.0,2.0,0.0,80.0,73.0,5.0
24023,2021-09-27 23:00:00,547.39,439.0,61.0,2.0,0.0,79.0,70.0,5.0
24024,2021-09-28 00:00:00,559.14,431.0,62.0,2.0,0.0,64.0,68.0,5.0
24025,2021-09-28 01:00:00,573.33,431.0,63.0,2.0,0.0,51.0,65.0,5.0
24026,2021-09-28 02:00:00,584.95,444.0,62.0,2.0,0.0,41.0,67.0,5.0
24027,2021-09-28 03:00:00,602.51,530.0,63.0,2.0,0.0,45.0,67.0,5.0
24028,2021-09-28 04:00:00,620.86,673.0,63.0,2.0,4.0,52.0,67.0,5.0
24029,2021-09-28 05:00:00,610.87,683.0,62.0,2.0,29.0,44.0,67.0,5.0
24030,2021-09-28 06:00:00,581.18,677.0,64.0,2.0,79.0,37.0,67.0,5.0
24031,2021-09-28 07:00:00,555.84,674.0,65.0,2.0,128.0,24.0,72.0,5.0
24032,2021-09-28 08:00:00,529.21,682.0,66.0,2.0,172.0,30.0,74.0,5.0
24033,2021-09-28 09:00:00,528.61,680.0,67.0,2.0,172.0,30.0,74.0,5.0
24034,2021-09-28 10:00:00,526.98,678.0,68.0,2.0,173.0,30.0,75.0,5.0
24035,2021-09-28 11:00:00,528.75,682.0,69.0,2.0,173.0,29.0,74.0,5.0
24036,2021-09-28 12:00:00,540.78,682.0,69.0,2.0,152.0,27.0,74.0,5.0
24037,2021-09-28 13:00:00,566.55,682.0,69.0,2.0,103.0,29.0,75.0,5.0
24038,2021-09-28 14:00:00,594.27,682.0,69.0,2.0,53.0,37.0,72.0,5.0
24039,2021-09-28 15:00:00,621.67,680.0,69.0,2.0,9.0,40.0,72.0,5.0
24040,2021-09-28 16:00:00,624.99,682.0,66.0,2.0,0.0,46.0,72.0,5.0
24041,2021-09-28 17:00:00,614.82,681.0,64.0,2.0,0.0,61.0,72.0,5.0
24042,2021-09-28 18:00:00,606.86,681.0,63.0,2.0,0.0,71.0,74.0,5.0
24043,2021-09-28 19:00:00,606.51,675.0,63.0,2.0,0.0,69.0,75.0,5.0
24044,2021-09-28 20:00:00,605.71,661.0,62.0,2.0,0.0,66.0,76.0,5.0
24045,2021-09-28 21:00:00,598.42,618.0,62.0,2.0,0.0,65.0,76.0,5.0
24046,2021-09-28 22:00:00,570.25,497.0,61.0,2.0,0.0,67.0,75.0,5.0
24047,2021-09-28 23:00:00,570.26,467.0,61.0,2.0,0.0,60.0,72.0,5.0
24048,2021-09-29 00:00:00,588.71,492.0,62.0,2.0,0.0,48.0,70.0,5.0
24049,2021-09-29 01:00:00,595.34,499.0,63.0,2.0,0.0,43.0,69.0,5.0
24050,2021-09-29 02:00:00,597.82,508.0,62.0,2.0,0.0,43.0,69.0,5.0
24051,2021-09-29 03:00:00,594.85,515.0,63.0,2.0,0.0,47.0,70.0,5.0
24052,2021-09-29 04:00:00,624.26,656.0,62.0,2.0,1.0,45.0,69.0,5.0
24053,2021-09-29 05:00:00,628.39,672.0,64.0,2.0,7.0,36.0,69.0,5.0
24054,2021-09-29 06:00:00,624.11,668.0,64.0,2.0,15.0,33.0,69.0,5.0
24055,2021-09-29 07:00:00,622.3,673.0,63.0,2.0,26.0,32.0,63.0,5.0
24056,2021-09-29 08:00:00,611.99,674.0,65.0,2.0,37.0,30.0,68.0,5.0
24057,2021-09-29 09:00:00,607.66,668.0,67.0,2.0,43.0,27.0,69.0,5.0
24058,2021-09-29 10:00:00,608.52,673.0,67.0,2.0,47.0,33.0,59.0,5.0
24059,2021-09-29 11:00:00,605.46,669.0,63.0,2.0,44.0,36.0,64.0,5.0
24060,2021-09-29 12:00:00,616.05,668.0,62.0,2.0,36.0,24.0,69.0,5.0
24061,2021-09-29 13:00:00,619.0,644.0,63.0,2.0,25.0,24.0,70.0,5.0
24062,2021-09-29 14:00:00,630.3,668.0,63.0,2.0,12.0,27.0,70.0,5.0
24063,2021-09-29 15:00:00,633.59,670.0,63.0,2.0,2.0,34.0,69.0,5.0
24064,2021-09-29 16:00:00,628.08,668.0,63.0,2.0,0.0,44.0,68.0,5.0
24065,2021-09-29 17:00:00,622.97,670.0,64.0,2.0,0.0,50.0,69.0,5.0
24066,2021-09-29 18:00:00,619.73,666.0,63.0,2.0,0.0,53.0,70.0,5.0
24067,2021-09-29 19:00:00,568.09,426.0,63.0,2.0,0.0,47.0,73.0,5.0
24068,2021-09-29 20:00:00,552.29,380.0,64.0,2.0,0.0,47.0,73.0,5.0
24069,2021-09-29 21:00:00,539.13,355.0,63.0,2.0,0.0,50.0,74.0,5.0
24070,2021-09-29 22:00:00,551.68,381.0,64.0,2.0,0.0,48.0,73.0,5.0
24071,2021-09-29 23:00:00,550.64,365.0,64.0,2.0,0.0,46.0,70.0,5.0
24072,2021-09-30 00:00:00,542.89,352.0,63.0,2.0,0.0,51.0,68.0,5.0
24073,2021-09-30 01:00:00,539.81,355.0,64.0,2.0,0.0,56.0,67.0,5.0
24074,2021-09-30 02:00:00,534.27,359.0,62.0,2.0,0.0,63.0,68.0,5.0
24075,2021-09-30 03:00:00,537.42,371.0,61.0,2.0,0.0,66.0,67.0,5.0
24076,2021-09-30 04:00:00,562.19,454.0,61.0,2.0,2.0,68.0,67.0,5.0
24077,2021-09-30 05:00:00,565.98,502.0,64.0,2.0,13.0,67.0,68.0,5.0
24078,2021-09-30 06:00:00,552.48,503.0,64.0,2.0,33.0,66.0,67.0,5.0
24079,2021-09-30 07:00:00,530.45,502.0,65.0,2.0,56.0,72.0,68.0,5.0
24080,2021-09-30 08:00:00,516.15,488.0,64.0,2.0,71.0,73.0,67.0,5.0
24081,2021-09-30 09:00:00,507.35,476.0,58.0,2.0,69.0,83.0,68.0,5.0
24082,2021-09-30 10:00:00,515.32,478.0,48.0,2.0,65.0,80.0,67.0,5.0
24083,2021-09-30 11:00:00,551.38,548.5,57.75,2.0,58.0,61.75,67.0,5.0
24084,2021-09-30 12:00:00,519.19,494.0,58.0,2.0,46.0,97.0,68.0,5.0
24085,2021-09-30 13:00:00,522.41,496.0,62.0,2.0,27.0,111.0,68.0,5.0
24086,2021-09-30 14:00:00,539.26,497.0,63.0,2.0,12.0,101.0,69.0,5.0
24087,2021-09-30 15:00:00,543.24,494.0,64.0,2.0,2.0,104.0,69.0,5.0
24088,2021-09-30 16:00:00,549.03,497.0,62.0,2.0,0.0,100.0,69.0,5.0
24089,2021-09-30 17:00:00,542.53,500.0,62.0,2.0,0.0,110.0,69.0,5.0
24090,2021-09-30 18:00:00,539.12,495.0,61.0,2.0,0.0,111.0,71.0,5.0
24091,2021-09-30 19:00:00,546.89,494.0,58.0,2.0,0.0,100.0,72.0,5.0
24092,2021-09-30 20:00:00,510.95,368.0,58.0,2.0,0.0,90.0,72.0,5.0
24093,2021-09-30 21:00:00,476.76,270.0,60.0,2.0,0.0,73.0,73.0,5.0
24094,2021-09-30 22:00:00,505.19,312.0,60.0,2.0,0.0,68.0,72.0,5.0
24095,2021-09-30 23:00:00,497.09,296.0,60.0,2.0,0.0,71.0,69.0,5.0
24096,2021-10-01 00:00:00,502.64,301.0,60.0,2.0,0.0,70.0,67.0,5.0
24097,2021-10-01 01:00:00,525.51,307.0,59.0,2.0,0.0,52.0,66.0,5.0
24098,2021-10-01 02:00:00,529.19,324.0,59.0,2.0,0.0,54.0,68.0,5.0
24099,2021-10-01 03:00:00,535.23,333.0,59.0,2.0,0.0,53.0,67.0,5.0
24100,2021-10-01 04:00:00,566.69,439.0,60.0,2.0,1.0,59.0,67.0,5.0
24101,2021-10-01 05:00:00,585.82,511.0,62.0,2.0,9.0,50.0,68.0,5.0
24102,2021-10-01 06:00:00,591.19,544.0,62.0,2.0,19.0,42.0,69.0,5.0
24103,2021-10-01 07:00:00,585.3,550.0,60.0,2.0,28.0,43.0,69.0,5.0
24104,2021-10-01 08:00:00,582.06,549.0,57.0,2.0,38.0,38.0,69.0,5.0
24105,2021-10-01 09:00:00,577.2,548.0,60.0,2.0,46.0,36.0,68.0,5.0
24106,2021-10-01 10:00:00,571.7,548.0,61.0,2.0,51.0,37.0,69.0,5.0
24107,2021-10-01 11:00:00,573.39,553.0,62.0,2.0,53.0,34.0,69.0,5.0
24108,2021-10-01 12:00:00,576.93,548.0,61.0,2.0,48.0,33.0,69.0,5.0
24109,2021-10-01 13:00:00,576.63,549.0,63.0,2.0,40.0,41.0,69.0,5.0
24110,2021-10-01 14:00:00,587.42,555.0,62.0,2.0,18.0,50.0,70.0,5.0
24111,2021-10-01 15:00:00,598.54,551.0,64.0,2.0,3.0,50.0,69.0,5.0
24112,2021-10-01 16:00:00,597.55,551.0,62.0,2.0,0.0,54.0,70.0,5.0
24113,2021-10-01 17:00:00,589.45,555.0,63.0,2.0,0.0,64.0,71.0,5.0
24114,2021-10-01 18:00:00,591.91,552.0,63.0,2.0,0.0,59.0,72.0,5.0
24115,2021-10-01 19:00:00,548.99,398.0,62.0,2.0,0.0,57.0,74.0,5.0
24116,2021-10-01 20:00:00,501.52,294.0,62.0,2.0,0.0,59.0,75.0,5.0
24117,2021-10-01 21:00:00,499.91,289.0,62.0,2.0,0.0,58.0,75.0,5.0
24118,2021-10-01 22:00:00,438.84,197.0,62.0,2.0,0.0,60.0,74.0,5.0
24119,2021-10-01 23:00:00,440.35,192.0,62.0,2.0,0.0,59.0,70.0,5.0
24120,2021-10-02 00:00:00,449.81,194.0,63.0,2.0,0.0,53.0,69.0,5.0
24121,2021-10-02 01:00:00,438.96,196.0,63.0,2.0,0.0,66.0,67.0,5.0
24122,2021-10-02 02:00:00,454.25,205.0,61.0,2.0,0.0,57.0,69.0,5.0
24123,2021-10-02 03:00:00,473.25,214.0,63.0,2.0,0.0,46.0,69.0,5.0
24124,2021-10-02 04:00:00,474.24,213.0,61.0,2.0,3.0,42.0,69.0,5.0
24125,2021-10-02 05:00:00,443.2,220.0,59.0,2.0,28.0,50.0,69.0,5.0
24126,2021-10-02 06:00:00,383.75,220.0,61.0,2.0,93.0,50.0,71.0,5.0
24127,2021-10-02 07:00:00,333.33,223.0,63.0,2.0,162.0,58.0,74.0,5.0
24128,2021-10-02 08:00:00,290.16,210.0,62.0,2.0,209.0,78.0,73.0,5.0
24129,2021-10-02 09:00:00,268.22,202.0,63.0,2.0,234.0,92.0,72.0,5.0
24130,2021-10-02 10:00:00,262.12,202.0,64.0,2.0,249.0,91.0,74.0,5.0
24131,2021-10-02 11:00:00,272.28,202.0,63.0,2.0,239.0,75.0,74.0,5.0
24132,2021-10-02 12:00:00,291.92,201.0,63.0,2.0,192.0,77.0,73.0,5.0
24133,2021-10-02 13:00:00,328.98,202.0,61.0,2.0,125.0,76.0,73.0,5.0
24134,2021-10-02 14:00:00,408.18,219.0,62.0,2.0,49.0,63.0,71.0,5.0
24135,2021-10-02 15:00:00,453.63,219.0,61.0,2.0,6.0,62.0,68.0,5.0
24136,2021-10-02 16:00:00,421.3,215.0,63.0,2.0,0.0,95.0,70.0,5.0
24137,2021-10-02 17:00:00,385.38,216.0,61.0,2.0,0.0,138.0,70.0,5.0
24138,2021-10-02 18:00:00,365.69,210.0,60.0,2.0,0.0,156.0,72.0,5.0
24139,2021-10-02 19:00:00,358.12,196.0,61.0,2.0,0.0,148.0,75.0,5.0
24140,2021-10-02 20:00:00,370.96,193.0,61.0,2.0,0.0,129.0,74.0,5.0
24141,2021-10-02 21:00:00,371.5,186.0,62.0,2.0,0.0,121.0,74.0,5.0
24142,2021-10-02 22:00:00,368.23,186.0,63.0,2.0,0.0,128.0,71.0,5.0
24143,2021-10-02 23:00:00,379.09,188.0,62.0,2.0,0.0,120.0,68.0,5.0
24144,2021-10-03 00:00:00,391.2,192.0,62.0,2.0,0.0,112.0,66.0,5.0
24145,2021-10-03 01:00:00,383.29,193.0,63.0,2.0,0.0,122.0,66.0,5.0
24146,2021-10-03 02:00:00,366.79,189.0,62.0,2.0,0.0,137.0,67.0,5.0
24147,2021-10-03 03:00:00,359.67,188.0,61.0,2.0,0.0,144.0,68.0,5.0
24148,2021-10-03 04:00:00,361.23,188.0,62.0,2.0,3.0,140.0,67.0,5.0
24149,2021-10-03 05:00:00,343.32,191.0,62.0,2.0,37.0,134.0,67.0,5.0
24150,2021-10-03 06:00:00,321.79,198.0,63.0,2.0,102.0,110.0,69.0,5.0
24151,2021-10-03 07:00:00,301.52,202.0,63.0,2.0,151.0,100.0,73.0,5.0
24152,2021-10-03 08:00:00,287.33,202.0,65.0,2.0,182.0,102.0,70.0,5.0
24153,2021-10-03 09:00:00,267.11,199.0,65.0,2.0,213.0,115.0,68.0,5.0
24154,2021-10-03 10:00:00,258.58,199.0,65.0,2.0,222.0,130.0,66.0,5.0
24155,2021-10-03 11:00:00,260.48,199.0,65.0,2.0,212.0,135.0,66.0,5.0
24156,2021-10-03 12:00:00,273.93,195.0,67.0,2.0,163.0,144.0,66.0,5.0
24157,2021-10-03 13:00:00,314.6,193.0,66.0,2.0,94.0,127.0,66.0,5.0
24158,2021-10-03 14:00:00,352.93,194.0,64.0,2.0,32.0,133.0,63.0,5.0
24159,2021-10-03 15:00:00,376.08,209.0,62.0,2.0,4.0,149.0,60.0,5.0
24160,2021-10-03 16:00:00,366.54,213.0,54.0,2.0,0.0,170.0,60.0,5.0
24161,2021-10-03 17:00:00,371.56,231.0,55.0,2.0,0.0,181.0,61.0,5.0
24162,2021-10-03 18:00:00,356.96,227.0,45.0,2.0,0.0,194.0,65.0,5.0
24163,2021-10-03 19:00:00,340.59,209.0,37.0,2.0,0.0,195.0,67.0,5.0
24164,2021-10-03 20:00:00,334.76,198.0,37.0,2.0,0.0,191.0,66.0,5.0
24165,2021-10-03 21:00:00,330.65,207.0,38.0,2.0,0.0,209.0,66.0,5.0
24166,2021-10-03 22:00:00,352.15,227.0,38.0,2.0,0.0,200.0,66.0,5.0
24167,2021-10-03 23:00:00,359.95,224.0,38.0,2.0,0.0,188.0,63.0,5.0
24168,2021-10-04 00:00:00,385.28,254.0,38.0,2.0,0.0,183.0,63.0,5.0
24169,2021-10-04 01:00:00,379.02,256.0,38.0,2.0,0.0,192.0,65.0,5.0
24170,2021-10-04 02:00:00,397.31,294.0,38.0,2.0,0.0,199.0,67.0,5.0
24171,2021-10-04 03:00:00,431.9,351.0,37.0,2.0,0.0,194.0,67.0,5.0
24172,2021-10-04 04:00:00,473.56,415.0,37.0,2.0,3.0,171.0,68.0,5.0
24173,2021-10-04 05:00:00,493.82,550.0,37.0,2.0,38.0,179.0,69.0,5.0
24174,2021-10-04 06:00:00,472.44,618.0,38.0,2.0,105.0,191.0,71.0,5.0
24175,2021-10-04 07:00:00,453.98,633.0,38.0,2.0,165.0,178.0,76.0,5.0
24176,2021-10-04 08:00:00,460.42,683.0,39.0,2.0,206.0,161.0,69.0,5.0
24177,2021-10-04 09:00:00,457.14,687.0,39.0,2.0,213.0,163.0,71.0,5.0
24178,2021-10-04 10:00:00,458.24,684.0,40.0,2.0,203.0,169.0,70.0,5.0
24179,2021-10-04 11:00:00,462.87,687.0,41.0,2.0,180.0,182.0,70.0,5.0
24180,2021-10-04 12:00:00,481.41,699.0,41.0,2.0,135.0,188.0,71.0,5.0
24181,2021-10-04 13:00:00,514.77,701.0,41.0,2.0,75.0,176.0,70.0,5.0
24182,2021-10-04 14:00:00,547.01,684.0,42.0,2.0,22.0,164.0,65.0,5.0
24183,2021-10-04 15:00:00,562.5,689.0,41.0,2.0,3.0,159.0,64.0,5.0
24184,2021-10-04 16:00:00,568.6,690.0,41.0,2.0,1.0,152.0,63.0,5.0
24185,2021-10-04 17:00:00,551.43,689.0,42.0,2.0,0.0,181.0,64.0,5.0
24186,2021-10-04 18:00:00,543.03,691.0,42.0,2.0,0.0,194.0,67.0,5.0
24187,2021-10-04 19:00:00,532.72,684.0,40.0,2.0,0.0,209.0,69.0,5.0
24188,2021-10-04 20:00:00,496.43,522.0,39.0,2.0,0.0,198.0,68.0,5.0
24189,2021-10-04 21:00:00,444.17,380.0,40.0,2.0,0.0,194.0,69.0,5.0
24190,2021-10-04 22:00:00,512.43,533.0,40.0,2.0,0.0,176.0,69.0,5.0
24191,2021-10-04 23:00:00,533.62,589.0,40.0,2.0,0.0,171.0,65.0,5.0
24192,2021-10-05 00:00:00,529.63,555.0,26.0,2.0,0.0,169.0,63.0,5.0
24193,2021-10-05 01:00:00,546.36,593.0,19.0,2.0,0.0,162.0,62.0,5.0
24194,2021-10-05 02:00:00,524.45,499.0,19.0,2.0,0.0,154.0,63.0,5.0
24195,2021-10-05 03:00:00,563.15,621.0,18.0,2.0,0.0,145.0,64.0,5.0
24196,2021-10-05 04:00:00,575.21,683.0,18.0,2.0,1.0,146.0,64.0,5.0
24197,2021-10-05 05:00:00,575.16,689.0,18.0,2.0,8.0,141.0,64.0,5.0
24198,2021-10-05 06:00:00,571.07,689.0,17.0,2.0,19.0,137.0,64.0,5.0
24199,2021-10-05 07:00:00,573.74,687.0,17.0,2.0,24.0,127.0,64.0,5.0
24200,2021-10-05 08:00:00,563.45,650.0,17.0,2.0,34.0,121.0,64.0,5.0
24201,2021-10-05 09:00:00,527.33,534.0,17.0,2.0,44.0,123.0,62.0,5.0
24202,2021-10-05 10:00:00,530.35,549.0,17.0,2.0,46.0,124.0,61.0,5.0
24203,2021-10-05 11:00:00,538.27,551.0,17.0,2.0,43.0,124.0,53.0,5.0
24204,2021-10-05 12:00:00,533.13,533.0,17.0,2.0,30.0,133.0,57.0,5.0
24205,2021-10-05 13:00:00,563.71,677.0,17.0,2.0,18.0,146.0,64.0,5.0
24206,2021-10-05 14:00:00,560.86,675.0,17.0,2.0,8.0,159.0,65.0,5.0
24207,2021-10-05 15:00:00,546.83,606.0,17.0,2.0,1.0,162.0,66.0,5.0
24208,2021-10-05 16:00:00,555.69,665.0,17.0,2.0,0.0,172.0,65.0,5.0
24209,2021-10-05 17:00:00,552.01,684.0,18.0,2.0,0.0,185.0,65.0,5.0
24210,2021-10-05 18:00:00,535.67,634.0,19.0,2.0,0.0,191.0,67.0,5.0
24211,2021-10-05 19:00:00,468.65,455.0,19.0,2.0,0.0,209.0,69.0,5.0
24212,2021-10-05 20:00:00,440.74,376.0,18.0,2.0,0.0,200.0,69.0,5.0
24213,2021-10-05 21:00:00,459.01,406.0,18.0,2.0,0.0,193.0,69.0,5.0
24214,2021-10-05 22:00:00,421.53,333.0,18.0,2.0,0.0,195.0,70.0,5.0
24215,2021-10-05 23:00:00,433.04,343.0,18.0,2.0,0.0,190.0,66.0,5.0
24216,2021-10-06 00:00:00,426.38,328.0,18.0,2.0,0.0,190.0,64.0,5.0
24217,2021-10-06 01:00:00,424.61,321.0,18.0,2.0,0.0,189.0,62.0,5.0
24218,2021-10-06 02:00:00,435.47,345.0,18.0,2.0,0.0,191.0,63.0,5.0
24219,2021-10-06 03:00:00,441.52,361.0,18.0,2.0,0.0,194.0,63.0,5.0
24220,2021-10-06 04:00:00,474.92,453.0,18.0,2.0,2.0,201.0,64.0,5.0
24221,2021-10-06 05:00:00,490.32,561.0,18.0,2.0,20.0,219.0,64.0,5.0
24222,2021-10-06 06:00:00,465.91,568.0,18.0,2.0,68.0,220.0,66.0,5.0
24223,2021-10-06 07:00:00,432.15,543.0,18.0,2.0,111.0,227.0,71.0,5.0
24224,2021-10-06 08:00:00,418.95,564.0,17.0,2.0,150.0,236.0,71.0,5.0
24225,2021-10-06 09:00:00,401.9,567.0,17.0,2.0,185.0,248.0,71.0,5.0
24226,2021-10-06 10:00:00,394.25,555.0,19.0,2.0,202.0,241.0,71.0,5.0
24227,2021-10-06 11:00:00,407.67,562.0,19.0,2.0,186.0,228.0,70.0,5.0
24228,2021-10-06 12:00:00,424.45,565.0,19.0,2.0,139.0,234.0,71.0,5.0
24229,2021-10-06 13:00:00,455.94,566.0,20.0,2.0,74.0,227.0,72.0,5.0
24230,2021-10-06 14:00:00,477.89,564.0,22.0,2.0,24.0,236.0,67.0,5.0
24231,2021-10-06 15:00:00,491.32,562.0,21.0,2.0,2.0,232.0,67.0,5.0
24232,2021-10-06 16:00:00,497.9,563.0,20.0,2.0,0.0,225.0,65.0,5.0
24233,2021-10-06 17:00:00,504.5,564.0,20.0,2.0,0.0,213.0,66.0,5.0
24234,2021-10-06 18:00:00,501.05,563.0,18.0,2.0,0.0,218.0,67.0,5.0
24235,2021-10-06 19:00:00,481.79,532.0,18.0,2.0,0.0,232.0,70.0,5.0
24236,2021-10-06 20:00:00,466.6,478.0,18.0,2.0,0.0,226.0,70.0,5.0
24237,2021-10-06 21:00:00,423.52,382.0,18.0,2.0,0.0,230.0,71.0,5.0
24238,2021-10-06 22:00:00,456.42,453.0,19.0,2.0,0.0,226.0,71.0,5.0
24239,2021-10-06 23:00:00,463.69,447.0,19.0,2.0,0.0,215.0,66.0,5.0
24240,2021-10-07 00:00:00,460.35,426.0,18.0,2.0,0.0,208.0,65.0,5.0
24241,2021-10-07 01:00:00,470.53,441.0,16.0,2.0,0.0,204.0,63.0,5.0
24242,2021-10-07 02:00:00,502.24,509.0,15.0,2.0,0.0,192.0,64.0,5.0
24243,2021-10-07 03:00:00,545.77,657.0,16.0,2.0,0.0,187.0,64.0,5.0
24244,2021-10-07 04:00:00,559.19,722.0,16.0,2.0,2.0,185.0,65.0,5.0
24245,2021-10-07 05:00:00,546.82,730.0,15.0,2.0,26.0,187.0,65.0,5.0
24246,2021-10-07 06:00:00,524.32,728.0,16.0,2.0,72.0,183.0,66.0,5.0
24247,2021-10-07 07:00:00,487.71,724.0,17.0,2.0,137.0,193.0,69.0,5.0
24248,2021-10-07 08:00:00,456.74,696.0,18.0,2.0,191.0,197.0,70.0,5.0
24249,2021-10-07 09:00:00,451.52,679.0,18.0,2.0,208.0,180.0,72.0,5.0
24250,2021-10-07 10:00:00,467.31,699.0,19.0,2.0,204.0,157.0,72.0,5.0
24251,2021-10-07 11:00:00,489.26,726.0,19.0,2.0,176.0,149.0,71.0,5.0
24252,2021-10-07 12:00:00,509.21,728.0,19.0,2.0,131.0,150.0,71.0,5.0
24253,2021-10-07 13:00:00,541.42,730.0,19.0,2.0,75.0,142.0,70.0,5.0
24254,2021-10-07 14:00:00,579.97,729.0,20.0,2.0,25.0,127.0,65.0,5.0
24255,2021-10-07 15:00:00,597.16,729.0,20.0,2.0,2.0,122.0,65.0,5.0
24256,2021-10-07 16:00:00,607.21,730.0,19.0,2.0,0.0,109.0,65.0,5.0
24257,2021-10-07 17:00:00,611.31,731.0,19.0,2.0,0.0,102.0,66.0,5.0
24258,2021-10-07 18:00:00,615.97,725.0,18.0,2.0,0.0,92.0,68.0,5.0
24259,2021-10-07 19:00:00,616.22,724.0,19.0,2.0,0.0,90.0,69.0,5.0
24260,2021-10-07 20:00:00,609.41,691.0,19.0,2.0,0.0,94.0,67.0,5.0
24261,2021-10-07 21:00:00,609.33,642.0,19.0,2.0,0.0,82.0,67.0,5.0
24262,2021-10-07 22:00:00,614.71,613.0,19.0,2.0,0.0,69.0,66.0,5.0
24263,2021-10-07 23:00:00,619.84,621.0,20.0,2.0,0.0,68.0,62.0,5.0
24264,2021-10-08 00:00:00,630.42,629.0,19.0,2.0,0.0,58.0,61.0,5.0
24265,2021-10-08 01:00:00,648.16,645.0,18.0,2.0,0.0,42.0,59.0,5.0
24266,2021-10-08 02:00:00,650.3,627.0,19.0,2.0,0.0,34.0,61.0,5.0
24267,2021-10-08 03:00:00,662.45,690.0,18.0,2.0,0.0,30.0,61.0,5.0
24268,2021-10-08 04:00:00,656.5,669.0,18.0,2.0,2.0,32.0,61.0,5.0
24269,2021-10-08 05:00:00,632.6,646.0,16.0,2.0,22.0,38.0,61.0,5.0
24270,2021-10-08 06:00:00,582.57,640.0,27.0,2.0,80.0,41.0,62.0,5.0
24271,2021-10-08 07:00:00,535.79,640.0,20.0,2.0,157.0,36.0,67.0,5.0
24272,2021-10-08 08:00:00,505.94,639.0,17.0,2.0,213.0,35.0,67.0,5.0
24273,2021-10-08 09:00:00,487.84,638.0,20.0,2.0,244.0,39.0,67.0,5.0
24274,2021-10-08 10:00:00,478.33,639.0,19.0,2.0,249.0,55.0,67.0,5.0
24275,2021-10-08 11:00:00,475.75,630.0,20.0,2.0,232.0,70.0,69.0,5.0
24276,2021-10-08 12:00:00,492.93,602.0,20.0,2.0,183.0,66.0,71.0,5.0
24277,2021-10-08 13:00:00,545.71,643.0,21.0,2.0,109.0,64.0,71.0,5.0
24278,2021-10-08 14:00:00,605.81,643.0,19.0,2.0,34.0,55.0,65.0,5.0
24279,2021-10-08 15:00:00,629.83,642.0,20.0,2.0,3.0,53.0,66.0,5.0
24280,2021-10-08 16:00:00,618.24,641.0,19.0,2.0,0.0,71.0,66.0,5.0
24281,2021-10-08 17:00:00,609.81,643.0,18.0,2.0,0.0,82.0,67.0,5.0
24282,2021-10-08 18:00:00,604.71,638.0,17.0,2.0,0.0,87.0,68.0,5.0
24283,2021-10-08 19:00:00,607.79,637.0,16.0,2.0,0.0,81.0,70.0,5.0
24284,2021-10-08 20:00:00,610.32,636.0,17.0,2.0,0.0,77.0,70.0,5.0
24285,2021-10-08 21:00:00,605.32,628.0,16.0,2.0,0.0,81.0,71.0,5.0
24286,2021-10-08 22:00:00,569.17,462.0,17.0,2.0,0.0,77.0,70.0,5.0
24287,2021-10-08 23:00:00,542.75,384.0,22.0,2.0,0.0,78.0,67.0,5.0
24288,2021-10-09 00:00:00,554.49,379.0,26.0,2.0,0.0,64.0,66.0,5.0
24289,2021-10-09 01:00:00,566.86,404.0,28.0,2.0,0.0,62.0,64.0,5.0
24290,2021-10-09 02:00:00,569.21,402.0,28.0,2.0,0.0,58.0,65.0,5.0
24291,2021-10-09 03:00:00,565.41,399.0,33.0,2.0,0.0,59.0,65.0,5.0
24292,2021-10-09 04:00:00,572.34,413.0,38.0,2.0,0.0,56.0,64.0,5.0
24293,2021-10-09 05:00:00,575.89,421.0,38.0,2.0,5.0,49.0,65.0,5.0
24294,2021-10-09 06:00:00,568.74,418.0,39.0,2.0,18.0,42.0,65.0,5.0
24295,2021-10-09 07:00:00,553.09,418.0,41.0,2.0,38.0,37.0,66.0,5.0
24296,2021-10-09 08:00:00,533.36,420.0,42.0,2.0,58.0,40.0,66.0,5.0
24297,2021-10-09 09:00:00,517.15,424.0,41.0,2.0,82.0,38.0,66.0,5.0
24298,2021-10-09 10:00:00,494.47,392.0,41.0,2.0,94.0,42.0,63.0,5.0
24299,2021-10-09 11:00:00,486.49,376.0,43.0,2.0,87.0,49.0,64.0,5.0
24300,2021-10-09 12:00:00,494.66,351.0,44.0,2.0,65.0,46.0,65.0,5.0
24301,2021-10-09 13:00:00,541.33,410.0,44.0,2.0,38.0,46.0,66.0,5.0
24302,2021-10-09 14:00:00,569.92,422.0,45.0,2.0,13.0,44.0,66.0,5.0
24303,2021-10-09 15:00:00,584.91,423.0,45.0,2.0,1.0,41.0,66.0,5.0
24304,2021-10-09 16:00:00,579.05,421.0,43.0,2.0,0.0,48.0,66.0,5.0
24305,2021-10-09 17:00:00,563.01,423.0,47.0,2.0,0.0,62.0,68.0,5.0
24306,2021-10-09 18:00:00,555.25,400.0,44.0,2.0,0.0,61.0,70.0,5.0
24307,2021-10-09 19:00:00,516.54,319.0,42.0,2.0,0.0,65.0,72.0,5.0
24308,2021-10-09 20:00:00,495.18,289.0,41.0,2.0,0.0,72.0,71.0,5.0
24309,2021-10-09 21:00:00,516.03,311.0,41.0,2.0,0.0,63.0,71.0,5.0
24310,2021-10-09 22:00:00,523.64,336.0,38.0,2.0,0.0,69.0,70.0,5.0
24311,2021-10-09 23:00:00,516.96,315.0,41.0,2.0,0.0,69.0,66.0,5.0
24312,2021-10-10 00:00:00,493.17,290.0,47.0,2.0,0.0,79.0,65.0,5.0
24313,2021-10-10 01:00:00,491.24,286.0,54.0,2.0,0.0,78.0,64.0,5.0
24314,2021-10-10 02:00:00,495.79,286.0,56.0,2.0,0.0,71.0,66.0,5.0
24315,2021-10-10 03:00:00,538.34,338.0,56.0,2.0,0.0,56.0,64.0,5.0
24316,2021-10-10 04:00:00,517.64,317.0,56.0,2.0,1.0,65.0,65.0,5.0
24317,2021-10-10 05:00:00,497.2,334.0,56.0,2.0,8.0,87.0,66.0,5.0
24318,2021-10-10 06:00:00,479.96,350.0,62.0,2.0,27.0,97.0,65.0,5.0
24319,2021-10-10 07:00:00,458.0,351.0,61.0,2.0,48.0,104.0,67.0,5.0
24320,2021-10-10 08:00:00,443.18,351.0,63.0,2.0,64.0,109.0,67.0,5.0
24321,2021-10-10 09:00:00,406.35,295.0,65.0,2.0,72.0,112.0,67.0,5.0
24322,2021-10-10 10:00:00,392.31,281.0,65.0,2.0,75.0,118.0,67.0,5.0
24323,2021-10-10 11:00:00,368.91,283.0,65.0,2.0,96.0,136.0,69.0,5.0
24324,2021-10-10 12:00:00,363.47,274.0,65.0,2.0,96.0,137.0,68.0,5.0
24325,2021-10-10 13:00:00,382.96,279.0,65.0,2.0,65.0,142.0,66.0,5.0
24326,2021-10-10 14:00:00,421.49,294.0,65.0,2.0,24.0,138.0,66.0,5.0
24327,2021-10-10 15:00:00,447.9,317.0,65.0,2.0,2.0,141.0,66.0,5.0
24328,2021-10-10 16:00:00,441.04,347.0,65.0,2.0,0.0,173.0,67.0,5.0
24329,2021-10-10 17:00:00,431.31,338.0,65.0,2.0,0.0,179.0,69.0,5.0
24330,2021-10-10 18:00:00,426.1,329.0,65.0,2.0,0.0,179.0,70.0,5.0
24331,2021-10-10 19:00:00,393.96,287.0,65.0,2.0,0.0,191.0,72.0,5.0
24332,2021-10-10 20:00:00,387.42,273.0,66.0,2.0,0.0,188.0,72.0,5.0
24333,2021-10-10 21:00:00,395.2,273.0,67.0,2.0,0.0,177.0,71.0,5.0
24334,2021-10-10 22:00:00,398.62,262.0,66.0,2.0,0.0,163.0,70.0,5.0
24335,2021-10-10 23:00:00,412.53,261.0,66.0,2.0,0.0,147.0,66.0,5.0
24336,2021-10-11 00:00:00,432.76,288.0,65.0,2.0,0.0,143.0,65.0,5.0
24337,2021-10-11 01:00:00,447.61,315.0,65.0,2.0,0.0,144.0,64.0,5.0
24338,2021-10-11 02:00:00,459.18,344.0,65.0,2.0,0.0,147.0,65.0,5.0
24339,2021-10-11 03:00:00,469.5,376.0,65.0,2.0,0.0,153.0,65.0,5.0
24340,2021-10-11 04:00:00,518.01,504.0,63.0,2.0,1.0,150.0,65.0,5.0
24341,2021-10-11 05:00:00,522.04,576.0,62.0,2.0,22.0,157.0,64.0,5.0
24342,2021-10-11 06:00:00,494.18,594.0,61.0,2.0,88.0,151.0,64.0,5.0
24343,2021-10-11 07:00:00,457.63,589.0,65.0,2.0,159.0,148.0,69.0,5.0
24344,2021-10-11 08:00:00,428.42,575.0,64.0,2.0,206.0,161.0,69.0,5.0
24345,2021-10-11 09:00:00,411.97,577.0,63.0,2.0,216.0,194.0,71.0,5.0
24346,2021-10-11 10:00:00,420.88,588.0,63.0,2.0,192.0,204.0,70.0,5.0
24347,2021-10-11 11:00:00,437.83,600.0,65.0,2.0,151.0,209.0,71.0,5.0
24348,2021-10-11 12:00:00,458.03,604.0,65.0,2.0,108.0,206.0,71.0,5.0
24349,2021-10-11 13:00:00,476.65,590.0,66.0,2.0,57.0,212.0,66.0,5.0
24350,2021-10-11 14:00:00,497.02,561.0,65.0,2.0,14.0,198.0,67.0,5.0
24351,2021-10-11 15:00:00,509.62,556.0,65.0,2.0,1.0,185.0,68.0,5.0
24352,2021-10-11 16:00:00,517.57,595.0,64.0,2.0,0.0,191.0,68.0,5.0
24353,2021-10-11 17:00:00,516.68,591.0,63.0,2.0,0.0,190.0,69.0,5.0
24354,2021-10-11 18:00:00,519.45,580.0,63.0,2.0,0.0,178.0,71.0,5.0
24355,2021-10-11 19:00:00,521.59,534.0,64.0,2.0,0.0,155.0,69.0,5.0
24356,2021-10-11 20:00:00,510.36,443.0,63.0,2.0,0.0,130.0,68.0,5.0
24357,2021-10-11 21:00:00,497.22,398.0,63.0,2.0,0.0,126.0,67.0,5.0
24358,2021-10-11 22:00:00,492.33,362.0,63.0,2.0,0.0,115.0,65.0,5.0
24359,2021-10-11 23:00:00,496.46,357.0,64.0,2.0,0.0,110.0,62.0,5.0
24360,2021-10-12 00:00:00,497.77,360.0,64.0,2.0,0.0,110.0,62.0,5.0
24361,2021-10-12 01:00:00,513.22,360.0,63.0,2.0,0.0,92.0,62.0,4.0
24362,2021-10-12 02:00:00,519.85,359.0,63.0,2.0,0.0,83.0,63.0,3.0
24363,2021-10-12 03:00:00,560.25,443.0,62.0,2.0,0.0,71.0,64.0,4.0
24364,2021-10-12 04:00:00,609.45,575.0,63.0,2.0,1.0,51.0,63.0,5.0
24365,2021-10-12 05:00:00,619.48,601.0,62.0,2.0,8.0,38.0,63.0,5.0
24366,2021-10-12 06:00:00,614.56,611.0,61.0,2.0,28.0,27.0,63.0,5.0
24367,2021-10-12 07:00:00,586.3,608.0,57.0,2.0,63.0,30.0,64.0,5.0
24368,2021-10-12 08:00:00,564.92,608.0,61.0,2.0,95.0,25.0,67.0,5.0
24369,2021-10-12 09:00:00,553.65,602.0,65.0,2.0,111.0,21.0,69.0,5.0
24370,2021-10-12 10:00:00,547.71,599.0,66.0,2.0,120.0,23.0,66.0,5.0
24371,2021-10-12 11:00:00,563.68,596.0,66.0,2.0,94.0,19.0,70.0,5.0
24372,2021-10-12 12:00:00,588.99,605.0,66.0,2.0,61.0,18.0,70.0,5.0
24373,2021-10-12 13:00:00,619.02,602.0,64.0,2.0,29.0,15.0,65.0,5.0
24374,2021-10-12 14:00:00,639.9,607.0,65.0,2.0,8.0,11.0,65.0,5.0
24375,2021-10-12 15:00:00,641.67,599.0,66.0,2.0,1.0,13.0,66.0,5.0
24376,2021-10-12 16:00:00,643.04,600.0,65.0,2.0,0.0,11.0,68.0,5.0
24377,2021-10-12 17:00:00,643.2,601.0,65.0,2.0,0.0,10.0,69.0,5.0
24378,2021-10-12 18:00:00,644.35,596.0,48.0,2.0,0.0,13.0,71.0,5.0
24379,2021-10-12 19:00:00,637.79,595.0,56.0,2.0,0.0,18.0,70.0,5.0
24380,2021-10-12 20:00:00,641.63,571.0,61.0,2.0,0.0,8.0,69.0,5.0
24381,2021-10-12 21:00:00,626.38,465.0,63.0,2.0,0.0,4.0,67.0,5.0
24382,2021-10-12 22:00:00,628.06,487.0,63.0,2.0,0.0,7.0,67.0,5.0
24383,2021-10-12 23:00:00,628.88,465.0,62.0,2.0,0.0,5.0,64.0,5.0
24384,2021-10-13 00:00:00,628.28,469.0,63.0,2.0,0.0,6.0,64.0,5.0
24385,2021-10-13 01:00:00,636.81,506.0,63.0,2.0,0.0,6.0,63.0,5.0
24386,2021-10-13 02:00:00,642.48,523.0,64.0,2.0,0.0,2.0,64.0,5.0
24387,2021-10-13 03:00:00,643.18,538.0,64.0,2.0,0.0,4.0,64.0,5.0
24388,2021-10-13 04:00:00,656.04,619.0,63.0,2.0,0.0,4.0,64.0,5.0
24389,2021-10-13 05:00:00,650.81,627.0,64.0,2.0,5.0,6.0,64.0,5.0
24390,2021-10-13 06:00:00,638.49,630.0,63.0,2.0,20.0,8.0,63.0,4.0
24391,2021-10-13 07:00:00,625.9,632.0,64.0,2.0,39.0,4.0,64.0,3.0
24392,2021-10-13 08:00:00,612.9,635.0,66.0,2.0,55.0,6.0,63.0,4.0
24393,2021-10-13 09:00:00,601.59,629.0,66.0,2.0,67.0,8.0,63.0,5.0
24394,2021-10-13 10:00:00,596.23,627.0,66.0,2.0,70.0,12.0,63.0,5.0
24395,2021-10-13 11:00:00,601.93,627.0,66.0,2.0,58.0,15.0,64.0,5.0
24396,2021-10-13 12:00:00,612.55,625.0,66.0,2.0,49.0,9.0,64.0,5.0
24397,2021-10-13 13:00:00,621.65,625.0,66.0,2.0,31.0,12.0,67.0,5.0
24398,2021-10-13 14:00:00,632.93,617.0,66.0,2.0,11.0,10.0,73.0,5.0
24399,2021-10-13 15:00:00,641.2,623.0,66.0,2.0,1.0,9.0,75.0,5.0
24400,2021-10-13 16:00:00,644.18,632.0,66.0,2.0,0.0,9.0,74.0,5.0
24401,2021-10-13 17:00:00,645.5,633.0,65.0,2.0,0.0,7.0,75.0,5.0
24402,2021-10-13 18:00:00,640.99,627.0,66.0,2.0,0.0,9.0,77.0,5.0
24403,2021-10-13 19:00:00,642.32,625.0,66.0,2.0,0.0,7.0,77.0,5.0
24404,2021-10-13 20:00:00,638.92,600.0,67.0,2.0,0.0,7.0,76.0,5.0
24405,2021-10-13 21:00:00,637.69,591.0,64.0,2.0,0.0,9.0,75.0,5.0
24406,2021-10-13 22:00:00,639.49,584.0,63.0,2.0,0.0,6.0,75.0,5.0
24407,2021-10-13 23:00:00,641.42,582.0,64.0,2.0,0.0,6.0,72.0,5.0
24408,2021-10-14 00:00:00,631.97,526.0,63.0,2.0,0.0,6.0,72.0,5.0
24409,2021-10-14 01:00:00,624.36,479.0,63.0,2.0,0.0,6.0,70.0,5.0
24410,2021-10-14 02:00:00,645.54,589.0,63.0,2.0,0.0,4.0,71.0,5.0
24411,2021-10-14 03:00:00,645.57,590.0,61.0,2.0,0.0,5.0,71.0,5.0
24412,2021-10-14 04:00:00,643.49,588.0,61.0,2.0,0.0,7.0,71.0,5.0
24413,2021-10-14 05:00:00,638.67,589.0,58.0,2.0,6.0,8.0,71.0,5.0
24414,2021-10-14 06:00:00,614.35,593.0,61.0,2.0,30.0,13.0,71.0,5.0
24415,2021-10-14 07:00:00,585.15,602.0,62.0,2.0,64.0,18.0,73.0,5.0
24416,2021-10-14 08:00:00,566.23,608.0,61.0,2.0,93.0,15.0,77.0,5.0
24417,2021-10-14 09:00:00,549.98,592.0,62.0,2.0,106.0,24.0,74.0,5.0
24418,2021-10-14 10:00:00,541.17,581.0,64.0,2.0,109.0,31.0,73.0,5.0
24419,2021-10-14 11:00:00,539.84,582.0,53.0,2.0,94.0,51.0,74.0,5.0
24420,2021-10-14 12:00:00,567.64,593.0,46.0,2.0,55.0,55.0,73.0,5.0
24421,2021-10-14 13:00:00,600.79,610.0,48.0,2.0,27.0,42.0,72.0,5.0
24422,2021-10-14 14:00:00,604.91,608.0,48.0,2.0,7.0,54.0,74.0,5.0
24423,2021-10-14 15:00:00,592.81,607.0,48.0,2.0,0.0,78.0,73.0,5.0
24424,2021-10-14 16:00:00,577.72,606.0,45.0,2.0,0.0,101.0,72.0,5.0
24425,2021-10-14 17:00:00,562.39,606.0,44.0,2.0,0.0,123.0,73.0,5.0
24426,2021-10-14 18:00:00,514.85,491.0,44.0,2.0,0.0,145.0,75.0,5.0
24427,2021-10-14 19:00:00,467.14,366.0,51.0,2.0,0.0,144.0,74.0,5.0
24428,2021-10-14 20:00:00,465.21,359.0,57.0,2.0,0.0,143.0,72.0,5.0
24429,2021-10-14 21:00:00,448.59,343.0,60.0,2.0,0.0,156.0,71.0,5.0
24430,2021-10-14 22:00:00,380.7,235.0,60.0,2.0,0.0,164.0,69.0,5.0
24431,2021-10-14 23:00:00,339.43,188.0,62.0,2.0,0.0,172.0,68.0,5.0
24432,2021-10-15 00:00:00,350.87,207.0,63.0,2.0,0.0,178.0,68.0,5.0
24433,2021-10-15 01:00:00,356.53,209.0,64.0,2.0,0.0,174.0,66.0,5.0
24434,2021-10-15 02:00:00,345.72,198.0,63.0,2.0,0.0,176.0,67.0,5.0
24435,2021-10-15 03:00:00,352.7,199.0,62.0,2.0,0.0,167.0,67.0,5.0
24436,2021-10-15 04:00:00,404.56,262.0,62.0,2.0,0.0,158.0,67.0,5.0
24437,2021-10-15 05:00:00,368.48,271.0,60.0,2.0,53.0,169.0,67.0,5.0
24438,2021-10-15 06:00:00,394.31,270.0,60.0,2.0,8.0,172.0,67.0,5.0
24439,2021-10-15 07:00:00,378.69,262.0,61.0,2.0,16.0,178.0,69.0,5.0
24440,2021-10-15 08:00:00,335.05,216.0,62.0,2.0,23.0,191.0,68.0,5.0
24441,2021-10-15 09:00:00,327.27,211.0,63.0,2.0,23.0,197.0,69.0,5.0
24442,2021-10-15 10:00:00,341.8,234.0,64.0,2.0,20.0,203.0,70.0,5.0
24443,2021-10-15 11:00:00,336.42,228.0,64.0,2.0,17.0,209.0,69.0,5.0
24444,2021-10-15 12:00:00,312.45,192.0,64.0,2.0,13.0,208.0,68.0,5.0
24445,2021-10-15 13:00:00,347.35,231.0,66.0,2.0,7.0,204.0,69.0,5.0
24446,2021-10-15 14:00:00,356.01,233.0,64.0,2.0,2.0,195.0,71.0,5.0
24447,2021-10-15 15:00:00,373.02,262.0,64.0,2.0,0.0,200.0,72.0,5.0
24448,2021-10-15 16:00:00,374.3,265.0,65.0,2.0,0.0,200.0,73.0,5.0
24449,2021-10-15 17:00:00,362.0,268.0,64.0,2.0,0.0,223.0,74.0,5.0
24450,2021-10-15 18:00:00,346.56,261.0,64.0,2.0,0.0,241.0,76.0,5.0
24451,2021-10-15 19:00:00,322.14,208.0,63.0,2.0,0.0,219.0,75.0,5.0
24452,2021-10-15 20:00:00,327.07,206.0,65.0,2.0,0.0,208.0,75.0,5.0
24453,2021-10-15 21:00:00,346.06,210.0,65.0,2.0,0.0,184.0,73.0,5.0
24454,2021-10-15 22:00:00,349.92,210.0,64.0,2.0,0.0,178.0,73.0,5.0
24455,2021-10-15 23:00:00,369.25,242.0,64.0,2.0,0.0,187.0,70.0,5.0
24456,2021-10-16 00:00:00,358.05,227.0,64.0,2.0,0.0,188.0,70.0,5.0
24457,2021-10-16 01:00:00,359.56,230.0,64.0,2.0,0.0,191.0,68.0,5.0
24458,2021-10-16 02:00:00,371.5,252.0,66.0,2.0,0.0,194.0,70.0,5.0
24459,2021-10-16 03:00:00,348.83,228.0,66.0,2.0,0.0,204.0,70.0,5.0
24460,2021-10-16 04:00:00,321.2,194.0,66.0,2.0,1.0,206.0,70.0,5.0
24461,2021-10-16 05:00:00,330.1,197.0,64.0,2.0,16.0,181.0,69.0,5.0
24462,2021-10-16 06:00:00,311.82,210.0,64.0,2.0,85.0,162.0,69.0,5.0
24463,2021-10-16 07:00:00,288.93,244.0,65.0,2.0,163.0,182.0,74.0,5.0
24464,2021-10-16 08:00:00,243.71,211.0,66.0,2.0,202.0,209.0,75.0,5.0
24465,2021-10-16 09:00:00,239.98,196.0,67.0,2.0,186.0,206.0,74.0,5.0
24466,2021-10-16 10:00:00,263.3,196.0,65.0,2.0,141.0,188.0,71.0,5.0
24467,2021-10-16 11:00:00,272.96,202.0,62.0,2.0,96.0,219.0,71.0,5.0
24468,2021-10-16 12:00:00,309.37,222.0,63.0,2.0,73.0,199.0,66.0,5.0
24469,2021-10-16 13:00:00,318.34,208.0,64.0,2.0,36.0,200.0,65.0,5.0
24470,2021-10-16 14:00:00,312.58,194.0,66.0,2.0,10.0,211.0,71.0,5.0
24471,2021-10-16 15:00:00,342.37,212.0,62.0,2.0,1.0,191.0,73.0,5.0
24472,2021-10-16 16:00:00,396.63,253.0,60.0,2.0,0.0,155.0,73.0,5.0
24473,2021-10-16 17:00:00,365.73,249.0,61.0,2.0,0.0,195.0,75.0,5.0
24474,2021-10-16 18:00:00,331.12,194.0,60.0,2.0,0.0,183.0,77.0,5.0
24475,2021-10-16 19:00:00,334.04,192.0,61.0,2.0,0.0,178.0,75.0,5.0
24476,2021-10-16 20:00:00,335.35,192.0,61.0,2.0,0.0,176.0,75.0,5.0
24477,2021-10-16 21:00:00,341.49,188.0,62.0,2.0,0.0,163.0,74.0,5.0
24478,2021-10-16 22:00:00,351.08,191.0,62.0,2.0,0.0,155.0,72.0,5.0
24479,2021-10-16 23:00:00,343.39,190.0,66.0,2.0,0.0,167.0,70.0,5.0
24480,2021-10-17 00:00:00,349.31,192.0,68.0,2.0,0.0,161.0,70.0,5.0
24481,2021-10-17 01:00:00,340.58,193.0,68.0,2.0,0.0,177.0,68.0,5.0
24482,2021-10-17 02:00:00,339.85,193.0,67.0,2.0,0.0,175.0,71.0,5.0
24483,2021-10-17 03:00:00,343.42,196.0,63.0,2.0,0.0,173.0,71.0,5.0
24484,2021-10-17 04:00:00,338.93,197.0,63.0,2.0,0.0,181.0,71.0,5.0
24485,2021-10-17 05:00:00,352.43,202.0,65.0,2.0,8.0,161.0,69.0,5.0
24486,2021-10-17 06:00:00,378.05,269.0,65.0,2.0,59.0,142.0,70.0,5.0
24487,2021-10-17 07:00:00,347.91,274.0,66.0,2.0,125.0,130.0,75.0,5.0
24488,2021-10-17 08:00:00,342.17,272.0,67.0,2.0,143.0,119.0,77.0,5.0
24489,2021-10-17 09:00:00,339.23,270.0,62.0,2.0,149.0,116.0,77.0,5.0
24490,2021-10-17 10:00:00,321.61,266.0,63.0,2.0,170.0,127.0,77.0,5.0
24491,2021-10-17 11:00:00,276.84,213.0,62.0,2.0,181.0,139.0,76.0,5.0
24492,2021-10-17 12:00:00,307.05,236.0,61.0,2.0,139.0,147.0,77.0,5.0
24493,2021-10-17 13:00:00,364.15,265.0,64.0,2.0,76.0,141.0,73.0,5.0
24494,2021-10-17 14:00:00,406.07,270.0,61.0,2.0,16.0,140.0,74.0,5.0
24495,2021-10-17 15:00:00,411.79,270.0,62.0,2.0,1.0,147.0,74.0,5.0
24496,2021-10-17 16:00:00,397.8,267.0,62.0,2.0,0.0,165.0,74.0,5.0
24497,2021-10-17 17:00:00,390.37,267.0,61.0,2.0,0.0,175.0,75.0,5.0
24498,2021-10-17 18:00:00,391.78,266.0,60.0,2.0,0.0,170.0,77.0,5.0
24499,2021-10-17 19:00:00,385.82,265.0,60.0,2.0,0.0,180.0,75.0,5.0
24500,2021-10-17 20:00:00,383.38,246.0,62.0,2.0,0.0,167.0,73.0,5.0
24501,2021-10-17 21:00:00,338.22,197.0,62.0,2.0,0.0,180.0,73.0,5.0
24502,2021-10-17 22:00:00,312.98,181.0,62.0,2.0,0.0,199.0,73.0,5.0
24503,2021-10-17 23:00:00,313.64,195.0,63.0,2.0,0.0,221.0,70.0,5.0
24504,2021-10-18 00:00:00,349.53,213.0,62.0,2.0,0.0,184.0,71.0,5.0
24505,2021-10-18 01:00:00,359.65,214.0,62.0,2.0,0.0,173.0,68.0,5.0
24506,2021-10-18 02:00:00,383.81,267.0,61.0,2.0,0.0,190.0,70.0,5.0
24507,2021-10-18 03:00:00,399.8,290.0,60.0,2.0,0.0,188.0,69.0,5.0
24508,2021-10-18 04:00:00,411.71,311.0,60.0,2.0,0.0,189.0,68.0,5.0
24509,2021-10-18 05:00:00,412.17,325.0,61.0,2.0,8.0,193.0,67.0,5.0
24510,2021-10-18 06:00:00,405.35,344.0,58.0,2.0,47.0,183.0,66.0,5.0
24511,2021-10-18 07:00:00,373.02,341.0,57.0,2.0,98.0,185.0,71.0,5.0
24512,2021-10-18 08:00:00,378.13,365.0,56.0,2.0,111.0,184.0,73.0,5.0
24513,2021-10-18 09:00:00,384.11,347.0,56.0,2.0,110.0,158.0,70.0,5.0
24514,2021-10-18 10:00:00,365.8,341.0,58.0,2.0,124.0,171.0,74.0,5.0
24515,2021-10-18 11:00:00,386.09,348.0,59.0,2.0,107.0,154.0,74.0,5.0
24516,2021-10-18 12:00:00,379.49,324.0,58.0,2.0,87.0,165.0,72.0,5.0
24517,2021-10-18 13:00:00,409.52,331.0,55.0,2.0,40.0,170.0,68.0,5.0
24518,2021-10-18 14:00:00,425.79,332.0,56.0,2.0,8.0,174.0,71.0,5.0
24519,2021-10-18 15:00:00,435.75,374.0,59.0,2.0,1.0,196.0,72.0,5.0
24520,2021-10-18 16:00:00,461.36,390.0,59.0,2.0,0.0,168.0,72.0,5.0
24521,2021-10-18 17:00:00,491.53,449.0,57.0,2.0,0.0,156.0,74.0,5.0
24522,2021-10-18 18:00:00,502.51,489.0,58.0,2.0,0.0,159.0,75.0,5.0
24523,2021-10-18 19:00:00,510.29,487.0,58.0,2.0,0.0,145.0,76.0,5.0
24524,2021-10-18 20:00:00,507.03,465.0,58.0,2.0,0.0,141.0,74.0,5.0
24525,2021-10-18 21:00:00,467.07,335.0,59.0,2.0,0.0,124.0,73.0,5.0
24526,2021-10-18 22:00:00,493.96,343.0,58.0,2.0,0.0,97.0,72.0,5.0
24527,2021-10-18 23:00:00,488.54,327.0,56.0,2.0,0.0,97.0,70.0,5.0
24528,2021-10-19 00:00:00,499.76,340.0,57.0,2.0,0.0,91.0,70.0,5.0
24529,2021-10-19 01:00:00,540.88,409.0,57.0,2.0,0.0,79.0,67.0,5.0
24530,2021-10-19 02:00:00,566.02,499.0,58.0,2.0,0.0,80.0,69.0,5.0
24531,2021-10-19 03:00:00,595.05,569.0,57.0,2.0,0.0,65.0,69.0,5.0
24532,2021-10-19 04:00:00,605.45,601.0,57.0,2.0,0.0,61.0,68.0,5.0
24533,2021-10-19 05:00:00,599.15,602.0,56.0,2.0,13.0,58.0,67.0,5.0
24534,2021-10-19 06:00:00,554.15,588.0,56.0,2.0,75.0,55.0,68.0,5.0
24535,2021-10-19 07:00:00,514.32,619.0,58.0,2.0,152.0,54.0,72.0,5.0
24536,2021-10-19 08:00:00,486.6,618.0,59.0,2.0,209.0,48.0,75.0,5.0
24537,2021-10-19 09:00:00,479.19,624.0,60.0,2.0,236.0,40.0,75.0,5.0
24538,2021-10-19 10:00:00,484.33,621.0,61.0,2.0,229.0,34.0,75.0,5.0
24539,2021-10-19 11:00:00,505.09,609.0,60.0,2.0,188.0,26.0,76.0,5.0
24540,2021-10-19 12:00:00,551.32,609.0,60.0,2.0,114.0,20.0,75.0,5.0
24541,2021-10-19 13:00:00,612.19,609.0,60.0,2.0,38.0,13.0,70.0,5.0
24542,2021-10-19 14:00:00,635.63,611.0,60.0,2.0,6.0,14.0,72.0,5.0
24543,2021-10-19 15:00:00,627.78,608.0,60.0,2.0,0.0,28.0,73.0,5.0
24544,2021-10-19 16:00:00,614.2,604.0,58.0,2.0,0.0,46.0,72.0,5.0
24545,2021-10-19 17:00:00,600.06,578.0,57.0,2.0,0.0,57.0,73.0,5.0
24546,2021-10-19 18:00:00,554.34,419.0,38.0,2.0,0.0,66.0,75.0,5.0
24547,2021-10-19 19:00:00,502.79,329.0,19.0,2.0,0.0,88.0,74.0,5.0
24548,2021-10-19 20:00:00,454.52,299.0,23.0,2.0,0.0,123.0,73.0,5.0
24549,2021-10-19 21:00:00,429.92,287.0,29.0,2.0,0.0,145.0,71.0,5.0
24550,2021-10-19 22:00:00,370.83,229.0,35.0,2.0,0.0,171.0,70.0,5.0
24551,2021-10-19 23:00:00,366.76,231.0,55.0,2.0,0.0,181.0,68.0,5.0
24552,2021-10-20 00:00:00,371.07,237.0,56.0,2.0,0.0,180.0,69.0,5.0
24553,2021-10-20 01:00:00,370.28,234.0,57.0,2.0,0.0,180.0,67.0,5.0
24554,2021-10-20 02:00:00,357.81,234.0,57.0,2.0,0.0,197.0,69.0,5.0
24555,2021-10-20 03:00:00,361.84,257.0,56.0,2.0,0.0,216.0,69.0,5.0
24556,2021-10-20 04:00:00,341.39,243.0,55.0,2.0,0.0,235.0,69.0,5.0
24557,2021-10-20 05:00:00,346.26,262.0,53.0,2.0,1.0,249.0,68.0,5.0
24558,2021-10-20 06:00:00,347.27,262.0,51.0,2.0,4.0,244.0,68.0,5.0
24559,2021-10-20 07:00:00,330.56,241.0,52.0,2.0,7.0,245.0,69.0,5.0
24560,2021-10-20 08:00:00,339.62,261.0,50.0,2.0,10.0,250.0,69.0,5.0
24561,2021-10-20 09:00:00,343.92,269.0,29.0,2.0,13.0,247.0,69.0,5.0
24562,2021-10-20 10:00:00,334.61,249.0,27.0,2.0,12.0,239.0,70.0,5.0
24563,2021-10-20 11:00:00,329.18,239.0,28.0,2.0,11.0,237.0,70.0,5.0
24564,2021-10-20 12:00:00,342.74,249.0,31.0,2.0,7.0,231.0,69.0,5.0
24565,2021-10-20 13:00:00,341.03,237.0,40.0,2.0,4.0,222.0,70.0,5.0
24566,2021-10-20 14:00:00,332.02,224.0,49.0,2.0,1.0,224.0,71.0,5.0
24567,2021-10-20 15:00:00,338.26,246.0,51.0,2.0,0.0,241.0,72.0,5.0
24568,2021-10-20 16:00:00,334.41,235.0,50.0,2.0,0.0,233.0,73.0,5.0
24569,2021-10-20 17:00:00,333.92,221.0,50.0,2.0,0.0,217.0,72.0,5.0
24570,2021-10-20 18:00:00,336.32,225.0,50.0,2.0,0.0,219.0,71.0,5.0
24571,2021-10-20 19:00:00,349.14,225.0,50.0,2.0,0.0,198.0,71.0,5.0
24572,2021-10-20 20:00:00,335.57,216.0,51.0,2.0,0.0,212.0,68.0,5.0
24573,2021-10-20 21:00:00,339.32,229.0,51.0,2.0,0.0,221.0,69.0,5.0
24574,2021-10-20 22:00:00,352.62,253.0,52.0,2.0,0.0,226.0,70.0,5.0
24575,2021-10-20 23:00:00,345.58,241.0,52.0,2.0,0.0,225.0,69.0,5.0
24576,2021-10-21 00:00:00,357.35,230.0,51.0,2.0,0.0,193.0,69.0,5.0
24577,2021-10-21 01:00:00,368.67,228.0,52.0,2.0,0.0,175.0,68.0,5.0
24578,2021-10-21 02:00:00,396.84,256.0,52.0,2.0,0.0,160.0,71.0,5.0
24579,2021-10-21 03:00:00,396.66,259.0,52.0,2.0,0.0,164.0,70.0,5.0
24580,2021-10-21 04:00:00,372.24,230.0,52.0,2.0,0.0,171.0,69.0,5.0
24581,2021-10-21 05:00:00,364.12,221.0,51.0,2.0,3.0,169.0,70.0,5.0
24582,2021-10-21 06:00:00,365.67,225.0,42.0,2.0,14.0,160.0,70.0,5.0
24583,2021-10-21 07:00:00,363.04,237.0,49.0,2.0,35.0,155.0,71.0,5.0
24584,2021-10-21 08:00:00,358.09,239.0,52.0,2.0,40.0,161.0,70.0,5.0
24585,2021-10-21 09:00:00,376.26,263.0,52.0,2.0,43.0,155.0,70.0,5.0
24586,2021-10-21 10:00:00,390.26,260.0,52.0,2.0,47.0,125.0,72.0,5.0
24587,2021-10-21 11:00:00,392.62,254.0,52.0,2.0,47.0,115.0,73.0,5.0
24588,2021-10-21 12:00:00,394.48,246.0,52.0,2.0,27.0,125.0,73.0,5.0
24589,2021-10-21 13:00:00,399.58,239.0,51.0,2.0,10.0,131.0,71.0,5.0
24590,2021-10-21 14:00:00,380.98,204.0,52.0,2.0,1.0,127.0,74.0,5.0
24591,2021-10-21 15:00:00,344.64,199.0,52.0,2.0,0.0,171.0,74.0,5.0
24592,2021-10-21 16:00:00,328.6,220.0,51.0,2.0,0.0,226.0,71.0,5.0
24593,2021-10-21 17:00:00,306.77,203.0,52.0,2.0,0.0,239.0,74.0,5.0
24594,2021-10-21 18:00:00,378.39,301.0,52.0,2.0,0.0,227.0,76.0,5.0
24595,2021-10-21 19:00:00,387.78,300.0,52.0,2.0,0.0,209.0,77.0,5.0
24596,2021-10-21 20:00:00,394.98,303.0,52.0,2.0,0.0,201.0,76.0,5.0
24597,2021-10-21 21:00:00,366.85,303.0,52.0,2.0,0.0,252.0,74.0,5.0
24598,2021-10-21 22:00:00,369.45,300.0,52.0,2.0,0.0,250.0,68.0,5.0
24599,2021-10-21 23:00:00,372.79,302.0,52.0,2.0,0.0,248.0,66.0,5.0
24600,2021-10-22 00:00:00,373.88,301.0,52.0,2.0,0.0,246.0,65.0,5.0
24601,2021-10-22 01:00:00,369.48,301.0,52.0,2.0,0.0,252.0,67.0,5.0
24602,2021-10-22 02:00:00,371.09,300.0,52.0,2.0,0.0,249.0,66.0,5.0
24603,2021-10-22 03:00:00,372.75,300.0,52.0,2.0,0.0,245.0,67.0,5.0
24604,2021-10-22 04:00:00,377.89,312.0,52.0,2.0,0.0,246.0,69.0,5.0
24605,2021-10-22 05:00:00,372.93,309.0,53.0,2.0,5.0,247.0,69.0,5.0
24606,2021-10-22 06:00:00,360.6,322.0,53.0,2.0,39.0,250.0,70.0,5.0
24607,2021-10-22 07:00:00,372.0,385.0,53.0,2.0,77.0,254.0,71.0,5.0
24608,2021-10-22 08:00:00,363.49,387.0,52.0,2.0,95.0,254.0,75.0,5.0
24609,2021-10-22 09:00:00,364.71,398.0,52.0,2.0,103.0,257.0,73.0,5.0
24610,2021-10-22 10:00:00,342.88,358.0,52.0,2.0,107.0,261.0,73.0,5.0
24611,2021-10-22 11:00:00,336.28,347.0,52.0,3.0,100.0,269.0,74.0,5.0
24612,2021-10-22 12:00:00,348.58,347.0,52.0,3.0,77.0,266.0,70.0,5.0
24613,2021-10-22 13:00:00,369.9,352.0,51.0,3.0,41.0,260.0,70.0,5.0
24614,2021-10-22 14:00:00,390.31,356.0,49.0,3.0,8.0,255.0,71.0,5.0
24615,2021-10-22 15:00:00,420.5,399.0,52.0,3.0,0.0,242.0,72.0,3.0
24616,2021-10-22 16:00:00,427.46,401.0,52.0,2.0,0.0,232.0,72.0,3.0
24617,2021-10-22 17:00:00,432.43,402.0,52.0,2.0,0.0,223.0,73.0,3.0
24618,2021-10-22 18:00:00,427.09,392.0,52.0,2.0,0.0,222.0,76.0,4.0
24619,2021-10-22 19:00:00,432.92,393.0,52.0,2.0,0.0,213.0,76.0,5.0
24620,2021-10-22 20:00:00,410.13,333.0,52.0,3.0,0.0,202.0,76.0,5.0
24621,2021-10-22 21:00:00,394.88,292.0,52.0,3.0,0.0,191.0,75.0,5.0
24622,2021-10-22 22:00:00,414.55,338.0,52.0,3.0,0.0,202.0,73.0,5.0
24623,2021-10-22 23:00:00,433.41,345.0,52.0,3.0,0.0,181.0,70.0,5.0
24624,2021-10-23 00:00:00,457.24,377.0,52.0,2.0,0.0,169.0,70.0,5.0
24625,2021-10-23 01:00:00,454.38,335.0,52.0,3.0,0.0,145.0,69.0,5.0
24626,2021-10-23 02:00:00,450.04,341.0,52.0,3.0,0.0,154.0,70.0,5.0
24627,2021-10-23 03:00:00,457.83,345.0,52.0,3.0,0.0,145.0,71.0,5.0
24628,2021-10-23 04:00:00,445.09,334.0,52.0,3.0,0.0,156.0,70.0,5.0
24629,2021-10-23 05:00:00,475.26,411.0,51.0,3.0,2.0,160.0,71.0,5.0
24630,2021-10-23 06:00:00,497.51,472.0,50.0,3.0,8.0,155.0,71.0,5.0
24631,2021-10-23 07:00:00,486.73,473.0,52.0,3.0,20.0,160.0,71.0,5.0
24632,2021-10-23 08:00:00,484.83,482.0,52.0,3.0,30.0,158.0,71.0,4.0
24633,2021-10-23 09:00:00,478.4,477.0,52.0,3.0,39.0,157.0,71.0,5.0
24634,2021-10-23 10:00:00,480.85,472.0,52.0,3.0,41.0,149.0,70.0,5.0
24635,2021-10-23 11:00:00,486.88,477.0,52.0,3.0,32.0,150.0,71.0,5.0
24636,2021-10-23 12:00:00,489.77,480.0,52.0,3.0,20.0,159.0,71.0,5.0
24637,2021-10-23 13:00:00,500.18,477.0,52.0,3.0,10.0,152.0,70.0,5.0
24638,2021-10-23 14:00:00,508.77,479.0,52.0,2.0,2.0,146.0,73.0,5.0
24639,2021-10-23 15:00:00,507.64,480.0,49.0,2.0,0.0,150.0,74.0,5.0
24640,2021-10-23 16:00:00,517.19,481.0,47.0,3.0,0.0,137.0,73.0,5.0
24641,2021-10-23 17:00:00,532.1,482.0,52.0,3.0,0.0,115.0,73.0,5.0
24642,2021-10-23 18:00:00,533.25,481.0,52.0,3.0,0.0,110.0,76.0,5.0
24643,2021-10-23 19:00:00,536.86,475.0,54.0,3.0,0.0,102.0,76.0,5.0
24644,2021-10-23 20:00:00,544.0,465.0,56.0,3.0,0.0,89.0,75.0,5.0
24645,2021-10-23 21:00:00,541.15,441.0,59.0,3.0,0.0,83.0,74.0,5.0
24646,2021-10-23 22:00:00,545.52,452.0,59.0,3.0,0.0,83.0,73.0,5.0
24647,2021-10-23 23:00:00,557.92,475.0,57.0,3.0,0.0,79.0,71.0,5.0
24648,2021-10-24 00:00:00,560.72,479.0,54.0,3.0,0.0,78.0,71.0,5.0
24649,2021-10-24 01:00:00,569.51,482.0,55.0,3.0,0.0,70.0,69.0,5.0
24650,2021-10-24 02:00:00,577.71,477.0,57.0,3.0,0.0,56.0,71.0,5.0
24651,2021-10-24 03:00:00,595.04,481.0,56.0,3.0,0.0,39.0,70.0,5.0
24652,2021-10-24 04:00:00,606.9,481.0,54.0,3.0,0.0,27.0,70.0,5.0
24653,2021-10-24 05:00:00,608.09,482.0,54.0,3.0,6.0,20.0,70.0,5.0
24654,2021-10-24 06:00:00,584.73,488.0,55.0,3.0,39.0,14.0,70.0,5.0
24655,2021-10-24 07:00:00,543.27,481.0,57.0,3.0,89.0,12.0,70.0,5.0
24656,2021-10-24 08:00:00,460.17,367.0,58.0,3.0,137.0,16.0,73.0,5.0
24657,2021-10-24 09:00:00,457.09,360.0,57.0,3.0,133.0,18.0,75.0,5.0
24658,2021-10-24 10:00:00,471.25,358.0,58.0,3.0,106.0,24.0,75.0,5.0
24659,2021-10-24 11:00:00,493.33,368.0,59.0,3.0,70.0,37.0,75.0,5.0
24660,2021-10-24 12:00:00,514.04,362.0,35.0,3.0,36.0,53.0,72.0,5.0
24661,2021-10-24 13:00:00,525.51,371.0,44.0,3.0,15.0,65.0,70.0,5.0
24662,2021-10-24 14:00:00,517.71,366.0,38.0,3.0,3.0,83.0,72.0,5.0
24663,2021-10-24 15:00:00,539.37,471.0,35.0,3.0,0.0,107.0,72.0,5.0
24664,2021-10-24 16:00:00,526.83,478.0,37.0,3.0,0.0,126.0,72.0,5.0
24665,2021-10-24 17:00:00,506.43,467.0,39.0,3.0,0.0,148.0,73.0,5.0
24666,2021-10-24 18:00:00,487.8,440.0,39.0,3.0,0.0,160.0,74.0,5.0
24667,2021-10-24 19:00:00,500.78,465.0,40.0,3.0,0.0,154.0,74.0,5.0
24668,2021-10-24 20:00:00,497.95,467.0,41.0,3.0,0.0,159.0,74.0,5.0
24669,2021-10-24 21:00:00,494.34,461.0,42.0,3.0,0.0,162.0,73.0,5.0
24670,2021-10-24 22:00:00,460.61,372.0,51.0,3.0,0.0,159.0,71.0,5.0
24671,2021-10-24 23:00:00,437.45,319.0,57.0,2.0,0.0,156.0,70.0,5.0
24672,2021-10-25 00:00:00,435.59,337.0,57.0,2.0,0.0,174.0,68.0,5.0
24673,2021-10-25 01:00:00,425.17,350.0,57.0,3.0,0.0,200.0,67.0,5.0
24674,2021-10-25 02:00:00,471.19,473.0,56.0,3.0,0.0,207.0,69.0,5.0
24675,2021-10-25 03:00:00,492.53,542.0,57.0,3.0,0.0,209.0,69.0,5.0
24676,2021-10-25 04:00:00,514.96,602.0,57.0,3.0,0.0,201.0,67.0,5.0
24677,2021-10-25 05:00:00,523.46,623.0,58.0,3.0,2.0,192.0,68.0,5.0
24678,2021-10-25 06:00:00,526.62,625.0,62.0,3.0,11.0,177.0,68.0,5.0
24679,2021-10-25 07:00:00,527.72,632.0,59.0,3.0,22.0,166.0,70.0,5.0
24680,2021-10-25 08:00:00,519.0,638.0,62.0,3.0,26.0,180.0,70.0,5.0
24681,2021-10-25 09:00:00,514.76,633.0,61.0,3.0,28.0,184.0,70.0,5.0
24682,2021-10-25 10:00:00,516.74,641.0,61.0,3.0,29.0,184.0,69.0,5.0
24683,2021-10-25 11:00:00,512.85,642.0,61.0,3.0,26.0,198.0,66.0,5.0
24684,2021-10-25 12:00:00,517.6,643.0,62.0,3.0,23.0,191.0,67.0,5.0
24685,2021-10-25 13:00:00,533.07,645.0,62.0,3.0,14.0,171.0,68.0,5.0
24686,2021-10-25 14:00:00,549.92,645.0,60.0,3.0,3.0,151.0,70.0,5.0
24687,2021-10-25 15:00:00,555.35,640.0,60.0,3.0,0.0,143.0,70.0,5.0
24688,2021-10-25 16:00:00,544.29,639.0,61.0,3.0,0.0,161.0,70.0,5.0
24689,2021-10-25 17:00:00,535.33,623.0,61.0,3.0,0.0,169.0,71.0,5.0
24690,2021-10-25 18:00:00,517.59,578.0,57.0,3.0,0.0,179.0,73.0,5.0
24691,2021-10-25 19:00:00,535.34,582.0,57.0,3.0,0.0,151.0,73.0,5.0
24692,2021-10-25 20:00:00,543.34,574.0,57.0,3.0,0.0,135.0,73.0,5.0
24693,2021-10-25 21:00:00,566.02,568.0,57.0,2.0,0.0,102.0,71.0,5.0
24694,2021-10-25 22:00:00,566.66,555.0,56.0,2.0,0.0,97.0,71.0,5.0
24695,2021-10-25 23:00:00,579.96,582.0,57.0,2.0,0.0,90.0,68.0,5.0
24696,2021-10-26 00:00:00,596.05,610.0,57.0,3.0,0.0,75.0,68.0,5.0
24697,2021-10-26 01:00:00,615.55,648.0,57.0,3.0,0.0,60.0,66.0,5.0
24698,2021-10-26 02:00:00,615.95,670.0,56.0,3.0,0.0,63.0,68.0,5.0
24699,2021-10-26 03:00:00,615.18,651.0,55.0,3.0,0.0,62.0,66.0,5.0
24700,2021-10-26 04:00:00,628.34,759.0,55.0,2.0,0.0,68.0,66.0,5.0
24701,2021-10-26 05:00:00,633.29,845.0,57.0,2.0,1.0,77.0,65.0,4.0
24702,2021-10-26 06:00:00,623.33,843.0,63.0,2.0,9.0,82.0,66.0,3.0
24703,2021-10-26 07:00:00,615.6,839.0,64.0,3.0,22.0,79.0,67.0,4.0
24704,2021-10-26 08:00:00,606.78,835.0,63.0,3.0,37.0,77.0,69.0,5.0
24705,2021-10-26 09:00:00,602.9,842.0,60.0,3.0,44.0,81.0,68.0,5.0
24706,2021-10-26 10:00:00,604.78,850.0,59.0,3.0,42.0,83.0,67.0,5.0
24707,2021-10-26 11:00:00,616.1,843.0,59.0,3.0,24.0,81.0,65.0,5.0
24708,2021-10-26 12:00:00,621.98,844.0,59.0,3.0,12.0,82.0,66.0,5.0
24709,2021-10-26 13:00:00,622.09,844.0,61.0,2.0,5.0,88.0,67.0,5.0
24710,2021-10-26 14:00:00,621.94,841.0,60.0,2.0,1.0,91.0,68.0,5.0
24711,2021-10-26 15:00:00,617.24,843.0,59.0,2.0,0.0,100.0,69.0,5.0
24712,2021-10-26 16:00:00,615.96,842.0,59.0,2.0,0.0,102.0,69.0,5.0
24713,2021-10-26 17:00:00,616.8,844.0,59.0,3.0,0.0,98.0,71.0,5.0
24714,2021-10-26 18:00:00,616.79,825.0,58.0,3.0,0.0,93.0,72.0,5.0
24715,2021-10-26 19:00:00,584.01,678.0,58.0,3.0,0.0,108.0,72.0,4.0
24716,2021-10-26 20:00:00,568.48,617.0,57.0,3.0,0.0,115.0,70.0,3.0
24717,2021-10-26 21:00:00,557.35,619.0,57.0,3.0,0.0,133.0,70.0,3.0
24718,2021-10-26 22:00:00,563.15,607.0,59.0,2.0,0.0,121.0,69.0,3.0
24719,2021-10-26 23:00:00,572.85,621.0,59.0,2.0,0.0,112.0,68.0,3.0
24720,2021-10-27 00:00:00,572.5,600.0,58.0,2.0,0.0,106.0,68.0,3.0
24721,2021-10-27 01:00:00,574.58,647.0,64.0,2.0,0.0,118.0,66.0,3.0
24722,2021-10-27 02:00:00,583.67,669.0,63.0,2.0,0.0,109.0,68.0,3.0
24723,2021-10-27 03:00:00,581.66,656.0,58.0,3.0,0.0,110.0,67.0,3.0
24724,2021-10-27 04:00:00,603.27,772.0,58.0,3.0,0.0,108.0,67.0,3.0
24725,2021-10-27 05:00:00,617.78,889.0,51.0,3.0,1.0,114.0,66.0,3.0
24726,2021-10-27 06:00:00,610.37,875.0,44.0,3.0,11.0,116.0,67.0,3.0
24727,2021-10-27 07:00:00,601.25,885.0,43.0,2.0,34.0,114.0,67.0,3.0
24728,2021-10-27 08:00:00,602.1,895.0,43.0,2.0,38.0,112.0,66.0,3.0
24729,2021-10-27 09:00:00,600.68,889.0,46.0,2.0,44.0,105.0,67.0,3.0
24730,2021-10-27 10:00:00,598.85,903.0,52.0,2.0,41.0,113.0,67.0,3.0
24731,2021-10-27 11:00:00,585.36,880.0,53.0,3.0,28.0,145.0,67.0,3.0
24732,2021-10-27 12:00:00,587.99,866.0,52.0,3.0,13.0,150.0,68.0,3.0
24733,2021-10-27 13:00:00,578.99,892.0,55.0,3.0,4.0,184.0,68.0,3.0
24734,2021-10-27 14:00:00,567.35,877.0,57.0,3.0,0.0,206.0,69.0,3.0
24735,2021-10-27 15:00:00,576.7,896.0,58.0,3.0,0.0,191.0,70.0,3.0
24736,2021-10-27 16:00:00,567.67,879.0,57.0,3.0,0.0,207.0,68.0,3.0
24737,2021-10-27 17:00:00,548.87,840.0,56.0,2.0,0.0,233.0,70.0,3.0
24738,2021-10-27 18:00:00,535.91,701.0,56.0,2.0,0.0,202.0,72.0,3.0
24739,2021-10-27 19:00:00,487.58,527.0,58.0,2.0,0.0,207.0,72.0,3.0
24740,2021-10-27 20:00:00,442.9,402.0,59.0,2.0,0.0,206.0,71.0,3.0
24741,2021-10-27 21:00:00,462.65,433.0,60.0,2.0,0.0,194.0,71.0,3.0
24742,2021-10-27 22:00:00,445.88,388.0,60.0,2.0,0.0,193.0,69.0,3.0
24743,2021-10-27 23:00:00,452.2,361.0,58.0,2.0,0.0,168.0,66.0,3.0
24744,2021-10-28 00:00:00,483.48,362.0,58.0,2.0,0.0,126.0,66.0,3.0
24745,2021-10-28 01:00:00,510.98,363.0,59.0,2.0,0.0,94.0,65.0,3.0
24746,2021-10-28 02:00:00,530.91,366.0,60.0,3.0,0.0,70.0,67.0,3.0
24747,2021-10-28 03:00:00,575.57,457.0,60.0,3.0,0.0,54.0,68.0,3.0
24748,2021-10-28 04:00:00,636.25,658.0,59.0,3.0,0.0,33.0,67.0,3.0
24749,2021-10-28 05:00:00,649.62,782.0,57.0,3.0,3.0,33.0,69.0,3.0
24750,2021-10-28 06:00:00,633.87,766.0,58.0,2.0,20.0,38.0,68.0,3.0
24751,2021-10-28 07:00:00,623.11,771.0,57.0,2.0,44.0,31.0,69.0,3.0
24752,2021-10-28 08:00:00,608.71,773.0,56.0,2.0,66.0,30.0,72.0,3.0
24753,2021-10-28 09:00:00,586.68,729.0,55.0,2.0,84.0,35.0,74.0,3.0
24754,2021-10-28 10:00:00,592.64,768.0,58.0,2.0,69.0,49.0,75.0,3.0
24755,2021-10-28 11:00:00,609.49,794.0,58.0,2.0,43.0,58.0,70.0,5.0
24756,2021-10-28 12:00:00,619.39,811.0,59.0,2.0,17.0,73.0,68.0,5.0
24757,2021-10-28 13:00:00,620.03,814.0,58.0,2.0,6.0,83.0,69.0,5.0
24758,2021-10-28 14:00:00,578.79,596.0,57.0,2.0,1.0,93.0,70.0,5.0
24759,2021-10-28 15:00:00,542.33,536.0,58.0,2.0,0.0,124.0,71.0,5.0
24760,2021-10-28 16:00:00,540.15,551.0,59.0,2.0,0.0,134.0,70.0,5.0
24761,2021-10-28 17:00:00,554.38,624.0,59.0,2.0,0.0,139.0,71.0,5.0
24762,2021-10-28 18:00:00,552.36,625.0,58.0,2.0,0.0,141.0,73.0,5.0
24763,2021-10-28 19:00:00,509.64,460.0,57.0,2.0,0.0,135.0,74.0,5.0
24764,2021-10-28 20:00:00,469.54,376.0,60.0,2.0,0.0,147.0,72.0,5.0
24765,2021-10-28 21:00:00,470.32,383.0,61.0,2.0,0.0,149.0,73.0,5.0
24766,2021-10-28 22:00:00,519.74,510.0,60.0,3.0,0.0,147.0,69.0,5.0
24767,2021-10-28 23:00:00,510.18,477.0,59.0,3.0,0.0,149.0,66.0,5.0
24768,2021-10-29 00:00:00,483.16,406.0,58.0,3.0,0.0,152.0,65.0,5.0
24769,2021-10-29 01:00:00,487.12,406.0,43.0,3.0,0.0,151.0,64.0,5.0
24770,2021-10-29 02:00:00,495.73,411.0,43.0,2.0,0.0,142.0,65.0,5.0
24771,2021-10-29 03:00:00,487.98,383.0,43.0,2.0,0.0,137.0,65.0,5.0
24772,2021-10-29 04:00:00,516.37,477.0,41.0,2.0,0.0,146.0,66.0,5.0
24773,2021-10-29 05:00:00,530.51,580.0,44.0,2.0,1.0,169.0,66.0,5.0
24774,2021-10-29 06:00:00,527.14,617.0,47.0,2.0,18.0,173.0,66.0,5.0
24775,2021-10-29 07:00:00,495.86,593.0,46.0,3.0,63.0,172.0,67.0,5.0
24776,2021-10-29 08:00:00,465.26,604.0,43.0,3.0,121.0,182.0,69.0,5.0
24777,2021-10-29 09:00:00,452.33,602.0,43.0,3.0,153.0,175.0,72.0,5.0
24778,2021-10-29 10:00:00,430.04,548.0,44.0,3.0,160.0,181.0,72.0,5.0
24779,2021-10-29 11:00:00,437.28,514.0,45.0,2.0,138.0,162.0,72.0,5.0
24780,2021-10-29 12:00:00,477.81,562.0,44.0,2.0,88.0,162.0,71.0,5.0
24781,2021-10-29 13:00:00,518.86,622.0,44.0,2.0,32.0,174.0,69.0,5.0
24782,2021-10-29 14:00:00,532.03,617.0,42.0,2.0,4.0,176.0,70.0,5.0
24783,2021-10-29 15:00:00,537.98,647.0,46.0,2.0,0.0,180.0,71.0,5.0
24784,2021-10-29 16:00:00,531.88,644.0,48.0,3.0,0.0,190.0,69.0,5.0
24785,2021-10-29 17:00:00,514.24,600.0,44.0,3.0,0.0,203.0,69.0,5.0
24786,2021-10-29 18:00:00,507.76,534.0,44.0,3.0,0.0,180.0,71.0,5.0
24787,2021-10-29 19:00:00,491.8,464.0,48.0,3.0,0.0,168.0,71.0,5.0
24788,2021-10-29 20:00:00,488.47,415.0,56.0,2.0,0.0,145.0,71.0,5.0
24789,2021-10-29 21:00:00,518.89,450.0,58.0,2.0,0.0,121.0,70.0,5.0
24790,2021-10-29 22:00:00,497.36,368.0,59.0,2.0,0.0,113.0,65.0,5.0
24791,2021-10-29 23:00:00,483.22,290.0,60.0,2.0,0.0,90.0,61.0,5.0
24792,2021-10-30 00:00:00,484.49,291.0,61.0,2.0,0.0,89.0,61.0,5.0
24793,2021-10-30 01:00:00,486.71,292.0,62.0,3.0,0.0,86.0,61.0,5.0
24794,2021-10-30 02:00:00,502.38,301.0,61.0,3.0,0.0,73.0,63.0,5.0
24795,2021-10-30 03:00:00,546.14,385.0,59.0,3.0,0.0,66.0,63.0,5.0
24796,2021-10-30 04:00:00,562.2,436.0,60.0,3.0,0.0,65.0,65.0,5.0
24797,2021-10-30 05:00:00,546.16,391.0,60.0,3.0,2.0,63.0,66.0,5.0
24798,2021-10-30 06:00:00,554.16,457.0,60.0,2.0,19.0,63.0,66.0,5.0
24799,2021-10-30 07:00:00,534.85,473.0,60.0,2.0,59.0,52.0,68.0,5.0
24800,2021-10-30 08:00:00,506.15,478.0,61.0,2.0,105.0,47.0,70.0,5.0
24801,2021-10-30 09:00:00,471.76,480.0,62.0,2.0,149.0,58.0,72.0,5.0
24802,2021-10-30 10:00:00,432.42,436.0,62.0,2.0,179.0,69.0,73.0,5.0
24803,2021-10-30 11:00:00,440.51,425.0,61.0,2.0,160.0,64.0,74.0,5.0
24804,2021-10-30 12:00:00,482.33,457.0,63.0,2.0,97.0,78.0,72.0,3.0
24805,2021-10-30 13:00:00,522.46,481.0,62.0,3.0,31.0,98.0,69.0,4.0
24806,2021-10-30 14:00:00,535.4,470.0,60.0,3.0,3.0,102.0,71.0,5.0
24807,2021-10-30 15:00:00,537.99,475.0,62.0,3.0,0.0,102.0,72.0,5.0
24808,2021-10-30 16:00:00,525.31,463.0,62.0,3.0,0.0,116.0,70.0,5.0
24809,2021-10-30 17:00:00,504.19,447.0,62.0,2.0,0.0,138.0,71.0,5.0
24810,2021-10-30 18:00:00,470.8,389.0,61.0,2.0,0.0,154.0,71.0,5.0
24811,2021-10-30 19:00:00,472.54,403.0,61.0,2.0,0.0,158.0,73.0,5.0
24812,2021-10-30 20:00:00,495.55,391.0,61.0,2.0,0.0,122.0,70.0,5.0
24813,2021-10-30 21:00:00,484.76,332.0,61.0,2.0,0.0,101.0,72.0,5.0
24814,2021-10-30 22:00:00,494.68,325.0,60.0,2.0,0.0,90.0,68.0,5.0
24815,2021-10-30 23:00:00,484.65,297.0,62.0,2.0,0.0,88.0,65.0,5.0
24816,2021-10-31 00:00:00,476.09,572.0,122.0,6.0,0.0,181.0,129.0,10.0
24817,2021-10-31 01:00:00,488.07,362.25,76.25,3.5,0.0,101.75,79.25,6.25
24818,2021-10-31 02:00:00,453.72,287.0,60.0,3.0,0.0,116.0,65.0,5.0
24819,2021-10-31 03:00:00,447.62,288.0,60.0,3.0,0.0,122.0,67.0,5.0
24820,2021-10-31 04:00:00,440.13,289.0,60.0,2.0,0.0,133.0,67.0,5.0
24821,2021-10-31 05:00:00,424.88,303.0,60.0,2.0,3.0,159.0,69.0,5.0
24822,2021-10-31 06:00:00,432.39,359.0,60.0,2.0,28.0,166.0,69.0,5.0
24823,2021-10-31 07:00:00,438.4,450.0,60.0,2.0,84.0,166.0,70.0,4.0
24824,2021-10-31 08:00:00,431.21,470.0,59.0,2.0,124.0,154.0,71.0,3.0
24825,2021-10-31 09:00:00,413.82,435.0,61.0,2.0,131.0,152.0,74.0,4.0
24826,2021-10-31 10:00:00,374.06,346.0,62.0,2.0,140.0,143.0,74.0,5.0
24827,2021-10-31 11:00:00,365.71,338.0,62.0,2.0,131.0,161.0,74.0,5.0
24828,2021-10-31 12:00:00,413.1,390.0,62.0,2.0,80.0,170.0,71.0,5.0
24829,2021-10-31 13:00:00,453.43,411.0,61.0,2.0,25.0,173.0,68.0,5.0
24830,2021-10-31 14:00:00,490.95,467.0,60.0,2.0,2.0,168.0,70.0,5.0
24831,2021-10-31 15:00:00,496.73,467.0,60.0,2.0,0.0,161.0,70.0,5.0
24832,2021-10-31 16:00:00,503.33,471.0,60.0,2.0,0.0,154.0,69.0,5.0
24833,2021-10-31 17:00:00,508.06,451.0,60.0,2.0,0.0,137.0,69.0,5.0
24834,2021-10-31 18:00:00,509.97,453.0,61.0,2.0,0.0,133.0,71.0,5.0
24835,2021-10-31 19:00:00,498.36,408.0,62.0,2.0,0.0,127.0,70.0,5.0
24836,2021-10-31 20:00:00,497.62,344.0,63.0,2.0,0.0,95.0,69.0,5.0
24837,2021-10-31 21:00:00,511.02,332.0,63.0,3.0,0.0,73.0,69.0,5.0
24838,2021-10-31 22:00:00,522.79,309.0,64.0,3.0,0.0,53.0,66.0,5.0
24839,2021-10-31 23:00:00,531.93,298.0,63.0,3.0,0.0,41.0,65.0,5.0
24840,2021-11-01 00:00:00,555.74,318.0,63.0,2.0,0.0,31.0,63.0,5.0
24841,2021-11-01 01:00:00,557.36,298.0,61.0,2.0,0.0,24.0,62.0,5.0
24842,2021-11-01 02:00:00,558.22,299.0,60.0,2.0,0.0,24.0,62.0,5.0
24843,2021-11-01 03:00:00,546.05,298.0,59.0,2.0,0.0,33.0,63.0,5.0
24844,2021-11-01 04:00:00,559.2,369.0,61.0,3.0,0.0,47.0,62.0,5.0
24845,2021-11-01 05:00:00,568.26,466.0,61.0,3.0,2.0,63.0,68.0,4.0
24846,2021-11-01 06:00:00,552.27,491.0,60.0,3.0,17.0,74.0,71.0,3.0
24847,2021-11-01 07:00:00,522.35,502.0,61.0,3.0,61.0,74.0,73.0,4.0
24848,2021-11-01 08:00:00,476.31,464.0,60.0,3.0,115.0,74.0,72.0,5.0
24849,2021-11-01 09:00:00,459.65,484.0,59.0,2.0,153.0,77.0,74.0,5.0
24850,2021-11-01 10:00:00,445.6,490.0,60.0,2.0,175.0,83.0,77.0,5.0
24851,2021-11-01 11:00:00,450.71,476.0,60.0,2.0,156.0,84.0,75.0,4.0
24852,2021-11-01 12:00:00,470.72,451.0,61.0,2.0,101.0,90.0,72.0,4.0
24853,2021-11-01 13:00:00,538.14,499.0,61.0,2.0,34.0,79.0,72.0,5.0
24854,2021-11-01 14:00:00,564.73,558.0,61.0,2.0,3.0,92.0,75.0,5.0
24855,2021-11-01 15:00:00,541.09,580.0,60.0,2.0,0.0,139.0,75.0,5.0
24856,2021-11-01 16:00:00,523.0,577.0,58.0,2.0,0.0,167.0,76.0,5.0
24857,2021-11-01 17:00:00,516.13,559.0,59.0,2.0,0.0,170.0,76.0,5.0
24858,2021-11-01 18:00:00,497.98,521.0,58.0,3.0,0.0,180.0,77.0,5.0
24859,2021-11-01 19:00:00,498.63,525.0,58.0,3.0,0.0,180.0,78.0,5.0
24860,2021-11-01 20:00:00,492.66,489.0,57.0,3.0,0.0,171.0,78.0,5.0
24861,2021-11-01 21:00:00,480.78,420.0,56.0,3.0,0.0,155.0,74.0,5.0
24862,2021-11-01 22:00:00,494.83,413.0,56.0,2.0,0.0,133.0,73.0,5.0
24863,2021-11-01 23:00:00,501.91,423.0,58.0,2.0,0.0,131.0,70.0,5.0
24864,2021-11-02 00:00:00,480.04,373.0,59.0,3.0,0.0,134.0,68.0,5.0
24865,2021-11-02 01:00:00,484.27,378.0,60.0,3.0,0.0,133.0,66.0,5.0
24866,2021-11-02 02:00:00,490.43,385.0,59.0,3.0,0.0,129.0,66.0,5.0
24867,2021-11-02 03:00:00,501.24,399.0,60.0,3.0,0.0,120.0,68.0,5.0
24868,2021-11-02 04:00:00,517.63,439.0,60.0,3.0,0.0,117.0,69.0,5.0
24869,2021-11-02 05:00:00,552.66,581.0,58.0,3.0,2.0,122.0,72.0,5.0
24870,2021-11-02 06:00:00,558.32,684.0,57.0,3.0,23.0,128.0,74.0,5.0
24871,2021-11-02 07:00:00,551.31,727.0,56.0,3.0,77.0,103.0,74.0,5.0
24872,2021-11-02 08:00:00,532.65,727.0,58.0,3.0,130.0,85.0,75.0,5.0
24873,2021-11-02 09:00:00,517.47,726.0,59.0,3.0,163.0,81.0,77.0,5.0
24874,2021-11-02 10:00:00,510.82,727.0,59.0,3.0,168.0,89.0,79.0,5.0
24875,2021-11-02 11:00:00,516.8,715.0,60.0,3.0,140.0,99.0,78.0,5.0
24876,2021-11-02 12:00:00,552.29,739.0,61.0,3.0,84.0,96.0,75.0,5.0
24877,2021-11-02 13:00:00,586.98,735.0,61.0,3.0,25.0,92.0,74.0,5.0
24878,2021-11-02 14:00:00,597.8,741.0,60.0,2.0,2.0,98.0,76.0,5.0
24879,2021-11-02 15:00:00,595.34,743.0,59.0,2.0,0.0,105.0,76.0,5.0
24880,2021-11-02 16:00:00,588.38,744.0,59.0,2.0,0.0,116.0,77.0,5.0
24881,2021-11-02 17:00:00,582.65,728.0,59.0,2.0,0.0,121.0,77.0,5.0
24882,2021-11-02 18:00:00,576.65,725.0,60.0,3.0,0.0,128.0,78.0,5.0
24883,2021-11-02 19:00:00,580.2,723.0,58.0,3.0,0.0,121.0,79.0,5.0
24884,2021-11-02 20:00:00,554.98,586.0,59.0,3.0,0.0,119.0,75.0,5.0
24885,2021-11-02 21:00:00,523.48,440.0,59.0,3.0,0.0,105.0,74.0,5.0
24886,2021-11-02 22:00:00,525.49,419.0,59.0,3.0,0.0,95.0,72.0,5.0
24887,2021-11-02 23:00:00,549.19,462.0,60.0,3.0,0.0,84.0,71.0,5.0
24888,2021-11-03 00:00:00,556.89,477.0,60.0,3.0,0.0,82.0,69.0,5.0
24889,2021-11-03 01:00:00,556.54,473.0,45.0,3.0,0.0,87.0,68.0,5.0
24890,2021-11-03 02:00:00,577.9,478.0,35.0,3.0,0.0,69.0,66.0,5.0
24891,2021-11-03 03:00:00,596.88,520.0,34.0,3.0,0.0,57.0,69.0,5.0
24892,2021-11-03 04:00:00,614.97,599.0,35.0,3.0,0.0,53.0,71.0,5.0
24893,2021-11-03 05:00:00,633.62,720.0,34.0,3.0,0.0,53.0,73.0,5.0
24894,2021-11-03 06:00:00,633.9,745.0,33.0,3.0,2.0,56.0,73.0,5.0
24895,2021-11-03 07:00:00,633.61,745.0,34.0,2.0,5.0,53.0,74.0,5.0
24896,2021-11-03 08:00:00,630.86,745.0,34.0,2.0,7.0,56.0,73.0,5.0
24897,2021-11-03 09:00:00,635.54,752.0,33.0,2.0,8.0,51.0,72.0,5.0
24898,2021-11-03 10:00:00,634.84,754.0,34.0,2.0,8.0,52.0,72.0,5.0
24899,2021-11-03 11:00:00,635.09,758.0,35.0,3.0,6.0,52.0,73.0,5.0
24900,2021-11-03 12:00:00,639.17,763.0,35.0,3.0,3.0,50.0,73.0,5.0
24901,2021-11-03 13:00:00,643.29,766.0,34.0,3.0,1.0,46.0,74.0,5.0
24902,2021-11-03 14:00:00,642.78,762.0,34.0,3.0,0.0,45.0,76.0,5.0
24903,2021-11-03 15:00:00,640.24,766.0,35.0,3.0,0.0,48.0,77.0,5.0
24904,2021-11-03 16:00:00,639.95,766.0,36.0,2.0,0.0,49.0,77.0,5.0
24905,2021-11-03 17:00:00,639.32,765.0,52.0,2.0,0.0,43.0,77.0,5.0
24906,2021-11-03 18:00:00,641.17,755.0,53.0,2.0,0.0,37.0,78.0,5.0
24907,2021-11-03 19:00:00,632.78,716.0,59.0,2.0,0.0,39.0,78.0,5.0
24908,2021-11-03 20:00:00,635.92,749.0,59.0,2.0,0.0,41.0,78.0,5.0
24909,2021-11-03 21:00:00,619.58,658.0,59.0,2.0,0.0,46.0,77.0,5.0
24910,2021-11-03 22:00:00,599.61,560.0,59.0,3.0,0.0,48.0,76.0,5.0
24911,2021-11-03 23:00:00,607.91,617.0,59.0,3.0,0.0,54.0,74.0,5.0
24912,2021-11-04 00:00:00,608.19,685.0,58.0,3.0,0.0,71.0,74.0,5.0
24913,2021-11-04 01:00:00,594.12,601.0,60.0,3.0,0.0,69.0,73.0,5.0
24914,2021-11-04 02:00:00,597.77,628.0,61.0,3.0,0.0,73.0,71.0,5.0
24915,2021-11-04 03:00:00,601.01,646.0,59.0,3.0,0.0,73.0,72.0,5.0
24916,2021-11-04 04:00:00,599.07,658.0,59.0,3.0,0.0,78.0,73.0,5.0
24917,2021-11-04 05:00:00,597.81,713.0,61.0,3.0,0.0,95.0,72.0,5.0
24918,2021-11-04 06:00:00,604.88,743.0,60.0,3.0,5.0,86.0,73.0,5.0
24919,2021-11-04 07:00:00,600.21,746.0,61.0,3.0,18.0,81.0,73.0,5.0
24920,2021-11-04 08:00:00,585.8,735.0,61.0,2.0,28.0,93.0,73.0,5.0
24921,2021-11-04 09:00:00,570.91,738.0,61.0,2.0,33.0,116.0,72.0,5.0
24922,2021-11-04 10:00:00,568.67,723.0,61.0,2.0,32.0,116.0,72.0,5.0
24923,2021-11-04 11:00:00,583.82,728.0,59.0,2.0,31.0,92.0,73.0,5.0
24924,2021-11-04 12:00:00,603.83,721.0,60.0,2.0,26.0,62.0,73.0,5.0
24925,2021-11-04 13:00:00,618.36,669.0,57.0,2.0,7.0,47.0,74.0,5.0
24926,2021-11-04 14:00:00,627.08,685.0,58.0,3.0,1.0,41.0,76.0,5.0
24927,2021-11-04 15:00:00,620.35,676.0,59.0,2.0,0.0,48.0,78.0,5.0
24928,2021-11-04 16:00:00,614.6,667.0,59.0,2.0,0.0,55.0,77.0,5.0
24929,2021-11-04 17:00:00,606.76,641.0,58.0,2.0,0.0,60.0,77.0,5.0
24930,2021-11-04 18:00:00,605.57,640.0,59.0,2.0,0.0,61.0,77.0,5.0
24931,2021-11-04 19:00:00,587.29,563.0,58.0,2.0,0.0,64.0,78.0,5.0
24932,2021-11-04 20:00:00,569.73,472.0,59.0,2.0,0.0,58.0,77.0,5.0
24933,2021-11-04 21:00:00,542.77,371.0,59.0,2.0,0.0,53.0,75.0,5.0
24934,2021-11-04 22:00:00,523.74,341.0,59.0,3.0,0.0,63.0,71.0,5.0
24935,2021-11-04 23:00:00,526.92,350.0,58.0,3.0,0.0,66.0,69.0,5.0
24936,2021-11-05 00:00:00,520.85,341.0,59.0,3.0,0.0,70.0,67.0,5.0
24937,2021-11-05 01:00:00,514.02,342.0,58.0,3.0,0.0,77.0,68.0,5.0
24938,2021-11-05 02:00:00,520.94,344.0,60.0,3.0,0.0,72.0,66.0,5.0
24939,2021-11-05 03:00:00,517.48,345.0,57.0,3.0,0.0,74.0,69.0,5.0
24940,2021-11-05 04:00:00,497.72,356.0,56.0,3.0,0.0,101.0,70.0,5.0
24941,2021-11-05 05:00:00,519.84,450.0,57.0,3.0,1.0,119.0,69.0,5.0
24942,2021-11-05 06:00:00,519.91,513.0,57.0,3.0,6.0,139.0,73.0,5.0
24943,2021-11-05 07:00:00,496.24,489.0,46.0,2.0,17.0,159.0,71.0,5.0
24944,2021-11-05 08:00:00,505.63,514.0,42.0,2.0,15.0,160.0,71.0,5.0
24945,2021-11-05 09:00:00,536.16,570.0,43.0,2.0,15.0,135.0,73.0,5.0
24946,2021-11-05 10:00:00,536.75,565.0,43.0,2.0,12.0,135.0,73.0,5.0
24947,2021-11-05 11:00:00,529.69,564.0,42.0,3.0,9.0,148.0,73.0,5.0
24948,2021-11-05 12:00:00,526.63,541.0,41.0,3.0,6.0,146.0,73.0,5.0
24949,2021-11-05 13:00:00,546.99,547.0,41.0,3.0,2.0,120.0,75.0,5.0
24950,2021-11-05 14:00:00,531.57,524.0,48.0,2.0,0.0,133.0,76.0,5.0
24951,2021-11-05 15:00:00,496.22,482.0,59.0,2.0,0.0,164.0,76.0,5.0
24952,2021-11-05 16:00:00,498.05,487.0,58.0,2.0,0.0,164.0,76.0,5.0
24953,2021-11-05 17:00:00,500.23,460.0,60.0,2.0,0.0,146.0,76.0,5.0
24954,2021-11-05 18:00:00,492.01,398.0,59.0,2.0,0.0,127.0,74.0,5.0
24955,2021-11-05 19:00:00,491.01,349.0,57.0,2.0,0.0,110.0,66.0,5.0
24956,2021-11-05 20:00:00,462.19,283.0,58.0,2.0,0.0,105.0,65.0,5.0
24957,2021-11-05 21:00:00,452.21,265.0,59.0,2.0,0.0,104.0,65.0,5.0
24958,2021-11-05 22:00:00,455.41,261.0,58.0,2.0,0.0,98.0,65.0,5.0
24959,2021-11-05 23:00:00,436.55,230.0,59.0,2.0,0.0,98.0,63.0,5.0
24960,2021-11-06 00:00:00,444.91,228.0,59.0,2.0,0.0,91.0,60.0,5.0
24961,2021-11-06 01:00:00,450.99,228.0,59.0,3.0,0.0,84.0,60.0,5.0
24962,2021-11-06 02:00:00,458.63,230.0,59.0,3.0,0.0,80.0,58.0,5.0
24963,2021-11-06 03:00:00,466.36,230.0,58.0,3.0,0.0,71.0,60.0,5.0
24964,2021-11-06 04:00:00,435.22,231.0,60.0,3.0,0.0,100.0,62.0,5.0
24965,2021-11-06 05:00:00,429.17,230.0,58.0,3.0,1.0,106.0,61.0,5.0
24966,2021-11-06 06:00:00,431.78,235.0,58.0,3.0,10.0,97.0,62.0,5.0
24967,2021-11-06 07:00:00,407.58,241.0,59.0,3.0,39.0,101.0,62.0,5.0
24968,2021-11-06 08:00:00,404.34,241.0,60.0,3.0,55.0,90.0,61.0,5.0
24969,2021-11-06 09:00:00,416.13,260.0,61.0,3.0,67.0,78.0,62.0,5.0
24970,2021-11-06 10:00:00,432.9,289.0,62.0,3.0,68.0,77.0,63.0,5.0
24971,2021-11-06 11:00:00,398.71,253.0,62.0,3.0,41.0,117.0,66.0,5.0
24972,2021-11-06 12:00:00,394.45,239.0,61.0,3.0,24.0,132.0,61.0,5.0
24973,2021-11-06 13:00:00,418.82,269.0,60.0,3.0,8.0,140.0,63.0,5.0
24974,2021-11-06 14:00:00,387.09,242.0,58.0,3.0,1.0,164.0,65.0,5.0
24975,2021-11-06 15:00:00,432.99,323.0,59.0,2.0,0.0,170.0,65.0,5.0
24976,2021-11-06 16:00:00,460.26,377.0,60.0,2.0,0.0,167.0,66.0,5.0
24977,2021-11-06 17:00:00,454.99,379.0,61.0,2.0,0.0,175.0,67.0,5.0
24978,2021-11-06 18:00:00,436.4,308.0,59.0,2.0,0.0,152.0,67.0,5.0
24979,2021-11-06 19:00:00,412.08,238.0,58.0,2.0,0.0,128.0,67.0,5.0
24980,2021-11-06 20:00:00,428.46,234.0,57.0,2.0,0.0,107.0,66.0,5.0
24981,2021-11-06 21:00:00,438.43,227.0,58.0,2.0,0.0,91.0,66.0,5.0
24982,2021-11-06 22:00:00,439.41,227.0,58.0,3.0,0.0,91.0,64.0,5.0
24983,2021-11-06 23:00:00,441.49,226.0,59.0,3.0,0.0,90.0,62.0,5.0
24984,2021-11-07 00:00:00,458.21,226.0,63.0,3.0,0.0,74.0,61.0,5.0
24985,2021-11-07 01:00:00,471.3,226.0,63.0,3.0,0.0,62.0,61.0,5.0
24986,2021-11-07 02:00:00,482.89,228.0,59.0,2.0,0.0,57.0,59.0,5.0
24987,2021-11-07 03:00:00,471.39,228.0,59.0,2.0,0.0,65.0,61.0,5.0
24988,2021-11-07 04:00:00,490.96,254.0,57.0,2.0,0.0,63.0,61.0,5.0
24989,2021-11-07 05:00:00,493.68,246.0,58.0,2.0,0.0,56.0,61.0,5.0
24990,2021-11-07 06:00:00,473.37,252.0,58.0,3.0,4.0,73.0,61.0,5.0
24991,2021-11-07 07:00:00,471.2,229.0,58.0,3.0,9.0,57.0,60.0,5.0
24992,2021-11-07 08:00:00,467.27,232.0,60.0,3.0,11.0,58.0,62.0,5.0
24993,2021-11-07 09:00:00,456.89,257.0,62.0,2.0,10.0,86.0,62.0,5.0
24994,2021-11-07 10:00:00,431.85,265.0,63.0,2.0,10.0,122.0,60.0,5.0
24995,2021-11-07 11:00:00,446.25,274.0,59.0,2.0,9.0,113.0,60.0,5.0
24996,2021-11-07 12:00:00,468.22,285.0,56.0,2.0,5.0,99.0,61.0,5.0
24997,2021-11-07 13:00:00,449.12,293.0,58.0,2.0,1.0,129.0,62.0,5.0
24998,2021-11-07 14:00:00,407.73,255.0,58.0,3.0,0.0,150.0,64.0,5.0
24999,2021-11-07 15:00:00,428.84,320.0,57.0,3.0,0.0,173.0,65.0,5.0
25000,2021-11-07 16:00:00,437.98,313.0,56.0,3.0,0.0,155.0,65.0,5.0
25001,2021-11-07 17:00:00,480.18,367.0,56.0,3.0,0.0,134.0,65.0,5.0
25002,2021-11-07 18:00:00,484.22,360.0,55.0,3.0,0.0,125.0,65.0,5.0
25003,2021-11-07 19:00:00,446.69,317.0,57.0,2.0,0.0,147.0,65.0,5.0
25004,2021-11-07 20:00:00,396.72,254.0,57.0,2.0,0.0,165.0,64.0,5.0
25005,2021-11-07 21:00:00,365.49,232.0,58.0,3.0,0.0,187.0,64.0,5.0
25006,2021-11-07 22:00:00,346.42,226.0,57.0,3.0,0.0,212.0,62.0,5.0
25007,2021-11-07 23:00:00,340.93,230.0,57.0,3.0,0.0,227.0,61.0,5.0
25008,2021-11-08 00:00:00,348.39,233.0,56.0,3.0,0.0,227.0,52.0,5.0
25009,2021-11-08 01:00:00,356.72,260.0,54.0,3.0,0.0,236.0,60.0,5.0
25010,2021-11-08 02:00:00,375.44,294.0,55.0,3.0,0.0,238.0,62.0,5.0
25011,2021-11-08 03:00:00,399.3,335.0,52.0,3.0,0.0,233.0,65.0,5.0
25012,2021-11-08 04:00:00,467.0,476.0,52.0,3.0,0.0,221.0,65.0,5.0
25013,2021-11-08 05:00:00,517.5,642.0,54.0,2.0,0.0,216.0,68.0,5.0
25014,2021-11-08 06:00:00,536.12,744.0,55.0,3.0,2.0,216.0,73.0,5.0
25015,2021-11-08 07:00:00,540.99,784.0,56.0,3.0,9.0,215.0,73.0,5.0
25016,2021-11-08 08:00:00,548.89,852.0,55.0,3.0,17.0,217.0,73.0,5.0
25017,2021-11-08 09:00:00,553.78,889.0,55.0,3.0,23.0,214.0,73.0,5.0
25018,2021-11-08 10:00:00,554.47,878.0,56.0,3.0,23.0,208.0,73.0,5.0
25019,2021-11-08 11:00:00,560.79,879.0,54.0,3.0,21.0,197.0,73.0,5.0
25020,2021-11-08 12:00:00,561.78,868.0,48.0,3.0,23.0,192.0,72.0,5.0
25021,2021-11-08 13:00:00,576.91,864.0,34.0,3.0,9.0,176.0,74.0,5.0
25022,2021-11-08 14:00:00,588.6,886.0,32.0,3.0,1.0,166.0,76.0,5.0
25023,2021-11-08 15:00:00,601.72,894.0,31.0,3.0,0.0,143.0,77.0,5.0
25024,2021-11-08 16:00:00,612.83,898.0,16.0,3.0,0.0,128.0,78.0,5.0
25025,2021-11-08 17:00:00,613.81,882.0,17.0,3.0,0.0,121.0,79.0,5.0
25026,2021-11-08 18:00:00,625.92,874.0,24.0,3.0,0.0,96.0,78.0,5.0
25027,2021-11-08 19:00:00,631.9,831.0,29.0,3.0,0.0,76.0,77.0,5.0
25028,2021-11-08 20:00:00,624.11,746.0,32.0,3.0,0.0,69.0,77.0,5.0
25029,2021-11-08 21:00:00,624.64,697.0,31.0,3.0,0.0,58.0,77.0,5.0
25030,2021-11-08 22:00:00,633.97,668.0,32.0,3.0,0.0,41.0,75.0,5.0
25031,2021-11-08 23:00:00,632.47,562.0,31.0,3.0,0.0,26.0,71.0,5.0
25032,2021-11-09 00:00:00,642.8,571.0,32.0,3.0,0.0,20.0,67.0,5.0
25033,2021-11-09 01:00:00,649.54,564.0,31.0,3.0,0.0,12.0,67.0,5.0
25034,2021-11-09 02:00:00,655.11,569.0,31.0,3.0,0.0,9.0,65.0,5.0
25035,2021-11-09 03:00:00,655.22,617.0,30.0,3.0,0.0,12.0,70.0,5.0
25036,2021-11-09 04:00:00,656.05,632.0,31.0,3.0,0.0,12.0,71.0,5.0
25037,2021-11-09 05:00:00,660.64,737.0,30.0,3.0,1.0,24.0,69.0,5.0
25038,2021-11-09 06:00:00,643.73,742.0,27.0,3.0,18.0,31.0,70.0,5.0
25039,2021-11-09 07:00:00,595.45,741.0,28.0,3.0,80.0,41.0,70.0,5.0
25040,2021-11-09 08:00:00,554.16,720.0,29.0,3.0,128.0,56.0,71.0,5.0
25041,2021-11-09 09:00:00,537.79,722.0,31.0,3.0,147.0,66.0,73.0,5.0
25042,2021-11-09 10:00:00,539.19,683.0,32.0,3.0,112.0,79.0,76.0,5.0
25043,2021-11-09 11:00:00,571.83,723.0,31.0,3.0,45.0,106.0,73.0,5.0
25044,2021-11-09 12:00:00,584.7,742.0,31.0,3.0,19.0,119.0,70.0,5.0
25045,2021-11-09 13:00:00,575.41,739.0,31.0,3.0,4.0,156.0,63.0,5.0
25046,2021-11-09 14:00:00,566.36,739.0,31.0,3.0,0.0,181.0,58.0,5.0
25047,2021-11-09 15:00:00,554.58,741.0,32.0,3.0,0.0,201.0,60.0,5.0
25048,2021-11-09 16:00:00,542.07,716.0,32.0,3.0,0.0,215.0,60.0,5.0
25049,2021-11-09 17:00:00,525.09,677.0,35.0,2.0,0.0,230.0,61.0,5.0
25050,2021-11-09 18:00:00,502.52,625.0,34.0,3.0,0.0,248.0,61.0,5.0
25051,2021-11-09 19:00:00,478.83,553.0,34.0,3.0,0.0,254.0,61.0,5.0
25052,2021-11-09 20:00:00,454.93,482.0,35.0,3.0,0.0,257.0,58.0,5.0
25053,2021-11-09 21:00:00,420.33,404.0,36.0,3.0,0.0,265.0,56.0,5.0
25054,2021-11-09 22:00:00,388.35,342.0,36.0,3.0,0.0,270.0,55.0,5.0
25055,2021-11-09 23:00:00,396.97,361.0,35.0,3.0,0.0,274.0,53.0,5.0
25056,2021-11-10 00:00:00,384.63,338.0,35.0,3.0,0.0,277.0,51.0,5.0
25057,2021-11-10 01:00:00,386.79,338.0,36.0,3.0,0.0,273.0,51.0,5.0
25058,2021-11-10 02:00:00,394.57,340.0,35.0,3.0,0.0,263.0,49.0,5.0
25059,2021-11-10 03:00:00,411.51,368.0,36.0,3.0,0.0,256.0,51.0,5.0
25060,2021-11-10 04:00:00,463.02,474.0,36.0,3.0,0.0,240.0,55.0,5.0
25061,2021-11-10 05:00:00,485.55,512.0,35.0,3.0,0.0,224.0,55.0,5.0
25062,2021-11-10 06:00:00,404.38,308.0,35.0,3.0,1.0,211.0,55.0,5.0
25063,2021-11-10 07:00:00,401.57,301.0,36.0,3.0,5.0,207.0,53.0,5.0
25064,2021-11-10 08:00:00,394.46,300.0,37.0,3.0,8.0,214.0,53.0,5.0
25065,2021-11-10 09:00:00,391.97,299.0,37.0,3.0,10.0,213.0,55.0,5.0
25066,2021-11-10 10:00:00,400.12,303.0,36.0,3.0,10.0,204.0,55.0,5.0
25067,2021-11-10 11:00:00,412.67,316.0,38.0,3.0,8.0,198.0,55.0,5.0
25068,2021-11-10 12:00:00,415.63,331.0,38.0,3.0,5.0,209.0,55.0,5.0
25069,2021-11-10 13:00:00,419.08,346.0,37.0,3.0,2.0,217.0,57.0,5.0
25070,2021-11-10 14:00:00,448.1,398.0,37.0,3.0,0.0,210.0,59.0,5.0
25071,2021-11-10 15:00:00,467.67,438.0,38.0,3.0,0.0,205.0,59.0,5.0
25072,2021-11-10 16:00:00,463.48,429.0,38.0,3.0,0.0,205.0,60.0,5.0
25073,2021-11-10 17:00:00,450.32,415.0,38.0,3.0,0.0,216.0,61.0,5.0
25074,2021-11-10 18:00:00,451.65,405.0,38.0,3.0,0.0,208.0,60.0,5.0
25075,2021-11-10 19:00:00,427.39,332.0,38.0,3.0,0.0,193.0,59.0,5.0
25076,2021-11-10 20:00:00,404.76,299.0,41.0,3.0,0.0,201.0,57.0,5.0
25077,2021-11-10 21:00:00,402.84,287.0,44.0,3.0,0.0,194.0,56.0,5.0
25078,2021-11-10 22:00:00,411.48,265.0,44.0,3.0,0.0,164.0,55.0,5.0
25079,2021-11-10 23:00:00,437.16,277.0,40.0,3.0,0.0,144.0,53.0,5.0
25080,2021-11-11 00:00:00,452.34,264.0,38.0,3.0,0.0,121.0,50.0,5.0
25081,2021-11-11 01:00:00,487.67,287.0,38.0,3.0,0.0,98.0,51.0,5.0
25082,2021-11-11 02:00:00,507.63,303.0,38.0,3.0,0.0,87.0,51.0,5.0
25083,2021-11-11 03:00:00,516.12,313.0,37.0,3.0,0.0,81.0,54.0,5.0
25084,2021-11-11 04:00:00,517.33,324.0,37.0,3.0,0.0,85.0,54.0,5.0
25085,2021-11-11 05:00:00,545.51,395.0,36.0,3.0,0.0,87.0,54.0,5.0
25086,2021-11-11 06:00:00,569.82,463.0,33.0,3.0,7.0,79.0,54.0,5.0
25087,2021-11-11 07:00:00,538.8,452.0,38.0,3.0,36.0,81.0,54.0,5.0
25088,2021-11-11 08:00:00,534.61,460.0,40.0,3.0,61.0,64.0,54.0,5.0
25089,2021-11-11 09:00:00,520.9,462.0,40.0,3.0,61.0,83.0,54.0,5.0
25090,2021-11-11 10:00:00,508.72,461.0,38.0,3.0,58.0,103.0,54.0,5.0
25091,2021-11-11 11:00:00,516.29,458.0,38.0,3.0,37.0,112.0,54.0,5.0
25092,2021-11-11 12:00:00,522.14,455.0,37.0,3.0,16.0,124.0,54.0,5.0
25093,2021-11-11 13:00:00,525.34,460.0,37.0,3.0,4.0,132.0,56.0,5.0
25094,2021-11-11 14:00:00,519.3,461.0,39.0,3.0,0.0,143.0,57.0,5.0
25095,2021-11-11 15:00:00,507.67,458.0,38.0,3.0,0.0,157.0,58.0,5.0
25096,2021-11-11 16:00:00,508.36,462.0,38.0,3.0,0.0,158.0,58.0,5.0
25097,2021-11-11 17:00:00,518.77,441.0,37.0,3.0,0.0,132.0,60.0,5.0
25098,2021-11-11 18:00:00,503.64,401.0,37.0,3.0,0.0,132.0,60.0,5.0
25099,2021-11-11 19:00:00,460.54,367.0,35.0,3.0,0.0,170.0,60.0,5.0
25100,2021-11-11 20:00:00,398.15,273.0,33.0,3.0,0.0,189.0,56.0,5.0
25101,2021-11-11 21:00:00,375.75,258.0,32.0,3.0,0.0,208.0,55.0,5.0
25102,2021-11-11 22:00:00,373.06,257.0,33.0,3.0,0.0,213.0,53.0,5.0
25103,2021-11-11 23:00:00,374.36,256.0,34.0,3.0,0.0,214.0,49.0,5.0
25104,2021-11-12 00:00:00,377.03,254.0,34.0,3.0,0.0,210.0,47.0,5.0
25105,2021-11-12 01:00:00,379.79,257.0,33.0,2.0,0.0,211.0,46.0,5.0
25106,2021-11-12 02:00:00,387.33,289.0,33.0,2.0,0.0,230.0,47.0,5.0
25107,2021-11-12 03:00:00,390.61,305.0,34.0,2.0,0.0,237.0,50.0,5.0
25108,2021-11-12 04:00:00,442.29,398.0,33.0,2.0,0.0,229.0,51.0,5.0
25109,2021-11-12 05:00:00,462.15,453.0,31.0,2.0,0.0,234.0,51.0,5.0
25110,2021-11-12 06:00:00,456.87,454.0,29.0,2.0,8.0,236.0,51.0,5.0
25111,2021-11-12 07:00:00,441.82,462.0,26.0,3.0,33.0,240.0,54.0,5.0
25112,2021-11-12 08:00:00,430.57,469.0,25.0,3.0,48.0,250.0,56.0,5.0
25113,2021-11-12 09:00:00,436.01,492.0,21.0,3.0,67.0,238.0,56.0,5.0
25114,2021-11-12 10:00:00,443.76,497.0,22.0,3.0,60.0,233.0,56.0,5.0
25115,2021-11-12 11:00:00,464.49,494.0,22.0,2.0,40.0,213.0,56.0,5.0
25116,2021-11-12 12:00:00,491.86,506.0,23.0,2.0,24.0,189.0,56.0,5.0
25117,2021-11-12 13:00:00,499.53,464.0,22.0,3.0,7.0,169.0,58.0,5.0
25118,2021-11-12 14:00:00,519.95,465.0,25.0,2.0,0.0,147.0,59.0,5.0
25119,2021-11-12 15:00:00,534.3,466.0,30.0,2.0,0.0,126.0,60.0,5.0
25120,2021-11-12 16:00:00,538.21,461.0,33.0,2.0,0.0,118.0,60.0,5.0
25121,2021-11-12 17:00:00,557.92,461.0,36.0,2.0,0.0,92.0,61.0,5.0
25122,2021-11-12 18:00:00,568.61,461.0,35.0,2.0,0.0,79.0,62.0,5.0
25123,2021-11-12 19:00:00,579.95,459.0,51.0,2.0,0.0,60.0,62.0,5.0
25124,2021-11-12 20:00:00,590.07,458.0,53.0,2.0,0.0,49.0,61.0,5.0
25125,2021-11-12 21:00:00,581.8,379.0,55.0,2.0,0.0,33.0,61.0,5.0
25126,2021-11-12 22:00:00,598.27,372.0,56.0,2.0,0.0,17.0,60.0,5.0
25127,2021-11-12 23:00:00,618.22,424.0,57.0,2.0,0.0,13.0,59.0,5.0
25128,2021-11-13 00:00:00,608.64,391.0,56.0,3.0,0.0,16.0,56.0,5.0
25129,2021-11-13 01:00:00,614.47,391.0,56.0,3.0,0.0,12.0,55.0,5.0
25130,2021-11-13 02:00:00,629.12,435.0,56.0,3.0,0.0,9.0,55.0,5.0
25131,2021-11-13 03:00:00,626.75,441.0,57.0,3.0,0.0,10.0,57.0,5.0
25132,2021-11-13 04:00:00,628.14,449.0,58.0,3.0,0.0,10.0,57.0,5.0
25133,2021-11-13 05:00:00,623.82,437.0,59.0,3.0,0.0,11.0,57.0,5.0
25134,2021-11-13 06:00:00,638.52,522.0,59.0,3.0,3.0,10.0,58.0,5.0
25135,2021-11-13 07:00:00,636.59,617.0,60.0,3.0,13.0,13.0,65.0,5.0
25136,2021-11-13 08:00:00,629.53,659.0,61.0,3.0,24.0,11.0,73.0,5.0
25137,2021-11-13 09:00:00,628.87,674.0,61.0,3.0,27.0,12.0,73.0,5.0
25138,2021-11-13 10:00:00,630.93,675.0,62.0,3.0,25.0,11.0,73.0,5.0
25139,2021-11-13 11:00:00,635.68,674.0,63.0,3.0,19.0,10.0,73.0,5.0
25140,2021-11-13 12:00:00,642.46,665.0,64.0,2.0,10.0,10.0,72.0,5.0
25141,2021-11-13 13:00:00,642.26,634.0,63.0,2.0,3.0,12.0,72.0,5.0
25142,2021-11-13 14:00:00,642.92,633.0,63.0,2.0,0.0,12.0,74.0,5.0
25143,2021-11-13 15:00:00,640.02,633.0,62.0,2.0,0.0,14.0,76.0,5.0
25144,2021-11-13 16:00:00,632.67,637.0,62.0,2.0,0.0,23.0,77.0,5.0
25145,2021-11-13 17:00:00,629.06,634.0,62.0,2.0,0.0,25.0,79.0,5.0
25146,2021-11-13 18:00:00,631.39,633.0,64.0,2.0,0.0,21.0,79.0,5.0
25147,2021-11-13 19:00:00,630.56,627.0,66.0,2.0,0.0,20.0,79.0,5.0
25148,2021-11-13 20:00:00,620.97,570.0,60.0,2.0,0.0,22.0,79.0,5.0
25149,2021-11-13 21:00:00,604.21,493.0,59.0,2.0,0.0,23.0,79.0,5.0
25150,2021-11-13 22:00:00,599.88,445.0,59.0,2.0,0.0,16.0,78.0,4.0
25151,2021-11-13 23:00:00,594.72,423.0,62.0,2.0,0.0,16.0,76.0,4.0
25152,2021-11-14 00:00:00,599.54,422.0,62.0,2.0,0.0,12.0,75.0,5.0
25153,2021-11-14 01:00:00,603.48,422.0,60.0,2.0,0.0,9.0,75.0,5.0
25154,2021-11-14 02:00:00,601.55,415.0,60.0,2.0,0.0,11.0,73.0,5.0
25155,2021-11-14 03:00:00,599.58,423.0,60.0,2.0,0.0,13.0,75.0,5.0
25156,2021-11-14 04:00:00,599.1,425.0,60.0,2.0,0.0,14.0,75.0,5.0
25157,2021-11-14 05:00:00,597.4,441.0,60.0,2.0,0.0,22.0,73.0,5.0
25158,2021-11-14 06:00:00,586.24,436.0,60.0,2.0,5.0,26.0,74.0,5.0
25159,2021-11-14 07:00:00,587.63,550.0,60.0,2.0,36.0,27.0,74.0,5.0
25160,2021-11-14 08:00:00,553.02,586.0,59.0,2.0,93.0,30.0,75.0,5.0
25161,2021-11-14 09:00:00,527.28,579.0,57.0,2.0,135.0,25.0,77.0,5.0
25162,2021-11-14 10:00:00,518.61,556.0,57.0,2.0,142.0,23.0,76.0,5.0
25163,2021-11-14 11:00:00,536.87,543.0,58.0,2.0,109.0,21.0,76.0,5.0
25164,2021-11-14 12:00:00,588.72,605.0,59.0,2.0,57.0,20.0,75.0,4.0
25165,2021-11-14 13:00:00,633.41,630.0,59.0,2.0,11.0,12.0,76.0,4.0
25166,2021-11-14 14:00:00,638.85,634.0,59.0,2.0,1.0,14.0,78.0,4.0
25167,2021-11-14 15:00:00,631.82,630.0,59.0,2.0,0.0,23.0,78.0,4.0
25168,2021-11-14 16:00:00,631.29,632.0,57.0,2.0,0.0,25.0,78.0,3.0
25169,2021-11-14 17:00:00,632.66,634.0,56.0,2.0,0.0,25.0,77.0,4.0
25170,2021-11-14 18:00:00,632.33,634.0,57.0,2.0,0.0,23.0,79.0,4.0
25171,2021-11-14 19:00:00,627.28,580.0,57.0,2.0,0.0,19.0,78.0,4.0
25172,2021-11-14 20:00:00,619.31,568.0,59.0,2.0,0.0,26.0,77.0,4.0
25173,2021-11-14 21:00:00,602.94,486.0,58.0,2.0,0.0,26.0,76.0,4.0
25174,2021-11-14 22:00:00,594.22,423.0,58.0,2.0,0.0,21.0,73.0,4.0
25175,2021-11-14 23:00:00,621.81,530.0,58.0,2.0,0.0,18.0,74.0,4.0
25176,2021-11-15 00:00:00,619.54,496.0,60.0,2.0,0.0,15.0,71.0,4.0
25177,2021-11-15 01:00:00,626.26,522.0,59.0,2.0,0.0,13.0,72.0,4.0
25178,2021-11-15 02:00:00,632.11,528.0,59.0,2.0,0.0,10.0,70.0,4.0
25179,2021-11-15 03:00:00,640.94,581.0,58.0,2.0,0.0,9.0,72.0,4.0
25180,2021-11-15 04:00:00,644.75,613.0,59.0,2.0,0.0,10.0,72.0,4.0
25181,2021-11-15 05:00:00,651.73,674.0,59.0,2.0,0.0,11.0,73.0,4.0
25182,2021-11-15 06:00:00,651.9,764.0,56.0,2.0,5.0,22.0,73.0,4.0
25183,2021-11-15 07:00:00,637.42,792.0,57.0,2.0,18.0,35.0,73.0,4.0
25184,2021-11-15 08:00:00,630.24,794.0,56.0,2.0,37.0,28.0,73.0,4.0
25185,2021-11-15 09:00:00,626.67,805.0,56.0,2.0,49.0,25.0,72.0,4.0
25186,2021-11-15 10:00:00,625.68,803.0,54.0,2.0,46.0,31.0,71.0,4.0
25187,2021-11-15 11:00:00,630.79,806.0,55.0,2.0,33.0,36.0,71.0,4.0
25188,2021-11-15 12:00:00,637.47,814.0,55.0,2.0,19.0,41.0,71.0,4.0
25189,2021-11-15 13:00:00,635.33,804.0,56.0,2.0,4.0,55.0,73.0,4.0
25190,2021-11-15 14:00:00,634.69,801.0,57.0,2.0,0.0,57.0,75.0,4.0
25191,2021-11-15 15:00:00,620.2,798.0,56.0,2.0,0.0,80.0,75.0,4.0
25192,2021-11-15 16:00:00,611.15,802.0,56.0,2.0,0.0,95.0,76.0,4.0
25193,2021-11-15 17:00:00,598.8,797.0,56.0,2.0,0.0,114.0,77.0,4.0
25194,2021-11-15 18:00:00,590.74,795.0,58.0,2.0,0.0,126.0,78.0,4.0
25195,2021-11-15 19:00:00,574.24,714.0,59.0,2.0,0.0,131.0,77.0,4.0
25196,2021-11-15 20:00:00,560.98,668.0,59.0,2.0,0.0,137.0,78.0,4.0
25197,2021-11-15 21:00:00,504.37,502.0,60.0,2.0,0.0,160.0,77.0,4.0
25198,2021-11-15 22:00:00,466.62,435.0,60.0,2.0,0.0,184.0,76.0,4.0
25199,2021-11-15 23:00:00,473.95,437.0,62.0,2.0,0.0,175.0,74.0,4.0
25200,2021-11-16 00:00:00,486.8,448.0,59.0,2.0,0.0,164.0,72.0,4.0
25201,2021-11-16 01:00:00,503.18,460.0,58.0,2.0,0.0,159.0,59.0,4.0
25202,2021-11-16 02:00:00,499.61,446.0,58.0,2.0,0.0,154.0,62.0,4.0
25203,2021-11-16 03:00:00,495.34,482.0,60.0,2.0,0.0,168.0,73.0,4.0
25204,2021-11-16 04:00:00,506.9,488.0,60.0,2.0,0.0,154.0,72.0,4.0
25205,2021-11-16 05:00:00,545.69,608.0,59.0,2.0,0.0,145.0,73.0,4.0
25206,2021-11-16 06:00:00,576.83,748.0,60.0,2.0,1.0,140.0,73.0,4.0
25207,2021-11-16 07:00:00,583.44,782.0,59.0,2.0,3.0,136.0,74.0,4.0
25208,2021-11-16 08:00:00,581.65,790.0,61.0,2.0,7.0,138.0,73.0,4.0
25209,2021-11-16 09:00:00,580.02,792.0,60.0,2.0,10.0,140.0,72.0,4.0
25210,2021-11-16 10:00:00,580.16,782.0,59.0,2.0,10.0,135.0,74.0,4.0
25211,2021-11-16 11:00:00,586.62,779.0,60.0,2.0,8.0,125.0,73.0,4.0
25212,2021-11-16 12:00:00,601.38,782.0,60.0,2.0,4.0,104.0,73.0,4.0
25213,2021-11-16 13:00:00,605.28,789.0,63.0,2.0,1.0,99.0,75.0,4.0
25214,2021-11-16 14:00:00,599.1,780.0,61.0,2.0,0.0,107.0,77.0,4.0
25215,2021-11-16 15:00:00,600.33,779.0,60.0,2.0,0.0,104.0,78.0,4.0
25216,2021-11-16 16:00:00,609.56,779.0,61.0,2.0,0.0,88.0,78.0,5.0
25217,2021-11-16 17:00:00,607.46,777.0,61.0,2.0,0.0,90.0,79.0,5.0
25218,2021-11-16 18:00:00,607.4,760.0,58.0,2.0,0.0,85.0,81.0,5.0
25219,2021-11-16 19:00:00,594.14,670.0,58.0,2.0,0.0,84.0,79.0,5.0
25220,2021-11-16 20:00:00,589.46,635.0,58.0,2.0,0.0,82.0,78.0,5.0
25221,2021-11-16 21:00:00,556.6,497.0,59.0,2.0,0.0,81.0,79.0,5.0
25222,2021-11-16 22:00:00,534.98,399.0,59.0,2.0,0.0,76.0,72.0,5.0
25223,2021-11-16 23:00:00,540.3,422.0,60.0,2.0,0.0,78.0,73.0,5.0
25224,2021-11-17 00:00:00,549.76,456.0,60.0,2.0,0.0,79.0,74.0,5.0
25225,2021-11-17 01:00:00,553.68,459.0,61.0,2.0,0.0,75.0,74.0,5.0
25226,2021-11-17 02:00:00,556.95,458.0,60.0,2.0,0.0,73.0,72.0,5.0
25227,2021-11-17 03:00:00,550.69,452.0,61.0,2.0,0.0,76.0,74.0,5.0
25228,2021-11-17 04:00:00,557.05,462.0,61.0,2.0,0.0,73.0,73.0,5.0
25229,2021-11-17 05:00:00,583.89,553.0,62.0,2.0,0.0,68.0,74.0,5.0
25230,2021-11-17 06:00:00,606.84,654.0,61.0,2.0,1.0,65.0,73.0,5.0
25231,2021-11-17 07:00:00,623.34,758.0,61.0,2.0,3.0,63.0,73.0,5.0
25232,2021-11-17 08:00:00,632.47,830.0,60.0,2.0,7.0,61.0,72.0,5.0
25233,2021-11-17 09:00:00,631.49,836.0,62.0,2.0,9.0,59.0,74.0,5.0
25234,2021-11-17 10:00:00,628.92,825.0,62.0,2.0,8.0,61.0,75.0,5.0
25235,2021-11-17 11:00:00,630.34,851.0,62.0,2.0,6.0,65.0,76.0,5.0
25236,2021-11-17 12:00:00,631.57,860.0,59.0,2.0,3.0,70.0,75.0,5.0
25237,2021-11-17 13:00:00,624.53,865.0,57.0,2.0,1.0,85.0,76.0,5.0
25238,2021-11-17 14:00:00,621.67,882.0,59.0,2.0,0.0,91.0,79.0,5.0
25239,2021-11-17 15:00:00,617.72,851.0,59.0,2.0,0.0,90.0,80.0,5.0
25240,2021-11-17 16:00:00,613.76,861.0,60.0,2.0,0.0,99.0,80.0,5.0
25241,2021-11-17 17:00:00,611.06,868.0,59.0,2.0,0.0,105.0,81.0,5.0
25242,2021-11-17 18:00:00,579.83,735.0,59.0,2.0,0.0,124.0,81.0,5.0
25243,2021-11-17 19:00:00,544.8,567.0,60.0,2.0,0.0,126.0,77.0,5.0
25244,2021-11-17 20:00:00,509.11,421.0,59.0,2.0,0.0,115.0,75.0,5.0
25245,2021-11-17 21:00:00,518.08,451.0,60.0,2.0,0.0,116.0,76.0,5.0
25246,2021-11-17 22:00:00,492.79,411.0,59.0,2.0,0.0,134.0,73.0,5.0
25247,2021-11-17 23:00:00,478.55,390.0,59.0,2.0,0.0,141.0,74.0,5.0
25248,2021-11-18 00:00:00,474.57,391.0,60.0,2.0,0.0,149.0,72.0,5.0
25249,2021-11-18 01:00:00,466.62,392.0,61.0,2.0,0.0,163.0,70.0,5.0
25250,2021-11-18 02:00:00,466.49,393.0,59.0,2.0,0.0,164.0,70.0,4.0
25251,2021-11-18 03:00:00,477.85,390.0,58.0,2.0,0.0,143.0,73.0,4.0
25252,2021-11-18 04:00:00,500.85,405.0,35.0,2.0,0.0,128.0,71.0,4.0
25253,2021-11-18 05:00:00,541.58,489.0,33.0,2.0,0.0,110.0,75.0,4.0
25254,2021-11-18 06:00:00,541.95,506.0,31.0,2.0,1.0,116.0,75.0,4.0
25255,2021-11-18 07:00:00,503.74,501.0,28.0,2.0,4.0,168.0,74.0,4.0
25256,2021-11-18 08:00:00,482.75,499.0,28.0,2.0,10.0,195.0,74.0,5.0
25257,2021-11-18 09:00:00,472.19,500.0,27.0,2.0,20.0,204.0,74.0,5.0
25258,2021-11-18 10:00:00,477.39,514.0,28.0,2.0,24.0,198.0,75.0,5.0
25259,2021-11-18 11:00:00,503.99,565.0,29.0,2.0,22.0,182.0,74.0,5.0
25260,2021-11-18 12:00:00,524.8,595.0,31.0,2.0,13.0,169.0,74.0,5.0
25261,2021-11-18 13:00:00,531.66,597.0,29.0,2.0,3.0,167.0,76.0,5.0
25262,2021-11-18 14:00:00,530.96,589.0,28.0,2.0,0.0,167.0,77.0,5.0
25263,2021-11-18 15:00:00,536.85,591.0,29.0,2.0,0.0,156.0,79.0,5.0
25264,2021-11-18 16:00:00,558.46,592.0,29.0,2.0,0.0,122.0,80.0,5.0
25265,2021-11-18 17:00:00,565.83,607.0,30.0,2.0,0.0,115.0,81.0,5.0
25266,2021-11-18 18:00:00,580.39,592.0,28.0,2.0,0.0,90.0,81.0,5.0
25267,2021-11-18 19:00:00,590.01,615.0,27.0,3.0,0.0,85.0,79.0,5.0
25268,2021-11-18 20:00:00,579.07,489.0,27.0,3.0,0.0,66.0,74.0,5.0
25269,2021-11-18 21:00:00,572.4,439.0,28.0,3.0,0.0,58.0,73.0,5.0
25270,2021-11-18 22:00:00,554.99,374.0,31.0,3.0,0.0,52.0,73.0,5.0
25271,2021-11-18 23:00:00,545.99,347.0,35.0,3.0,0.0,50.0,72.0,5.0
25272,2021-11-19 00:00:00,560.23,348.0,36.0,3.0,0.0,38.0,71.0,5.0
25273,2021-11-19 01:00:00,555.42,348.0,37.0,3.0,0.0,43.0,70.0,5.0
25274,2021-11-19 02:00:00,545.53,349.0,45.0,3.0,0.0,51.0,69.0,5.0
25275,2021-11-19 03:00:00,543.89,354.0,53.0,3.0,0.0,51.0,70.0,5.0
25276,2021-11-19 04:00:00,555.51,409.0,56.0,3.0,0.0,57.0,72.0,4.0
25277,2021-11-19 05:00:00,551.61,463.0,61.0,3.0,0.0,80.0,72.0,4.0
25278,2021-11-19 06:00:00,561.95,526.0,57.0,3.0,3.0,88.0,72.0,4.0
25279,2021-11-19 07:00:00,555.67,511.0,48.0,3.0,14.0,84.0,71.0,4.0
25280,2021-11-19 08:00:00,548.9,496.0,52.0,3.0,22.0,79.0,70.0,4.0
25281,2021-11-19 09:00:00,547.1,495.0,52.0,3.0,24.0,79.0,70.0,4.0
25282,2021-11-19 10:00:00,546.88,477.0,53.0,3.0,17.0,80.0,69.0,5.0
25283,2021-11-19 11:00:00,559.05,490.0,57.0,3.0,11.0,73.0,70.0,5.0
25284,2021-11-19 12:00:00,571.61,508.0,58.0,3.0,4.0,70.0,70.0,5.0
25285,2021-11-19 13:00:00,568.7,502.0,57.0,3.0,1.0,75.0,70.0,5.0
25286,2021-11-19 14:00:00,544.89,494.0,57.0,3.0,0.0,101.0,73.0,5.0
25287,2021-11-19 15:00:00,529.91,470.0,58.0,3.0,0.0,111.0,73.0,5.0
25288,2021-11-19 16:00:00,512.36,476.0,60.0,3.0,0.0,137.0,74.0,5.0
25289,2021-11-19 17:00:00,473.95,465.0,58.0,3.0,0.0,190.0,76.0,5.0
25290,2021-11-19 18:00:00,485.43,482.0,57.0,3.0,0.0,178.0,79.0,5.0
25291,2021-11-19 19:00:00,484.46,462.0,58.0,3.0,0.0,172.0,75.0,5.0
25292,2021-11-19 20:00:00,448.81,417.0,60.0,3.0,0.0,202.0,75.0,5.0
25293,2021-11-19 21:00:00,388.55,325.0,65.0,2.0,0.0,230.0,78.0,5.0
25294,2021-11-19 22:00:00,399.41,327.0,60.0,2.0,0.0,216.0,75.0,5.0
25295,2021-11-19 23:00:00,401.12,330.0,57.0,2.0,0.0,215.0,76.0,5.0
25296,2021-11-20 00:00:00,400.52,340.0,57.0,2.0,0.0,225.0,76.0,5.0
25297,2021-11-20 01:00:00,399.18,343.0,58.0,3.0,0.0,230.0,75.0,5.0
25298,2021-11-20 02:00:00,402.69,341.0,58.0,3.0,0.0,223.0,74.0,5.0
25299,2021-11-20 03:00:00,388.03,307.0,58.0,3.0,0.0,216.0,75.0,5.0
25300,2021-11-20 04:00:00,372.02,283.0,58.0,3.0,0.0,221.0,73.0,4.0
25301,2021-11-20 05:00:00,381.17,310.0,56.0,3.0,0.0,234.0,72.0,5.0
25302,2021-11-20 06:00:00,390.78,334.0,55.0,3.0,3.0,237.0,72.0,5.0
25303,2021-11-20 07:00:00,429.4,441.0,57.0,3.0,23.0,234.0,73.0,4.0
25304,2021-11-20 08:00:00,440.21,530.0,58.0,3.0,50.0,249.0,75.0,4.0
25305,2021-11-20 09:00:00,454.21,561.0,58.0,3.0,50.0,240.0,75.0,4.0
25306,2021-11-20 10:00:00,450.88,562.0,58.0,3.0,43.0,255.0,75.0,4.0
25307,2021-11-20 11:00:00,452.67,559.0,58.0,3.0,37.0,255.0,75.0,4.0
25308,2021-11-20 12:00:00,468.35,566.0,60.0,3.0,21.0,240.0,77.0,5.0
25309,2021-11-20 13:00:00,485.81,596.0,60.0,3.0,3.0,241.0,76.0,5.0
25310,2021-11-20 14:00:00,488.78,590.0,58.0,3.0,0.0,232.0,79.0,4.0
25311,2021-11-20 15:00:00,507.58,589.0,57.0,3.0,0.0,196.0,79.0,4.0
25312,2021-11-20 16:00:00,534.09,597.0,58.0,3.0,0.0,152.0,80.0,4.0
25313,2021-11-20 17:00:00,546.39,598.0,59.0,3.0,0.0,131.0,81.0,5.0
25314,2021-11-20 18:00:00,564.67,601.0,58.0,3.0,0.0,104.0,81.0,5.0
25315,2021-11-20 19:00:00,564.58,567.0,59.0,3.0,0.0,92.0,81.0,4.0
25316,2021-11-20 20:00:00,573.83,528.0,60.0,3.0,0.0,68.0,79.0,4.0
25317,2021-11-20 21:00:00,579.23,533.0,59.0,3.0,0.0,64.0,78.0,4.0
25318,2021-11-20 22:00:00,593.73,532.0,58.0,3.0,0.0,47.0,77.0,4.0
25319,2021-11-20 23:00:00,553.97,357.0,57.0,3.0,0.0,34.0,77.0,4.0
25320,2021-11-21 00:00:00,553.91,347.0,58.0,3.0,0.0,31.0,76.0,4.0
25321,2021-11-21 01:00:00,558.58,347.0,57.0,3.0,0.0,27.0,76.0,4.0
25322,2021-11-21 02:00:00,565.18,347.0,57.0,3.0,0.0,23.0,74.0,4.0
25323,2021-11-21 03:00:00,549.96,346.0,56.0,3.0,0.0,35.0,76.0,4.0
25324,2021-11-21 04:00:00,548.27,341.0,55.0,3.0,0.0,35.0,76.0,4.0
25325,2021-11-21 05:00:00,549.15,344.0,56.0,3.0,0.0,37.0,74.0,4.0
25326,2021-11-21 06:00:00,540.69,320.0,54.0,3.0,2.0,36.0,72.0,4.0
25327,2021-11-21 07:00:00,536.59,335.0,54.0,3.0,13.0,33.0,74.0,4.0
25328,2021-11-21 08:00:00,576.75,489.0,54.0,3.0,26.0,31.0,76.0,4.0
25329,2021-11-21 09:00:00,575.71,530.0,55.0,3.0,36.0,32.0,79.0,4.0
25330,2021-11-21 10:00:00,560.83,532.0,53.0,3.0,41.0,46.0,81.0,4.0
25331,2021-11-21 11:00:00,559.61,518.0,49.0,3.0,31.0,59.0,76.0,4.0
25332,2021-11-21 12:00:00,582.71,583.0,42.0,3.0,13.0,74.0,72.0,4.0
25333,2021-11-21 13:00:00,580.29,610.0,30.0,3.0,2.0,100.0,73.0,4.0
25334,2021-11-21 14:00:00,556.12,608.0,27.0,3.0,0.0,130.0,81.0,4.0
25335,2021-11-21 15:00:00,542.83,595.0,26.0,3.0,0.0,145.0,82.0,4.0
25336,2021-11-21 16:00:00,530.3,610.0,25.0,3.0,0.0,172.0,82.0,4.0
25337,2021-11-21 17:00:00,516.04,609.0,26.0,3.0,0.0,196.0,82.0,4.0
25338,2021-11-21 18:00:00,525.54,605.0,28.0,3.0,0.0,177.0,82.0,4.0
25339,2021-11-21 19:00:00,527.77,600.0,28.0,3.0,0.0,173.0,80.0,4.0
25340,2021-11-21 20:00:00,529.48,602.0,28.0,3.0,0.0,172.0,79.0,4.0
25341,2021-11-21 21:00:00,520.91,568.0,28.0,3.0,0.0,172.0,78.0,4.0
25342,2021-11-21 22:00:00,515.25,523.0,28.0,3.0,0.0,161.0,77.0,4.0
25343,2021-11-21 23:00:00,520.92,507.0,28.0,3.0,0.0,146.0,76.0,4.0
25344,2021-11-22 00:00:00,523.66,507.0,28.0,3.0,0.0,143.0,75.0,4.0
25345,2021-11-22 01:00:00,531.02,492.0,28.0,3.0,0.0,126.0,75.0,4.0
25346,2021-11-22 02:00:00,549.22,521.0,28.0,3.0,0.0,115.0,73.0,4.0
25347,2021-11-22 03:00:00,571.75,562.0,37.0,3.0,0.0,95.0,74.0,4.0
25348,2021-11-22 04:00:00,612.08,688.0,38.0,3.0,0.0,75.0,73.0,4.0
25349,2021-11-22 05:00:00,636.04,780.0,40.0,3.0,0.0,59.0,73.0,3.0
25350,2021-11-22 06:00:00,644.41,787.0,44.0,3.0,3.0,42.0,74.0,4.0
25351,2021-11-22 07:00:00,637.71,800.0,31.0,3.0,30.0,33.0,74.0,4.0
25352,2021-11-22 08:00:00,609.2,779.0,27.0,3.0,68.0,39.0,72.0,4.0
25353,2021-11-22 09:00:00,597.43,799.0,27.0,3.0,83.0,49.0,72.0,4.0
25354,2021-11-22 10:00:00,610.62,805.0,27.0,3.0,56.0,55.0,72.0,5.0
25355,2021-11-22 11:00:00,631.63,808.0,26.0,3.0,35.0,43.0,72.0,5.0
25356,2021-11-22 12:00:00,636.08,818.0,26.0,3.0,16.0,56.0,73.0,5.0
25357,2021-11-22 13:00:00,640.79,822.0,27.0,3.0,3.0,61.0,74.0,5.0
25358,2021-11-22 14:00:00,631.35,816.0,31.0,3.0,0.0,73.0,77.0,5.0
25359,2021-11-22 15:00:00,628.51,823.0,31.0,3.0,0.0,80.0,76.0,5.0
25360,2021-11-22 16:00:00,627.48,812.0,27.0,3.0,0.0,80.0,77.0,5.0
25361,2021-11-22 17:00:00,620.39,810.0,32.0,3.0,0.0,87.0,79.0,5.0
25362,2021-11-22 18:00:00,613.46,808.0,32.0,3.0,0.0,98.0,79.0,5.0
25363,2021-11-22 19:00:00,602.48,808.0,26.0,3.0,0.0,120.0,78.0,5.0
25364,2021-11-22 20:00:00,588.33,793.0,25.0,3.0,0.0,142.0,77.0,5.0
25365,2021-11-22 21:00:00,547.9,642.0,27.0,3.0,0.0,161.0,76.0,5.0
25366,2021-11-22 22:00:00,511.05,548.0,27.0,3.0,0.0,182.0,75.0,4.0
25367,2021-11-22 23:00:00,515.97,593.0,28.0,3.0,0.0,195.0,75.0,4.0
25368,2021-11-23 00:00:00,507.98,566.0,27.0,3.0,0.0,197.0,74.0,4.0
25369,2021-11-23 01:00:00,545.08,620.0,27.0,3.0,0.0,159.0,74.0,4.0
25370,2021-11-23 02:00:00,595.85,653.0,31.0,3.0,0.0,93.0,72.0,4.0
25371,2021-11-23 03:00:00,605.21,577.0,37.0,3.0,0.0,57.0,73.0,4.0
25372,2021-11-23 04:00:00,637.72,702.0,41.0,3.0,0.0,42.0,72.0,4.0
25373,2021-11-23 05:00:00,643.83,753.0,41.0,3.0,0.0,41.0,74.0,4.0
25374,2021-11-23 06:00:00,635.47,754.0,44.0,3.0,1.0,52.0,73.0,4.0
25375,2021-11-23 07:00:00,626.86,773.0,46.0,3.0,4.0,66.0,72.0,4.0
25376,2021-11-23 08:00:00,617.68,767.0,51.0,3.0,8.0,72.0,73.0,4.0
25377,2021-11-23 09:00:00,618.99,770.0,55.0,3.0,10.0,67.0,73.0,4.0
25378,2021-11-23 10:00:00,629.16,779.0,55.0,3.0,10.0,51.0,75.0,4.0
25379,2021-11-23 11:00:00,636.71,782.0,55.0,3.0,10.0,41.0,74.0,4.0
25380,2021-11-23 12:00:00,641.89,753.0,57.0,3.0,5.0,32.0,74.0,4.0
25381,2021-11-23 13:00:00,656.79,786.0,55.0,3.0,1.0,23.0,72.0,4.0
25382,2021-11-23 14:00:00,660.09,785.0,55.0,3.0,0.0,18.0,73.0,5.0
25383,2021-11-23 15:00:00,652.82,784.0,58.0,3.0,0.0,25.0,75.0,5.0
25384,2021-11-23 16:00:00,651.01,781.0,56.0,3.0,0.0,28.0,75.0,5.0
25385,2021-11-23 17:00:00,647.03,773.0,57.0,3.0,0.0,28.0,79.0,5.0
25386,2021-11-23 18:00:00,637.2,770.0,57.0,3.0,0.0,40.0,81.0,5.0
25387,2021-11-23 19:00:00,626.05,742.0,62.0,3.0,0.0,51.0,79.0,5.0
25388,2021-11-23 20:00:00,601.24,700.0,64.0,3.0,0.0,80.0,77.0,5.0
25389,2021-11-23 21:00:00,548.57,536.0,64.0,2.0,0.0,114.0,70.0,5.0
25390,2021-11-23 22:00:00,470.75,394.0,57.0,2.0,0.0,161.0,68.0,5.0
25391,2021-11-23 23:00:00,451.8,396.0,58.0,2.0,0.0,192.0,67.0,5.0
25392,2021-11-24 00:00:00,427.61,378.0,56.0,2.0,0.0,220.0,66.0,5.0
25393,2021-11-24 01:00:00,417.26,372.0,57.0,2.0,0.0,232.0,67.0,5.0
25394,2021-11-24 02:00:00,410.39,374.0,57.0,3.0,0.0,245.0,67.0,5.0
25395,2021-11-24 03:00:00,409.33,378.0,61.0,3.0,0.0,249.0,68.0,5.0
25396,2021-11-24 04:00:00,497.76,610.0,59.0,3.0,0.0,233.0,71.0,5.0
25397,2021-11-24 05:00:00,531.04,721.0,57.0,3.0,0.0,221.0,70.0,5.0
25398,2021-11-24 06:00:00,545.93,779.0,55.0,3.0,1.0,212.0,72.0,5.0
25399,2021-11-24 07:00:00,556.46,779.0,57.0,3.0,11.0,186.0,66.0,5.0
25400,2021-11-24 08:00:00,558.16,780.0,57.0,3.0,33.0,162.0,65.0,5.0
25401,2021-11-24 09:00:00,547.81,770.0,57.0,3.0,49.0,163.0,65.0,5.0
25402,2021-11-24 10:00:00,560.4,784.0,57.0,3.0,47.0,148.0,62.0,5.0
25403,2021-11-24 11:00:00,573.55,784.0,56.0,3.0,29.0,144.0,59.0,5.0
25404,2021-11-24 12:00:00,591.08,785.0,54.0,3.0,14.0,122.0,65.0,5.0
25405,2021-11-24 13:00:00,610.31,781.0,54.0,3.0,2.0,99.0,66.0,5.0
25406,2021-11-24 14:00:00,616.44,776.0,56.0,3.0,0.0,79.0,76.0,5.0
25407,2021-11-24 15:00:00,619.21,771.0,57.0,3.0,0.0,70.0,79.0,5.0
25408,2021-11-24 16:00:00,630.89,773.0,55.0,3.0,0.0,52.0,80.0,5.0
25409,2021-11-24 17:00:00,647.06,788.0,56.0,3.0,0.0,28.0,82.0,5.0
25410,2021-11-24 18:00:00,648.27,776.0,54.0,3.0,0.0,25.0,82.0,5.0
25411,2021-11-24 19:00:00,650.23,770.0,52.0,3.0,0.0,24.0,80.0,5.0
25412,2021-11-24 20:00:00,635.28,709.0,52.0,3.0,0.0,35.0,79.0,5.0
25413,2021-11-24 21:00:00,590.86,581.0,54.0,3.0,0.0,65.0,78.0,5.0
25414,2021-11-24 22:00:00,531.46,494.0,62.0,3.0,0.0,116.0,75.0,5.0
25415,2021-11-24 23:00:00,525.71,491.0,55.0,3.0,0.0,127.0,73.0,5.0
25416,2021-11-25 00:00:00,530.35,594.0,55.0,3.0,0.0,165.0,73.0,5.0
25417,2021-11-25 01:00:00,493.96,531.0,55.0,3.0,0.0,197.0,73.0,5.0
25418,2021-11-25 02:00:00,491.01,553.0,56.0,3.0,0.0,215.0,72.0,5.0
25419,2021-11-25 03:00:00,477.05,532.0,56.0,3.0,0.0,229.0,72.0,5.0
25420,2021-11-25 04:00:00,505.32,635.0,55.0,3.0,0.0,231.0,72.0,5.0
25421,2021-11-25 05:00:00,538.85,807.0,56.0,3.0,0.0,237.0,74.0,5.0
25422,2021-11-25 06:00:00,557.2,914.0,56.0,3.0,1.0,237.0,73.0,5.0
25423,2021-11-25 07:00:00,552.61,905.0,57.0,3.0,5.0,240.0,73.0,5.0
25424,2021-11-25 08:00:00,545.84,910.0,63.0,3.0,12.0,248.0,74.0,5.0
25425,2021-11-25 09:00:00,545.09,919.0,61.0,3.0,18.0,246.0,76.0,5.0
25426,2021-11-25 10:00:00,547.89,933.0,63.0,3.0,18.0,246.0,74.0,5.0
25427,2021-11-25 11:00:00,550.63,926.0,65.0,2.0,13.0,241.0,75.0,5.0
25428,2021-11-25 12:00:00,540.75,895.0,64.0,2.0,7.0,258.0,76.0,5.0
25429,2021-11-25 13:00:00,540.37,871.0,55.0,2.0,1.0,257.0,77.0,5.0
25430,2021-11-25 14:00:00,565.48,926.0,51.0,2.0,0.0,223.0,76.0,5.0
25431,2021-11-25 15:00:00,576.31,910.0,56.0,3.0,0.0,190.0,77.0,5.0
25432,2021-11-25 16:00:00,558.6,886.0,58.0,3.0,0.0,218.0,79.0,5.0
25433,2021-11-25 17:00:00,586.74,925.0,57.0,3.0,0.0,169.0,80.0,5.0
25434,2021-11-25 18:00:00,613.74,933.0,58.0,3.0,0.0,116.0,80.0,5.0
25435,2021-11-25 19:00:00,620.63,830.0,57.0,3.0,0.0,82.0,78.0,5.0
25436,2021-11-25 20:00:00,593.36,636.0,57.0,3.0,0.0,77.0,77.0,5.0
25437,2021-11-25 21:00:00,591.48,576.0,56.0,3.0,0.0,63.0,77.0,5.0
25438,2021-11-25 22:00:00,608.36,577.0,55.0,3.0,0.0,43.0,76.0,5.0
25439,2021-11-25 23:00:00,600.66,538.0,56.0,3.0,0.0,45.0,73.0,5.0
25440,2021-11-26 00:00:00,550.05,519.0,56.0,3.0,0.0,105.0,72.0,5.0
25441,2021-11-26 01:00:00,545.68,563.0,54.0,3.0,0.0,127.0,74.0,5.0
25442,2021-11-26 02:00:00,555.83,575.0,58.0,3.0,0.0,117.0,72.0,5.0
25443,2021-11-26 03:00:00,558.42,594.0,58.0,3.0,0.0,118.0,74.0,5.0
25444,2021-11-26 04:00:00,586.95,670.0,58.0,3.0,0.0,100.0,73.0,5.0
25445,2021-11-26 05:00:00,617.92,869.0,56.0,3.0,0.0,101.0,73.0,5.0
25446,2021-11-26 06:00:00,631.29,892.0,59.0,3.0,1.0,79.0,74.0,5.0
25447,2021-11-26 07:00:00,653.82,937.0,52.0,3.0,7.0,47.0,72.0,5.0
25448,2021-11-26 08:00:00,641.32,943.0,52.0,3.0,28.0,46.0,75.0,5.0
25449,2021-11-26 09:00:00,642.04,944.0,47.0,3.0,38.0,36.0,76.0,5.0
25450,2021-11-26 10:00:00,648.46,942.0,36.0,3.0,32.0,37.0,74.0,5.0
25451,2021-11-26 11:00:00,658.5,945.0,32.0,3.0,25.0,29.0,74.0,5.0
25452,2021-11-26 12:00:00,672.17,938.0,33.0,3.0,10.0,20.0,74.0,5.0
25453,2021-11-26 13:00:00,679.71,938.0,33.0,3.0,1.0,17.0,74.0,5.0
25454,2021-11-26 14:00:00,666.56,938.0,40.0,3.0,0.0,32.0,78.0,5.0
25455,2021-11-26 15:00:00,646.3,962.0,32.0,3.0,0.0,74.0,78.0,5.0
25456,2021-11-26 16:00:00,615.39,934.0,38.0,3.0,0.0,123.0,78.0,5.0
25457,2021-11-26 17:00:00,609.31,945.0,52.0,3.0,0.0,131.0,79.0,5.0
25458,2021-11-26 18:00:00,607.51,936.0,35.0,3.0,0.0,139.0,79.0,5.0
25459,2021-11-26 19:00:00,604.45,925.0,33.0,3.0,0.0,143.0,79.0,5.0
25460,2021-11-26 20:00:00,594.5,863.0,32.0,3.0,0.0,148.0,77.0,5.0
25461,2021-11-26 21:00:00,588.88,872.0,33.0,3.0,0.0,161.0,77.0,5.0
25462,2021-11-26 22:00:00,557.8,707.0,34.0,3.0,0.0,172.0,70.0,5.0
25463,2021-11-26 23:00:00,528.34,568.0,35.0,3.0,0.0,174.0,62.0,5.0
25464,2021-11-27 00:00:00,528.79,571.0,37.0,3.0,0.0,174.0,62.0,5.0
25465,2021-11-27 01:00:00,532.74,595.0,40.0,3.0,0.0,176.0,63.0,5.0
25466,2021-11-27 02:00:00,513.99,549.0,37.0,3.0,0.0,189.0,61.0,5.0
25467,2021-11-27 03:00:00,500.78,548.0,36.0,3.0,0.0,208.0,64.0,5.0
25468,2021-11-27 04:00:00,500.71,568.0,34.0,3.0,0.0,220.0,63.0,5.0
25469,2021-11-27 05:00:00,517.0,647.0,34.0,3.0,0.0,230.0,62.0,5.0
25470,2021-11-27 06:00:00,527.01,705.0,34.0,3.0,1.0,236.0,62.0,5.0
25471,2021-11-27 07:00:00,531.11,730.0,33.0,3.0,5.0,236.0,61.0,5.0
25472,2021-11-27 08:00:00,512.6,703.0,32.0,3.0,12.0,255.0,61.0,5.0
25473,2021-11-27 09:00:00,504.6,712.0,34.0,3.0,19.0,269.0,61.0,5.0
25474,2021-11-27 10:00:00,509.33,723.0,31.0,3.0,18.0,262.0,65.0,5.0
25475,2021-11-27 11:00:00,521.03,753.0,41.0,3.0,13.0,253.0,65.0,5.0
25476,2021-11-27 12:00:00,518.15,753.0,35.0,3.0,6.0,267.0,66.0,5.0
25477,2021-11-27 13:00:00,507.59,728.0,32.0,3.0,1.0,284.0,66.0,5.0
25478,2021-11-27 14:00:00,504.36,742.0,33.0,3.0,0.0,294.0,71.0,5.0
25479,2021-11-27 15:00:00,528.32,876.0,32.0,3.0,0.0,295.0,77.0,5.0
25480,2021-11-27 16:00:00,531.06,900.0,31.0,3.0,0.0,298.0,78.0,5.0
25481,2021-11-27 17:00:00,533.94,934.0,32.0,3.0,0.0,303.0,80.0,5.0
25482,2021-11-27 18:00:00,540.61,958.0,32.0,3.0,0.0,296.0,80.0,5.0
25483,2021-11-27 19:00:00,537.19,941.0,31.0,3.0,0.0,300.0,78.0,5.0
25484,2021-11-27 20:00:00,531.86,896.0,32.0,3.0,0.0,295.0,77.0,5.0
25485,2021-11-27 21:00:00,537.98,911.0,33.0,3.0,0.0,286.0,77.0,5.0
25486,2021-11-27 22:00:00,540.04,925.0,32.0,3.0,0.0,288.0,76.0,5.0
25487,2021-11-27 23:00:00,541.62,923.0,33.0,3.0,0.0,284.0,75.0,5.0
25488,2021-11-28 00:00:00,546.21,902.0,32.0,3.0,0.0,267.0,73.0,5.0
25489,2021-11-28 01:00:00,558.38,924.0,32.0,3.0,0.0,246.0,74.0,5.0
25490,2021-11-28 02:00:00,555.18,894.0,33.0,3.0,0.0,244.0,72.0,5.0
25491,2021-11-28 03:00:00,559.66,909.0,34.0,3.0,0.0,236.0,75.0,5.0
25492,2021-11-28 04:00:00,569.46,912.0,32.0,3.0,0.0,217.0,74.0,5.0
25493,2021-11-28 05:00:00,578.22,939.0,31.0,3.0,0.0,207.0,74.0,5.0
25494,2021-11-28 06:00:00,581.86,943.0,32.0,3.0,0.0,200.0,74.0,5.0
25495,2021-11-28 07:00:00,584.76,935.0,33.0,3.0,1.0,190.0,74.0,5.0
25496,2021-11-28 08:00:00,591.76,951.0,38.0,3.0,2.0,176.0,75.0,5.0
25497,2021-11-28 09:00:00,591.17,916.0,44.0,3.0,4.0,164.0,74.0,5.0
25498,2021-11-28 10:00:00,601.14,939.0,44.0,3.0,4.0,150.0,74.0,5.0
25499,2021-11-28 11:00:00,601.66,933.0,45.0,3.0,3.0,147.0,75.0,5.0
25500,2021-11-28 12:00:00,605.71,931.0,46.0,3.0,1.0,141.0,74.0,5.0
25501,2021-11-28 13:00:00,605.87,929.0,49.0,3.0,0.0,139.0,75.0,5.0
25502,2021-11-28 14:00:00,609.39,940.0,51.0,3.0,0.0,132.0,77.0,5.0
25503,2021-11-28 15:00:00,612.28,938.0,48.0,3.0,0.0,126.0,78.0,5.0
25504,2021-11-28 16:00:00,609.53,933.0,51.0,3.0,0.0,129.0,78.0,5.0
25505,2021-11-28 17:00:00,609.45,938.0,52.0,3.0,0.0,129.0,79.0,5.0
25506,2021-11-28 18:00:00,613.8,937.0,50.0,3.0,0.0,121.0,79.0,5.0
25507,2021-11-28 19:00:00,612.45,921.0,52.0,3.0,0.0,120.0,78.0,5.0
25508,2021-11-28 20:00:00,604.4,909.0,51.0,3.0,0.0,133.0,78.0,5.0
25509,2021-11-28 21:00:00,600.32,909.0,51.0,3.0,0.0,141.0,78.0,5.0
25510,2021-11-28 22:00:00,602.24,899.0,50.0,3.0,0.0,137.0,76.0,5.0
25511,2021-11-28 23:00:00,609.96,907.0,48.0,3.0,0.0,125.0,76.0,4.0
25512,2021-11-29 00:00:00,609.45,913.0,49.0,3.0,0.0,128.0,75.0,5.0
25513,2021-11-29 01:00:00,601.82,912.0,48.0,3.0,0.0,144.0,74.0,5.0
25514,2021-11-29 02:00:00,600.55,911.0,46.0,3.0,0.0,149.0,72.0,5.0
25515,2021-11-29 03:00:00,597.61,913.0,47.0,3.0,0.0,154.0,73.0,5.0
25516,2021-11-29 04:00:00,599.0,927.0,47.0,3.0,0.0,155.0,73.0,5.0
25517,2021-11-29 05:00:00,601.24,945.0,45.0,3.0,0.0,156.0,73.0,5.0
25518,2021-11-29 06:00:00,596.12,948.0,46.0,3.0,0.0,167.0,73.0,5.0
25519,2021-11-29 07:00:00,595.98,942.0,45.0,3.0,0.0,166.0,73.0,5.0
25520,2021-11-29 08:00:00,588.57,932.0,44.0,3.0,1.0,178.0,73.0,5.0
25521,2021-11-29 09:00:00,581.88,950.0,46.0,3.0,1.0,197.0,73.0,5.0
25522,2021-11-29 10:00:00,583.71,950.0,46.0,3.0,1.0,192.0,74.0,5.0
25523,2021-11-29 11:00:00,582.55,945.0,46.0,3.0,1.0,195.0,72.0,5.0
25524,2021-11-29 12:00:00,589.02,946.0,47.0,3.0,1.0,180.0,73.0,5.0
25525,2021-11-29 13:00:00,590.91,939.0,47.0,3.0,0.0,174.0,74.0,5.0
25526,2021-11-29 14:00:00,580.27,943.0,47.0,3.0,0.0,196.0,76.0,5.0
25527,2021-11-29 15:00:00,568.33,941.0,47.0,3.0,0.0,221.0,77.0,5.0
25528,2021-11-29 16:00:00,557.27,940.0,48.0,3.0,0.0,246.0,77.0,5.0
25529,2021-11-29 17:00:00,555.15,939.0,50.0,3.0,0.0,248.0,79.0,5.0
25530,2021-11-29 18:00:00,554.42,937.0,50.0,3.0,0.0,250.0,78.0,5.0
25531,2021-11-29 19:00:00,551.03,927.0,48.0,3.0,0.0,257.0,76.0,5.0
25532,2021-11-29 20:00:00,553.78,941.0,47.0,3.0,0.0,255.0,77.0,5.0
25533,2021-11-29 21:00:00,556.44,941.0,49.0,3.0,0.0,248.0,77.0,5.0
25534,2021-11-29 22:00:00,554.29,911.0,49.0,3.0,0.0,243.0,76.0,5.0
25535,2021-11-29 23:00:00,537.16,755.0,50.0,3.0,0.0,219.0,76.0,5.0
25536,2021-11-30 00:00:00,515.09,632.0,50.0,3.0,0.0,211.0,73.0,5.0
25537,2021-11-30 01:00:00,515.99,635.0,49.0,3.0,0.0,210.0,74.0,5.0
25538,2021-11-30 02:00:00,516.79,637.0,47.0,3.0,0.0,213.0,71.0,5.0
25539,2021-11-30 03:00:00,515.08,647.0,47.0,3.0,0.0,219.0,73.0,5.0
25540,2021-11-30 04:00:00,530.91,718.0,47.0,3.0,0.0,221.0,72.0,5.0
25541,2021-11-30 05:00:00,560.65,848.0,46.0,3.0,0.0,210.0,73.0,5.0
25542,2021-11-30 06:00:00,574.03,935.0,42.0,3.0,0.0,213.0,72.0,5.0
25543,2021-11-30 07:00:00,613.18,949.0,25.0,3.0,1.0,140.0,73.0,5.0
25544,2021-11-30 08:00:00,619.28,948.0,25.0,3.0,1.0,128.0,73.0,5.0
25545,2021-11-30 09:00:00,603.81,871.0,26.0,3.0,2.0,137.0,73.0,5.0
25546,2021-11-30 10:00:00,606.02,861.0,27.0,3.0,4.0,127.0,74.0,5.0
25547,2021-11-30 11:00:00,608.03,874.0,26.0,3.0,3.0,128.0,74.0,5.0
25548,2021-11-30 12:00:00,609.71,927.0,26.0,3.0,2.0,140.0,73.0,5.0
25549,2021-11-30 13:00:00,610.3,948.0,26.0,3.0,0.0,145.0,74.0,5.0
25550,2021-11-30 14:00:00,606.65,944.0,24.0,3.0,0.0,151.0,75.0,5.0
25551,2021-11-30 15:00:00,595.21,945.0,25.0,3.0,0.0,173.0,76.0,5.0
25552,2021-11-30 16:00:00,587.5,931.0,25.0,3.0,0.0,185.0,76.0,5.0
25553,2021-11-30 17:00:00,581.47,945.0,25.0,3.0,0.0,200.0,78.0,5.0
25554,2021-11-30 18:00:00,584.48,952.0,24.0,3.0,0.0,196.0,78.0,5.0
25555,2021-11-30 19:00:00,588.48,947.0,24.0,3.0,0.0,188.0,76.0,5.0
25556,2021-11-30 20:00:00,581.93,934.0,24.0,3.0,0.0,197.0,77.0,5.0
25557,2021-11-30 21:00:00,571.51,915.0,25.0,3.0,0.0,213.0,77.0,5.0
25558,2021-11-30 22:00:00,567.66,905.0,25.0,3.0,0.0,219.0,76.0,5.0
25559,2021-11-30 23:00:00,539.16,750.0,24.0,3.0,0.0,221.0,76.0,5.0
25560,2021-12-01 00:00:00,509.8,628.0,25.0,3.0,0.0,225.0,74.0,5.0
25561,2021-12-01 01:00:00,517.88,635.0,26.0,3.0,0.0,213.0,74.0,5.0
25562,2021-12-01 02:00:00,517.19,642.0,28.0,3.0,0.0,219.0,72.0,5.0
25563,2021-12-01 03:00:00,518.8,650.0,27.0,3.0,0.0,219.0,73.0,5.0
25564,2021-12-01 04:00:00,555.47,760.0,27.0,3.0,0.0,195.0,73.0,5.0
25565,2021-12-01 05:00:00,583.03,898.0,26.0,3.0,0.0,188.0,72.0,5.0
25566,2021-12-01 06:00:00,597.08,943.0,24.0,3.0,0.0,171.0,74.0,5.0
25567,2021-12-01 07:00:00,599.54,937.0,25.0,3.0,1.0,162.0,75.0,5.0
25568,2021-12-01 08:00:00,612.49,945.0,26.0,3.0,3.0,137.0,74.0,5.0
25569,2021-12-01 09:00:00,615.15,944.0,25.0,3.0,5.0,130.0,74.0,5.0
25570,2021-12-01 10:00:00,625.18,946.0,26.0,3.0,6.0,110.0,74.0,5.0
25571,2021-12-01 11:00:00,631.67,940.0,23.0,3.0,5.0,102.0,71.0,5.0
25572,2021-12-01 12:00:00,638.13,945.0,19.0,3.0,3.0,95.0,71.0,5.0
25573,2021-12-01 13:00:00,657.13,945.0,19.0,3.0,0.0,65.0,71.0,5.0
25574,2021-12-01 14:00:00,662.87,946.0,18.0,3.0,0.0,54.0,73.0,5.0
25575,2021-12-01 15:00:00,663.42,924.0,20.0,3.0,0.0,47.0,75.0,5.0
25576,2021-12-01 16:00:00,664.55,891.0,21.0,3.0,0.0,38.0,77.0,5.0
25577,2021-12-01 17:00:00,675.61,919.0,20.0,3.0,0.0,23.0,79.0,5.0
25578,2021-12-01 18:00:00,678.96,941.0,21.0,3.0,0.0,20.0,79.0,5.0
25579,2021-12-01 19:00:00,678.59,924.0,20.0,3.0,0.0,20.0,78.0,5.0
25580,2021-12-01 20:00:00,665.75,887.0,20.0,3.0,0.0,35.0,78.0,5.0
25581,2021-12-01 21:00:00,646.11,828.0,22.0,3.0,0.0,57.0,76.0,5.0
25582,2021-12-01 22:00:00,629.2,746.0,21.0,3.0,0.0,68.0,75.0,5.0
25583,2021-12-01 23:00:00,641.7,847.0,18.0,3.0,0.0,68.0,77.0,5.0
25584,2021-12-02 00:00:00,646.64,888.0,33.0,3.0,0.0,64.0,74.0,5.0
25585,2021-12-02 01:00:00,637.15,876.0,37.0,3.0,0.0,77.0,73.0,4.0
25586,2021-12-02 02:00:00,637.09,876.0,37.0,3.0,0.0,78.0,72.0,5.0
25587,2021-12-02 03:00:00,632.37,869.0,36.0,3.0,0.0,84.0,73.0,5.0
25588,2021-12-02 04:00:00,632.96,901.0,37.0,3.0,0.0,89.0,73.0,5.0
25589,2021-12-02 05:00:00,635.09,930.0,37.0,3.0,0.0,91.0,73.0,5.0
25590,2021-12-02 06:00:00,633.51,930.0,39.0,3.0,0.0,94.0,72.0,5.0
25591,2021-12-02 07:00:00,620.42,934.0,44.0,3.0,1.0,116.0,72.0,5.0
25592,2021-12-02 08:00:00,613.0,938.0,47.0,3.0,4.0,127.0,72.0,5.0
25593,2021-12-02 09:00:00,608.67,936.0,47.0,3.0,6.0,134.0,71.0,5.0
25594,2021-12-02 10:00:00,606.67,937.0,45.0,3.0,7.0,139.0,70.0,5.0
25595,2021-12-02 11:00:00,600.33,938.0,45.0,3.0,4.0,156.0,69.0,5.0
25596,2021-12-02 12:00:00,596.59,937.0,46.0,3.0,2.0,166.0,68.0,5.0
25597,2021-12-02 13:00:00,599.77,938.0,48.0,3.0,0.0,161.0,68.0,5.0
25598,2021-12-02 14:00:00,592.54,937.0,47.0,3.0,0.0,172.0,72.0,5.0
25599,2021-12-02 15:00:00,586.55,937.0,46.0,3.0,0.0,182.0,75.0,5.0
25600,2021-12-02 16:00:00,580.59,942.0,47.0,3.0,0.0,196.0,75.0,5.0
25601,2021-12-02 17:00:00,582.72,942.0,48.0,3.0,0.0,191.0,75.0,5.0
25602,2021-12-02 18:00:00,586.17,949.0,47.0,3.0,0.0,185.0,76.0,5.0
25603,2021-12-02 19:00:00,593.83,943.0,47.0,3.0,0.0,166.0,77.0,5.0
25604,2021-12-02 20:00:00,586.32,940.0,47.0,3.0,0.0,181.0,77.0,5.0
25605,2021-12-02 21:00:00,593.08,941.0,47.0,3.0,0.0,168.0,76.0,5.0
25606,2021-12-02 22:00:00,599.72,946.0,46.0,3.0,0.0,156.0,76.0,5.0
25607,2021-12-02 23:00:00,583.48,781.0,47.0,3.0,0.0,140.0,76.0,5.0
25608,2021-12-03 00:00:00,559.58,663.0,49.0,3.0,0.0,145.0,73.0,5.0
25609,2021-12-03 01:00:00,556.39,672.0,48.0,3.0,0.0,154.0,73.0,5.0
25610,2021-12-03 02:00:00,545.98,674.0,48.0,3.0,0.0,174.0,72.0,5.0
25611,2021-12-03 03:00:00,543.64,676.0,48.0,3.0,0.0,177.0,74.0,5.0
25612,2021-12-03 04:00:00,569.92,813.0,49.0,3.0,0.0,178.0,73.0,5.0
25613,2021-12-03 05:00:00,578.26,876.0,48.0,3.0,0.0,183.0,72.0,5.0
25614,2021-12-03 06:00:00,581.48,919.0,47.0,3.0,0.0,190.0,72.0,5.0
25615,2021-12-03 07:00:00,586.75,916.0,47.0,3.0,1.0,177.0,72.0,5.0
25616,2021-12-03 08:00:00,595.99,918.0,46.0,3.0,3.0,158.0,71.0,5.0
25617,2021-12-03 09:00:00,607.34,920.0,46.0,3.0,4.0,135.0,71.0,5.0
25618,2021-12-03 10:00:00,612.06,918.0,47.0,3.0,4.0,124.0,72.0,5.0
25619,2021-12-03 11:00:00,626.49,920.0,48.0,3.0,3.0,98.0,72.0,5.0
25620,2021-12-03 12:00:00,634.09,931.0,49.0,3.0,1.0,87.0,73.0,5.0
25621,2021-12-03 13:00:00,637.32,931.0,47.0,3.0,0.0,82.0,74.0,5.0
25622,2021-12-03 14:00:00,644.81,926.0,49.0,3.0,0.0,64.0,77.0,5.0
25623,2021-12-03 15:00:00,650.74,930.0,50.0,3.0,0.0,53.0,78.0,5.0
25624,2021-12-03 16:00:00,652.31,930.0,53.0,3.0,0.0,49.0,78.0,5.0
25625,2021-12-03 17:00:00,653.81,915.0,53.0,3.0,0.0,42.0,80.0,5.0
25626,2021-12-03 18:00:00,660.42,929.0,51.0,3.0,0.0,36.0,78.0,5.0
25627,2021-12-03 19:00:00,652.93,885.0,52.0,3.0,0.0,40.0,79.0,5.0
25628,2021-12-03 20:00:00,611.46,569.0,53.0,3.0,0.0,41.0,73.0,5.0
25629,2021-12-03 21:00:00,616.99,546.0,53.0,3.0,0.0,30.0,72.0,5.0
25630,2021-12-03 22:00:00,620.96,535.0,53.0,3.0,0.0,25.0,70.0,5.0
25631,2021-12-03 23:00:00,614.48,462.0,53.0,3.0,0.0,21.0,64.0,5.0
25632,2021-12-04 00:00:00,597.26,394.0,53.0,3.0,0.0,22.0,62.0,5.0
25633,2021-12-04 01:00:00,609.3,446.0,51.0,3.0,0.0,23.0,64.0,5.0
25634,2021-12-04 02:00:00,609.86,462.0,52.0,3.0,0.0,23.0,67.0,5.0
25635,2021-12-04 03:00:00,608.53,443.0,51.0,3.0,0.0,19.0,68.0,5.0
25636,2021-12-04 04:00:00,615.56,487.0,50.0,3.0,0.0,23.0,68.0,5.0
25637,2021-12-04 05:00:00,640.33,595.0,49.0,3.0,0.0,19.0,68.0,5.0
25638,2021-12-04 06:00:00,662.38,722.0,47.0,3.0,0.0,14.0,68.0,5.0
25639,2021-12-04 07:00:00,670.19,815.0,48.0,3.0,1.0,15.0,68.0,5.0
25640,2021-12-04 08:00:00,675.28,860.0,49.0,3.0,3.0,11.0,68.0,5.0
25641,2021-12-04 09:00:00,675.36,861.0,49.0,3.0,4.0,10.0,68.0,5.0
25642,2021-12-04 10:00:00,673.78,854.0,50.0,3.0,5.0,10.0,68.0,5.0
25643,2021-12-04 11:00:00,674.19,863.0,49.0,3.0,4.0,12.0,68.0,5.0
25644,2021-12-04 12:00:00,661.15,848.0,48.0,3.0,2.0,31.0,69.0,5.0
25645,2021-12-04 13:00:00,656.92,845.0,48.0,3.0,0.0,39.0,69.0,5.0
25646,2021-12-04 14:00:00,654.96,860.0,49.0,3.0,0.0,47.0,66.0,5.0
25647,2021-12-04 15:00:00,642.98,859.0,49.0,3.0,0.0,62.0,70.0,5.0
25648,2021-12-04 16:00:00,642.23,850.0,48.0,3.0,0.0,60.0,72.0,5.0
25649,2021-12-04 17:00:00,653.1,849.0,47.0,3.0,0.0,44.0,71.0,5.0
25650,2021-12-04 18:00:00,661.28,856.0,48.0,3.0,0.0,33.0,70.0,5.0
25651,2021-12-04 19:00:00,662.68,857.0,48.0,3.0,0.0,31.0,70.0,5.0
25652,2021-12-04 20:00:00,657.6,759.0,47.0,3.0,0.0,24.0,70.0,5.0
25653,2021-12-04 21:00:00,648.54,666.0,44.0,3.0,0.0,22.0,70.0,5.0
25654,2021-12-04 22:00:00,644.18,649.0,45.0,3.0,0.0,25.0,69.0,5.0
25655,2021-12-04 23:00:00,622.11,536.0,43.0,3.0,0.0,31.0,67.0,5.0
25656,2021-12-05 00:00:00,605.41,462.0,43.0,3.0,0.0,31.0,67.0,5.0
25657,2021-12-05 01:00:00,593.24,453.0,43.0,3.0,0.0,42.0,66.0,5.0
25658,2021-12-05 02:00:00,591.71,465.0,43.0,3.0,0.0,48.0,65.0,5.0
25659,2021-12-05 03:00:00,580.98,463.0,43.0,3.0,0.0,57.0,67.0,5.0
25660,2021-12-05 04:00:00,593.1,476.0,42.0,3.0,0.0,48.0,67.0,5.0
25661,2021-12-05 05:00:00,599.79,478.0,43.0,3.0,0.0,41.0,67.0,5.0
25662,2021-12-05 06:00:00,598.39,503.0,41.0,3.0,0.0,50.0,67.0,5.0
25663,2021-12-05 07:00:00,609.07,577.0,40.0,3.0,1.0,57.0,66.0,5.0
25664,2021-12-05 08:00:00,639.0,772.0,42.0,3.0,4.0,56.0,65.0,5.0
25665,2021-12-05 09:00:00,651.58,845.0,44.0,3.0,7.0,47.0,64.0,5.0
25666,2021-12-05 10:00:00,652.99,847.0,42.0,3.0,8.0,45.0,64.0,5.0
25667,2021-12-05 11:00:00,655.52,832.0,39.0,3.0,6.0,41.0,65.0,5.0
25668,2021-12-05 12:00:00,654.48,847.0,39.0,3.0,2.0,49.0,65.0,5.0
25669,2021-12-05 13:00:00,651.9,853.0,39.0,3.0,0.0,55.0,66.0,5.0
25670,2021-12-05 14:00:00,648.66,855.0,40.0,3.0,0.0,56.0,70.0,5.0
25671,2021-12-05 15:00:00,641.84,843.0,37.0,3.0,0.0,68.0,68.0,5.0
25672,2021-12-05 16:00:00,641.42,851.0,35.0,3.0,0.0,73.0,66.0,5.0
25673,2021-12-05 17:00:00,640.52,837.0,37.0,3.0,0.0,70.0,67.0,5.0
25674,2021-12-05 18:00:00,643.45,825.0,28.0,3.0,0.0,67.0,67.0,5.0
25675,2021-12-05 19:00:00,641.54,826.0,26.0,3.0,0.0,72.0,66.0,5.0
25676,2021-12-05 20:00:00,648.73,843.0,21.0,3.0,0.0,66.0,66.0,5.0
25677,2021-12-05 21:00:00,642.91,761.0,19.0,3.0,0.0,64.0,63.0,5.0
25678,2021-12-05 22:00:00,641.88,753.0,19.0,3.0,0.0,64.0,63.0,5.0
25679,2021-12-05 23:00:00,633.37,755.0,18.0,3.0,0.0,79.0,61.0,5.0
25680,2021-12-06 00:00:00,626.85,757.0,18.0,3.0,0.0,90.0,60.0,5.0
25681,2021-12-06 01:00:00,638.06,759.0,18.0,3.0,0.0,73.0,61.0,5.0
25682,2021-12-06 02:00:00,640.6,741.0,18.0,3.0,0.0,66.0,61.0,5.0
25683,2021-12-06 03:00:00,640.88,757.0,17.0,3.0,0.0,66.0,64.0,5.0
25684,2021-12-06 04:00:00,653.57,834.0,12.0,3.0,0.0,63.0,64.0,5.0
25685,2021-12-06 05:00:00,654.37,843.0,8.0,3.0,0.0,63.0,66.0,5.0
25686,2021-12-06 06:00:00,660.39,860.0,7.0,3.0,0.0,57.0,66.0,5.0
25687,2021-12-06 07:00:00,657.51,844.0,9.0,3.0,1.0,58.0,65.0,5.0
25688,2021-12-06 08:00:00,662.41,846.0,9.0,3.0,3.0,49.0,65.0,5.0
25689,2021-12-06 09:00:00,675.19,830.0,10.0,3.0,6.0,23.0,67.0,5.0
25690,2021-12-06 10:00:00,684.84,837.0,11.0,3.0,7.0,9.0,67.0,5.0
25691,2021-12-06 11:00:00,688.96,843.0,11.0,3.0,6.0,6.0,66.0,5.0
25692,2021-12-06 12:00:00,690.53,849.0,12.0,3.0,2.0,8.0,66.0,5.0
25693,2021-12-06 13:00:00,687.77,818.0,11.0,3.0,0.0,10.0,67.0,5.0
25694,2021-12-06 14:00:00,684.26,843.0,12.0,3.0,0.0,15.0,69.0,5.0
25695,2021-12-06 15:00:00,675.16,829.0,12.0,3.0,0.0,27.0,68.0,5.0
25696,2021-12-06 16:00:00,678.27,840.0,12.0,3.0,0.0,24.0,68.0,5.0
25697,2021-12-06 17:00:00,687.09,842.0,12.0,3.0,0.0,10.0,70.0,5.0
25698,2021-12-06 18:00:00,684.57,842.0,13.0,3.0,0.0,13.0,70.0,5.0
25699,2021-12-06 19:00:00,690.51,838.0,14.0,3.0,0.0,5.0,69.0,5.0
25700,2021-12-06 20:00:00,693.28,836.0,12.0,3.0,0.0,2.0,69.0,5.0
25701,2021-12-06 21:00:00,691.99,838.0,14.0,3.0,0.0,3.0,69.0,5.0
25702,2021-12-06 22:00:00,694.2,844.0,11.0,3.0,0.0,3.0,68.0,5.0
25703,2021-12-06 23:00:00,689.24,759.0,11.0,3.0,0.0,3.0,66.0,5.0
25704,2021-12-07 00:00:00,689.55,753.0,11.0,3.0,0.0,4.0,64.0,5.0
25705,2021-12-07 01:00:00,687.81,751.0,13.0,3.0,0.0,5.0,64.0,5.0
25706,2021-12-07 02:00:00,687.51,765.0,13.0,3.0,0.0,8.0,63.0,4.0
25707,2021-12-07 03:00:00,686.64,772.0,13.0,3.0,0.0,9.0,64.0,3.0
25708,2021-12-07 04:00:00,685.78,767.0,12.0,3.0,0.0,10.0,64.0,3.0
25709,2021-12-07 05:00:00,687.71,820.0,12.0,3.0,0.0,10.0,67.0,4.0
25710,2021-12-07 06:00:00,686.93,840.0,12.0,3.0,0.0,12.0,68.0,5.0
25711,2021-12-07 07:00:00,680.54,850.0,12.0,3.0,1.0,22.0,67.0,5.0
25712,2021-12-07 08:00:00,676.21,832.0,14.0,3.0,3.0,23.0,67.0,5.0
25713,2021-12-07 09:00:00,671.85,843.0,22.0,3.0,6.0,24.0,67.0,5.0
25714,2021-12-07 10:00:00,657.58,762.0,23.0,3.0,7.0,29.0,69.0,5.0
25715,2021-12-07 11:00:00,651.18,741.0,24.0,3.0,5.0,37.0,68.0,4.0
25716,2021-12-07 12:00:00,650.01,772.0,28.0,3.0,2.0,44.0,69.0,5.0
25717,2021-12-07 13:00:00,652.54,812.0,28.0,3.0,0.0,48.0,70.0,5.0
25718,2021-12-07 14:00:00,651.52,857.0,28.0,3.0,0.0,55.0,72.0,5.0
25719,2021-12-07 15:00:00,647.2,831.0,31.0,3.0,0.0,56.0,72.0,5.0
25720,2021-12-07 16:00:00,641.12,820.0,32.0,3.0,0.0,64.0,71.0,5.0
25721,2021-12-07 17:00:00,643.71,843.0,30.0,3.0,0.0,66.0,70.0,5.0
25722,2021-12-07 18:00:00,648.85,850.0,28.0,3.0,0.0,61.0,69.0,5.0
25723,2021-12-07 19:00:00,650.87,856.0,30.0,3.0,0.0,62.0,65.0,5.0
25724,2021-12-07 20:00:00,660.42,847.0,32.0,3.0,0.0,44.0,66.0,5.0
25725,2021-12-07 21:00:00,667.2,848.0,32.0,3.0,0.0,34.0,66.0,5.0
25726,2021-12-07 22:00:00,670.4,850.0,31.0,3.0,0.0,31.0,65.0,5.0
25727,2021-12-07 23:00:00,669.82,847.0,32.0,3.0,0.0,31.0,65.0,5.0
25728,2021-12-08 00:00:00,666.64,846.0,31.0,3.0,0.0,37.0,64.0,5.0
25729,2021-12-08 01:00:00,666.47,845.0,29.0,3.0,0.0,38.0,64.0,5.0
25730,2021-12-08 02:00:00,673.18,847.0,30.0,3.0,0.0,29.0,63.0,5.0
25731,2021-12-08 03:00:00,674.65,848.0,30.0,3.0,0.0,26.0,64.0,5.0
25732,2021-12-08 04:00:00,679.63,848.0,30.0,3.0,0.0,19.0,64.0,4.0
25733,2021-12-08 05:00:00,680.14,847.0,30.0,3.0,0.0,15.0,67.0,5.0
25734,2021-12-08 06:00:00,676.24,846.0,31.0,3.0,0.0,18.0,69.0,5.0
25735,2021-12-08 07:00:00,680.42,845.0,33.0,3.0,1.0,10.0,69.0,5.0
25736,2021-12-08 08:00:00,683.43,848.0,31.0,3.0,2.0,6.0,69.0,5.0
25737,2021-12-08 09:00:00,681.23,851.0,32.0,3.0,3.0,8.0,69.0,5.0
25738,2021-12-08 10:00:00,679.25,844.0,32.0,3.0,4.0,9.0,69.0,5.0
25739,2021-12-08 11:00:00,677.53,844.0,33.0,3.0,3.0,12.0,69.0,5.0
25740,2021-12-08 12:00:00,680.61,852.0,32.0,3.0,1.0,13.0,67.0,5.0
25741,2021-12-08 13:00:00,680.6,844.0,30.0,3.0,0.0,11.0,70.0,5.0
25742,2021-12-08 14:00:00,673.85,846.0,32.0,3.0,0.0,16.0,74.0,5.0
25743,2021-12-08 15:00:00,674.04,849.0,30.0,3.0,0.0,17.0,74.0,5.0
25744,2021-12-08 16:00:00,675.98,851.0,31.0,3.0,0.0,15.0,73.0,5.0
25745,2021-12-08 17:00:00,671.42,847.0,29.0,3.0,0.0,20.0,75.0,5.0
25746,2021-12-08 18:00:00,671.23,849.0,28.0,3.0,0.0,22.0,74.0,5.0
25747,2021-12-08 19:00:00,672.4,851.0,27.0,3.0,0.0,24.0,71.0,5.0
25748,2021-12-08 20:00:00,669.84,848.0,30.0,3.0,0.0,28.0,69.0,5.0
25749,2021-12-08 21:00:00,667.67,845.0,34.0,3.0,0.0,30.0,68.0,5.0
25750,2021-12-08 22:00:00,664.22,845.0,32.0,3.0,0.0,37.0,67.0,5.0
25751,2021-12-08 23:00:00,659.61,823.0,31.0,3.0,0.0,42.0,66.0,5.0
25752,2021-12-09 00:00:00,655.88,826.0,31.0,3.0,0.0,49.0,65.0,5.0
25753,2021-12-09 01:00:00,660.42,816.0,35.0,3.0,0.0,40.0,64.0,5.0
25754,2021-12-09 02:00:00,672.07,811.0,32.0,3.0,0.0,37.0,51.0,5.0
25755,2021-12-09 03:00:00,664.11,830.0,32.0,3.0,0.0,39.0,63.0,5.0
25756,2021-12-09 04:00:00,658.99,846.0,32.0,3.0,0.0,48.0,64.0,5.0
25757,2021-12-09 05:00:00,652.09,846.0,31.0,3.0,0.0,58.0,65.0,5.0
25758,2021-12-09 06:00:00,646.79,847.0,32.0,3.0,0.0,66.0,65.0,5.0
25759,2021-12-09 07:00:00,635.18,846.0,33.0,3.0,1.0,83.0,65.0,5.0
25760,2021-12-09 08:00:00,631.75,845.0,34.0,3.0,3.0,86.0,65.0,5.0
25761,2021-12-09 09:00:00,639.19,835.0,34.0,3.0,4.0,72.0,64.0,5.0
25762,2021-12-09 10:00:00,640.37,845.0,34.0,3.0,5.0,71.0,64.0,5.0
25763,2021-12-09 11:00:00,643.25,846.0,33.0,3.0,4.0,66.0,66.0,5.0
25764,2021-12-09 12:00:00,628.96,842.0,34.0,3.0,2.0,91.0,65.0,5.0
25765,2021-12-09 13:00:00,614.8,842.0,34.0,3.0,0.0,116.0,66.0,5.0
25766,2021-12-09 14:00:00,601.18,840.0,33.0,3.0,0.0,138.0,68.0,5.0
25767,2021-12-09 15:00:00,607.33,840.0,33.0,3.0,0.0,126.0,69.0,5.0
25768,2021-12-09 16:00:00,604.03,839.0,32.0,3.0,0.0,132.0,69.0,5.0
25769,2021-12-09 17:00:00,598.26,842.0,30.0,3.0,0.0,145.0,68.0,5.0
25770,2021-12-09 18:00:00,598.87,847.0,28.0,3.0,0.0,147.0,67.0,5.0
25771,2021-12-09 19:00:00,599.69,825.0,27.0,3.0,0.0,140.0,67.0,5.0
25772,2021-12-09 20:00:00,604.66,846.0,26.0,3.0,0.0,137.0,67.0,5.0
25773,2021-12-09 21:00:00,618.7,846.0,27.0,3.0,0.0,112.0,67.0,5.0
25774,2021-12-09 22:00:00,615.6,842.0,28.0,3.0,0.0,118.0,65.0,5.0
25775,2021-12-09 23:00:00,586.87,743.0,30.0,3.0,0.0,140.0,65.0,5.0
25776,2021-12-10 00:00:00,578.94,719.0,30.0,3.0,0.0,148.0,63.0,5.0
25777,2021-12-10 01:00:00,581.85,725.0,30.0,3.0,0.0,144.0,64.0,5.0
25778,2021-12-10 02:00:00,590.28,735.0,30.0,3.0,0.0,134.0,63.0,5.0
25779,2021-12-10 03:00:00,587.81,736.0,31.0,3.0,0.0,135.0,66.0,5.0
25780,2021-12-10 04:00:00,595.95,754.0,30.0,3.0,0.0,127.0,66.0,5.0
25781,2021-12-10 05:00:00,590.27,751.0,29.0,3.0,0.0,136.0,66.0,5.0
25782,2021-12-10 06:00:00,605.0,810.0,29.0,3.0,0.0,127.0,66.0,5.0
25783,2021-12-10 07:00:00,603.52,831.0,29.0,3.0,0.0,136.0,65.0,5.0
25784,2021-12-10 08:00:00,595.66,832.0,30.0,3.0,1.0,145.0,69.0,5.0
25785,2021-12-10 09:00:00,584.55,839.0,32.0,3.0,2.0,163.0,72.0,5.0
25786,2021-12-10 10:00:00,598.77,918.0,34.0,3.0,2.0,156.0,73.0,5.0
25787,2021-12-10 11:00:00,607.57,927.0,34.0,3.0,1.0,141.0,74.0,5.0
25788,2021-12-10 12:00:00,600.42,873.0,36.0,3.0,1.0,142.0,72.0,5.0
25789,2021-12-10 13:00:00,595.02,854.0,36.0,3.0,0.0,146.0,74.0,5.0
25790,2021-12-10 14:00:00,589.55,841.0,35.0,3.0,0.0,152.0,75.0,5.0
25791,2021-12-10 15:00:00,575.91,794.0,33.0,3.0,0.0,163.0,76.0,5.0
25792,2021-12-10 16:00:00,584.93,836.0,33.0,3.0,0.0,159.0,76.0,5.0
25793,2021-12-10 17:00:00,586.2,845.0,31.0,3.0,0.0,159.0,77.0,5.0
25794,2021-12-10 18:00:00,593.56,874.0,29.0,3.0,0.0,154.0,77.0,5.0
25795,2021-12-10 19:00:00,591.78,814.0,22.0,3.0,0.0,145.0,75.0,5.0
25796,2021-12-10 20:00:00,599.55,819.0,13.0,3.0,0.0,137.0,74.0,5.0
25797,2021-12-10 21:00:00,583.56,737.0,13.0,3.0,0.0,141.0,74.0,5.0
25798,2021-12-10 22:00:00,575.37,721.0,15.0,3.0,0.0,149.0,74.0,5.0
25799,2021-12-10 23:00:00,586.98,760.0,16.0,3.0,0.0,141.0,74.0,5.0
25800,2021-12-11 00:00:00,591.58,764.0,17.0,3.0,0.0,137.0,71.0,5.0
25801,2021-12-11 01:00:00,588.74,762.0,23.0,3.0,0.0,138.0,72.0,5.0
25802,2021-12-11 02:00:00,595.7,766.0,24.0,3.0,0.0,127.0,72.0,5.0
25803,2021-12-11 03:00:00,597.84,763.0,23.0,3.0,0.0,121.0,74.0,5.0
25804,2021-12-11 04:00:00,596.06,755.0,25.0,3.0,0.0,120.0,75.0,5.0
25805,2021-12-11 05:00:00,604.15,758.0,24.0,3.0,0.0,109.0,74.0,5.0
25806,2021-12-11 06:00:00,612.76,755.0,23.0,3.0,0.0,96.0,73.0,5.0
25807,2021-12-11 07:00:00,617.85,757.0,22.0,3.0,0.0,90.0,72.0,5.0
25808,2021-12-11 08:00:00,623.59,755.0,24.0,3.0,1.0,78.0,73.0,5.0
25809,2021-12-11 09:00:00,630.72,762.0,26.0,3.0,2.0,66.0,74.0,5.0
25810,2021-12-11 10:00:00,634.12,755.0,25.0,3.0,2.0,59.0,75.0,5.0
25811,2021-12-11 11:00:00,635.21,758.0,25.0,3.0,2.0,57.0,76.0,5.0
25812,2021-12-11 12:00:00,646.74,840.0,27.0,3.0,1.0,55.0,76.0,5.0
25813,2021-12-11 13:00:00,645.4,817.0,27.0,3.0,0.0,54.0,76.0,5.0
25814,2021-12-11 14:00:00,649.94,828.0,27.0,3.0,0.0,48.0,77.0,5.0
25815,2021-12-11 15:00:00,649.86,839.0,27.0,3.0,0.0,48.0,79.0,5.0
25816,2021-12-11 16:00:00,647.97,842.0,28.0,3.0,0.0,50.0,80.0,5.0
25817,2021-12-11 17:00:00,647.66,840.0,26.0,3.0,0.0,50.0,81.0,5.0
25818,2021-12-11 18:00:00,650.35,841.0,26.0,3.0,0.0,48.0,79.0,5.0
25819,2021-12-11 19:00:00,654.8,839.0,28.0,3.0,0.0,40.0,79.0,5.0
25820,2021-12-11 20:00:00,645.47,758.0,28.0,3.0,0.0,40.0,79.0,5.0
25821,2021-12-11 21:00:00,643.04,750.0,28.0,3.0,0.0,42.0,79.0,5.0
25822,2021-12-11 22:00:00,644.84,733.0,29.0,3.0,0.0,38.0,77.0,5.0
25823,2021-12-11 23:00:00,636.69,656.0,30.0,3.0,0.0,34.0,77.0,5.0
25824,2021-12-12 00:00:00,628.15,561.0,30.0,3.0,0.0,28.0,74.0,5.0
25825,2021-12-12 01:00:00,627.17,535.0,29.0,3.0,0.0,25.0,73.0,5.0
25826,2021-12-12 02:00:00,630.38,539.0,30.0,3.0,0.0,23.0,72.0,5.0
25827,2021-12-12 03:00:00,629.35,500.0,30.0,3.0,0.0,16.0,72.0,5.0
25828,2021-12-12 04:00:00,635.33,530.0,30.0,3.0,0.0,14.0,74.0,5.0
25829,2021-12-12 05:00:00,646.92,603.0,30.0,3.0,0.0,14.0,75.0,5.0
25830,2021-12-12 06:00:00,644.97,605.0,29.0,3.0,0.0,17.0,75.0,5.0
25831,2021-12-12 07:00:00,645.0,586.0,28.0,3.0,1.0,14.0,74.0,5.0
25832,2021-12-12 08:00:00,659.65,714.0,25.0,3.0,3.0,15.0,76.0,5.0
25833,2021-12-12 09:00:00,661.44,765.0,28.0,3.0,5.0,16.0,77.0,5.0
25834,2021-12-12 10:00:00,662.92,765.0,28.0,3.0,6.0,13.0,77.0,5.0
25835,2021-12-12 11:00:00,665.02,774.0,29.0,3.0,4.0,12.0,78.0,5.0
25836,2021-12-12 12:00:00,665.12,771.0,30.0,3.0,2.0,15.0,76.0,5.0
25837,2021-12-12 13:00:00,664.27,773.0,31.0,3.0,0.0,18.0,76.0,5.0
25838,2021-12-12 14:00:00,667.63,806.0,31.0,3.0,0.0,15.0,79.0,5.0
25839,2021-12-12 15:00:00,669.23,848.0,32.0,3.0,0.0,17.0,80.0,5.0
25840,2021-12-12 16:00:00,668.71,853.0,33.0,3.0,0.0,17.0,81.0,5.0
25841,2021-12-12 17:00:00,670.83,854.0,33.0,3.0,0.0,15.0,80.0,5.0
25842,2021-12-12 18:00:00,679.79,936.0,30.0,3.0,0.0,15.0,78.0,5.0
25843,2021-12-12 19:00:00,673.87,874.0,31.0,3.0,0.0,16.0,78.0,5.0
25844,2021-12-12 20:00:00,675.08,884.0,32.0,3.0,0.0,15.0,78.0,5.0
25845,2021-12-12 21:00:00,672.36,849.0,31.0,3.0,0.0,15.0,78.0,5.0
25846,2021-12-12 22:00:00,671.42,831.0,31.0,3.0,0.0,16.0,76.0,5.0
25847,2021-12-12 23:00:00,655.92,685.0,30.0,3.0,0.0,18.0,74.0,5.0
25848,2021-12-13 00:00:00,640.92,620.0,30.0,3.0,0.0,26.0,73.0,5.0
25849,2021-12-13 01:00:00,641.72,612.0,29.0,3.0,0.0,25.0,72.0,5.0
25850,2021-12-13 02:00:00,647.39,620.0,31.0,3.0,0.0,20.0,71.0,5.0
25851,2021-12-13 03:00:00,647.06,644.0,30.0,3.0,0.0,23.0,73.0,5.0
25852,2021-12-13 04:00:00,661.25,819.0,31.0,3.0,0.0,32.0,73.0,5.0
25853,2021-12-13 05:00:00,663.89,883.0,32.0,3.0,0.0,36.0,74.0,5.0
25854,2021-12-13 06:00:00,667.17,918.0,36.0,3.0,0.0,34.0,74.0,5.0
25855,2021-12-13 07:00:00,666.81,921.0,36.0,3.0,1.0,35.0,73.0,5.0
25856,2021-12-13 08:00:00,657.27,918.0,34.0,3.0,5.0,45.0,75.0,5.0
25857,2021-12-13 09:00:00,653.98,916.0,32.0,3.0,9.0,47.0,75.0,5.0
25858,2021-12-13 10:00:00,653.95,920.0,29.0,3.0,9.0,53.0,71.0,5.0
25859,2021-12-13 11:00:00,653.13,918.0,34.0,3.0,7.0,50.0,75.0,4.0
25860,2021-12-13 12:00:00,658.71,918.0,38.0,3.0,3.0,43.0,75.0,4.0
25861,2021-12-13 13:00:00,654.07,918.0,37.0,3.0,0.0,54.0,75.0,5.0
25862,2021-12-13 14:00:00,645.37,918.0,34.0,3.0,0.0,68.0,77.0,5.0
25863,2021-12-13 15:00:00,642.99,923.0,34.0,3.0,0.0,72.0,78.0,5.0
25864,2021-12-13 16:00:00,639.4,925.0,45.0,3.0,0.0,74.0,78.0,5.0
25865,2021-12-13 17:00:00,638.82,914.0,52.0,3.0,0.0,68.0,80.0,5.0
25866,2021-12-13 18:00:00,625.75,816.0,53.0,3.0,0.0,70.0,80.0,5.0
25867,2021-12-13 19:00:00,622.25,808.0,53.0,3.0,0.0,76.0,78.0,5.0
25868,2021-12-13 20:00:00,619.71,793.0,55.0,3.0,0.0,77.0,77.0,5.0
25869,2021-12-13 21:00:00,618.49,765.0,49.0,3.0,0.0,85.0,67.0,5.0
25870,2021-12-13 22:00:00,615.64,756.0,55.0,3.0,0.0,94.0,58.0,5.0
25871,2021-12-13 23:00:00,595.11,715.0,58.0,3.0,0.0,117.0,56.0,5.0
25872,2021-12-14 00:00:00,581.48,702.0,59.0,3.0,0.0,136.0,55.0,5.0
25873,2021-12-14 01:00:00,579.19,691.0,60.0,3.0,0.0,135.0,56.0,5.0
25874,2021-12-14 02:00:00,580.57,708.0,60.0,3.0,0.0,139.0,55.0,5.0
25875,2021-12-14 03:00:00,582.22,717.0,60.0,3.0,0.0,138.0,56.0,5.0
25876,2021-12-14 04:00:00,592.25,806.0,59.0,3.0,0.0,147.0,56.0,5.0
25877,2021-12-14 05:00:00,593.93,879.0,60.0,3.0,0.0,163.0,57.0,5.0
25878,2021-12-14 06:00:00,594.29,934.0,59.0,3.0,0.0,179.0,56.0,5.0
25879,2021-12-14 07:00:00,603.22,1026.0,58.0,3.0,2.0,184.0,55.0,5.0
25880,2021-12-14 08:00:00,578.82,958.0,55.0,3.0,5.0,215.0,57.0,5.0
25881,2021-12-14 09:00:00,579.09,935.0,50.0,3.0,7.0,207.0,57.0,5.0
25882,2021-12-14 10:00:00,580.58,931.0,57.0,3.0,6.0,200.0,58.0,5.0
25883,2021-12-14 11:00:00,591.75,914.0,58.0,3.0,4.0,173.0,58.0,5.0
25884,2021-12-14 12:00:00,606.83,902.0,60.0,3.0,1.0,142.0,58.0,5.0
25885,2021-12-14 13:00:00,625.59,910.0,59.0,3.0,0.0,110.0,58.0,5.0
25886,2021-12-14 14:00:00,635.54,933.0,58.0,3.0,0.0,94.0,61.0,5.0
25887,2021-12-14 15:00:00,636.56,955.0,59.0,3.0,0.0,95.0,62.0,5.0
25888,2021-12-14 16:00:00,630.05,925.0,59.0,3.0,0.0,103.0,60.0,5.0
25889,2021-12-14 17:00:00,629.11,1010.0,60.0,3.0,0.0,121.0,61.0,5.0
25890,2021-12-14 18:00:00,619.28,966.0,60.0,3.0,0.0,129.0,63.0,5.0
25891,2021-12-14 19:00:00,629.3,930.0,60.0,3.0,0.0,103.0,62.0,5.0
25892,2021-12-14 20:00:00,620.36,796.0,59.0,3.0,0.0,91.0,61.0,5.0
25893,2021-12-14 21:00:00,620.67,760.0,60.0,3.0,0.0,84.0,59.0,5.0
25894,2021-12-14 22:00:00,613.17,727.0,65.0,3.0,0.0,86.0,59.0,5.0
25895,2021-12-14 23:00:00,614.08,695.0,65.0,3.0,0.0,78.0,58.0,5.0
25896,2021-12-15 00:00:00,616.48,717.0,64.0,3.0,0.0,82.0,56.0,5.0
25897,2021-12-15 01:00:00,617.09,721.0,64.0,3.0,0.0,82.0,56.0,5.0
25898,2021-12-15 02:00:00,622.84,721.0,65.0,3.0,0.0,75.0,54.0,5.0
25899,2021-12-15 03:00:00,602.19,653.0,62.0,3.0,0.0,91.0,53.0,5.0
25900,2021-12-15 04:00:00,604.08,676.0,60.0,3.0,0.0,94.0,54.0,5.0
25901,2021-12-15 05:00:00,627.89,874.0,62.0,3.0,0.0,97.0,58.0,5.0
25902,2021-12-15 06:00:00,625.53,919.0,64.0,3.0,0.0,110.0,58.0,5.0
25903,2021-12-15 07:00:00,618.25,931.0,65.0,3.0,2.0,124.0,58.0,5.0
25904,2021-12-15 08:00:00,592.49,892.0,64.0,3.0,5.0,162.0,58.0,5.0
25905,2021-12-15 09:00:00,584.65,893.0,62.0,3.0,8.0,177.0,57.0,4.0
25906,2021-12-15 10:00:00,582.35,872.0,63.0,3.0,8.0,174.0,58.0,3.0
25907,2021-12-15 11:00:00,596.52,884.0,61.0,3.0,6.0,152.0,58.0,3.0
25908,2021-12-15 12:00:00,608.24,914.0,61.0,3.0,3.0,140.0,58.0,3.0
25909,2021-12-15 13:00:00,602.1,871.0,63.0,3.0,0.0,143.0,58.0,3.0
25910,2021-12-15 14:00:00,604.1,882.0,58.0,3.0,0.0,142.0,60.0,3.0
25911,2021-12-15 15:00:00,596.22,885.0,58.0,3.0,0.0,156.0,62.0,3.0
25912,2021-12-15 16:00:00,594.84,897.0,58.0,3.0,0.0,163.0,61.0,4.0
25913,2021-12-15 17:00:00,594.41,921.0,62.0,3.0,0.0,169.0,61.0,5.0
25914,2021-12-15 18:00:00,576.49,846.0,65.0,3.0,0.0,176.0,67.0,5.0
25915,2021-12-15 19:00:00,532.66,629.0,65.0,3.0,0.0,172.0,74.0,5.0
25916,2021-12-15 20:00:00,541.62,582.0,66.0,3.0,0.0,136.0,75.0,4.0
25917,2021-12-15 21:00:00,556.97,578.0,65.0,3.0,0.0,113.0,73.0,4.0
25918,2021-12-15 22:00:00,566.52,582.0,60.0,3.0,0.0,104.0,71.0,3.0
25919,2021-12-15 23:00:00,570.69,581.0,59.0,3.0,0.0,99.0,70.0,3.0
25920,2021-12-16 00:00:00,583.66,597.0,61.0,3.0,0.0,88.0,67.0,3.0
25921,2021-12-16 01:00:00,573.0,584.0,61.0,3.0,0.0,99.0,67.0,4.0
25922,2021-12-16 02:00:00,567.9,586.0,61.0,3.0,0.0,110.0,64.0,3.0
25923,2021-12-16 03:00:00,536.96,585.0,65.0,3.0,0.0,153.0,67.0,3.0
25924,2021-12-16 04:00:00,522.19,593.0,63.0,3.0,0.0,182.0,67.0,3.0
25925,2021-12-16 05:00:00,558.58,802.0,66.0,3.0,0.0,192.0,72.0,3.0
25926,2021-12-16 06:00:00,580.88,908.0,66.0,3.0,0.0,180.0,73.0,3.0
25927,2021-12-16 07:00:00,583.05,956.0,55.0,3.0,3.0,189.0,75.0,3.0
25928,2021-12-16 08:00:00,557.45,891.0,59.0,3.0,13.0,213.0,75.0,3.0
25929,2021-12-16 09:00:00,534.79,850.0,59.0,3.0,30.0,232.0,75.0,3.0
25930,2021-12-16 10:00:00,526.53,815.0,56.0,3.0,41.0,231.0,70.0,3.0
25931,2021-12-16 11:00:00,538.99,820.0,62.0,3.0,33.0,214.0,67.0,3.0
25932,2021-12-16 12:00:00,537.39,740.0,57.0,3.0,12.0,206.0,68.0,3.0
25933,2021-12-16 13:00:00,537.17,677.0,58.0,3.0,1.0,190.0,69.0,3.0
25934,2021-12-16 14:00:00,565.43,773.0,58.0,3.0,0.0,172.0,71.0,3.0
25935,2021-12-16 15:00:00,571.69,810.0,59.0,3.0,0.0,171.0,72.0,3.0
25936,2021-12-16 16:00:00,563.48,856.0,60.0,3.0,0.0,204.0,71.0,3.0
25937,2021-12-16 17:00:00,562.41,841.0,60.0,3.0,0.0,200.0,72.0,3.0
25938,2021-12-16 18:00:00,550.71,804.0,60.0,3.0,0.0,211.0,72.0,3.0
25939,2021-12-16 19:00:00,539.63,711.0,59.0,3.0,0.0,198.0,71.0,3.0
25940,2021-12-16 20:00:00,513.24,582.0,58.0,3.0,0.0,190.0,71.0,3.0
25941,2021-12-16 21:00:00,478.41,494.0,59.0,3.0,0.0,204.0,71.0,3.0
25942,2021-12-16 22:00:00,496.11,541.0,60.0,3.0,0.0,201.0,69.0,3.0
25943,2021-12-16 23:00:00,482.18,471.0,60.0,3.0,0.0,186.0,69.0,3.0
25944,2021-12-17 00:00:00,492.77,448.0,58.0,3.0,0.0,161.0,65.0,3.0
25945,2021-12-17 01:00:00,515.34,464.0,59.0,3.0,0.0,137.0,64.0,3.0
25946,2021-12-17 02:00:00,532.08,481.0,60.0,3.0,0.0,122.0,63.0,3.0
25947,2021-12-17 03:00:00,532.58,499.0,60.0,3.0,0.0,128.0,64.0,3.0
25948,2021-12-17 04:00:00,542.42,608.0,60.0,3.0,0.0,157.0,65.0,3.0
25949,2021-12-17 05:00:00,591.34,924.0,60.0,3.0,0.0,172.0,66.0,3.0
25950,2021-12-17 06:00:00,611.68,1066.0,59.0,3.0,0.0,165.0,67.0,3.0
25951,2021-12-17 07:00:00,608.11,1062.0,59.0,3.0,2.0,170.0,67.0,3.0
25952,2021-12-17 08:00:00,604.0,1057.0,59.0,3.0,8.0,172.0,67.0,3.0
25953,2021-12-17 09:00:00,603.78,1069.0,58.0,3.0,16.0,167.0,68.0,3.0
25954,2021-12-17 10:00:00,602.83,1053.0,58.0,3.0,22.0,160.0,67.0,3.0
25955,2021-12-17 11:00:00,607.33,1040.0,57.0,3.0,20.0,149.0,67.0,3.0
25956,2021-12-17 12:00:00,619.77,1036.0,60.0,3.0,10.0,129.0,68.0,3.0
25957,2021-12-17 13:00:00,633.62,1070.0,58.0,3.0,1.0,117.0,68.0,3.0
25958,2021-12-17 14:00:00,633.82,1054.0,59.0,3.0,0.0,112.0,70.0,3.0
25959,2021-12-17 15:00:00,626.86,1050.0,58.0,3.0,0.0,126.0,70.0,3.0
25960,2021-12-17 16:00:00,622.32,1052.0,58.0,3.0,0.0,136.0,70.0,3.0
25961,2021-12-17 17:00:00,626.55,1016.0,59.0,3.0,0.0,118.0,71.0,3.0
25962,2021-12-17 18:00:00,627.44,1017.0,60.0,3.0,0.0,116.0,71.0,3.0
25963,2021-12-17 19:00:00,640.46,1000.0,60.0,3.0,0.0,88.0,70.0,3.0
25964,2021-12-17 20:00:00,664.83,1048.0,60.0,3.0,0.0,51.0,69.0,3.0
25965,2021-12-17 21:00:00,649.42,829.0,60.0,3.0,0.0,42.0,70.0,3.0
25966,2021-12-17 22:00:00,621.48,651.0,59.0,3.0,0.0,49.0,69.0,3.0
25967,2021-12-17 23:00:00,562.51,401.0,58.0,3.0,0.0,49.0,69.0,3.0
25968,2021-12-18 00:00:00,561.61,404.0,58.0,3.0,0.0,54.0,66.0,3.0
25969,2021-12-18 01:00:00,526.22,342.0,58.0,3.0,0.0,66.0,66.0,3.0
25970,2021-12-18 02:00:00,505.87,298.0,60.0,3.0,0.0,68.0,63.0,3.0
25971,2021-12-18 03:00:00,507.69,297.0,59.0,3.0,0.0,63.0,66.0,3.0
25972,2021-12-18 04:00:00,498.24,295.0,60.0,3.0,0.0,70.0,67.0,3.0
25973,2021-12-18 05:00:00,495.58,297.0,59.0,3.0,0.0,75.0,66.0,3.0
25974,2021-12-18 06:00:00,527.16,408.0,62.0,3.0,0.0,93.0,66.0,3.0
25975,2021-12-18 07:00:00,533.75,453.0,66.0,3.0,1.0,102.0,66.0,3.0
25976,2021-12-18 08:00:00,530.59,455.0,66.0,3.0,4.0,104.0,66.0,3.0
25977,2021-12-18 09:00:00,508.17,439.0,66.0,3.0,6.0,126.0,65.0,3.0
25978,2021-12-18 10:00:00,478.06,399.0,66.0,3.0,7.0,146.0,65.0,3.0
25979,2021-12-18 11:00:00,488.73,418.0,64.0,3.0,5.0,144.0,65.0,3.0
25980,2021-12-18 12:00:00,490.74,416.0,60.0,3.0,3.0,142.0,66.0,3.0
25981,2021-12-18 13:00:00,490.84,455.0,61.0,3.0,1.0,166.0,65.0,3.0
25982,2021-12-18 14:00:00,465.34,421.0,60.0,3.0,0.0,184.0,68.0,3.0
25983,2021-12-18 15:00:00,465.36,410.0,60.0,3.0,0.0,174.0,71.0,3.0
25984,2021-12-18 16:00:00,464.63,412.0,62.0,3.0,0.0,178.0,69.0,3.0
25985,2021-12-18 17:00:00,455.12,455.0,62.0,3.0,0.0,220.0,71.0,3.0
25986,2021-12-18 18:00:00,423.49,401.0,61.0,3.0,0.0,239.0,70.0,3.0
25987,2021-12-18 19:00:00,394.88,352.0,61.0,3.0,0.0,250.0,70.0,3.0
25988,2021-12-18 20:00:00,370.19,309.0,62.0,3.0,0.0,255.0,69.0,3.0
25989,2021-12-18 21:00:00,373.35,307.0,63.0,3.0,0.0,247.0,69.0,3.0
25990,2021-12-18 22:00:00,367.06,295.0,62.0,3.0,0.0,247.0,68.0,3.0
25991,2021-12-18 23:00:00,358.18,289.0,60.0,3.0,0.0,255.0,70.0,3.0
25992,2021-12-19 00:00:00,366.73,287.0,60.0,3.0,0.0,241.0,66.0,3.0
25993,2021-12-19 01:00:00,361.32,288.0,60.0,3.0,0.0,252.0,66.0,3.0
25994,2021-12-19 02:00:00,364.71,291.0,60.0,3.0,0.0,250.0,65.0,3.0
25995,2021-12-19 03:00:00,361.37,289.0,60.0,3.0,0.0,252.0,67.0,3.0
25996,2021-12-19 04:00:00,365.21,290.0,60.0,3.0,0.0,247.0,66.0,3.0
25997,2021-12-19 05:00:00,372.45,290.0,60.0,3.0,0.0,235.0,65.0,3.0
25998,2021-12-19 06:00:00,384.09,299.0,58.0,3.0,0.0,224.0,65.0,3.0
25999,2021-12-19 07:00:00,390.26,313.0,57.0,3.0,2.0,223.0,67.0,3.0
26000,2021-12-19 08:00:00,386.85,310.0,57.0,3.0,9.0,219.0,67.0,3.0
26001,2021-12-19 09:00:00,397.04,355.0,57.0,3.0,14.0,233.0,72.0,3.0
26002,2021-12-19 10:00:00,390.29,350.0,57.0,3.0,16.0,238.0,73.0,3.0
26003,2021-12-19 11:00:00,402.2,378.0,57.0,3.0,11.0,246.0,73.0,3.0
26004,2021-12-19 12:00:00,403.21,359.0,60.0,3.0,5.0,233.0,73.0,3.0
26005,2021-12-19 13:00:00,406.13,349.0,60.0,3.0,1.0,223.0,73.0,3.0
26006,2021-12-19 14:00:00,453.32,440.0,57.0,3.0,0.0,207.0,78.0,3.0
26007,2021-12-19 15:00:00,488.02,519.0,57.0,3.0,0.0,193.0,80.0,3.0
26008,2021-12-19 16:00:00,502.88,567.0,58.0,3.0,0.0,192.0,80.0,3.0
26009,2021-12-19 17:00:00,489.03,524.0,57.0,3.0,0.0,195.0,79.0,3.0
26010,2021-12-19 18:00:00,503.18,567.0,56.0,3.0,0.0,191.0,81.0,3.0
26011,2021-12-19 19:00:00,478.43,535.0,55.0,3.0,0.0,220.0,80.0,3.0
26012,2021-12-19 20:00:00,450.54,479.0,55.0,3.0,0.0,239.0,78.0,3.0
26013,2021-12-19 21:00:00,430.84,429.0,55.0,3.0,0.0,244.0,74.0,3.0
26014,2021-12-19 22:00:00,421.55,433.0,55.0,3.0,0.0,265.0,74.0,3.0
26015,2021-12-19 23:00:00,434.22,449.0,53.0,3.0,0.0,253.0,74.0,3.0
26016,2021-12-20 00:00:00,453.56,478.0,53.0,3.0,0.0,241.0,70.0,3.0
26017,2021-12-20 01:00:00,475.71,524.0,53.0,3.0,0.0,228.0,71.0,3.0
26018,2021-12-20 02:00:00,482.3,538.0,53.0,3.0,0.0,227.0,68.0,3.0
26019,2021-12-20 03:00:00,509.48,676.0,54.0,3.0,0.0,242.0,73.0,3.0
26020,2021-12-20 04:00:00,550.03,824.0,51.0,3.0,0.0,221.0,74.0,3.0
26021,2021-12-20 05:00:00,579.63,972.0,51.0,3.0,0.0,207.0,74.0,3.0
26022,2021-12-20 06:00:00,603.02,1129.0,46.0,3.0,0.0,197.0,76.0,3.0
26023,2021-12-20 07:00:00,614.57,1160.0,46.0,3.0,1.0,176.0,76.0,3.0
26024,2021-12-20 08:00:00,610.17,1165.0,48.0,3.0,5.0,182.0,77.0,3.0
26025,2021-12-20 09:00:00,616.42,1142.0,47.0,3.0,11.0,157.0,76.0,3.0
26026,2021-12-20 10:00:00,613.57,1093.0,47.0,3.0,12.0,150.0,77.0,3.0
26027,2021-12-20 11:00:00,623.87,1108.0,48.0,3.0,9.0,133.0,77.0,3.0
26028,2021-12-20 12:00:00,622.07,1081.0,48.0,3.0,4.0,136.0,77.0,3.0
26029,2021-12-20 13:00:00,621.43,1081.0,49.0,3.0,1.0,140.0,77.0,3.0
26030,2021-12-20 14:00:00,624.62,1123.0,47.0,3.0,0.0,140.0,81.0,3.0
26031,2021-12-20 15:00:00,619.04,1094.0,47.0,3.0,0.0,145.0,82.0,3.0
26032,2021-12-20 16:00:00,610.01,1113.0,47.0,3.0,0.0,172.0,80.0,3.0
26033,2021-12-20 17:00:00,601.47,1104.0,49.0,3.0,0.0,189.0,80.0,3.0
26034,2021-12-20 18:00:00,601.43,1043.0,49.0,3.0,0.0,174.0,79.0,3.0
26035,2021-12-20 19:00:00,613.21,1047.0,49.0,3.0,0.0,150.0,78.0,3.0
26036,2021-12-20 20:00:00,614.11,1072.0,49.0,3.0,0.0,154.0,78.0,3.0
26037,2021-12-20 21:00:00,602.0,1025.0,49.0,3.0,0.0,171.0,76.0,3.0
26038,2021-12-20 22:00:00,605.78,1075.0,50.0,3.0,0.0,175.0,76.0,4.0
26039,2021-12-20 23:00:00,619.22,1141.0,50.0,3.0,0.0,160.0,76.0,4.0
26040,2021-12-21 00:00:00,635.51,1147.0,51.0,3.0,0.0,127.0,73.0,4.0
26041,2021-12-21 01:00:00,647.76,1142.0,50.0,3.0,0.0,100.0,73.0,4.0
26042,2021-12-21 02:00:00,650.03,1129.0,50.0,3.0,0.0,94.0,72.0,4.0
26043,2021-12-21 03:00:00,654.65,1151.0,50.0,3.0,0.0,86.0,74.0,4.0
26044,2021-12-21 04:00:00,650.29,1150.0,50.0,3.0,0.0,95.0,74.0,4.0
26045,2021-12-21 05:00:00,645.51,1164.0,49.0,3.0,0.0,106.0,76.0,5.0
26046,2021-12-21 06:00:00,644.39,1164.0,50.0,3.0,0.0,108.0,76.0,5.0
26047,2021-12-21 07:00:00,643.48,1153.0,50.0,3.0,1.0,107.0,76.0,5.0
26048,2021-12-21 08:00:00,649.02,1155.0,51.0,3.0,4.0,92.0,76.0,5.0
26049,2021-12-21 09:00:00,647.04,1156.0,52.0,3.0,9.0,91.0,76.0,5.0
26050,2021-12-21 10:00:00,653.22,1151.0,52.0,3.0,11.0,75.0,76.0,5.0
26051,2021-12-21 11:00:00,658.45,1156.0,52.0,3.0,8.0,68.0,76.0,4.0
26052,2021-12-21 12:00:00,664.06,1159.0,54.0,3.0,3.0,61.0,76.0,4.0
26053,2021-12-21 13:00:00,669.95,1162.0,55.0,3.0,0.0,53.0,75.0,4.0
26054,2021-12-21 14:00:00,662.47,1161.0,53.0,3.0,0.0,65.0,79.0,4.0
26055,2021-12-21 15:00:00,657.73,1162.0,53.0,3.0,0.0,74.0,80.0,4.0
26056,2021-12-21 16:00:00,657.38,1161.0,54.0,3.0,0.0,74.0,80.0,5.0
26057,2021-12-21 17:00:00,655.9,1154.0,54.0,3.0,0.0,76.0,80.0,5.0
26058,2021-12-21 18:00:00,649.38,1157.0,50.0,3.0,0.0,93.0,79.0,5.0
26059,2021-12-21 19:00:00,644.97,1151.0,51.0,3.0,0.0,103.0,77.0,5.0
26060,2021-12-21 20:00:00,647.21,1150.0,51.0,3.0,0.0,97.0,78.0,5.0
26061,2021-12-21 21:00:00,647.56,1151.0,52.0,3.0,0.0,97.0,77.0,5.0
26062,2021-12-21 22:00:00,645.1,1152.0,51.0,3.0,0.0,103.0,77.0,4.0
26063,2021-12-21 23:00:00,623.45,981.0,53.0,3.0,0.0,114.0,76.0,4.0
26064,2021-12-22 00:00:00,629.14,972.0,53.0,3.0,0.0,105.0,72.0,4.0
26065,2021-12-22 01:00:00,636.2,969.0,53.0,3.0,0.0,91.0,72.0,4.0
26066,2021-12-22 02:00:00,635.54,975.0,54.0,3.0,0.0,93.0,72.0,4.0
26067,2021-12-22 03:00:00,640.28,969.0,35.0,3.0,0.0,91.0,72.0,4.0
26068,2021-12-22 04:00:00,642.24,973.0,33.0,3.0,0.0,88.0,73.0,4.0
26069,2021-12-22 05:00:00,656.5,1084.0,33.0,3.0,0.0,77.0,76.0,4.0
26070,2021-12-22 06:00:00,657.45,1083.0,35.0,3.0,0.0,74.0,76.0,5.0
26071,2021-12-22 07:00:00,662.41,1110.0,34.0,3.0,1.0,68.0,76.0,4.0
26072,2021-12-22 08:00:00,663.73,1105.0,33.0,3.0,5.0,61.0,76.0,5.0
26073,2021-12-22 09:00:00,656.08,1123.0,35.0,3.0,9.0,75.0,75.0,5.0
26074,2021-12-22 10:00:00,658.07,1123.0,35.0,3.0,10.0,70.0,75.0,5.0
26075,2021-12-22 11:00:00,669.78,1112.0,34.0,3.0,7.0,48.0,76.0,4.0
26076,2021-12-22 12:00:00,678.78,1121.0,36.0,3.0,2.0,35.0,77.0,5.0
26077,2021-12-22 13:00:00,679.02,1121.0,35.0,3.0,0.0,38.0,76.0,5.0
26078,2021-12-22 14:00:00,679.73,1120.0,34.0,3.0,0.0,34.0,79.0,5.0
26079,2021-12-22 15:00:00,683.36,1118.0,34.0,3.0,0.0,27.0,79.0,5.0
26080,2021-12-22 16:00:00,686.35,1127.0,35.0,3.0,0.0,22.0,79.0,5.0
26081,2021-12-22 17:00:00,684.79,1133.0,34.0,3.0,0.0,24.0,81.0,5.0
26082,2021-12-22 18:00:00,675.66,1125.0,35.0,3.0,0.0,44.0,77.0,4.0
26083,2021-12-22 19:00:00,667.27,1118.0,40.0,3.0,0.0,58.0,76.0,4.0
26084,2021-12-22 20:00:00,654.29,1123.0,39.0,3.0,0.0,84.0,77.0,4.0
26085,2021-12-22 21:00:00,637.88,1124.0,40.0,3.0,0.0,119.0,76.0,4.0
26086,2021-12-22 22:00:00,622.31,1060.0,40.0,3.0,0.0,139.0,76.0,4.0
26087,2021-12-22 23:00:00,600.42,984.0,40.0,3.0,0.0,167.0,76.0,4.0
26088,2021-12-23 00:00:00,590.87,974.0,42.0,3.0,0.0,188.0,72.0,4.0
26089,2021-12-23 01:00:00,580.96,980.0,44.0,3.0,0.0,210.0,73.0,4.0
26090,2021-12-23 02:00:00,569.97,964.0,44.0,3.0,0.0,233.0,70.0,4.0
26091,2021-12-23 03:00:00,568.27,975.0,43.0,3.0,0.0,238.0,73.0,4.0
26092,2021-12-23 04:00:00,568.99,1000.0,45.0,3.0,0.0,244.0,73.0,4.0
26093,2021-12-23 05:00:00,577.14,1061.0,45.0,3.0,0.0,244.0,73.0,4.0
26094,2021-12-23 06:00:00,578.87,1063.0,46.0,3.0,0.0,240.0,73.0,4.0
26095,2021-12-23 07:00:00,579.28,1066.0,43.0,3.0,1.0,240.0,73.0,4.0
26096,2021-12-23 08:00:00,575.04,1069.0,50.0,3.0,5.0,246.0,72.0,4.0
26097,2021-12-23 09:00:00,575.71,1068.0,50.0,3.0,8.0,240.0,73.0,4.0
26098,2021-12-23 10:00:00,573.18,1078.0,49.0,3.0,9.0,249.0,73.0,4.0
26099,2021-12-23 11:00:00,571.13,1074.0,46.0,3.0,7.0,255.0,74.0,4.0
26100,2021-12-23 12:00:00,572.27,1075.0,50.0,3.0,4.0,254.0,74.0,4.0
26101,2021-12-23 13:00:00,574.74,1083.0,48.0,3.0,1.0,254.0,74.0,4.0
26102,2021-12-23 14:00:00,578.7,1066.0,47.0,3.0,0.0,235.0,79.0,4.0
26103,2021-12-23 15:00:00,582.31,1057.0,48.0,3.0,0.0,221.0,81.0,4.0
26104,2021-12-23 16:00:00,580.12,1053.0,51.0,3.0,0.0,226.0,79.0,4.0
26105,2021-12-23 17:00:00,582.49,1080.0,55.0,3.0,0.0,225.0,81.0,4.0
26106,2021-12-23 18:00:00,588.3,1075.0,53.0,3.0,0.0,212.0,79.0,4.0
26107,2021-12-23 19:00:00,595.47,1072.0,53.0,3.0,0.0,194.0,79.0,4.0
26108,2021-12-23 20:00:00,594.99,1063.0,52.0,3.0,0.0,192.0,80.0,4.0
26109,2021-12-23 21:00:00,577.83,919.0,52.0,3.0,0.0,190.0,78.0,4.0
26110,2021-12-23 22:00:00,568.91,840.0,52.0,3.0,0.0,183.0,78.0,4.0
26111,2021-12-23 23:00:00,558.43,788.0,52.0,3.0,0.0,185.0,79.0,4.0
26112,2021-12-24 00:00:00,565.94,763.0,54.0,3.0,0.0,165.0,75.0,4.0
26113,2021-12-24 01:00:00,570.59,762.0,54.0,3.0,0.0,156.0,75.0,4.0
26114,2021-12-24 02:00:00,560.46,745.0,54.0,3.0,0.0,169.0,75.0,4.0
26115,2021-12-24 03:00:00,564.69,762.0,54.0,3.0,0.0,166.0,76.0,4.0
26116,2021-12-24 04:00:00,569.7,752.0,52.0,3.0,0.0,154.0,76.0,4.0
26117,2021-12-24 05:00:00,600.46,858.0,49.0,3.0,0.0,131.0,75.0,4.0
26118,2021-12-24 06:00:00,625.3,916.0,49.0,3.0,0.0,99.0,75.0,4.0
26119,2021-12-24 07:00:00,642.3,967.0,49.0,3.0,0.0,77.0,76.0,4.0
26120,2021-12-24 08:00:00,659.81,972.0,48.0,3.0,1.0,46.0,76.0,4.0
26121,2021-12-24 09:00:00,665.25,971.0,49.0,3.0,1.0,36.0,76.0,4.0
26122,2021-12-24 10:00:00,673.62,968.0,50.0,3.0,1.0,21.0,76.0,4.0
26123,2021-12-24 11:00:00,673.47,954.0,51.0,3.0,1.0,19.0,76.0,4.0
26124,2021-12-24 12:00:00,670.51,948.0,49.0,3.0,1.0,24.0,76.0,4.0
26125,2021-12-24 13:00:00,661.53,951.0,50.0,3.0,0.0,41.0,75.0,4.0
26126,2021-12-24 14:00:00,649.56,935.0,50.0,3.0,0.0,56.0,78.0,4.0
26127,2021-12-24 15:00:00,643.02,960.0,50.0,3.0,0.0,71.0,79.0,4.0
26128,2021-12-24 16:00:00,634.57,932.0,50.0,3.0,0.0,81.0,79.0,4.0
26129,2021-12-24 17:00:00,624.14,909.0,48.0,3.0,0.0,97.0,78.0,4.0
26130,2021-12-24 18:00:00,623.51,922.0,48.0,3.0,0.0,101.0,78.0,4.0
26131,2021-12-24 19:00:00,617.41,865.0,46.0,3.0,0.0,100.0,78.0,5.0
26132,2021-12-24 20:00:00,614.81,842.0,49.0,3.0,0.0,97.0,79.0,5.0
26133,2021-12-24 21:00:00,612.65,753.0,50.0,3.0,0.0,80.0,78.0,5.0
26134,2021-12-24 22:00:00,587.48,681.0,51.0,3.0,0.0,100.0,78.0,5.0
26135,2021-12-24 23:00:00,541.53,508.0,29.0,3.0,0.0,117.0,76.0,4.0
26136,2021-12-25 00:00:00,548.01,490.0,24.0,3.0,0.0,106.0,73.0,5.0
26137,2021-12-25 01:00:00,552.22,499.0,24.0,3.0,0.0,104.0,73.0,4.0
26138,2021-12-25 02:00:00,522.38,480.0,30.0,3.0,0.0,136.0,71.0,4.0
26139,2021-12-25 03:00:00,526.72,514.0,37.0,3.0,0.0,142.0,72.0,4.0
26140,2021-12-25 04:00:00,569.28,583.0,41.0,3.0,0.0,104.0,74.0,4.0
26141,2021-12-25 05:00:00,580.82,590.0,44.0,3.0,0.0,88.0,75.0,4.0
26142,2021-12-25 06:00:00,610.24,620.0,43.0,3.0,0.0,57.0,75.0,4.0
26143,2021-12-25 07:00:00,621.24,680.0,41.0,3.0,0.0,58.0,74.0,4.0
26144,2021-12-25 08:00:00,611.11,715.0,43.0,3.0,2.0,77.0,75.0,4.0
26145,2021-12-25 09:00:00,602.97,722.0,41.0,3.0,5.0,89.0,75.0,4.0
26146,2021-12-25 10:00:00,604.52,708.0,41.0,3.0,4.0,84.0,75.0,4.0
26147,2021-12-25 11:00:00,579.57,698.0,45.0,3.0,3.0,119.0,76.0,4.0
26148,2021-12-25 12:00:00,532.89,656.0,52.0,3.0,1.0,184.0,76.0,4.0
26149,2021-12-25 13:00:00,513.26,596.0,43.0,3.0,0.0,197.0,75.0,4.0
26150,2021-12-25 14:00:00,535.63,635.0,43.0,3.0,0.0,173.0,77.0,4.0
26151,2021-12-25 15:00:00,558.85,681.0,51.0,3.0,0.0,147.0,78.0,4.0
26152,2021-12-25 16:00:00,570.89,658.0,54.0,3.0,0.0,117.0,79.0,4.0
26153,2021-12-25 17:00:00,591.03,684.0,52.0,3.0,0.0,93.0,80.0,4.0
26154,2021-12-25 18:00:00,555.32,545.0,42.0,3.0,0.0,106.0,78.0,4.0
26155,2021-12-25 19:00:00,508.36,508.0,33.0,3.0,0.0,161.0,79.0,4.0
26156,2021-12-25 20:00:00,510.99,557.0,36.0,3.0,0.0,179.0,80.0,4.0
26157,2021-12-25 21:00:00,540.5,610.0,38.0,3.0,0.0,155.0,78.0,4.0
26158,2021-12-25 22:00:00,533.64,619.0,42.0,3.0,0.0,171.0,76.0,4.0
26159,2021-12-25 23:00:00,520.23,610.0,47.0,3.0,0.0,189.0,76.0,4.0
26160,2021-12-26 00:00:00,518.48,645.0,45.0,3.0,0.0,212.0,73.0,4.0
26161,2021-12-26 01:00:00,505.26,646.0,42.0,3.0,0.0,239.0,73.0,4.0
26162,2021-12-26 02:00:00,524.4,688.0,39.0,3.0,0.0,221.0,74.0,4.0
26163,2021-12-26 03:00:00,545.61,712.0,31.0,3.0,0.0,194.0,73.0,4.0
26164,2021-12-26 04:00:00,566.87,737.0,35.0,3.0,0.0,163.0,73.0,4.0
26165,2021-12-26 05:00:00,582.52,774.0,35.0,3.0,0.0,147.0,73.0,4.0
26166,2021-12-26 06:00:00,612.8,963.0,33.0,3.0,0.0,142.0,73.0,4.0
26167,2021-12-26 07:00:00,626.31,1058.0,33.0,3.0,0.0,133.0,76.0,4.0
26168,2021-12-26 08:00:00,634.3,1128.0,34.0,3.0,2.0,128.0,76.0,4.0
26169,2021-12-26 09:00:00,630.23,1152.0,36.0,3.0,3.0,140.0,76.0,4.0
26170,2021-12-26 10:00:00,636.09,1150.0,35.0,3.0,4.0,126.0,76.0,4.0
26171,2021-12-26 11:00:00,640.86,1063.0,36.0,3.0,3.0,99.0,77.0,4.0
26172,2021-12-26 12:00:00,641.72,1035.0,41.0,3.0,1.0,93.0,76.0,4.0
26173,2021-12-26 13:00:00,649.14,1042.0,43.0,3.0,0.0,79.0,77.0,4.0
26174,2021-12-26 14:00:00,651.39,1037.0,45.0,3.0,0.0,72.0,78.0,4.0
26175,2021-12-26 15:00:00,652.62,1033.0,45.0,3.0,0.0,68.0,79.0,4.0
26176,2021-12-26 16:00:00,663.58,1108.0,44.0,3.0,0.0,58.0,80.0,4.0
26177,2021-12-26 17:00:00,667.0,1092.0,42.0,3.0,0.0,51.0,79.0,4.0
26178,2021-12-26 18:00:00,653.4,908.0,43.0,3.0,0.0,51.0,75.0,4.0
26179,2021-12-26 19:00:00,648.36,903.0,42.0,3.0,0.0,59.0,75.0,4.0
26180,2021-12-26 20:00:00,642.25,944.0,44.0,3.0,0.0,72.0,79.0,4.0
26181,2021-12-26 21:00:00,622.82,897.0,45.0,3.0,0.0,97.0,79.0,4.0
26182,2021-12-26 22:00:00,617.13,847.0,47.0,3.0,0.0,97.0,77.0,4.0
26183,2021-12-26 23:00:00,622.09,818.0,47.0,3.0,0.0,82.0,77.0,4.0
26184,2021-12-27 00:00:00,638.67,801.0,47.0,3.0,0.0,54.0,75.0,4.0
26185,2021-12-27 01:00:00,645.57,820.0,49.0,3.0,0.0,46.0,75.0,4.0
26186,2021-12-27 02:00:00,644.39,802.0,41.0,3.0,0.0,49.0,74.0,4.0
26187,2021-12-27 03:00:00,649.86,809.0,41.0,3.0,0.0,40.0,76.0,4.0
26188,2021-12-27 04:00:00,659.33,806.0,40.0,3.0,0.0,27.0,75.0,4.0
26189,2021-12-27 05:00:00,664.73,799.0,27.0,3.0,0.0,25.0,74.0,4.0
26190,2021-12-27 06:00:00,661.36,794.0,27.0,3.0,0.0,29.0,74.0,4.0
26191,2021-12-27 07:00:00,662.12,808.0,27.0,3.0,0.0,29.0,75.0,4.0
26192,2021-12-27 08:00:00,661.67,844.0,27.0,3.0,1.0,33.0,76.0,4.0
26193,2021-12-27 09:00:00,662.66,820.0,27.0,3.0,2.0,28.0,75.0,4.0
26194,2021-12-27 10:00:00,667.43,863.0,25.0,3.0,2.0,28.0,75.0,4.0
26195,2021-12-27 11:00:00,671.67,884.0,26.0,3.0,1.0,26.0,74.0,4.0
26196,2021-12-27 12:00:00,666.64,868.0,27.0,3.0,1.0,30.0,75.0,4.0
26197,2021-12-27 13:00:00,671.62,962.0,29.0,3.0,0.0,34.0,76.0,4.0
26198,2021-12-27 14:00:00,670.3,969.0,27.0,3.0,0.0,35.0,79.0,4.0
26199,2021-12-27 15:00:00,673.14,990.0,27.0,3.0,0.0,33.0,79.0,4.0
26200,2021-12-27 16:00:00,678.29,1008.0,26.0,3.0,0.0,27.0,79.0,4.0
26201,2021-12-27 17:00:00,678.47,1015.0,25.0,3.0,0.0,27.0,80.0,4.0
26202,2021-12-27 18:00:00,677.74,1037.0,27.0,3.0,0.0,31.0,79.0,4.0
26203,2021-12-27 19:00:00,677.9,1040.0,25.0,3.0,0.0,33.0,78.0,4.0
26204,2021-12-27 20:00:00,674.49,970.0,23.0,3.0,0.0,31.0,78.0,4.0
26205,2021-12-27 21:00:00,672.08,893.0,25.0,3.0,0.0,25.0,77.0,4.0
26206,2021-12-27 22:00:00,660.64,821.0,34.0,3.0,0.0,28.0,77.0,4.0
26207,2021-12-27 23:00:00,650.47,761.0,41.0,3.0,0.0,31.0,76.0,4.0
26208,2021-12-28 00:00:00,646.93,765.0,38.0,3.0,0.0,41.0,73.0,4.0
26209,2021-12-28 01:00:00,640.15,744.0,40.0,3.0,0.0,46.0,73.0,4.0
26210,2021-12-28 02:00:00,644.04,761.0,39.0,3.0,0.0,45.0,72.0,4.0
26211,2021-12-28 03:00:00,641.0,766.0,35.0,3.0,0.0,50.0,74.0,4.0
26212,2021-12-28 04:00:00,640.13,766.0,38.0,3.0,0.0,51.0,73.0,4.0
26213,2021-12-28 05:00:00,645.63,873.0,45.0,3.0,0.0,59.0,73.0,4.0
26214,2021-12-28 06:00:00,641.46,928.0,38.0,3.0,0.0,79.0,73.0,4.0
26215,2021-12-28 07:00:00,634.36,920.0,26.0,3.0,0.0,94.0,74.0,4.0
26216,2021-12-28 08:00:00,631.07,955.0,26.0,3.0,1.0,108.0,72.0,4.0
26217,2021-12-28 09:00:00,623.09,926.0,25.0,3.0,3.0,114.0,73.0,4.0
26218,2021-12-28 10:00:00,618.34,877.0,24.0,3.0,4.0,111.0,73.0,4.0
26219,2021-12-28 11:00:00,618.17,860.0,25.0,3.0,3.0,107.0,74.0,4.0
26220,2021-12-28 12:00:00,612.52,906.0,25.0,3.0,2.0,127.0,76.0,4.0
26221,2021-12-28 13:00:00,609.6,943.0,24.0,3.0,0.0,144.0,76.0,4.0
26222,2021-12-28 14:00:00,611.84,971.0,25.0,3.0,0.0,144.0,78.0,4.0
26223,2021-12-28 15:00:00,602.88,984.0,24.0,3.0,0.0,166.0,78.0,4.0
26224,2021-12-28 16:00:00,599.65,990.0,25.0,3.0,0.0,174.0,78.0,4.0
26225,2021-12-28 17:00:00,585.05,946.0,24.0,3.0,0.0,191.0,80.0,4.0
26226,2021-12-28 18:00:00,575.71,941.0,23.0,3.0,0.0,210.0,80.0,4.0
26227,2021-12-28 19:00:00,576.21,957.0,23.0,3.0,0.0,217.0,77.0,4.0
26228,2021-12-28 20:00:00,562.94,885.0,23.0,3.0,0.0,222.0,77.0,4.0
26229,2021-12-28 21:00:00,547.93,781.0,23.0,3.0,0.0,214.0,78.0,4.0
26230,2021-12-28 22:00:00,534.38,710.0,36.0,3.0,0.0,209.0,77.0,4.0
26231,2021-12-28 23:00:00,551.29,795.0,43.0,3.0,0.0,207.0,77.0,4.0
26232,2021-12-29 00:00:00,568.02,850.0,44.0,3.0,0.0,193.0,76.0,4.0
26233,2021-12-29 01:00:00,576.57,850.0,43.0,3.0,0.0,176.0,76.0,4.0
26234,2021-12-29 02:00:00,562.57,777.0,49.0,3.0,0.0,180.0,73.0,4.0
26235,2021-12-29 03:00:00,580.24,789.0,48.0,3.0,0.0,149.0,75.0,4.0
26236,2021-12-29 04:00:00,589.61,849.0,49.0,3.0,0.0,149.0,75.0,4.0
26237,2021-12-29 05:00:00,610.91,1039.0,49.0,3.0,0.0,157.0,74.0,4.0
26238,2021-12-29 06:00:00,631.41,1108.0,49.0,3.0,0.0,129.0,73.0,4.0
26239,2021-12-29 07:00:00,626.75,1128.0,50.0,3.0,0.0,144.0,72.0,4.0
26240,2021-12-29 08:00:00,609.56,1096.0,49.0,3.0,1.0,173.0,74.0,4.0
26241,2021-12-29 09:00:00,614.35,1104.0,49.0,3.0,2.0,163.0,74.0,4.0
26242,2021-12-29 10:00:00,617.91,1080.0,50.0,3.0,2.0,149.0,74.0,4.0
26243,2021-12-29 11:00:00,622.56,1088.0,49.0,3.0,2.0,140.0,75.0,4.0
26244,2021-12-29 12:00:00,627.01,1024.0,46.0,3.0,1.0,119.0,75.0,4.0
26245,2021-12-29 13:00:00,628.89,1023.0,46.0,3.0,0.0,116.0,75.0,4.0
26246,2021-12-29 14:00:00,635.06,1036.0,49.0,3.0,0.0,103.0,77.0,4.0
26247,2021-12-29 15:00:00,636.34,1030.0,52.0,3.0,0.0,98.0,77.0,4.0
26248,2021-12-29 16:00:00,645.23,1066.0,52.0,3.0,0.0,86.0,78.0,4.0
26249,2021-12-29 17:00:00,654.82,1115.0,52.0,3.0,0.0,74.0,79.0,4.0
26250,2021-12-29 18:00:00,651.59,1097.0,51.0,3.0,0.0,78.0,79.0,4.0
26251,2021-12-29 19:00:00,653.31,1014.0,51.0,3.0,0.0,63.0,77.0,4.0
26252,2021-12-29 20:00:00,646.54,888.0,50.0,3.0,0.0,56.0,75.0,4.0
26253,2021-12-29 21:00:00,641.56,845.0,51.0,3.0,0.0,56.0,75.0,4.0
26254,2021-12-29 22:00:00,624.44,696.0,51.0,3.0,0.0,52.0,75.0,4.0
26255,2021-12-29 23:00:00,593.06,502.0,51.0,3.0,0.0,47.0,72.0,4.0
26256,2021-12-30 00:00:00,589.36,492.0,52.0,3.0,0.0,49.0,71.0,4.0
26257,2021-12-30 01:00:00,574.47,468.0,51.0,3.0,0.0,59.0,71.0,4.0
26258,2021-12-30 02:00:00,571.65,453.0,49.0,3.0,0.0,61.0,68.0,4.0
26259,2021-12-30 03:00:00,577.99,453.0,49.0,3.0,0.0,52.0,70.0,4.0
26260,2021-12-30 04:00:00,596.55,537.0,50.0,3.0,0.0,57.0,68.0,4.0
26261,2021-12-30 05:00:00,606.91,607.0,51.0,3.0,0.0,62.0,68.0,4.0
26262,2021-12-30 06:00:00,607.13,656.0,46.0,3.0,0.0,73.0,71.0,4.0
26263,2021-12-30 07:00:00,598.62,661.0,42.0,3.0,0.0,88.0,71.0,4.0
26264,2021-12-30 08:00:00,590.89,675.0,43.0,3.0,1.0,101.0,72.0,4.0
26265,2021-12-30 09:00:00,584.71,680.0,43.0,3.0,1.0,112.0,72.0,4.0
26266,2021-12-30 10:00:00,582.31,673.0,42.0,3.0,1.0,113.0,73.0,4.0
26267,2021-12-30 11:00:00,587.37,683.0,45.0,3.0,1.0,107.0,73.0,4.0
26268,2021-12-30 12:00:00,575.21,685.0,45.0,3.0,1.0,127.0,73.0,4.0
26269,2021-12-30 13:00:00,570.35,685.0,45.0,3.0,0.0,135.0,74.0,4.0
26270,2021-12-30 14:00:00,568.94,681.0,45.0,3.0,0.0,133.0,77.0,4.0
26271,2021-12-30 15:00:00,541.33,604.0,45.0,3.0,0.0,150.0,77.0,4.0
26272,2021-12-30 16:00:00,543.89,679.0,47.0,3.0,0.0,175.0,77.0,4.0
26273,2021-12-30 17:00:00,513.81,612.0,49.0,3.0,0.0,198.0,79.0,4.0
26274,2021-12-30 18:00:00,511.59,615.0,51.0,3.0,0.0,203.0,79.0,4.0
26275,2021-12-30 19:00:00,498.66,584.0,53.0,3.0,0.0,213.0,77.0,4.0
26276,2021-12-30 20:00:00,463.12,475.0,52.0,3.0,0.0,215.0,77.0,4.0
26277,2021-12-30 21:00:00,439.05,416.0,53.0,3.0,0.0,218.0,76.0,4.0
26278,2021-12-30 22:00:00,447.95,415.0,53.0,3.0,0.0,202.0,76.0,4.0
26279,2021-12-30 23:00:00,445.23,396.0,54.0,3.0,0.0,194.0,75.0,4.0
26280,2021-12-31 00:00:00,435.33,339.0,54.0,3.0,0.0,169.0,74.0,4.0
26281,2021-12-31 01:00:00,455.15,339.0,54.0,3.0,0.0,141.0,74.0,4.0
26282,2021-12-31 02:00:00,473.96,345.0,55.0,3.0,0.0,123.0,71.0,4.0
26283,2021-12-31 03:00:00,489.43,345.0,55.0,3.0,0.0,103.0,72.0,4.0
26284,2021-12-31 04:00:00,490.44,354.0,54.0,3.0,0.0,106.0,73.0,4.0
26285,2021-12-31 05:00:00,494.37,407.0,57.0,3.0,0.0,130.0,72.0,4.0
26286,2021-12-31 06:00:00,539.17,497.0,60.0,3.0,0.0,109.0,73.0,4.0
26287,2021-12-31 07:00:00,548.51,497.0,64.0,3.0,1.0,95.0,72.0,4.0
26288,2021-12-31 08:00:00,558.86,495.0,60.0,3.0,6.0,76.0,73.0,4.0
26289,2021-12-31 09:00:00,552.3,499.0,57.0,3.0,14.0,79.0,73.0,4.0
26290,2021-12-31 10:00:00,564.73,502.0,57.0,3.0,17.0,62.0,72.0,4.0
26291,2021-12-31 11:00:00,575.97,502.0,57.0,3.0,13.0,51.0,73.0,4.0
26292,2021-12-31 12:00:00,602.6,542.0,58.0,3.0,6.0,39.0,71.0,4.0
26293,2021-12-31 13:00:00,608.53,535.0,56.0,3.0,1.0,33.0,74.0,4.0
26294,2021-12-31 14:00:00,588.67,436.0,56.0,3.0,0.0,26.0,77.0,4.0
26295,2021-12-31 15:00:00,566.02,351.0,53.0,3.0,0.0,21.0,78.0,4.0
26296,2021-12-31 16:00:00,575.28,357.0,55.0,3.0,0.0,14.0,78.0,4.0
26297,2021-12-31 17:00:00,560.98,325.0,57.0,3.0,0.0,15.0,78.0,4.0
26298,2021-12-31 18:00:00,545.03,307.0,57.0,3.0,0.0,22.0,78.0,4.0
26299,2021-12-31 19:00:00,547.53,322.0,56.0,3.0,0.0,27.0,77.0,4.0
26300,2021-12-31 20:00:00,527.65,262.0,56.0,3.0,0.0,21.0,75.0,4.0
26301,2021-12-31 21:00:00,527.85,251.0,56.0,3.0,0.0,16.0,75.0,4.0
26302,2021-12-31 22:00:00,518.33,243.0,55.0,3.0,0.0,20.0,75.0,4.0
26303,2021-12-31 23:00:00,525.98,257.0,53.0,3.0,0.0,21.0,75.0,4.0
26304,2022-01-01 00:00:00,515.31,248.0,54.0,3.0,0.0,27.0,73.0,4.0
26305,2022-01-01 01:00:00,522.14,256.0,55.0,3.0,0.0,25.0,73.0,4.0
26306,2022-01-01 02:00:00,512.2,247.0,54.0,3.0,0.0,32.0,70.0,4.0
26307,2022-01-01 03:00:00,494.12,247.0,54.0,3.0,0.0,44.0,73.0,4.0
26308,2022-01-01 04:00:00,471.73,248.0,53.0,3.0,0.0,66.0,72.0,4.0
26309,2022-01-01 05:00:00,427.14,246.0,53.0,3.0,0.0,110.0,73.0,4.0
26310,2022-01-01 06:00:00,395.65,245.0,53.0,3.0,0.0,149.0,72.0,4.0
26311,2022-01-01 07:00:00,389.09,243.0,52.0,3.0,0.0,156.0,72.0,4.0
26312,2022-01-01 08:00:00,382.53,255.0,50.0,3.0,1.0,176.0,72.0,4.0
26313,2022-01-01 09:00:00,378.5,250.0,47.0,3.0,3.0,175.0,72.0,4.0
26314,2022-01-01 10:00:00,404.45,271.0,46.0,3.0,6.0,154.0,73.0,4.0
26315,2022-01-01 11:00:00,452.55,339.0,46.0,3.0,8.0,138.0,74.0,4.0
26316,2022-01-01 12:00:00,466.92,369.0,46.0,3.0,5.0,142.0,73.0,4.0
26317,2022-01-01 13:00:00,463.62,370.0,47.0,3.0,1.0,150.0,74.0,4.0
26318,2022-01-01 14:00:00,470.54,379.0,47.0,3.0,0.0,145.0,76.0,4.0
26319,2022-01-01 15:00:00,470.45,386.0,49.0,3.0,0.0,147.0,78.0,4.0
26320,2022-01-01 16:00:00,491.61,407.0,48.0,3.0,0.0,129.0,79.0,4.0
26321,2022-01-01 17:00:00,495.73,394.0,50.0,3.0,0.0,115.0,80.0,4.0
26322,2022-01-01 18:00:00,524.37,408.0,50.0,3.0,0.0,85.0,81.0,4.0
26323,2022-01-01 19:00:00,542.96,392.0,50.0,3.0,0.0,60.0,78.0,4.0
26324,2022-01-01 20:00:00,553.46,362.0,49.0,3.0,0.0,39.0,77.0,4.0
26325,2022-01-01 21:00:00,562.18,377.0,49.0,3.0,0.0,36.0,77.0,4.0
26326,2022-01-01 22:00:00,549.86,338.0,50.0,3.0,0.0,35.0,75.0,4.0
26327,2022-01-01 23:00:00,544.44,317.0,46.0,3.0,0.0,34.0,74.0,4.0
26328,2022-01-02 00:00:00,516.66,260.0,49.0,3.0,0.0,34.0,72.0,4.0
26329,2022-01-02 01:00:00,499.66,267.0,49.0,3.0,0.0,52.0,72.0,4.0
26330,2022-01-02 02:00:00,461.66,241.0,49.0,3.0,0.0,74.0,70.0,4.0
26331,2022-01-02 03:00:00,448.31,242.0,48.0,3.0,0.0,86.0,72.0,4.0
26332,2022-01-02 04:00:00,465.25,241.0,47.0,3.0,0.0,69.0,72.0,4.0
26333,2022-01-02 05:00:00,464.14,266.0,42.0,3.0,0.0,87.0,72.0,4.0
26334,2022-01-02 06:00:00,468.24,291.0,44.0,3.0,0.0,97.0,73.0,4.0
26335,2022-01-02 07:00:00,448.55,292.0,45.0,3.0,0.0,121.0,72.0,4.0
26336,2022-01-02 08:00:00,437.79,303.0,34.0,3.0,1.0,142.0,73.0,4.0
26337,2022-01-02 09:00:00,453.95,334.0,23.0,3.0,2.0,144.0,73.0,4.0
26338,2022-01-02 10:00:00,447.14,333.0,24.0,3.0,3.0,151.0,73.0,4.0
26339,2022-01-02 11:00:00,427.28,299.0,24.0,3.0,2.0,153.0,73.0,4.0
26340,2022-01-02 12:00:00,409.48,262.0,30.0,3.0,1.0,146.0,73.0,4.0
26341,2022-01-02 13:00:00,424.42,282.0,42.0,3.0,0.0,143.0,73.0,4.0
26342,2022-01-02 14:00:00,421.0,258.0,43.0,3.0,0.0,125.0,76.0,4.0
26343,2022-01-02 15:00:00,423.26,271.0,48.0,3.0,0.0,132.0,76.0,4.0
26344,2022-01-02 16:00:00,451.43,301.0,49.0,3.0,0.0,118.0,77.0,4.0
26345,2022-01-02 17:00:00,417.19,241.0,49.0,3.0,0.0,114.0,77.0,4.0
26346,2022-01-02 18:00:00,469.32,281.0,47.0,3.0,0.0,85.0,77.0,4.0
26347,2022-01-02 19:00:00,513.96,333.0,46.0,3.0,0.0,69.0,75.0,4.0
26348,2022-01-02 20:00:00,505.82,307.0,44.0,3.0,0.0,66.0,74.0,4.0
26349,2022-01-02 21:00:00,537.5,361.0,44.0,3.0,0.0,59.0,74.0,4.0
26350,2022-01-02 22:00:00,557.62,372.0,45.0,3.0,0.0,43.0,74.0,4.0
26351,2022-01-02 23:00:00,549.39,330.0,45.0,3.0,0.0,35.0,74.0,4.0
26352,2022-01-03 00:00:00,552.96,326.0,46.0,3.0,0.0,32.0,72.0,4.0
26353,2022-01-03 01:00:00,548.38,300.0,46.0,3.0,0.0,25.0,73.0,4.0
26354,2022-01-03 02:00:00,563.13,331.0,49.0,3.0,0.0,26.0,70.0,4.0
26355,2022-01-03 03:00:00,564.25,330.0,51.0,3.0,0.0,23.0,71.0,4.0
26356,2022-01-03 04:00:00,593.3,414.0,51.0,3.0,0.0,23.0,71.0,4.0
26357,2022-01-03 05:00:00,603.98,445.0,51.0,3.0,0.0,21.0,71.0,4.0
26358,2022-01-03 06:00:00,622.37,519.0,48.0,3.0,0.0,21.0,71.0,4.0
26359,2022-01-03 07:00:00,621.93,525.0,50.0,3.0,0.0,22.0,71.0,4.0
26360,2022-01-03 08:00:00,621.26,545.0,48.0,3.0,2.0,23.0,74.0,4.0
26361,2022-01-03 09:00:00,611.84,522.0,51.0,3.0,3.0,27.0,73.0,4.0
26362,2022-01-03 10:00:00,602.63,505.0,51.0,3.0,4.0,33.0,72.0,4.0
26363,2022-01-03 11:00:00,607.48,504.0,52.0,3.0,3.0,27.0,73.0,4.0
26364,2022-01-03 12:00:00,608.95,504.0,53.0,3.0,2.0,25.0,74.0,4.0
26365,2022-01-03 13:00:00,612.04,508.0,52.0,3.0,0.0,26.0,73.0,4.0
26366,2022-01-03 14:00:00,606.9,507.0,53.0,3.0,0.0,28.0,76.0,4.0
26367,2022-01-03 15:00:00,593.3,507.0,54.0,3.0,0.0,42.0,77.0,4.0
26368,2022-01-03 16:00:00,591.51,508.0,55.0,3.0,0.0,44.0,77.0,4.0
26369,2022-01-03 17:00:00,595.04,507.0,54.0,3.0,0.0,40.0,77.0,4.0
26370,2022-01-03 18:00:00,599.04,498.0,54.0,3.0,0.0,35.0,75.0,4.0
26371,2022-01-03 19:00:00,601.87,500.0,55.0,3.0,0.0,31.0,76.0,4.0
26372,2022-01-03 20:00:00,597.98,495.0,55.0,3.0,0.0,35.0,75.0,4.0
26373,2022-01-03 21:00:00,592.4,494.0,55.0,3.0,0.0,40.0,76.0,4.0
26374,2022-01-03 22:00:00,583.29,487.0,56.0,3.0,0.0,49.0,75.0,4.0
26375,2022-01-03 23:00:00,573.56,494.0,58.0,3.0,0.0,62.0,75.0,4.0
26376,2022-01-04 00:00:00,571.68,484.0,58.0,3.0,0.0,63.0,73.0,4.0
26377,2022-01-04 01:00:00,554.32,472.0,58.0,3.0,0.0,80.0,73.0,4.0
26378,2022-01-04 02:00:00,560.17,495.0,58.0,3.0,0.0,84.0,70.0,4.0
26379,2022-01-04 03:00:00,559.69,538.0,58.0,3.0,0.0,98.0,72.0,4.0
26380,2022-01-04 04:00:00,555.37,547.0,59.0,3.0,0.0,107.0,72.0,4.0
26381,2022-01-04 05:00:00,550.71,568.0,58.0,3.0,0.0,123.0,71.0,4.0
26382,2022-01-04 06:00:00,564.62,675.0,57.0,3.0,0.0,140.0,71.0,4.0
26383,2022-01-04 07:00:00,566.31,696.0,58.0,3.0,1.0,146.0,68.0,4.0
26384,2022-01-04 08:00:00,567.3,701.0,58.0,3.0,4.0,145.0,66.0,4.0
26385,2022-01-04 09:00:00,575.09,703.0,59.0,3.0,8.0,126.0,68.0,4.0
26386,2022-01-04 10:00:00,594.29,703.0,58.0,3.0,11.0,91.0,69.0,4.0
26387,2022-01-04 11:00:00,600.74,701.0,59.0,3.0,12.0,79.0,69.0,4.0
26388,2022-01-04 12:00:00,609.7,697.0,60.0,3.0,7.0,68.0,70.0,4.0
26389,2022-01-04 13:00:00,608.51,701.0,62.0,3.0,1.0,76.0,70.0,4.0
26390,2022-01-04 14:00:00,607.84,693.0,62.0,3.0,0.0,71.0,75.0,4.0
26391,2022-01-04 15:00:00,609.12,700.0,59.0,3.0,0.0,72.0,75.0,4.0
26392,2022-01-04 16:00:00,617.33,698.0,60.0,3.0,0.0,61.0,73.0,4.0
26393,2022-01-04 17:00:00,618.41,697.0,58.0,3.0,0.0,57.0,76.0,4.0
26394,2022-01-04 18:00:00,613.93,688.0,59.0,3.0,0.0,60.0,77.0,4.0
26395,2022-01-04 19:00:00,614.89,693.0,66.0,3.0,0.0,58.0,76.0,4.0
26396,2022-01-04 20:00:00,615.95,668.0,65.0,3.0,0.0,52.0,75.0,4.0
26397,2022-01-04 21:00:00,614.25,609.0,66.0,3.0,0.0,42.0,73.0,4.0
26398,2022-01-04 22:00:00,600.11,516.0,66.0,3.0,0.0,37.0,72.0,4.0
26399,2022-01-04 23:00:00,592.54,453.0,61.0,3.0,0.0,30.0,72.0,4.0
26400,2022-01-05 00:00:00,577.6,385.0,60.0,3.0,0.0,27.0,70.0,4.0
26401,2022-01-05 01:00:00,580.92,366.0,60.0,3.0,0.0,17.0,71.0,4.0
26402,2022-01-05 02:00:00,588.78,368.0,59.0,3.0,0.0,14.0,68.0,4.0
26403,2022-01-05 03:00:00,589.02,370.0,60.0,3.0,0.0,14.0,68.0,4.0
26404,2022-01-05 04:00:00,610.41,454.0,61.0,3.0,0.0,14.0,70.0,4.0
26405,2022-01-05 05:00:00,618.14,514.0,59.0,3.0,0.0,20.0,71.0,4.0
26406,2022-01-05 06:00:00,612.97,523.0,56.0,3.0,0.0,28.0,72.0,4.0
26407,2022-01-05 07:00:00,598.58,524.0,58.0,3.0,1.0,44.0,71.0,4.0
26408,2022-01-05 08:00:00,587.98,516.0,59.0,3.0,3.0,51.0,72.0,4.0
26409,2022-01-05 09:00:00,578.62,487.0,60.0,3.0,7.0,49.0,72.0,4.0
26410,2022-01-05 10:00:00,583.29,517.0,59.0,3.0,13.0,48.0,71.0,4.0
26411,2022-01-05 11:00:00,575.84,512.0,58.0,3.0,12.0,56.0,72.0,4.0
26412,2022-01-05 12:00:00,581.82,523.0,58.0,3.0,6.0,57.0,73.0,4.0
26413,2022-01-05 13:00:00,565.85,514.0,59.0,3.0,1.0,80.0,72.0,4.0
26414,2022-01-05 14:00:00,539.98,462.0,59.0,3.0,0.0,91.0,76.0,5.0
26415,2022-01-05 15:00:00,525.16,404.0,58.0,3.0,0.0,84.0,77.0,5.0
26416,2022-01-05 16:00:00,537.52,403.0,58.0,3.0,0.0,70.0,76.0,4.0
26417,2022-01-05 17:00:00,536.74,401.0,55.0,3.0,0.0,69.0,78.0,4.0
26418,2022-01-05 18:00:00,527.89,418.0,54.0,3.0,0.0,88.0,77.0,4.0
26419,2022-01-05 19:00:00,541.55,416.0,57.0,3.0,0.0,72.0,75.0,4.0
26420,2022-01-05 20:00:00,556.45,419.0,58.0,3.0,0.0,56.0,75.0,5.0
26421,2022-01-05 21:00:00,572.15,440.0,58.0,3.0,0.0,45.0,76.0,5.0
26422,2022-01-05 22:00:00,572.98,443.0,61.0,3.0,0.0,44.0,76.0,5.0
26423,2022-01-05 23:00:00,575.39,439.0,64.0,3.0,0.0,38.0,77.0,5.0
26424,2022-01-06 00:00:00,566.22,416.0,59.0,3.0,0.0,47.0,72.0,5.0
26425,2022-01-06 01:00:00,570.63,427.0,59.0,3.0,0.0,47.0,71.0,5.0
26426,2022-01-06 02:00:00,582.56,455.0,59.0,3.0,0.0,45.0,69.0,5.0
26427,2022-01-06 03:00:00,564.53,482.0,58.0,3.0,0.0,75.0,69.0,5.0
26428,2022-01-06 04:00:00,550.83,542.0,58.0,3.0,0.0,114.0,70.0,5.0
26429,2022-01-06 05:00:00,555.04,635.0,56.0,3.0,0.0,139.0,74.0,5.0
26430,2022-01-06 06:00:00,578.97,798.0,54.0,3.0,0.0,153.0,74.0,5.0
26431,2022-01-06 07:00:00,590.32,878.0,57.0,3.0,0.0,155.0,73.0,4.0
26432,2022-01-06 08:00:00,580.59,904.0,56.0,3.0,1.0,181.0,74.0,4.0
26433,2022-01-06 09:00:00,579.58,901.0,51.0,3.0,3.0,182.0,74.0,4.0
26434,2022-01-06 10:00:00,584.55,881.0,50.0,3.0,4.0,165.0,74.0,5.0
26435,2022-01-06 11:00:00,588.11,879.0,48.0,3.0,4.0,158.0,74.0,5.0
26436,2022-01-06 12:00:00,584.87,806.0,47.0,3.0,2.0,146.0,73.0,5.0
26437,2022-01-06 13:00:00,596.37,801.0,49.0,3.0,1.0,124.0,73.0,5.0
26438,2022-01-06 14:00:00,598.13,806.0,47.0,3.0,0.0,121.0,76.0,5.0
26439,2022-01-06 15:00:00,612.07,808.0,48.0,3.0,0.0,96.0,77.0,5.0
26440,2022-01-06 16:00:00,596.67,807.0,44.0,3.0,0.0,124.0,77.0,5.0
26441,2022-01-06 17:00:00,601.08,800.0,45.0,3.0,0.0,113.0,78.0,5.0
26442,2022-01-06 18:00:00,602.61,801.0,44.0,3.0,0.0,112.0,77.0,5.0
26443,2022-01-06 19:00:00,598.47,898.0,45.0,3.0,0.0,147.0,75.0,5.0
26444,2022-01-06 20:00:00,568.74,797.0,46.0,3.0,0.0,175.0,74.0,5.0
26445,2022-01-06 21:00:00,559.17,804.0,47.0,3.0,0.0,193.0,77.0,5.0
26446,2022-01-06 22:00:00,552.93,787.0,48.0,3.0,0.0,200.0,76.0,4.0
26447,2022-01-06 23:00:00,513.03,620.0,50.0,3.0,0.0,207.0,75.0,4.0
26448,2022-01-07 00:00:00,514.22,636.0,52.0,3.0,0.0,214.0,73.0,5.0
26449,2022-01-07 01:00:00,497.55,608.0,52.0,3.0,0.0,233.0,72.0,4.0
26450,2022-01-07 02:00:00,493.16,598.0,53.0,3.0,0.0,240.0,68.0,4.0
26451,2022-01-07 03:00:00,498.04,587.0,52.0,3.0,0.0,225.0,68.0,4.0
26452,2022-01-07 04:00:00,534.78,658.0,50.0,3.0,0.0,190.0,69.0,4.0
26453,2022-01-07 05:00:00,569.95,749.0,45.0,3.0,0.0,161.0,70.0,4.0
26454,2022-01-07 06:00:00,583.72,832.0,47.0,3.0,0.0,161.0,70.0,4.0
26455,2022-01-07 07:00:00,585.62,832.0,48.0,3.0,1.0,155.0,71.0,4.0
26456,2022-01-07 08:00:00,584.73,833.0,48.0,3.0,3.0,154.0,72.0,4.0
26457,2022-01-07 09:00:00,595.44,832.0,47.0,3.0,6.0,132.0,71.0,4.0
26458,2022-01-07 10:00:00,609.72,804.0,48.0,3.0,8.0,97.0,71.0,5.0
26459,2022-01-07 11:00:00,625.32,833.0,49.0,3.0,7.0,77.0,72.0,5.0
26460,2022-01-07 12:00:00,633.43,832.0,50.0,3.0,3.0,66.0,73.0,5.0
26461,2022-01-07 13:00:00,639.83,903.0,50.0,3.0,1.0,71.0,73.0,5.0
26462,2022-01-07 14:00:00,636.84,908.0,48.0,3.0,0.0,76.0,76.0,5.0
26463,2022-01-07 15:00:00,638.73,914.0,50.0,3.0,0.0,74.0,75.0,5.0
26464,2022-01-07 16:00:00,655.81,944.0,49.0,3.0,0.0,51.0,74.0,5.0
26465,2022-01-07 17:00:00,666.54,948.0,50.0,3.0,0.0,32.0,75.0,5.0
26466,2022-01-07 18:00:00,673.6,961.0,50.0,3.0,0.0,23.0,74.0,5.0
26467,2022-01-07 19:00:00,668.77,906.0,49.0,3.0,0.0,23.0,75.0,5.0
26468,2022-01-07 20:00:00,670.0,913.0,49.0,3.0,0.0,23.0,74.0,5.0
26469,2022-01-07 21:00:00,663.59,849.0,49.0,3.0,0.0,24.0,74.0,5.0
26470,2022-01-07 22:00:00,655.88,816.0,48.0,3.0,0.0,31.0,74.0,5.0
26471,2022-01-07 23:00:00,661.8,925.0,49.0,3.0,0.0,39.0,73.0,5.0
26472,2022-01-08 00:00:00,655.56,926.0,48.0,3.0,0.0,51.0,72.0,5.0
26473,2022-01-08 01:00:00,649.61,943.0,55.0,3.0,0.0,61.0,72.0,5.0
26474,2022-01-08 02:00:00,642.3,926.0,57.0,3.0,0.0,71.0,71.0,5.0
26475,2022-01-08 03:00:00,642.9,935.0,56.0,3.0,0.0,70.0,73.0,5.0
26476,2022-01-08 04:00:00,640.7,908.0,56.0,3.0,0.0,69.0,73.0,4.0
26477,2022-01-08 05:00:00,647.32,934.0,47.0,3.0,0.0,65.0,74.0,4.0
26478,2022-01-08 06:00:00,645.42,953.0,46.0,3.0,0.0,72.0,74.0,5.0
26479,2022-01-08 07:00:00,644.21,952.0,46.0,3.0,0.0,74.0,74.0,5.0
26480,2022-01-08 08:00:00,638.37,940.0,49.0,3.0,1.0,82.0,72.0,5.0
26481,2022-01-08 09:00:00,628.76,961.0,49.0,3.0,2.0,102.0,73.0,5.0
26482,2022-01-08 10:00:00,621.07,927.0,47.0,3.0,2.0,109.0,74.0,5.0
26483,2022-01-08 11:00:00,625.94,934.0,48.0,3.0,2.0,101.0,74.0,5.0
26484,2022-01-08 12:00:00,638.82,939.0,49.0,3.0,1.0,79.0,74.0,5.0
26485,2022-01-08 13:00:00,640.56,958.0,50.0,3.0,0.0,81.0,73.0,5.0
26486,2022-01-08 14:00:00,631.91,960.0,51.0,3.0,0.0,95.0,75.0,5.0
26487,2022-01-08 15:00:00,628.41,957.0,51.0,3.0,0.0,100.0,76.0,5.0
26488,2022-01-08 16:00:00,628.94,925.0,52.0,3.0,0.0,92.0,76.0,4.0
26489,2022-01-08 17:00:00,630.67,916.0,52.0,3.0,0.0,87.0,76.0,4.0
26490,2022-01-08 18:00:00,636.82,950.0,51.0,3.0,0.0,81.0,78.0,4.0
26491,2022-01-08 19:00:00,619.56,776.0,51.0,3.0,0.0,78.0,74.0,5.0
26492,2022-01-08 20:00:00,614.36,734.0,52.0,3.0,0.0,77.0,73.0,5.0
26493,2022-01-08 21:00:00,592.85,601.0,54.0,3.0,0.0,73.0,73.0,5.0
26494,2022-01-08 22:00:00,577.22,512.0,56.0,3.0,0.0,65.0,74.0,5.0
26495,2022-01-08 23:00:00,587.95,560.0,56.0,3.0,0.0,66.0,74.0,5.0
26496,2022-01-09 00:00:00,586.03,531.0,53.0,3.0,0.0,63.0,72.0,5.0
26497,2022-01-09 01:00:00,590.83,525.0,54.0,3.0,0.0,55.0,72.0,5.0
26498,2022-01-09 02:00:00,592.7,521.0,53.0,3.0,0.0,55.0,69.0,5.0
26499,2022-01-09 03:00:00,608.53,593.0,52.0,3.0,0.0,52.0,72.0,4.0
26500,2022-01-09 04:00:00,618.36,646.0,54.0,3.0,0.0,51.0,72.0,4.0
26501,2022-01-09 05:00:00,620.88,628.0,53.0,3.0,0.0,44.0,72.0,4.0
26502,2022-01-09 06:00:00,614.18,618.0,54.0,3.0,0.0,50.0,72.0,4.0
26503,2022-01-09 07:00:00,627.84,677.0,54.0,3.0,1.0,41.0,75.0,4.0
26504,2022-01-09 08:00:00,628.62,714.0,53.0,3.0,1.0,47.0,76.0,5.0
26505,2022-01-09 09:00:00,634.66,805.0,54.0,3.0,2.0,55.0,76.0,5.0
26506,2022-01-09 10:00:00,627.07,790.0,54.0,3.0,2.0,64.0,76.0,4.0
26507,2022-01-09 11:00:00,634.57,827.0,53.0,3.0,2.0,60.0,76.0,4.0
26508,2022-01-09 12:00:00,641.37,807.0,54.0,3.0,1.0,45.0,77.0,4.0
26509,2022-01-09 13:00:00,649.27,808.0,54.0,3.0,0.0,34.0,77.0,5.0
26510,2022-01-09 14:00:00,657.17,825.0,54.0,3.0,0.0,23.0,79.0,4.0
26511,2022-01-09 15:00:00,660.59,842.0,55.0,3.0,0.0,19.0,80.0,4.0
26512,2022-01-09 16:00:00,670.48,957.0,54.0,3.0,0.0,20.0,80.0,4.0
26513,2022-01-09 17:00:00,666.82,960.0,53.0,3.0,0.0,26.0,81.0,4.0
26514,2022-01-09 18:00:00,663.88,957.0,52.0,3.0,0.0,31.0,81.0,4.0
26515,2022-01-09 19:00:00,654.46,943.0,54.0,3.0,0.0,45.0,80.0,5.0
26516,2022-01-09 20:00:00,649.75,947.0,56.0,3.0,0.0,56.0,77.0,5.0
26517,2022-01-09 21:00:00,651.42,944.0,55.0,3.0,0.0,52.0,78.0,5.0
26518,2022-01-09 22:00:00,652.1,952.0,53.0,3.0,0.0,52.0,79.0,5.0
26519,2022-01-09 23:00:00,639.72,858.0,52.0,3.0,0.0,58.0,78.0,4.0
26520,2022-01-10 00:00:00,639.25,835.0,53.0,3.0,0.0,55.0,77.0,4.0
26521,2022-01-10 01:00:00,638.68,846.0,53.0,3.0,0.0,59.0,76.0,4.0
26522,2022-01-10 02:00:00,638.96,877.0,54.0,3.0,0.0,66.0,74.0,4.0
26523,2022-01-10 03:00:00,640.96,922.0,54.0,3.0,0.0,70.0,75.0,4.0
26524,2022-01-10 04:00:00,644.59,936.0,52.0,3.0,0.0,69.0,73.0,4.0
26525,2022-01-10 05:00:00,650.34,960.0,52.0,3.0,0.0,64.0,72.0,4.0
26526,2022-01-10 06:00:00,654.78,959.0,52.0,3.0,0.0,55.0,73.0,4.0
26527,2022-01-10 07:00:00,664.69,955.0,46.0,3.0,0.0,40.0,73.0,4.0
26528,2022-01-10 08:00:00,672.15,950.0,28.0,3.0,1.0,34.0,73.0,4.0
26529,2022-01-10 09:00:00,678.03,954.0,28.0,3.0,1.0,25.0,73.0,4.0
26530,2022-01-10 10:00:00,681.57,969.0,26.0,3.0,2.0,21.0,73.0,4.0
26531,2022-01-10 11:00:00,677.05,979.0,25.0,3.0,2.0,29.0,74.0,4.0
26532,2022-01-10 12:00:00,678.41,981.0,25.0,3.0,1.0,29.0,73.0,4.0
26533,2022-01-10 13:00:00,672.85,975.0,26.0,3.0,0.0,38.0,73.0,4.0
26534,2022-01-10 14:00:00,680.27,1083.0,27.0,3.0,0.0,34.0,77.0,4.0
26535,2022-01-10 15:00:00,682.67,1098.0,30.0,3.0,0.0,29.0,78.0,4.0
26536,2022-01-10 16:00:00,678.26,1092.0,44.0,3.0,0.0,31.0,77.0,4.0
26537,2022-01-10 17:00:00,678.49,1081.0,42.0,3.0,0.0,28.0,79.0,5.0
26538,2022-01-10 18:00:00,684.51,1080.0,42.0,3.0,0.0,18.0,78.0,5.0
26539,2022-01-10 19:00:00,688.18,1080.0,43.0,3.0,0.0,13.0,76.0,5.0
26540,2022-01-10 20:00:00,687.85,1078.0,46.0,3.0,0.0,15.0,73.0,5.0
26541,2022-01-10 21:00:00,689.39,1091.0,43.0,3.0,0.0,14.0,74.0,5.0
26542,2022-01-10 22:00:00,690.92,1093.0,44.0,3.0,0.0,11.0,74.0,5.0
26543,2022-01-10 23:00:00,688.57,1057.0,45.0,3.0,0.0,11.0,74.0,5.0
26544,2022-01-11 00:00:00,690.31,1038.0,43.0,3.0,0.0,9.0,72.0,5.0
26545,2022-01-11 01:00:00,690.13,1054.0,45.0,3.0,0.0,9.0,73.0,5.0
26546,2022-01-11 02:00:00,691.35,1055.0,45.0,3.0,0.0,10.0,70.0,5.0
26547,2022-01-11 03:00:00,690.85,1061.0,46.0,3.0,0.0,10.0,71.0,5.0
26548,2022-01-11 04:00:00,691.11,1081.0,45.0,3.0,0.0,13.0,70.0,5.0
26549,2022-01-11 05:00:00,691.85,1084.0,45.0,3.0,0.0,11.0,71.0,5.0
26550,2022-01-11 06:00:00,692.21,1096.0,44.0,3.0,0.0,12.0,71.0,5.0
26551,2022-01-11 07:00:00,690.38,1111.0,50.0,3.0,1.0,13.0,71.0,5.0
26552,2022-01-11 08:00:00,687.62,1110.0,52.0,3.0,3.0,14.0,72.0,5.0
26553,2022-01-11 09:00:00,686.29,1108.0,46.0,3.0,6.0,18.0,70.0,5.0
26554,2022-01-11 10:00:00,685.55,1109.0,47.0,3.0,8.0,17.0,70.0,5.0
26555,2022-01-11 11:00:00,684.27,1101.0,48.0,3.0,7.0,17.0,72.0,5.0
26556,2022-01-11 12:00:00,683.54,1102.0,49.0,3.0,4.0,21.0,72.0,5.0
26557,2022-01-11 13:00:00,686.54,1098.0,47.0,3.0,1.0,19.0,72.0,5.0
26558,2022-01-11 14:00:00,679.4,1098.0,45.0,3.0,0.0,31.0,75.0,5.0
26559,2022-01-11 15:00:00,671.35,1105.0,45.0,3.0,0.0,46.0,76.0,5.0
26560,2022-01-11 16:00:00,663.74,1105.0,42.0,3.0,0.0,63.0,75.0,5.0
26561,2022-01-11 17:00:00,657.57,1105.0,40.0,3.0,0.0,75.0,76.0,5.0
26562,2022-01-11 18:00:00,653.47,1095.0,39.0,3.0,0.0,83.0,75.0,5.0
26563,2022-01-11 19:00:00,650.62,1096.0,41.0,3.0,0.0,89.0,74.0,5.0
26564,2022-01-11 20:00:00,644.77,1088.0,42.0,3.0,0.0,99.0,74.0,5.0
26565,2022-01-11 21:00:00,644.67,1060.0,19.0,3.0,0.0,104.0,74.0,5.0
26566,2022-01-11 22:00:00,639.81,1047.0,17.0,3.0,0.0,113.0,73.0,5.0
26567,2022-01-11 23:00:00,613.01,851.0,17.0,3.0,0.0,123.0,71.0,5.0
26568,2022-01-12 00:00:00,605.91,893.0,33.0,3.0,0.0,140.0,71.0,5.0
26569,2022-01-12 01:00:00,601.31,877.0,37.0,3.0,0.0,143.0,71.0,5.0
26570,2022-01-12 02:00:00,603.51,869.0,39.0,3.0,0.0,138.0,69.0,5.0
26571,2022-01-12 03:00:00,607.53,897.0,38.0,3.0,0.0,136.0,71.0,5.0
26572,2022-01-12 04:00:00,600.49,859.0,39.0,3.0,0.0,138.0,72.0,5.0
26573,2022-01-12 05:00:00,613.42,949.0,44.0,3.0,0.0,136.0,70.0,5.0
26574,2022-01-12 06:00:00,617.68,986.0,47.0,3.0,0.0,135.0,70.0,5.0
26575,2022-01-12 07:00:00,620.17,1002.0,46.0,3.0,1.0,133.0,70.0,5.0
26576,2022-01-12 08:00:00,612.99,988.0,47.0,3.0,1.0,143.0,71.0,5.0
26577,2022-01-12 09:00:00,614.49,995.0,46.0,3.0,2.0,141.0,71.0,5.0
26578,2022-01-12 10:00:00,620.75,1009.0,47.0,3.0,2.0,131.0,71.0,5.0
26579,2022-01-12 11:00:00,612.91,1004.0,47.0,3.0,2.0,144.0,73.0,5.0
26580,2022-01-12 12:00:00,607.74,990.0,43.0,3.0,1.0,154.0,73.0,4.0
26581,2022-01-12 13:00:00,606.98,972.0,43.0,3.0,0.0,153.0,72.0,5.0
26582,2022-01-12 14:00:00,602.24,971.0,47.0,3.0,0.0,157.0,76.0,5.0
26583,2022-01-12 15:00:00,601.71,984.0,51.0,3.0,0.0,159.0,77.0,5.0
26584,2022-01-12 16:00:00,601.15,990.0,53.0,3.0,0.0,161.0,77.0,5.0
26585,2022-01-12 17:00:00,591.25,949.0,50.0,3.0,0.0,172.0,77.0,5.0
26586,2022-01-12 18:00:00,586.35,900.0,50.0,3.0,0.0,167.0,78.0,5.0
26587,2022-01-12 19:00:00,563.39,814.0,50.0,3.0,0.0,187.0,77.0,5.0
26588,2022-01-12 20:00:00,526.81,692.0,53.0,3.0,0.0,212.0,76.0,5.0
26589,2022-01-12 21:00:00,504.65,581.0,55.0,3.0,0.0,202.0,75.0,5.0
26590,2022-01-12 22:00:00,486.44,493.0,55.0,3.0,0.0,189.0,73.0,5.0
26591,2022-01-12 23:00:00,503.6,592.0,57.0,3.0,0.0,208.0,76.0,5.0
26592,2022-01-13 00:00:00,489.12,548.0,59.0,3.0,0.0,214.0,73.0,5.0
26593,2022-01-13 01:00:00,485.73,528.0,59.0,3.0,0.0,211.0,71.0,5.0
26594,2022-01-13 02:00:00,486.57,524.0,60.0,3.0,0.0,210.0,68.0,5.0
26595,2022-01-13 03:00:00,470.61,491.0,61.0,3.0,0.0,218.0,69.0,5.0
26596,2022-01-13 04:00:00,496.52,587.0,60.0,3.0,0.0,222.0,72.0,5.0
26597,2022-01-13 05:00:00,504.16,639.0,60.0,3.0,0.0,234.0,72.0,5.0
26598,2022-01-13 06:00:00,503.87,633.0,62.0,3.0,0.0,231.0,72.0,5.0
26599,2022-01-13 07:00:00,484.31,617.0,60.0,3.0,4.0,260.0,71.0,5.0
26600,2022-01-13 08:00:00,471.1,572.0,60.0,3.0,23.0,242.0,71.0,5.0
26601,2022-01-13 09:00:00,451.05,577.0,59.0,3.0,65.0,247.0,71.0,5.0
26602,2022-01-13 10:00:00,436.52,591.0,56.0,3.0,89.0,268.0,71.0,5.0
26603,2022-01-13 11:00:00,440.8,597.0,55.0,3.0,81.0,269.0,72.0,5.0
26604,2022-01-13 12:00:00,453.39,587.0,56.0,3.0,43.0,271.0,71.0,5.0
26605,2022-01-13 13:00:00,482.86,630.0,58.0,3.0,6.0,269.0,71.0,5.0
26606,2022-01-13 14:00:00,456.92,533.0,57.0,3.0,0.0,268.0,73.0,5.0
26607,2022-01-13 15:00:00,469.87,563.0,60.0,3.0,0.0,259.0,74.0,5.0
26608,2022-01-13 16:00:00,471.04,535.0,62.0,3.0,0.0,240.0,73.0,5.0
26609,2022-01-13 17:00:00,469.89,542.0,60.0,3.0,0.0,246.0,74.0,5.0
26610,2022-01-13 18:00:00,468.41,570.0,57.0,3.0,0.0,266.0,75.0,5.0
26611,2022-01-13 19:00:00,432.01,463.0,57.0,3.0,0.0,269.0,73.0,5.0
26612,2022-01-13 20:00:00,420.84,430.0,58.0,3.0,0.0,265.0,73.0,4.0
26613,2022-01-13 21:00:00,395.99,383.0,59.0,3.0,0.0,274.0,73.0,4.0
26614,2022-01-13 22:00:00,386.96,359.0,58.0,3.0,0.0,269.0,73.0,3.0
26615,2022-01-13 23:00:00,391.15,362.0,60.0,3.0,0.0,264.0,73.0,4.0
26616,2022-01-14 00:00:00,396.52,362.0,61.0,3.0,0.0,257.0,70.0,5.0
26617,2022-01-14 01:00:00,397.17,360.0,60.0,3.0,0.0,253.0,71.0,5.0
26618,2022-01-14 02:00:00,406.29,361.0,60.0,3.0,0.0,240.0,68.0,5.0
26619,2022-01-14 03:00:00,403.18,367.0,60.0,3.0,0.0,249.0,70.0,5.0
26620,2022-01-14 04:00:00,437.43,436.0,59.0,3.0,0.0,240.0,71.0,5.0
26621,2022-01-14 05:00:00,462.34,515.0,59.0,3.0,0.0,247.0,71.0,5.0
26622,2022-01-14 06:00:00,463.19,526.0,56.0,3.0,0.0,253.0,71.0,5.0
26623,2022-01-14 07:00:00,460.56,534.0,53.0,3.0,3.0,260.0,72.0,5.0
26624,2022-01-14 08:00:00,450.53,516.0,55.0,3.0,14.0,260.0,69.0,5.0
26625,2022-01-14 09:00:00,432.18,487.0,56.0,3.0,27.0,265.0,68.0,5.0
26626,2022-01-14 10:00:00,437.17,509.0,55.0,3.0,36.0,259.0,71.0,5.0
26627,2022-01-14 11:00:00,438.74,489.0,55.0,3.0,24.0,252.0,72.0,5.0
26628,2022-01-14 12:00:00,441.96,465.0,56.0,3.0,13.0,240.0,71.0,5.0
26629,2022-01-14 13:00:00,450.12,486.0,56.0,3.0,4.0,246.0,73.0,5.0
26630,2022-01-14 14:00:00,451.91,492.0,54.0,3.0,0.0,248.0,76.0,5.0
26631,2022-01-14 15:00:00,440.14,456.0,56.0,3.0,0.0,246.0,75.0,5.0
26632,2022-01-14 16:00:00,450.78,499.0,54.0,3.0,0.0,255.0,76.0,5.0
26633,2022-01-14 17:00:00,458.51,531.0,54.0,3.0,0.0,259.0,78.0,5.0
26634,2022-01-14 18:00:00,432.71,459.0,54.0,3.0,0.0,260.0,78.0,5.0
26635,2022-01-14 19:00:00,424.99,437.0,56.0,3.0,0.0,261.0,75.0,5.0
26636,2022-01-14 20:00:00,419.48,421.0,56.0,3.0,0.0,261.0,73.0,5.0
26637,2022-01-14 21:00:00,391.53,343.0,57.0,3.0,0.0,254.0,65.0,5.0
26638,2022-01-14 22:00:00,390.35,347.0,57.0,3.0,0.0,261.0,64.0,5.0
26639,2022-01-14 23:00:00,336.56,251.0,57.0,3.0,0.0,258.0,64.0,5.0
26640,2022-01-15 00:00:00,339.43,253.0,56.0,3.0,0.0,257.0,62.0,5.0
26641,2022-01-15 01:00:00,338.15,251.0,57.0,3.0,0.0,255.0,64.0,5.0
26642,2022-01-15 02:00:00,343.29,253.0,58.0,3.0,0.0,251.0,61.0,5.0
26643,2022-01-15 03:00:00,360.18,277.0,56.0,3.0,0.0,247.0,62.0,5.0
26644,2022-01-15 04:00:00,382.25,311.0,58.0,3.0,0.0,243.0,62.0,5.0
26645,2022-01-15 05:00:00,422.78,374.0,57.0,3.0,0.0,228.0,62.0,5.0
26646,2022-01-15 06:00:00,447.8,425.0,56.0,3.0,1.0,222.0,62.0,5.0
26647,2022-01-15 07:00:00,477.31,494.0,56.0,3.0,11.0,205.0,62.0,5.0
26648,2022-01-15 08:00:00,451.33,497.0,57.0,3.0,59.0,207.0,62.0,5.0
26649,2022-01-15 09:00:00,420.77,490.0,57.0,3.0,110.0,215.0,62.0,5.0
26650,2022-01-15 10:00:00,411.79,487.0,57.0,3.0,128.0,214.0,63.0,5.0
26651,2022-01-15 11:00:00,422.87,483.0,55.0,3.0,109.0,205.0,63.0,5.0
26652,2022-01-15 12:00:00,452.91,473.0,55.0,3.0,57.0,189.0,63.0,5.0
26653,2022-01-15 13:00:00,493.32,503.0,55.0,3.0,11.0,181.0,64.0,5.0
26654,2022-01-15 14:00:00,498.83,507.0,55.0,3.0,1.0,182.0,66.0,5.0
26655,2022-01-15 15:00:00,518.93,535.0,56.0,3.0,0.0,163.0,67.0,5.0
26656,2022-01-15 16:00:00,518.28,515.0,55.0,3.0,0.0,155.0,67.0,5.0
26657,2022-01-15 17:00:00,535.73,535.0,56.0,3.0,0.0,136.0,68.0,5.0
26658,2022-01-15 18:00:00,546.48,514.0,56.0,3.0,0.0,112.0,68.0,5.0
26659,2022-01-15 19:00:00,555.97,492.0,56.0,3.0,0.0,93.0,66.0,5.0
26660,2022-01-15 20:00:00,571.54,542.0,56.0,3.0,0.0,91.0,65.0,5.0
26661,2022-01-15 21:00:00,561.58,533.0,57.0,3.0,0.0,99.0,67.0,5.0
26662,2022-01-15 22:00:00,548.06,467.0,58.0,3.0,0.0,93.0,66.0,5.0
26663,2022-01-15 23:00:00,496.92,349.0,57.0,3.0,0.0,102.0,66.0,5.0
26664,2022-01-16 00:00:00,474.56,323.0,56.0,3.0,0.0,117.0,63.0,5.0
26665,2022-01-16 01:00:00,475.85,328.0,58.0,3.0,0.0,117.0,64.0,5.0
26666,2022-01-16 02:00:00,479.33,330.0,58.0,3.0,0.0,117.0,61.0,5.0
26667,2022-01-16 03:00:00,447.76,331.0,59.0,3.0,0.0,156.0,63.0,5.0
26668,2022-01-16 04:00:00,431.13,306.0,50.0,3.0,0.0,161.0,64.0,5.0
26669,2022-01-16 05:00:00,411.72,283.0,53.0,3.0,0.0,169.0,64.0,5.0
26670,2022-01-16 06:00:00,429.81,309.0,58.0,3.0,1.0,163.0,64.0,5.0
26671,2022-01-16 07:00:00,463.12,362.0,61.0,3.0,8.0,146.0,64.0,5.0
26672,2022-01-16 08:00:00,466.02,389.0,61.0,3.0,19.0,149.0,63.0,5.0
26673,2022-01-16 09:00:00,432.58,393.0,63.0,3.0,27.0,197.0,63.0,5.0
26674,2022-01-16 10:00:00,418.02,400.0,62.0,3.0,30.0,227.0,62.0,5.0
26675,2022-01-16 11:00:00,426.28,401.0,63.0,3.0,20.0,221.0,63.0,4.0
26676,2022-01-16 12:00:00,434.93,396.0,62.0,3.0,8.0,215.0,62.0,4.0
26677,2022-01-16 13:00:00,424.55,387.0,56.0,3.0,2.0,237.0,58.0,4.0
26678,2022-01-16 14:00:00,414.41,388.0,57.0,3.0,0.0,254.0,62.0,4.0
26679,2022-01-16 15:00:00,415.08,383.0,57.0,3.0,0.0,250.0,61.0,5.0
26680,2022-01-16 16:00:00,416.76,389.0,56.0,3.0,0.0,252.0,61.0,5.0
26681,2022-01-16 17:00:00,413.15,387.0,56.0,3.0,0.0,255.0,63.0,5.0
26682,2022-01-16 18:00:00,430.24,389.0,56.0,3.0,0.0,227.0,62.0,5.0
26683,2022-01-16 19:00:00,495.51,374.0,57.0,3.0,0.0,122.0,61.0,5.0
26684,2022-01-16 20:00:00,486.84,340.0,57.0,3.0,0.0,114.0,61.0,5.0
26685,2022-01-16 21:00:00,445.33,272.0,63.0,3.0,0.0,116.0,64.0,5.0
26686,2022-01-16 22:00:00,428.52,256.0,64.0,3.0,0.0,123.0,65.0,5.0
26687,2022-01-16 23:00:00,426.8,253.0,62.0,3.0,0.0,123.0,65.0,5.0
26688,2022-01-17 00:00:00,423.71,256.0,55.0,3.0,0.0,132.0,63.0,5.0
26689,2022-01-17 01:00:00,415.17,260.0,54.0,3.0,0.0,147.0,62.0,5.0
26690,2022-01-17 02:00:00,417.48,261.0,53.0,3.0,0.0,146.0,61.0,5.0
26691,2022-01-17 03:00:00,433.33,299.0,55.0,3.0,0.0,153.0,63.0,5.0
26692,2022-01-17 04:00:00,438.51,357.0,53.0,3.0,0.0,185.0,67.0,5.0
26693,2022-01-17 05:00:00,476.4,378.0,54.0,3.0,0.0,144.0,67.0,5.0
26694,2022-01-17 06:00:00,451.19,357.0,54.0,3.0,0.0,165.0,68.0,5.0
26695,2022-01-17 07:00:00,477.9,456.0,54.0,3.0,1.0,184.0,70.0,5.0
26696,2022-01-17 08:00:00,474.58,464.0,55.0,3.0,4.0,192.0,69.0,5.0
26697,2022-01-17 09:00:00,464.45,491.0,56.0,3.0,6.0,223.0,70.0,4.0
26698,2022-01-17 10:00:00,460.31,505.0,55.0,3.0,8.0,237.0,71.0,4.0
26699,2022-01-17 11:00:00,447.17,486.0,43.0,3.0,9.0,249.0,73.0,5.0
26700,2022-01-17 12:00:00,465.19,537.0,22.0,3.0,8.0,252.0,74.0,5.0
26701,2022-01-17 13:00:00,463.92,536.0,20.0,3.0,3.0,259.0,74.0,4.0
26702,2022-01-17 14:00:00,458.7,517.0,20.0,3.0,0.0,259.0,75.0,5.0
26703,2022-01-17 15:00:00,462.8,531.0,21.0,3.0,0.0,260.0,75.0,5.0
26704,2022-01-17 16:00:00,465.59,536.0,20.0,3.0,0.0,258.0,75.0,5.0
26705,2022-01-17 17:00:00,461.96,527.0,20.0,3.0,0.0,259.0,75.0,4.0
26706,2022-01-17 18:00:00,465.07,536.0,20.0,3.0,0.0,259.0,75.0,5.0
26707,2022-01-17 19:00:00,445.33,466.0,28.0,3.0,0.0,253.0,70.0,5.0
26708,2022-01-17 20:00:00,442.35,461.0,40.0,3.0,0.0,255.0,68.0,5.0
26709,2022-01-17 21:00:00,441.78,469.0,39.0,3.0,0.0,261.0,69.0,5.0
26710,2022-01-17 22:00:00,449.35,468.0,45.0,3.0,0.0,246.0,68.0,5.0
26711,2022-01-17 23:00:00,464.91,491.0,47.0,3.0,0.0,234.0,66.0,4.0
26712,2022-01-18 00:00:00,488.22,533.0,52.0,3.0,0.0,218.0,64.0,5.0
26713,2022-01-18 01:00:00,502.4,560.0,52.0,3.0,0.0,207.0,64.0,4.0
26714,2022-01-18 02:00:00,524.93,629.0,51.0,3.0,0.0,200.0,64.0,4.0
26715,2022-01-18 03:00:00,530.02,627.0,51.0,3.0,0.0,188.0,66.0,4.0
26716,2022-01-18 04:00:00,561.11,723.0,51.0,3.0,0.0,170.0,66.0,4.0
26717,2022-01-18 05:00:00,605.12,905.0,50.0,3.0,0.0,143.0,66.0,4.0
26718,2022-01-18 06:00:00,610.99,906.0,50.0,3.0,0.0,132.0,66.0,4.0
26719,2022-01-18 07:00:00,618.58,893.0,42.0,3.0,5.0,114.0,65.0,4.0
26720,2022-01-18 08:00:00,635.21,929.0,36.0,3.0,16.0,85.0,63.0,5.0
26721,2022-01-18 09:00:00,641.41,940.0,34.0,3.0,20.0,73.0,63.0,4.0
26722,2022-01-18 10:00:00,648.43,931.0,32.0,3.0,17.0,62.0,64.0,4.0
26723,2022-01-18 11:00:00,652.5,930.0,41.0,3.0,18.0,50.0,64.0,4.0
26724,2022-01-18 12:00:00,660.35,929.0,49.0,3.0,11.0,40.0,64.0,5.0
26725,2022-01-18 13:00:00,652.94,927.0,54.0,3.0,3.0,58.0,64.0,5.0
26726,2022-01-18 14:00:00,637.36,908.0,53.0,3.0,0.0,82.0,67.0,5.0
26727,2022-01-18 15:00:00,611.45,852.0,60.0,3.0,0.0,114.0,66.0,5.0
26728,2022-01-18 16:00:00,626.35,925.0,61.0,3.0,0.0,123.0,46.0,5.0
26729,2022-01-18 17:00:00,620.96,929.0,61.0,3.0,0.0,131.0,49.0,5.0
26730,2022-01-18 18:00:00,608.37,931.0,53.0,3.0,0.0,144.0,64.0,5.0
26731,2022-01-18 19:00:00,593.23,894.0,35.0,3.0,0.0,168.0,67.0,5.0
26732,2022-01-18 20:00:00,568.8,756.0,32.0,3.0,0.0,173.0,67.0,5.0
26733,2022-01-18 21:00:00,542.97,601.0,33.0,3.0,0.0,159.0,68.0,5.0
26734,2022-01-18 22:00:00,514.04,492.0,50.0,3.0,0.0,151.0,68.0,5.0
26735,2022-01-18 23:00:00,530.48,515.0,57.0,3.0,0.0,135.0,68.0,5.0
26736,2022-01-19 00:00:00,521.94,471.0,63.0,3.0,0.0,129.0,65.0,5.0
26737,2022-01-19 01:00:00,521.53,466.0,64.0,3.0,0.0,125.0,67.0,5.0
26738,2022-01-19 02:00:00,525.8,469.0,62.0,3.0,0.0,124.0,64.0,5.0
26739,2022-01-19 03:00:00,534.18,496.0,62.0,3.0,0.0,122.0,66.0,5.0
26740,2022-01-19 04:00:00,584.8,668.0,60.0,3.0,0.0,109.0,66.0,5.0
26741,2022-01-19 05:00:00,588.2,740.0,54.0,3.0,0.0,128.0,65.0,5.0
26742,2022-01-19 06:00:00,601.27,757.0,38.0,3.0,0.0,116.0,66.0,5.0
26743,2022-01-19 07:00:00,578.61,743.0,33.0,3.0,2.0,150.0,66.0,5.0
26744,2022-01-19 08:00:00,558.99,711.0,32.0,3.0,6.0,169.0,67.0,5.0
26745,2022-01-19 09:00:00,556.54,751.0,32.0,3.0,14.0,180.0,67.0,5.0
26746,2022-01-19 10:00:00,549.05,744.0,34.0,3.0,24.0,181.0,67.0,5.0
26747,2022-01-19 11:00:00,550.51,761.0,33.0,3.0,30.0,178.0,68.0,5.0
26748,2022-01-19 12:00:00,549.81,767.0,35.0,3.0,18.0,194.0,67.0,5.0
26749,2022-01-19 13:00:00,539.38,758.0,33.0,3.0,5.0,225.0,67.0,5.0
26750,2022-01-19 14:00:00,536.57,737.0,33.0,3.0,0.0,224.0,70.0,5.0
26751,2022-01-19 15:00:00,538.21,756.0,38.0,3.0,0.0,226.0,71.0,5.0
26752,2022-01-19 16:00:00,533.49,751.0,53.0,3.0,0.0,229.0,71.0,5.0
26753,2022-01-19 17:00:00,522.05,733.0,57.0,3.0,0.0,243.0,72.0,5.0
26754,2022-01-19 18:00:00,508.05,666.0,55.0,3.0,0.0,241.0,72.0,5.0
26755,2022-01-19 19:00:00,487.69,619.0,56.0,3.0,0.0,260.0,70.0,5.0
26756,2022-01-19 20:00:00,444.9,480.0,56.0,3.0,0.0,259.0,70.0,5.0
26757,2022-01-19 21:00:00,379.01,328.0,55.0,3.0,0.0,257.0,71.0,5.0
26758,2022-01-19 22:00:00,373.14,320.0,56.0,3.0,0.0,260.0,71.0,5.0
26759,2022-01-19 23:00:00,366.77,314.0,57.0,3.0,0.0,266.0,71.0,5.0
26760,2022-01-20 00:00:00,368.76,312.0,56.0,3.0,0.0,263.0,68.0,5.0
26761,2022-01-20 01:00:00,372.01,316.0,55.0,3.0,0.0,261.0,68.0,5.0
26762,2022-01-20 02:00:00,372.57,317.0,53.0,3.0,0.0,263.0,66.0,5.0
26763,2022-01-20 03:00:00,378.47,321.0,53.0,3.0,0.0,254.0,68.0,5.0
26764,2022-01-20 04:00:00,421.44,394.0,52.0,3.0,0.0,242.0,67.0,5.0
26765,2022-01-20 05:00:00,438.57,416.0,54.0,3.0,0.0,228.0,67.0,5.0
26766,2022-01-20 06:00:00,471.38,448.0,53.0,3.0,0.0,194.0,67.0,5.0
26767,2022-01-20 07:00:00,501.69,449.0,53.0,3.0,2.0,146.0,67.0,5.0
26768,2022-01-20 08:00:00,528.15,452.0,53.0,3.0,7.0,107.0,66.0,5.0
26769,2022-01-20 09:00:00,540.7,453.0,54.0,3.0,14.0,84.0,66.0,5.0
26770,2022-01-20 10:00:00,561.38,452.0,50.0,3.0,18.0,56.0,66.0,5.0
26771,2022-01-20 11:00:00,565.9,439.0,51.0,3.0,15.0,47.0,68.0,5.0
26772,2022-01-20 12:00:00,572.31,440.0,49.0,3.0,9.0,48.0,67.0,5.0
26773,2022-01-20 13:00:00,560.73,449.0,52.0,3.0,3.0,68.0,68.0,5.0
26774,2022-01-20 14:00:00,550.55,449.0,55.0,3.0,0.0,79.0,71.0,5.0
26775,2022-01-20 15:00:00,542.13,450.0,54.0,3.0,0.0,90.0,71.0,5.0
26776,2022-01-20 16:00:00,481.61,449.0,54.0,3.0,0.0,174.0,71.0,5.0
26777,2022-01-20 17:00:00,470.61,445.0,55.0,3.0,0.0,189.0,71.0,5.0
26778,2022-01-20 18:00:00,473.95,449.0,55.0,3.0,0.0,185.0,72.0,5.0
26779,2022-01-20 19:00:00,464.62,420.0,55.0,3.0,0.0,183.0,71.0,5.0
26780,2022-01-20 20:00:00,444.23,386.0,53.0,3.0,0.0,193.0,71.0,5.0
26781,2022-01-20 21:00:00,421.16,339.0,54.0,3.0,0.0,193.0,72.0,5.0
26782,2022-01-20 22:00:00,421.75,340.0,53.0,3.0,0.0,194.0,71.0,5.0
26783,2022-01-20 23:00:00,404.74,317.0,39.0,3.0,0.0,203.0,71.0,5.0
26784,2022-01-21 00:00:00,391.98,316.0,36.0,3.0,0.0,225.0,69.0,5.0
26785,2022-01-21 01:00:00,387.2,317.0,37.0,3.0,0.0,235.0,68.0,5.0
26786,2022-01-21 02:00:00,386.9,319.0,47.0,3.0,0.0,239.0,66.0,5.0
26787,2022-01-21 03:00:00,387.57,318.0,22.0,3.0,0.0,237.0,67.0,5.0
26788,2022-01-21 04:00:00,397.98,330.0,20.0,3.0,0.0,231.0,67.0,5.0
26789,2022-01-21 05:00:00,439.64,419.0,18.0,3.0,0.0,235.0,66.0,5.0
26790,2022-01-21 06:00:00,449.69,445.0,18.0,3.0,0.0,235.0,67.0,4.0
26791,2022-01-21 07:00:00,443.54,437.0,18.0,3.0,1.0,239.0,67.0,4.0
26792,2022-01-21 08:00:00,447.36,446.0,18.0,3.0,4.0,236.0,67.0,5.0
26793,2022-01-21 09:00:00,445.78,448.0,19.0,3.0,9.0,236.0,66.0,5.0
26794,2022-01-21 10:00:00,442.55,446.0,19.0,3.0,10.0,239.0,66.0,4.0
26795,2022-01-21 11:00:00,441.06,437.0,20.0,3.0,7.0,237.0,67.0,4.0
26796,2022-01-21 12:00:00,446.4,440.0,19.0,3.0,4.0,233.0,67.0,4.0
26797,2022-01-21 13:00:00,449.59,445.0,19.0,3.0,1.0,234.0,67.0,4.0
26798,2022-01-21 14:00:00,446.59,435.0,20.0,3.0,0.0,231.0,69.0,4.0
26799,2022-01-21 15:00:00,449.07,437.0,21.0,3.0,0.0,227.0,70.0,4.0
26800,2022-01-21 16:00:00,458.13,445.0,22.0,3.0,0.0,218.0,69.0,4.0
26801,2022-01-21 17:00:00,453.77,446.0,22.0,3.0,0.0,225.0,70.0,4.0
26802,2022-01-21 18:00:00,450.33,436.0,22.0,3.0,0.0,223.0,71.0,4.0
26803,2022-01-21 19:00:00,457.46,433.0,23.0,3.0,0.0,211.0,69.0,4.0
26804,2022-01-21 20:00:00,452.49,423.0,25.0,3.0,0.0,211.0,70.0,4.0
26805,2022-01-21 21:00:00,447.78,412.0,27.0,3.0,0.0,210.0,71.0,5.0
26806,2022-01-21 22:00:00,444.93,400.0,28.0,3.0,0.0,206.0,71.0,5.0
26807,2022-01-21 23:00:00,453.47,411.0,28.0,3.0,0.0,200.0,71.0,5.0
26808,2022-01-22 00:00:00,483.38,461.0,28.0,3.0,0.0,186.0,69.0,4.0
26809,2022-01-22 01:00:00,492.38,466.0,28.0,3.0,0.0,174.0,70.0,4.0
26810,2022-01-22 02:00:00,514.09,501.0,29.0,3.0,0.0,162.0,67.0,4.0
26811,2022-01-22 03:00:00,532.91,545.0,28.0,3.0,0.0,152.0,69.0,4.0
26812,2022-01-22 04:00:00,554.21,592.0,27.0,3.0,0.0,141.0,67.0,4.0
26813,2022-01-22 05:00:00,570.15,664.0,26.0,3.0,0.0,139.0,70.0,4.0
26814,2022-01-22 06:00:00,594.18,733.0,25.0,3.0,0.0,123.0,69.0,4.0
26815,2022-01-22 07:00:00,599.06,742.0,24.0,3.0,1.0,117.0,69.0,4.0
26816,2022-01-22 08:00:00,603.18,758.0,23.0,3.0,4.0,112.0,69.0,4.0
26817,2022-01-22 09:00:00,601.83,774.0,24.0,3.0,6.0,116.0,69.0,4.0
26818,2022-01-22 10:00:00,616.85,788.0,24.0,3.0,6.0,95.0,69.0,4.0
26819,2022-01-22 11:00:00,625.51,849.0,25.0,3.0,7.0,94.0,68.0,4.0
26820,2022-01-22 12:00:00,627.11,888.0,24.0,3.0,5.0,102.0,68.0,4.0
26821,2022-01-22 13:00:00,637.92,896.0,24.0,3.0,2.0,87.0,69.0,4.0
26822,2022-01-22 14:00:00,649.95,894.0,23.0,3.0,0.0,67.0,71.0,4.0
26823,2022-01-22 15:00:00,660.82,880.0,24.0,3.0,0.0,54.0,64.0,4.0
26824,2022-01-22 16:00:00,679.09,882.0,23.0,3.0,0.0,41.0,50.0,4.0
26825,2022-01-22 17:00:00,684.91,886.0,25.0,3.0,0.0,32.0,50.0,4.0
26826,2022-01-22 18:00:00,681.87,871.0,31.0,3.0,0.0,17.0,65.0,4.0
26827,2022-01-22 19:00:00,681.11,827.0,31.0,3.0,0.0,11.0,67.0,4.0
26828,2022-01-22 20:00:00,675.08,746.0,29.0,3.0,0.0,10.0,67.0,5.0
26829,2022-01-22 21:00:00,660.62,610.0,23.0,3.0,0.0,9.0,69.0,5.0
26830,2022-01-22 22:00:00,661.95,610.0,22.0,3.0,0.0,9.0,68.0,5.0
26831,2022-01-22 23:00:00,665.25,628.0,22.0,3.0,0.0,8.0,68.0,5.0
26832,2022-01-23 00:00:00,666.63,642.0,23.0,3.0,0.0,9.0,67.0,5.0
26833,2022-01-23 01:00:00,665.24,641.0,22.0,3.0,0.0,11.0,67.0,4.0
26834,2022-01-23 02:00:00,668.17,639.0,23.0,3.0,0.0,10.0,64.0,4.0
26835,2022-01-23 03:00:00,668.59,679.0,23.0,3.0,0.0,13.0,66.0,4.0
26836,2022-01-23 04:00:00,644.59,625.0,41.0,3.0,0.0,20.0,71.0,4.0
26837,2022-01-23 05:00:00,643.04,669.0,43.0,3.0,0.0,28.0,72.0,4.0
26838,2022-01-23 06:00:00,636.35,717.0,45.0,3.0,0.0,46.0,71.0,5.0
26839,2022-01-23 07:00:00,634.92,769.0,53.0,3.0,1.0,55.0,70.0,4.0
26840,2022-01-23 08:00:00,624.91,813.0,55.0,3.0,3.0,73.0,74.0,4.0
26841,2022-01-23 09:00:00,611.84,764.0,50.0,3.0,4.0,82.0,76.0,4.0
26842,2022-01-23 10:00:00,595.79,765.0,52.0,3.0,5.0,105.0,78.0,4.0
26843,2022-01-23 11:00:00,581.72,721.0,52.0,3.0,4.0,119.0,76.0,4.0
26844,2022-01-23 12:00:00,578.16,686.0,52.0,3.0,3.0,115.0,76.0,5.0
26845,2022-01-23 13:00:00,577.65,713.0,53.0,3.0,1.0,124.0,78.0,5.0
26846,2022-01-23 14:00:00,560.63,698.0,51.0,3.0,0.0,148.0,80.0,5.0
26847,2022-01-23 15:00:00,565.59,720.0,45.0,3.0,0.0,149.0,80.0,5.0
26848,2022-01-23 16:00:00,573.09,741.0,33.0,3.0,0.0,147.0,80.0,5.0
26849,2022-01-23 17:00:00,575.85,728.0,33.0,3.0,0.0,137.0,81.0,5.0
26850,2022-01-23 18:00:00,573.88,703.0,31.0,3.0,0.0,132.0,82.0,5.0
26851,2022-01-23 19:00:00,586.32,712.0,32.0,3.0,0.0,117.0,79.0,5.0
26852,2022-01-23 20:00:00,584.37,696.0,33.0,3.0,0.0,115.0,79.0,5.0
26853,2022-01-23 21:00:00,543.57,559.0,34.0,3.0,0.0,132.0,77.0,5.0
26854,2022-01-23 22:00:00,521.0,527.0,32.0,3.0,0.0,154.0,76.0,5.0
26855,2022-01-23 23:00:00,508.83,537.0,32.0,3.0,0.0,179.0,75.0,5.0
26856,2022-01-24 00:00:00,498.73,534.0,33.0,3.0,0.0,195.0,74.0,5.0
26857,2022-01-24 01:00:00,501.21,570.0,34.0,3.0,0.0,209.0,74.0,4.0
26858,2022-01-24 02:00:00,481.51,531.0,47.0,3.0,0.0,223.0,71.0,4.0
26859,2022-01-24 03:00:00,480.3,524.0,52.0,3.0,0.0,220.0,71.0,4.0
26860,2022-01-24 04:00:00,492.49,585.0,54.0,3.0,0.0,230.0,72.0,4.0
26861,2022-01-24 05:00:00,517.99,702.0,54.0,3.0,0.0,235.0,75.0,4.0
26862,2022-01-24 06:00:00,523.38,734.0,52.0,3.0,0.0,238.0,76.0,4.0
26863,2022-01-24 07:00:00,539.22,789.0,52.0,3.0,2.0,227.0,75.0,4.0
26864,2022-01-24 08:00:00,540.36,813.0,53.0,3.0,5.0,230.0,76.0,4.0
26865,2022-01-24 09:00:00,538.71,818.0,52.0,3.0,9.0,231.0,77.0,4.0
26866,2022-01-24 10:00:00,542.56,815.0,53.0,3.0,10.0,221.0,76.0,4.0
26867,2022-01-24 11:00:00,538.33,810.0,54.0,3.0,10.0,228.0,76.0,5.0
26868,2022-01-24 12:00:00,534.56,794.0,56.0,3.0,8.0,231.0,76.0,5.0
26869,2022-01-24 13:00:00,538.52,789.0,57.0,3.0,3.0,225.0,76.0,5.0
26870,2022-01-24 14:00:00,545.76,789.0,59.0,3.0,0.0,211.0,77.0,5.0
26871,2022-01-24 15:00:00,555.22,756.0,60.0,3.0,0.0,179.0,77.0,5.0
26872,2022-01-24 16:00:00,563.43,737.0,56.0,3.0,0.0,159.0,76.0,5.0
26873,2022-01-24 17:00:00,578.61,728.0,56.0,3.0,0.0,129.0,76.0,5.0
26874,2022-01-24 18:00:00,569.06,699.0,56.0,3.0,0.0,136.0,76.0,5.0
26875,2022-01-24 19:00:00,569.43,687.0,57.0,3.0,0.0,133.0,74.0,5.0
26876,2022-01-24 20:00:00,568.15,652.0,58.0,3.0,0.0,125.0,72.0,5.0
26877,2022-01-24 21:00:00,555.21,549.0,59.0,3.0,0.0,107.0,73.0,5.0
26878,2022-01-24 22:00:00,558.64,520.0,58.0,3.0,0.0,92.0,73.0,5.0
26879,2022-01-24 23:00:00,584.28,561.0,59.0,3.0,0.0,72.0,72.0,5.0
26880,2022-01-25 00:00:00,582.95,548.0,64.0,3.0,0.0,69.0,71.0,4.0
26881,2022-01-25 01:00:00,603.34,589.0,64.0,3.0,0.0,54.0,71.0,4.0
26882,2022-01-25 02:00:00,616.89,603.0,59.0,3.0,0.0,45.0,68.0,4.0
26883,2022-01-25 03:00:00,615.61,637.0,58.0,3.0,0.0,53.0,70.0,4.0
26884,2022-01-25 04:00:00,607.75,711.0,56.0,3.0,0.0,79.0,74.0,4.0
26885,2022-01-25 05:00:00,634.69,904.0,53.0,3.0,0.0,79.0,74.0,4.0
26886,2022-01-25 06:00:00,641.04,969.0,53.0,3.0,1.0,79.0,74.0,4.0
26887,2022-01-25 07:00:00,636.63,974.0,51.0,3.0,8.0,85.0,71.0,4.0
26888,2022-01-25 08:00:00,622.64,970.0,51.0,3.0,31.0,87.0,72.0,4.0
26889,2022-01-25 09:00:00,594.9,991.0,50.0,3.0,72.0,109.0,72.0,4.0
26890,2022-01-25 10:00:00,574.34,978.0,51.0,3.0,110.0,112.0,73.0,4.0
26891,2022-01-25 11:00:00,576.07,978.0,51.0,3.0,115.0,103.0,73.0,5.0
26892,2022-01-25 12:00:00,603.93,976.0,49.0,3.0,80.0,77.0,73.0,5.0
26893,2022-01-25 13:00:00,642.98,994.0,48.0,3.0,27.0,56.0,74.0,5.0
26894,2022-01-25 14:00:00,656.26,975.0,47.0,3.0,2.0,52.0,76.0,5.0
26895,2022-01-25 15:00:00,648.27,984.0,49.0,3.0,0.0,68.0,77.0,5.0
26896,2022-01-25 16:00:00,644.0,976.0,50.0,3.0,0.0,75.0,76.0,5.0
26897,2022-01-25 17:00:00,647.82,985.0,49.0,3.0,0.0,69.0,77.0,5.0
26898,2022-01-25 18:00:00,655.34,989.0,49.0,3.0,0.0,56.0,77.0,5.0
26899,2022-01-25 19:00:00,655.16,953.0,48.0,3.0,0.0,53.0,75.0,5.0
26900,2022-01-25 20:00:00,648.6,842.0,49.0,3.0,0.0,47.0,73.0,5.0
26901,2022-01-25 21:00:00,651.85,821.0,50.0,3.0,0.0,36.0,75.0,5.0
26902,2022-01-25 22:00:00,657.1,814.0,50.0,3.0,0.0,28.0,74.0,5.0
26903,2022-01-25 23:00:00,655.68,719.0,50.0,3.0,0.0,18.0,71.0,5.0
26904,2022-01-26 00:00:00,653.55,678.0,48.0,3.0,0.0,16.0,70.0,5.0
26905,2022-01-26 01:00:00,652.39,657.0,48.0,3.0,0.0,15.0,69.0,5.0
26906,2022-01-26 02:00:00,648.14,683.0,45.0,3.0,0.0,28.0,67.0,5.0
26907,2022-01-26 03:00:00,638.75,706.0,44.0,3.0,0.0,42.0,70.0,5.0
26908,2022-01-26 04:00:00,629.61,812.0,43.0,3.0,0.0,75.0,72.0,5.0
26909,2022-01-26 05:00:00,625.93,929.0,43.0,3.0,0.0,104.0,74.0,5.0
26910,2022-01-26 06:00:00,626.47,974.0,42.0,3.0,2.0,111.0,74.0,5.0
26911,2022-01-26 07:00:00,616.78,992.0,45.0,3.0,14.0,121.0,74.0,5.0
26912,2022-01-26 08:00:00,601.97,984.0,34.0,3.0,29.0,139.0,74.0,5.0
26913,2022-01-26 09:00:00,586.86,987.0,30.0,3.0,46.0,157.0,74.0,5.0
26914,2022-01-26 10:00:00,582.08,966.0,28.0,3.0,48.0,160.0,74.0,5.0
26915,2022-01-26 11:00:00,591.75,980.0,28.0,3.0,38.0,152.0,75.0,5.0
26916,2022-01-26 12:00:00,588.1,987.0,28.0,3.0,22.0,180.0,73.0,5.0
26917,2022-01-26 13:00:00,592.01,989.0,28.0,3.0,8.0,186.0,73.0,5.0
26918,2022-01-26 14:00:00,589.32,982.0,33.0,3.0,1.0,193.0,75.0,5.0
26919,2022-01-26 15:00:00,587.94,963.0,37.0,3.0,0.0,190.0,75.0,5.0
26920,2022-01-26 16:00:00,600.91,984.0,45.0,3.0,0.0,166.0,74.0,5.0
26921,2022-01-26 17:00:00,601.17,952.0,45.0,3.0,0.0,156.0,75.0,5.0
26922,2022-01-26 18:00:00,592.35,868.0,44.0,3.0,0.0,151.0,75.0,5.0
26923,2022-01-26 19:00:00,579.28,735.0,45.0,3.0,0.0,137.0,73.0,5.0
26924,2022-01-26 20:00:00,583.03,654.0,45.0,3.0,0.0,107.0,72.0,5.0
26925,2022-01-26 21:00:00,572.69,547.0,45.0,3.0,0.0,87.0,73.0,5.0
26926,2022-01-26 22:00:00,554.55,470.0,46.0,3.0,0.0,85.0,71.0,5.0
26927,2022-01-26 23:00:00,590.07,580.0,48.0,3.0,0.0,75.0,71.0,5.0
26928,2022-01-27 00:00:00,584.89,518.0,49.0,3.0,0.0,63.0,71.0,5.0
26929,2022-01-27 01:00:00,597.23,541.0,48.0,3.0,0.0,55.0,71.0,5.0
26930,2022-01-27 02:00:00,587.88,544.0,49.0,3.0,0.0,67.0,71.0,5.0
26931,2022-01-27 03:00:00,598.61,576.0,50.0,3.0,0.0,62.0,71.0,5.0
26932,2022-01-27 04:00:00,586.3,552.0,50.0,3.0,0.0,71.0,71.0,5.0
26933,2022-01-27 05:00:00,595.07,652.0,49.0,3.0,0.0,84.0,75.0,5.0
26934,2022-01-27 06:00:00,592.7,668.0,49.0,3.0,0.0,91.0,76.0,5.0
26935,2022-01-27 07:00:00,590.37,671.0,50.0,3.0,4.0,91.0,76.0,5.0
26936,2022-01-27 08:00:00,589.91,685.0,52.0,3.0,9.0,90.0,76.0,5.0
26937,2022-01-27 09:00:00,594.15,692.0,53.0,3.0,15.0,83.0,72.0,5.0
26938,2022-01-27 10:00:00,587.31,715.0,49.0,3.0,18.0,95.0,76.0,5.0
26939,2022-01-27 11:00:00,586.32,728.0,34.0,3.0,17.0,108.0,75.0,5.0
26940,2022-01-27 12:00:00,591.23,733.0,35.0,3.0,11.0,106.0,76.0,5.0
26941,2022-01-27 13:00:00,592.4,734.0,36.0,3.0,5.0,111.0,75.0,5.0
26942,2022-01-27 14:00:00,579.89,686.0,36.0,3.0,1.0,119.0,77.0,5.0
26943,2022-01-27 15:00:00,583.01,702.0,33.0,3.0,0.0,120.0,78.0,4.0
26944,2022-01-27 16:00:00,588.55,705.0,33.0,3.0,0.0,112.0,78.0,5.0
26945,2022-01-27 17:00:00,587.61,659.0,33.0,3.0,0.0,101.0,77.0,5.0
26946,2022-01-27 18:00:00,610.38,711.0,33.0,3.0,0.0,82.0,76.0,5.0
26947,2022-01-27 19:00:00,599.39,583.0,34.0,3.0,0.0,65.0,75.0,5.0
26948,2022-01-27 20:00:00,594.03,501.0,34.0,3.0,2.0,48.0,74.0,5.0
26949,2022-01-27 21:00:00,605.66,490.0,35.0,3.0,0.0,33.0,75.0,5.0
26950,2022-01-27 22:00:00,608.14,458.0,36.0,3.0,0.0,24.0,73.0,5.0
26951,2022-01-27 23:00:00,569.31,355.0,37.0,3.0,0.0,30.0,73.0,5.0
26952,2022-01-28 00:00:00,540.12,322.0,36.0,3.0,0.0,45.0,72.0,4.0
26953,2022-01-28 01:00:00,536.01,361.0,36.0,3.0,0.0,65.0,72.0,4.0
26954,2022-01-28 02:00:00,501.49,363.0,37.0,3.0,0.0,104.0,71.0,4.0
26955,2022-01-28 03:00:00,484.14,365.0,37.0,3.0,0.0,125.0,72.0,4.0
26956,2022-01-28 04:00:00,480.87,373.0,36.0,3.0,0.0,134.0,72.0,4.0
26957,2022-01-28 05:00:00,506.18,441.0,36.0,3.0,0.0,137.0,72.0,4.0
26958,2022-01-28 06:00:00,510.66,481.0,34.0,3.0,0.0,151.0,72.0,4.0
26959,2022-01-28 07:00:00,512.69,528.0,33.0,3.0,3.0,165.0,75.0,4.0
26960,2022-01-28 08:00:00,507.2,535.0,34.0,3.0,6.0,172.0,77.0,4.0
26961,2022-01-28 09:00:00,500.15,537.0,33.0,3.0,9.0,182.0,77.0,4.0
26962,2022-01-28 10:00:00,492.74,532.0,33.0,3.0,11.0,191.0,76.0,4.0
26963,2022-01-28 11:00:00,486.17,544.0,34.0,3.0,10.0,209.0,77.0,4.0
26964,2022-01-28 12:00:00,474.41,526.0,35.0,3.0,7.0,224.0,76.0,5.0
26965,2022-01-28 13:00:00,450.41,452.0,34.0,3.0,3.0,223.0,77.0,5.0
26966,2022-01-28 14:00:00,449.13,441.0,32.0,3.0,1.0,218.0,79.0,5.0
26967,2022-01-28 15:00:00,457.71,444.0,34.0,3.0,0.0,205.0,80.0,5.0
26968,2022-01-28 16:00:00,457.9,446.0,34.0,3.0,0.0,207.0,79.0,5.0
26969,2022-01-28 17:00:00,467.1,440.0,34.0,3.0,0.0,188.0,79.0,5.0
26970,2022-01-28 18:00:00,485.27,467.0,35.0,3.0,0.0,175.0,79.0,5.0
26971,2022-01-28 19:00:00,501.9,506.0,34.0,3.0,0.0,171.0,78.0,5.0
26972,2022-01-28 20:00:00,528.23,566.0,36.0,3.0,0.0,157.0,78.0,5.0
26973,2022-01-28 21:00:00,537.36,513.0,35.0,3.0,0.0,120.0,79.0,5.0
26974,2022-01-28 22:00:00,543.78,496.0,36.0,3.0,0.0,105.0,78.0,5.0
26975,2022-01-28 23:00:00,545.28,485.0,35.0,3.0,0.0,100.0,77.0,5.0
26976,2022-01-29 00:00:00,573.86,508.0,36.0,3.0,0.0,72.0,77.0,5.0
26977,2022-01-29 01:00:00,597.17,513.0,36.0,3.0,0.0,45.0,78.0,5.0
26978,2022-01-29 02:00:00,608.35,515.0,36.0,3.0,0.0,36.0,75.0,5.0
26979,2022-01-29 03:00:00,605.07,493.0,36.0,3.0,0.0,35.0,74.0,5.0
26980,2022-01-29 04:00:00,577.89,514.0,36.0,3.0,0.0,70.0,76.0,5.0
26981,2022-01-29 05:00:00,544.42,494.0,34.0,3.0,0.0,105.0,77.0,5.0
26982,2022-01-29 06:00:00,515.65,483.0,37.0,3.0,1.0,139.0,76.0,5.0
26983,2022-01-29 07:00:00,480.65,468.0,39.0,3.0,11.0,177.0,73.0,5.0
26984,2022-01-29 08:00:00,449.86,468.0,34.0,3.0,24.0,218.0,73.0,5.0
26985,2022-01-29 09:00:00,441.59,466.0,34.0,3.0,33.0,223.0,73.0,5.0
26986,2022-01-29 10:00:00,442.46,465.0,38.0,3.0,23.0,230.0,73.0,5.0
26987,2022-01-29 11:00:00,446.94,477.0,38.0,3.0,16.0,237.0,73.0,5.0
26988,2022-01-29 12:00:00,440.58,464.0,37.0,3.0,10.0,245.0,74.0,5.0
26989,2022-01-29 13:00:00,439.7,464.0,35.0,3.0,3.0,254.0,74.0,5.0
26990,2022-01-29 14:00:00,436.33,467.0,33.0,3.0,0.0,264.0,76.0,5.0
26991,2022-01-29 15:00:00,450.01,518.0,35.0,3.0,0.0,270.0,79.0,5.0
26992,2022-01-29 16:00:00,448.98,515.0,35.0,3.0,0.0,269.0,80.0,5.0
26993,2022-01-29 17:00:00,448.89,515.0,36.0,3.0,0.0,269.0,80.0,5.0
26994,2022-01-29 18:00:00,447.26,510.0,35.0,3.0,0.0,269.0,80.0,5.0
26995,2022-01-29 19:00:00,429.04,455.0,34.0,3.0,0.0,270.0,75.0,5.0
26996,2022-01-29 20:00:00,429.69,457.0,36.0,3.0,0.0,270.0,75.0,5.0
26997,2022-01-29 21:00:00,395.78,376.0,35.0,3.0,0.0,270.0,73.0,5.0
26998,2022-01-29 22:00:00,392.14,360.0,36.0,3.0,0.0,263.0,72.0,5.0
26999,2022-01-29 23:00:00,395.65,342.0,34.0,3.0,0.0,240.0,72.0,5.0
27000,2022-01-30 00:00:00,404.23,339.0,36.0,3.0,0.0,223.0,71.0,4.0
27001,2022-01-30 01:00:00,417.84,341.0,36.0,3.0,0.0,201.0,73.0,5.0
27002,2022-01-30 02:00:00,420.24,341.0,38.0,3.0,0.0,199.0,71.0,5.0
27003,2022-01-30 03:00:00,431.49,341.0,37.0,3.0,0.0,180.0,73.0,5.0
27004,2022-01-30 04:00:00,466.7,341.0,36.0,3.0,0.0,131.0,74.0,5.0
27005,2022-01-30 05:00:00,476.68,350.0,36.0,3.0,0.0,124.0,74.0,5.0
27006,2022-01-30 06:00:00,508.23,376.0,36.0,3.0,1.0,100.0,73.0,4.0
27007,2022-01-30 07:00:00,513.28,373.0,35.0,3.0,5.0,88.0,74.0,4.0
27008,2022-01-30 08:00:00,520.93,372.0,35.0,3.0,11.0,73.0,74.0,4.0
27009,2022-01-30 09:00:00,505.51,389.0,35.0,3.0,17.0,92.0,75.0,4.0
27010,2022-01-30 10:00:00,470.08,356.0,35.0,3.0,21.0,115.0,74.0,4.0
27011,2022-01-30 11:00:00,462.07,383.0,36.0,3.0,18.0,146.0,74.0,5.0
27012,2022-01-30 12:00:00,429.78,344.0,36.0,3.0,12.0,171.0,75.0,5.0
27013,2022-01-30 13:00:00,435.53,366.0,35.0,3.0,5.0,187.0,74.0,5.0
27014,2022-01-30 14:00:00,433.37,375.0,36.0,3.0,1.0,198.0,77.0,5.0
27015,2022-01-30 15:00:00,471.39,478.0,35.0,3.0,0.0,205.0,78.0,4.0
27016,2022-01-30 16:00:00,472.27,487.0,35.0,3.0,0.0,210.0,77.0,4.0
27017,2022-01-30 17:00:00,475.3,484.0,35.0,3.0,0.0,203.0,77.0,4.0
27018,2022-01-30 18:00:00,475.06,480.0,35.0,3.0,0.0,200.0,78.0,4.0
27019,2022-01-30 19:00:00,423.5,356.0,34.0,3.0,0.0,203.0,74.0,4.0
27020,2022-01-30 20:00:00,406.7,316.0,35.0,3.0,0.0,196.0,74.0,4.0
27021,2022-01-30 21:00:00,413.41,321.0,35.0,3.0,0.0,190.0,74.0,4.0
27022,2022-01-30 22:00:00,415.61,314.0,34.0,3.0,0.0,182.0,73.0,4.0
27023,2022-01-30 23:00:00,415.95,322.0,35.0,3.0,0.0,191.0,70.0,4.0
27024,2022-01-31 00:00:00,432.99,340.0,35.0,3.0,0.0,181.0,69.0,4.0
27025,2022-01-31 01:00:00,449.29,357.0,34.0,3.0,0.0,168.0,71.0,4.0
27026,2022-01-31 02:00:00,464.96,388.0,35.0,3.0,0.0,168.0,69.0,4.0
27027,2022-01-31 03:00:00,486.72,454.0,36.0,3.0,0.0,175.0,69.0,4.0
27028,2022-01-31 04:00:00,523.77,574.0,35.0,3.0,0.0,170.0,76.0,4.0
27029,2022-01-31 05:00:00,560.94,719.0,36.0,3.0,0.0,163.0,77.0,4.0
27030,2022-01-31 06:00:00,587.05,824.0,37.0,3.0,0.0,149.0,77.0,4.0
27031,2022-01-31 07:00:00,607.71,919.0,36.0,3.0,1.0,136.0,76.0,4.0
27032,2022-01-31 08:00:00,620.78,974.0,35.0,3.0,2.0,123.0,76.0,4.0
27033,2022-01-31 09:00:00,624.51,978.0,34.0,3.0,3.0,116.0,76.0,4.0
27034,2022-01-31 10:00:00,636.71,1006.0,32.0,3.0,3.0,104.0,71.0,4.0
27035,2022-01-31 11:00:00,643.01,1042.0,31.0,3.0,3.0,101.0,69.0,4.0
27036,2022-01-31 12:00:00,643.49,1044.0,32.0,3.0,2.0,102.0,68.0,4.0
27037,2022-01-31 13:00:00,638.84,1035.0,33.0,3.0,1.0,108.0,70.0,4.0
27038,2022-01-31 14:00:00,635.35,1061.0,33.0,3.0,0.0,112.0,79.0,4.0
27039,2022-01-31 15:00:00,633.41,1022.0,31.0,3.0,0.0,106.0,82.0,4.0
27040,2022-01-31 16:00:00,636.64,1059.0,33.0,3.0,0.0,107.0,81.0,4.0
27041,2022-01-31 17:00:00,638.2,1062.0,34.0,3.0,0.0,103.0,82.0,4.0
27042,2022-01-31 18:00:00,644.91,1053.0,34.0,3.0,0.0,88.0,82.0,4.0
27043,2022-01-31 19:00:00,651.69,1054.0,34.0,3.0,0.0,77.0,80.0,4.0
27044,2022-01-31 20:00:00,652.62,1037.0,35.0,3.0,0.0,73.0,79.0,4.0
27045,2022-01-31 21:00:00,647.55,924.0,35.0,3.0,0.0,62.0,80.0,4.0
27046,2022-01-31 22:00:00,646.83,854.0,35.0,3.0,0.0,52.0,79.0,4.0
27047,2022-01-31 23:00:00,653.75,899.0,36.0,3.0,0.0,49.0,78.0,4.0
27048,2022-02-01 00:00:00,659.89,892.0,36.0,3.0,0.0,41.0,75.0,4.0
27049,2022-02-01 01:00:00,659.19,895.0,35.0,3.0,0.0,42.0,76.0,4.0
27050,2022-02-01 02:00:00,658.35,902.0,36.0,3.0,0.0,47.0,73.0,4.0
27051,2022-02-01 03:00:00,661.36,901.0,36.0,3.0,0.0,40.0,75.0,4.0
27052,2022-02-01 04:00:00,673.17,983.0,36.0,3.0,0.0,31.0,76.0,4.0
27053,2022-02-01 05:00:00,678.4,1002.0,35.0,3.0,0.0,25.0,76.0,4.0
27054,2022-02-01 06:00:00,684.95,1064.0,39.0,3.0,0.0,19.0,76.0,4.0
27055,2022-02-01 07:00:00,685.62,1074.0,41.0,3.0,1.0,18.0,75.0,4.0
27056,2022-02-01 08:00:00,686.47,1081.0,35.0,3.0,2.0,18.0,76.0,4.0
27057,2022-02-01 09:00:00,684.83,1081.0,37.0,3.0,3.0,20.0,75.0,4.0
27058,2022-02-01 10:00:00,684.92,1046.0,37.0,3.0,3.0,16.0,75.0,4.0
27059,2022-02-01 11:00:00,686.04,1046.0,35.0,3.0,3.0,16.0,74.0,4.0
27060,2022-02-01 12:00:00,686.58,1036.0,35.0,3.0,2.0,15.0,74.0,4.0
27061,2022-02-01 13:00:00,689.36,1043.0,35.0,3.0,1.0,11.0,75.0,4.0
27062,2022-02-01 14:00:00,687.31,1015.0,34.0,3.0,0.0,11.0,77.0,4.0
27063,2022-02-01 15:00:00,693.37,1015.0,34.0,3.0,0.0,9.0,69.0,4.0
27064,2022-02-01 16:00:00,696.37,1008.0,35.0,3.0,0.0,10.0,62.0,4.0
27065,2022-02-01 17:00:00,696.72,1020.0,34.0,3.0,0.0,10.0,63.0,4.0
27066,2022-02-01 18:00:00,693.54,1013.0,33.0,3.0,0.0,9.0,69.0,4.0
27067,2022-02-01 19:00:00,677.01,853.0,33.0,3.0,0.0,9.0,77.0,4.0
27068,2022-02-01 20:00:00,666.61,748.0,32.0,3.0,0.0,10.0,77.0,4.0
27069,2022-02-01 21:00:00,666.06,747.0,33.0,3.0,0.0,10.0,77.0,5.0
27070,2022-02-01 22:00:00,666.96,769.0,35.0,3.0,0.0,12.0,76.0,5.0
27071,2022-02-01 23:00:00,666.73,754.0,31.0,3.0,0.0,13.0,75.0,5.0
27072,2022-02-02 00:00:00,665.64,750.0,31.0,3.0,0.0,16.0,73.0,4.0
27073,2022-02-02 01:00:00,663.81,754.0,31.0,3.0,0.0,19.0,73.0,4.0
27074,2022-02-02 02:00:00,669.13,755.0,29.0,3.0,0.0,16.0,70.0,4.0
27075,2022-02-02 03:00:00,667.08,754.0,28.0,3.0,0.0,18.0,71.0,4.0
27076,2022-02-02 04:00:00,669.38,791.0,28.0,3.0,0.0,18.0,73.0,4.0
27077,2022-02-02 05:00:00,684.05,982.0,27.0,3.0,0.0,19.0,74.0,4.0
27078,2022-02-02 06:00:00,689.16,1044.0,23.0,3.0,0.0,19.0,74.0,4.0
27079,2022-02-02 07:00:00,690.37,1049.0,24.0,3.0,1.0,16.0,74.0,4.0
27080,2022-02-02 08:00:00,692.06,1083.0,25.0,3.0,3.0,12.0,76.0,4.0
27081,2022-02-02 09:00:00,691.17,1082.0,26.0,3.0,5.0,11.0,76.0,4.0
27082,2022-02-02 10:00:00,690.71,1068.0,29.0,3.0,6.0,9.0,75.0,4.0
27083,2022-02-02 11:00:00,689.98,1051.0,28.0,3.0,6.0,9.0,75.0,4.0
27084,2022-02-02 12:00:00,688.88,1047.0,29.0,3.0,5.0,10.0,76.0,4.0
27085,2022-02-02 13:00:00,688.32,1023.0,30.0,3.0,2.0,10.0,77.0,4.0
27086,2022-02-02 14:00:00,688.34,1033.0,30.0,3.0,0.0,11.0,79.0,4.0
27087,2022-02-02 15:00:00,687.56,1022.0,30.0,3.0,0.0,11.0,79.0,5.0
27088,2022-02-02 16:00:00,689.25,1069.0,30.0,3.0,0.0,13.0,79.0,5.0
27089,2022-02-02 17:00:00,683.39,969.0,28.0,3.0,0.0,13.0,79.0,5.0
27090,2022-02-02 18:00:00,672.24,822.0,28.0,3.0,0.0,13.0,78.0,5.0
27091,2022-02-02 19:00:00,672.38,797.0,27.0,3.0,0.0,13.0,75.0,5.0
27092,2022-02-02 20:00:00,669.94,787.0,27.0,3.0,0.0,14.0,76.0,5.0
27093,2022-02-02 21:00:00,670.93,808.0,28.0,3.0,0.0,14.0,77.0,5.0
27094,2022-02-02 22:00:00,680.93,913.0,29.0,3.0,0.0,12.0,77.0,5.0
27095,2022-02-02 23:00:00,680.58,896.0,28.0,3.0,0.0,11.0,77.0,5.0
27096,2022-02-03 00:00:00,677.65,847.0,29.0,3.0,0.0,12.0,74.0,5.0
27097,2022-02-03 01:00:00,674.06,837.0,31.0,3.0,0.0,14.0,75.0,5.0
27098,2022-02-03 02:00:00,673.13,812.0,29.0,3.0,0.0,16.0,72.0,5.0
27099,2022-02-03 03:00:00,672.37,792.0,30.0,3.0,0.0,14.0,72.0,5.0
27100,2022-02-03 04:00:00,684.59,918.0,29.0,3.0,0.0,10.0,74.0,5.0
27101,2022-02-03 05:00:00,691.8,1038.0,29.0,3.0,0.0,10.0,75.0,5.0
27102,2022-02-03 06:00:00,693.23,1047.0,30.0,3.0,0.0,9.0,74.0,5.0
27103,2022-02-03 07:00:00,692.11,1048.0,30.0,3.0,1.0,10.0,74.0,5.0
27104,2022-02-03 08:00:00,688.17,1065.0,31.0,3.0,4.0,14.0,75.0,5.0
27105,2022-02-03 09:00:00,684.86,1062.0,32.0,3.0,6.0,17.0,75.0,5.0
27106,2022-02-03 10:00:00,685.18,1058.0,32.0,3.0,8.0,14.0,75.0,5.0
27107,2022-02-03 11:00:00,687.61,1055.0,33.0,3.0,7.0,10.0,75.0,5.0
27108,2022-02-03 12:00:00,688.36,1063.0,32.0,3.0,6.0,11.0,75.0,5.0
27109,2022-02-03 13:00:00,688.4,1071.0,38.0,3.0,3.0,12.0,75.0,5.0
27110,2022-02-03 14:00:00,688.11,1072.0,35.0,3.0,0.0,14.0,78.0,5.0
27111,2022-02-03 15:00:00,686.51,1071.0,30.0,3.0,0.0,19.0,78.0,5.0
27112,2022-02-03 16:00:00,689.86,1143.0,31.0,3.0,0.0,20.0,78.0,5.0
27113,2022-02-03 17:00:00,688.46,1166.0,31.0,3.0,0.0,24.0,79.0,5.0
27114,2022-02-03 18:00:00,689.07,1163.0,30.0,3.0,0.0,23.0,79.0,5.0
27115,2022-02-03 19:00:00,684.37,1073.0,30.0,3.0,0.0,26.0,75.0,5.0
27116,2022-02-03 20:00:00,680.32,1037.0,30.0,3.0,0.0,29.0,75.0,5.0
27117,2022-02-03 21:00:00,667.7,916.0,29.0,3.0,0.0,34.0,76.0,5.0
27118,2022-02-03 22:00:00,648.8,782.0,29.0,3.0,0.0,44.0,74.0,5.0
27119,2022-02-03 23:00:00,622.21,640.0,28.0,3.0,0.0,53.0,74.0,5.0
27120,2022-02-04 00:00:00,608.22,574.0,28.0,3.0,0.0,58.0,71.0,5.0
27121,2022-02-04 01:00:00,591.51,538.0,27.0,3.0,0.0,69.0,71.0,5.0
27122,2022-02-04 02:00:00,568.85,527.0,29.0,3.0,0.0,95.0,69.0,5.0
27123,2022-02-04 03:00:00,564.65,520.0,29.0,3.0,0.0,98.0,69.0,5.0
27124,2022-02-04 04:00:00,589.75,651.0,29.0,3.0,0.0,102.0,72.0,5.0
27125,2022-02-04 05:00:00,595.53,722.0,27.0,3.0,0.0,113.0,73.0,5.0
27126,2022-02-04 06:00:00,581.3,725.0,27.0,3.0,0.0,136.0,74.0,5.0
27127,2022-02-04 07:00:00,575.29,713.0,25.0,3.0,3.0,141.0,73.0,5.0
27128,2022-02-04 08:00:00,567.09,726.0,26.0,3.0,8.0,150.0,77.0,5.0
27129,2022-02-04 09:00:00,539.03,698.0,27.0,3.0,13.0,180.0,82.0,5.0
27130,2022-02-04 10:00:00,539.75,716.0,27.0,3.0,16.0,183.0,82.0,5.0
27131,2022-02-04 11:00:00,534.08,727.0,29.0,3.0,15.0,200.0,81.0,5.0
27132,2022-02-04 12:00:00,527.31,712.0,29.0,3.0,9.0,217.0,77.0,5.0
27133,2022-02-04 13:00:00,523.39,705.0,28.0,3.0,3.0,229.0,76.0,5.0
27134,2022-02-04 14:00:00,516.95,717.0,27.0,3.0,0.0,248.0,79.0,5.0
27135,2022-02-04 15:00:00,515.19,724.0,27.0,3.0,0.0,254.0,80.0,5.0
27136,2022-02-04 16:00:00,507.79,706.0,27.0,3.0,0.0,263.0,78.0,5.0
27137,2022-02-04 17:00:00,502.77,681.0,27.0,3.0,0.0,262.0,77.0,5.0
27138,2022-02-04 18:00:00,450.41,497.0,28.0,3.0,0.0,259.0,76.0,5.0
27139,2022-02-04 19:00:00,417.39,394.0,29.0,3.0,0.0,248.0,71.0,5.0
27140,2022-02-04 20:00:00,397.23,361.0,28.0,3.0,0.0,258.0,69.0,5.0
27141,2022-02-04 21:00:00,400.16,368.0,28.0,3.0,0.0,260.0,68.0,5.0
27142,2022-02-04 22:00:00,397.15,362.0,29.0,3.0,0.0,259.0,69.0,5.0
27143,2022-02-04 23:00:00,399.2,364.0,30.0,3.0,0.0,258.0,68.0,5.0
27144,2022-02-05 00:00:00,398.65,364.0,30.0,3.0,0.0,259.0,68.0,5.0
27145,2022-02-05 01:00:00,404.24,364.0,29.0,3.0,0.0,250.0,67.0,5.0
27146,2022-02-05 02:00:00,407.57,365.0,29.0,3.0,0.0,244.0,68.0,5.0
27147,2022-02-05 03:00:00,404.6,367.0,29.0,3.0,0.0,247.0,72.0,5.0
27148,2022-02-05 04:00:00,408.17,364.0,30.0,3.0,0.0,237.0,73.0,5.0
27149,2022-02-05 05:00:00,409.18,365.0,31.0,3.0,0.0,236.0,73.0,5.0
27150,2022-02-05 06:00:00,420.04,368.0,31.0,3.0,0.0,220.0,73.0,5.0
27151,2022-02-05 07:00:00,435.1,371.0,31.0,3.0,2.0,196.0,73.0,5.0
27152,2022-02-05 08:00:00,471.87,431.0,29.0,3.0,3.0,179.0,73.0,5.0
27153,2022-02-05 09:00:00,514.88,445.0,30.0,3.0,5.0,123.0,73.0,5.0
27154,2022-02-05 10:00:00,532.53,470.0,30.0,3.0,6.0,109.0,74.0,5.0
27155,2022-02-05 11:00:00,513.53,410.0,30.0,3.0,7.0,106.0,73.0,5.0
27156,2022-02-05 12:00:00,504.43,421.0,30.0,3.0,7.0,123.0,73.0,5.0
27157,2022-02-05 13:00:00,502.63,407.0,27.0,3.0,4.0,122.0,73.0,5.0
27158,2022-02-05 14:00:00,517.95,428.0,30.0,3.0,1.0,111.0,77.0,5.0
27159,2022-02-05 15:00:00,523.41,446.0,31.0,3.0,0.0,114.0,76.0,5.0
27160,2022-02-05 16:00:00,550.7,491.0,33.0,3.0,0.0,95.0,78.0,5.0
27161,2022-02-05 17:00:00,543.93,453.0,32.0,3.0,0.0,88.0,79.0,5.0
27162,2022-02-05 18:00:00,544.08,445.0,34.0,3.0,0.0,85.0,78.0,5.0
27163,2022-02-05 19:00:00,514.32,351.0,33.0,3.0,0.0,82.0,74.0,5.0
27164,2022-02-05 20:00:00,512.57,327.0,34.0,3.0,0.0,71.0,75.0,5.0
27165,2022-02-05 21:00:00,494.35,294.0,35.0,3.0,0.0,73.0,74.0,5.0
27166,2022-02-05 22:00:00,469.81,257.0,37.0,3.0,0.0,75.0,74.0,5.0
27167,2022-02-05 23:00:00,462.41,252.0,37.0,3.0,0.0,78.0,75.0,5.0
27168,2022-02-06 00:00:00,444.51,253.0,36.0,3.0,0.0,99.0,73.0,5.0
27169,2022-02-06 01:00:00,422.71,249.0,36.0,3.0,0.0,121.0,72.0,5.0
27170,2022-02-06 02:00:00,425.73,255.0,38.0,3.0,0.0,125.0,69.0,5.0
27171,2022-02-06 03:00:00,401.38,256.0,37.0,3.0,0.0,155.0,70.0,5.0
27172,2022-02-06 04:00:00,391.57,257.0,39.0,3.0,0.0,167.0,72.0,5.0
27173,2022-02-06 05:00:00,376.34,257.0,38.0,3.0,0.0,189.0,72.0,5.0
27174,2022-02-06 06:00:00,360.2,254.0,40.0,3.0,1.0,209.0,73.0,5.0
27175,2022-02-06 07:00:00,348.69,253.0,38.0,3.0,6.0,222.0,73.0,5.0
27176,2022-02-06 08:00:00,340.45,259.0,39.0,3.0,12.0,239.0,72.0,5.0
27177,2022-02-06 09:00:00,381.89,341.0,37.0,3.0,16.0,246.0,74.0,5.0
27178,2022-02-06 10:00:00,391.5,361.0,39.0,3.0,19.0,243.0,75.0,5.0
27179,2022-02-06 11:00:00,382.09,307.0,37.0,3.0,18.0,211.0,73.0,5.0
27180,2022-02-06 12:00:00,399.74,309.0,36.0,3.0,14.0,188.0,73.0,5.0
27181,2022-02-06 13:00:00,436.36,345.0,36.0,3.0,8.0,168.0,73.0,5.0
27182,2022-02-06 14:00:00,411.11,294.0,35.0,3.0,2.0,167.0,76.0,5.0
27183,2022-02-06 15:00:00,446.3,351.0,36.0,3.0,0.0,160.0,79.0,5.0
27184,2022-02-06 16:00:00,466.65,346.0,37.0,3.0,0.0,131.0,77.0,5.0
27185,2022-02-06 17:00:00,496.64,385.0,39.0,3.0,0.0,113.0,79.0,5.0
27186,2022-02-06 18:00:00,498.41,383.0,38.0,3.0,0.0,112.0,77.0,5.0
27187,2022-02-06 19:00:00,502.89,360.0,37.0,3.0,0.0,99.0,73.0,5.0
27188,2022-02-06 20:00:00,492.5,327.0,38.0,3.0,0.0,94.0,72.0,5.0
27189,2022-02-06 21:00:00,503.14,318.0,38.0,3.0,0.0,78.0,72.0,5.0
27190,2022-02-06 22:00:00,518.86,318.0,36.0,3.0,0.0,62.0,73.0,5.0
27191,2022-02-06 23:00:00,555.29,354.0,38.0,3.0,0.0,43.0,72.0,5.0
27192,2022-02-07 00:00:00,575.47,372.0,40.0,3.0,0.0,31.0,71.0,5.0
27193,2022-02-07 01:00:00,575.87,370.0,40.0,3.0,0.0,30.0,71.0,5.0
27194,2022-02-07 02:00:00,570.43,333.0,39.0,3.0,0.0,26.0,68.0,5.0
27195,2022-02-07 03:00:00,577.08,327.0,38.0,3.0,0.0,17.0,70.0,5.0
27196,2022-02-07 04:00:00,606.06,416.0,37.0,3.0,0.0,17.0,71.0,5.0
27197,2022-02-07 05:00:00,623.9,498.0,35.0,3.0,0.0,16.0,75.0,5.0
27198,2022-02-07 06:00:00,630.51,540.0,35.0,3.0,0.0,18.0,75.0,5.0
27199,2022-02-07 07:00:00,623.79,536.0,36.0,3.0,3.0,21.0,75.0,5.0
27200,2022-02-07 08:00:00,609.81,515.0,37.0,3.0,6.0,28.0,75.0,5.0
27201,2022-02-07 09:00:00,602.64,529.0,36.0,3.0,12.0,34.0,75.0,5.0
27202,2022-02-07 10:00:00,592.5,521.0,35.0,3.0,16.0,40.0,75.0,5.0
27203,2022-02-07 11:00:00,594.36,536.0,35.0,3.0,18.0,40.0,75.0,5.0
27204,2022-02-07 12:00:00,593.38,514.0,35.0,3.0,15.0,38.0,75.0,5.0
27205,2022-02-07 13:00:00,604.27,541.0,34.0,3.0,8.0,40.0,75.0,5.0
27206,2022-02-07 14:00:00,603.97,542.0,33.0,3.0,2.0,43.0,79.0,5.0
27207,2022-02-07 15:00:00,602.86,537.0,33.0,3.0,0.0,45.0,79.0,5.0
27208,2022-02-07 16:00:00,604.27,541.0,34.0,3.0,0.0,44.0,79.0,5.0
27209,2022-02-07 17:00:00,593.99,538.0,35.0,3.0,0.0,54.0,80.0,5.0
27210,2022-02-07 18:00:00,578.29,541.0,36.0,3.0,0.0,74.0,80.0,5.0
27211,2022-02-07 19:00:00,544.35,467.0,29.0,3.0,0.0,96.0,77.0,5.0
27212,2022-02-07 20:00:00,505.19,359.0,29.0,3.0,0.0,96.0,75.0,5.0
27213,2022-02-07 21:00:00,491.18,350.0,30.0,3.0,0.0,107.0,75.0,5.0
27214,2022-02-07 22:00:00,473.66,330.0,30.0,3.0,0.0,119.0,72.0,5.0
27215,2022-02-07 23:00:00,490.01,377.0,31.0,3.0,0.0,123.0,75.0,5.0
27216,2022-02-08 00:00:00,505.46,378.0,30.0,3.0,0.0,107.0,73.0,5.0
27217,2022-02-08 01:00:00,508.56,346.0,32.0,3.0,0.0,88.0,72.0,5.0
27218,2022-02-08 02:00:00,513.96,335.0,32.0,3.0,0.0,79.0,70.0,5.0
27219,2022-02-08 03:00:00,518.51,332.0,32.0,3.0,0.0,72.0,71.0,5.0
27220,2022-02-08 04:00:00,569.23,441.0,31.0,3.0,0.0,59.0,75.0,5.0
27221,2022-02-08 05:00:00,608.3,547.0,31.0,3.0,0.0,46.0,75.0,5.0
27222,2022-02-08 06:00:00,601.7,557.0,32.0,3.0,1.0,55.0,75.0,5.0
27223,2022-02-08 07:00:00,580.76,540.0,32.0,3.0,6.0,71.0,75.0,5.0
27224,2022-02-08 08:00:00,562.65,530.0,38.0,3.0,13.0,82.0,75.0,5.0
27225,2022-02-08 09:00:00,532.98,515.0,45.0,3.0,19.0,108.0,76.0,5.0
27226,2022-02-08 10:00:00,509.83,515.0,45.0,3.0,22.0,141.0,75.0,5.0
27227,2022-02-08 11:00:00,505.08,503.0,47.0,3.0,20.0,144.0,75.0,5.0
27228,2022-02-08 12:00:00,523.57,541.0,47.0,3.0,12.0,141.0,75.0,5.0
27229,2022-02-08 13:00:00,514.54,493.0,49.0,3.0,6.0,138.0,75.0,5.0
27230,2022-02-08 14:00:00,529.76,513.0,51.0,3.0,1.0,126.0,78.0,5.0
27231,2022-02-08 15:00:00,542.69,496.0,50.0,3.0,0.0,102.0,78.0,5.0
27232,2022-02-08 16:00:00,575.1,546.0,52.0,3.0,0.0,76.0,78.0,5.0
27233,2022-02-08 17:00:00,534.99,489.0,52.0,3.0,0.0,107.0,80.0,5.0
27234,2022-02-08 18:00:00,514.47,473.0,51.0,3.0,0.0,132.0,77.0,5.0
27235,2022-02-08 19:00:00,480.99,409.0,53.0,3.0,0.0,144.0,79.0,5.0
27236,2022-02-08 20:00:00,465.81,340.0,53.0,3.0,0.0,130.0,72.0,5.0
27237,2022-02-08 21:00:00,503.98,332.0,54.0,3.0,0.0,80.0,72.0,5.0
27238,2022-02-08 22:00:00,505.62,331.0,53.0,3.0,0.0,79.0,71.0,5.0
27239,2022-02-08 23:00:00,505.13,326.0,53.0,3.0,0.0,77.0,71.0,5.0
27240,2022-02-09 00:00:00,496.35,327.0,53.0,3.0,0.0,88.0,70.0,5.0
27241,2022-02-09 01:00:00,489.67,328.0,53.0,3.0,0.0,95.0,71.0,5.0
27242,2022-02-09 02:00:00,488.57,328.0,54.0,3.0,0.0,99.0,68.0,5.0
27243,2022-02-09 03:00:00,483.45,333.0,53.0,3.0,0.0,103.0,73.0,5.0
27244,2022-02-09 04:00:00,524.15,406.0,38.0,3.0,0.0,96.0,73.0,5.0
27245,2022-02-09 05:00:00,554.75,504.0,26.0,3.0,0.0,100.0,75.0,5.0
27246,2022-02-09 06:00:00,546.89,523.0,28.0,3.0,1.0,116.0,75.0,5.0
27247,2022-02-09 07:00:00,558.33,537.0,30.0,3.0,9.0,96.0,76.0,5.0
27248,2022-02-09 08:00:00,559.77,534.0,27.0,3.0,20.0,83.0,76.0,5.0
27249,2022-02-09 09:00:00,551.41,534.0,28.0,3.0,24.0,90.0,76.0,5.0
27250,2022-02-09 10:00:00,542.23,536.0,27.0,3.0,24.0,103.0,77.0,5.0
27251,2022-02-09 11:00:00,517.83,534.0,29.0,3.0,23.0,139.0,77.0,5.0
27252,2022-02-09 12:00:00,488.35,509.0,29.0,3.0,18.0,179.0,77.0,5.0
27253,2022-02-09 13:00:00,473.33,502.0,28.0,3.0,10.0,195.0,91.0,5.0
27254,2022-02-09 14:00:00,469.48,501.0,29.0,3.0,3.0,206.0,93.0,5.0
27255,2022-02-09 15:00:00,482.34,503.0,28.0,3.0,0.0,189.0,92.0,5.0
27256,2022-02-09 16:00:00,484.24,510.0,27.0,3.0,0.0,189.0,93.0,5.0
27257,2022-02-09 17:00:00,462.13,511.0,28.0,3.0,0.0,228.0,94.0,5.0
27258,2022-02-09 18:00:00,443.85,479.0,28.0,3.0,0.0,242.0,93.0,5.0
27259,2022-02-09 19:00:00,420.96,414.0,27.0,3.0,0.0,236.0,93.0,5.0
27260,2022-02-09 20:00:00,375.12,335.0,28.0,3.0,0.0,251.0,92.0,5.0
27261,2022-02-09 21:00:00,375.49,332.0,43.0,3.0,0.0,247.0,92.0,5.0
27262,2022-02-09 22:00:00,383.29,330.0,53.0,3.0,0.0,231.0,91.0,5.0
27263,2022-02-09 23:00:00,382.22,330.0,53.0,3.0,0.0,233.0,91.0,5.0
27264,2022-02-10 00:00:00,383.29,330.0,53.0,3.0,0.0,233.0,89.0,5.0
27265,2022-02-10 01:00:00,387.07,330.0,54.0,3.0,0.0,224.0,91.0,5.0
27266,2022-02-10 02:00:00,399.66,331.0,49.0,3.0,0.0,204.0,90.0,5.0
27267,2022-02-10 03:00:00,410.53,336.0,51.0,3.0,0.0,189.0,91.0,5.0
27268,2022-02-10 04:00:00,462.99,415.0,47.0,3.0,0.0,165.0,90.0,5.0
27269,2022-02-10 05:00:00,503.34,532.0,49.0,3.0,0.0,163.0,93.0,5.0
27270,2022-02-10 06:00:00,507.08,531.0,50.0,3.0,8.0,149.0,92.0,5.0
27271,2022-02-10 07:00:00,483.35,536.0,50.0,3.0,31.0,169.0,93.0,5.0
27272,2022-02-10 08:00:00,438.7,506.0,52.0,3.0,44.0,225.0,92.0,5.0
27273,2022-02-10 09:00:00,434.02,514.0,52.0,3.0,47.0,239.0,91.0,5.0
27274,2022-02-10 10:00:00,434.72,525.0,50.0,3.0,54.0,238.0,92.0,5.0
27275,2022-02-10 11:00:00,443.41,545.0,52.0,3.0,56.0,229.0,94.0,5.0
27276,2022-02-10 12:00:00,441.67,513.0,57.0,3.0,43.0,223.0,93.0,5.0
27277,2022-02-10 13:00:00,444.22,484.0,57.0,3.0,24.0,216.0,93.0,5.0
27278,2022-02-10 14:00:00,464.76,505.0,49.0,3.0,6.0,207.0,96.0,5.0
27279,2022-02-10 15:00:00,485.69,533.0,46.0,3.0,0.0,191.0,97.0,5.0
27280,2022-02-10 16:00:00,497.13,547.0,47.0,3.0,0.0,177.0,98.0,5.0
27281,2022-02-10 17:00:00,506.94,548.0,49.0,3.0,0.0,161.0,97.0,5.0
27282,2022-02-10 18:00:00,496.67,512.0,48.0,3.0,0.0,158.0,99.0,5.0
27283,2022-02-10 19:00:00,492.62,435.0,48.0,3.0,0.0,127.0,95.0,5.0
27284,2022-02-10 20:00:00,449.28,337.0,48.0,3.0,0.0,130.0,93.0,5.0
27285,2022-02-10 21:00:00,443.84,336.0,47.0,3.0,0.0,135.0,95.0,5.0
27286,2022-02-10 22:00:00,451.98,336.0,46.0,3.0,0.0,127.0,92.0,5.0
27287,2022-02-10 23:00:00,444.68,336.0,46.0,3.0,0.0,139.0,90.0,5.0
27288,2022-02-11 00:00:00,450.53,337.0,44.0,3.0,0.0,135.0,87.0,5.0
27289,2022-02-11 01:00:00,448.43,336.0,45.0,3.0,0.0,135.0,89.0,5.0
27290,2022-02-11 02:00:00,447.54,336.0,52.0,3.0,0.0,137.0,87.0,5.0
27291,2022-02-11 03:00:00,458.74,342.0,51.0,3.0,0.0,123.0,90.0,5.0
27292,2022-02-11 04:00:00,508.83,465.0,52.0,3.0,0.0,119.0,94.0,5.0
27293,2022-02-11 05:00:00,535.85,542.0,52.0,3.0,0.0,112.0,96.0,5.0
27294,2022-02-11 06:00:00,533.87,550.0,50.0,3.0,6.0,114.0,95.0,5.0
27295,2022-02-11 07:00:00,526.69,554.0,53.0,3.0,34.0,99.0,94.0,4.0
27296,2022-02-11 08:00:00,504.4,553.0,48.0,3.0,78.0,92.0,95.0,4.0
27297,2022-02-11 09:00:00,474.09,550.0,48.0,3.0,121.0,103.0,95.0,4.0
27298,2022-02-11 10:00:00,448.48,507.0,49.0,3.0,136.0,109.0,97.0,5.0
27299,2022-02-11 11:00:00,450.78,492.0,48.0,3.0,121.0,107.0,99.0,4.0
27300,2022-02-11 12:00:00,476.1,531.0,47.0,3.0,88.0,119.0,97.0,4.0
27301,2022-02-11 13:00:00,513.7,552.0,47.0,3.0,47.0,107.0,95.0,4.0
27302,2022-02-11 14:00:00,534.44,553.0,48.0,3.0,11.0,110.0,95.0,5.0
27303,2022-02-11 15:00:00,532.01,553.0,47.0,3.0,1.0,122.0,97.0,4.0
27304,2022-02-11 16:00:00,528.24,556.0,48.0,3.0,0.0,130.0,97.0,5.0
27305,2022-02-11 17:00:00,528.24,556.0,48.0,3.0,0.0,128.0,99.0,5.0
27306,2022-02-11 18:00:00,528.82,556.0,48.0,3.0,0.0,128.0,98.0,4.0
27307,2022-02-11 19:00:00,529.4,554.0,49.0,3.0,0.0,129.0,95.0,5.0
27308,2022-02-11 20:00:00,511.88,490.0,51.0,3.0,0.0,131.0,90.0,5.0
27309,2022-02-11 21:00:00,485.79,411.0,50.0,3.0,0.0,133.0,85.0,5.0
27310,2022-02-11 22:00:00,460.32,356.0,51.0,3.0,0.0,137.0,83.0,5.0
27311,2022-02-11 23:00:00,429.34,303.0,51.0,3.0,0.0,140.0,85.0,5.0
27312,2022-02-12 00:00:00,432.15,286.0,53.0,3.0,0.0,124.0,84.0,5.0
27313,2022-02-12 01:00:00,430.47,266.0,52.0,3.0,0.0,113.0,82.0,5.0
27314,2022-02-12 02:00:00,404.0,265.0,50.0,3.0,0.0,149.0,79.0,4.0
27315,2022-02-12 03:00:00,393.63,266.0,48.0,3.0,0.0,161.0,83.0,5.0
27316,2022-02-12 04:00:00,393.31,271.0,50.0,3.0,0.0,164.0,85.0,5.0
27317,2022-02-12 05:00:00,404.37,294.0,55.0,3.0,1.0,168.0,84.0,5.0
27318,2022-02-12 06:00:00,393.0,335.0,54.0,3.0,17.0,209.0,83.0,5.0
27319,2022-02-12 07:00:00,373.05,342.0,56.0,3.0,63.0,207.0,84.0,5.0
27320,2022-02-12 08:00:00,364.24,349.0,57.0,3.0,95.0,200.0,85.0,5.0
27321,2022-02-12 09:00:00,350.07,343.0,55.0,3.0,86.0,235.0,84.0,5.0
27322,2022-02-12 10:00:00,347.85,338.0,51.0,3.0,73.0,247.0,84.0,5.0
27323,2022-02-12 11:00:00,356.51,341.0,53.0,3.0,53.0,252.0,83.0,5.0
27324,2022-02-12 12:00:00,357.01,334.0,53.0,3.0,39.0,258.0,82.0,5.0
27325,2022-02-12 13:00:00,356.55,334.0,53.0,3.0,20.0,277.0,83.0,5.0
27326,2022-02-12 14:00:00,339.99,293.0,52.0,3.0,4.0,278.0,85.0,5.0
27327,2022-02-12 15:00:00,382.91,378.0,52.0,3.0,0.0,282.0,88.0,5.0
27328,2022-02-12 16:00:00,393.82,402.0,51.0,3.0,0.0,282.0,88.0,5.0
27329,2022-02-12 17:00:00,402.37,405.0,51.0,3.0,0.0,266.0,89.0,5.0
27330,2022-02-12 18:00:00,402.89,395.0,52.0,3.0,0.0,257.0,88.0,5.0
27331,2022-02-12 19:00:00,361.92,309.0,53.0,3.0,0.0,256.0,85.0,5.0
27332,2022-02-12 20:00:00,358.54,287.0,51.0,3.0,0.0,239.0,84.0,5.0
27333,2022-02-12 21:00:00,344.76,268.0,53.0,3.0,0.0,242.0,85.0,5.0
27334,2022-02-12 22:00:00,351.24,266.0,54.0,3.0,0.0,225.0,87.0,4.0
27335,2022-02-12 23:00:00,361.14,271.0,54.0,3.0,0.0,216.0,84.0,4.0
27336,2022-02-13 00:00:00,373.42,265.0,54.0,3.0,0.0,191.0,82.0,4.0
27337,2022-02-13 01:00:00,377.21,266.0,54.0,3.0,0.0,186.0,82.0,4.0
27338,2022-02-13 02:00:00,371.59,266.0,55.0,3.0,0.0,197.0,80.0,4.0
27339,2022-02-13 03:00:00,354.74,267.0,58.0,3.0,0.0,224.0,83.0,4.0
27340,2022-02-13 04:00:00,343.94,267.0,57.0,3.0,0.0,243.0,84.0,4.0
27341,2022-02-13 05:00:00,342.85,267.0,56.0,3.0,0.0,246.0,83.0,4.0
27342,2022-02-13 06:00:00,335.62,270.0,56.0,3.0,3.0,259.0,85.0,4.0
27343,2022-02-13 07:00:00,319.05,267.0,55.0,3.0,15.0,278.0,85.0,4.0
27344,2022-02-13 08:00:00,312.55,270.0,55.0,3.0,26.0,287.0,84.0,4.0
27345,2022-02-13 09:00:00,305.92,269.0,54.0,3.0,35.0,295.0,82.0,5.0
27346,2022-02-13 10:00:00,299.77,269.0,53.0,3.0,49.0,297.0,81.0,5.0
27347,2022-02-13 11:00:00,297.76,267.0,53.0,3.0,53.0,295.0,81.0,5.0
27348,2022-02-13 12:00:00,302.47,267.0,52.0,3.0,43.0,292.0,82.0,5.0
27349,2022-02-13 13:00:00,314.73,267.0,52.0,3.0,19.0,287.0,82.0,5.0
27350,2022-02-13 14:00:00,323.56,268.0,53.0,3.0,4.0,282.0,84.0,5.0
27351,2022-02-13 15:00:00,328.52,267.0,52.0,3.0,0.0,273.0,85.0,5.0
27352,2022-02-13 16:00:00,329.82,266.0,52.0,3.0,0.0,267.0,87.0,5.0
27353,2022-02-13 17:00:00,332.4,267.0,52.0,3.0,0.0,265.0,85.0,5.0
27354,2022-02-13 18:00:00,325.9,267.0,54.0,3.0,0.0,275.0,88.0,4.0
27355,2022-02-13 19:00:00,330.6,266.0,55.0,3.0,0.0,267.0,85.0,4.0
27356,2022-02-13 20:00:00,337.43,269.0,55.0,3.0,0.0,258.0,84.0,4.0
27357,2022-02-13 21:00:00,333.94,262.0,54.0,3.0,0.0,257.0,83.0,4.0
27358,2022-02-13 22:00:00,341.43,260.0,54.0,3.0,0.0,240.0,83.0,4.0
27359,2022-02-13 23:00:00,367.37,296.0,54.0,3.0,0.0,230.0,86.0,4.0
27360,2022-02-14 00:00:00,378.69,310.0,53.0,3.0,0.0,223.0,87.0,4.0
27361,2022-02-14 01:00:00,401.75,309.0,54.0,3.0,0.0,181.0,89.0,4.0
27362,2022-02-14 02:00:00,407.17,314.0,52.0,3.0,0.0,181.0,85.0,4.0
27363,2022-02-14 03:00:00,400.55,318.0,54.0,3.0,0.0,193.0,87.0,4.0
27364,2022-02-14 04:00:00,393.85,320.0,55.0,3.0,0.0,205.0,88.0,4.0
27365,2022-02-14 05:00:00,412.91,351.0,54.0,3.0,0.0,201.0,87.0,4.0
27366,2022-02-14 06:00:00,436.67,436.0,53.0,3.0,6.0,220.0,87.0,4.0
27367,2022-02-14 07:00:00,442.16,507.0,53.0,3.0,27.0,237.0,90.0,4.0
27368,2022-02-14 08:00:00,433.56,510.0,52.0,3.0,55.0,227.0,93.0,5.0
27369,2022-02-14 09:00:00,421.1,499.0,53.0,3.0,63.0,239.0,92.0,5.0
27370,2022-02-14 10:00:00,427.43,508.0,52.0,3.0,73.0,220.0,94.0,5.0
27371,2022-02-14 11:00:00,428.98,501.0,53.0,3.0,72.0,213.0,93.0,5.0
27372,2022-02-14 12:00:00,445.33,543.0,54.0,3.0,58.0,220.0,95.0,5.0
27373,2022-02-14 13:00:00,451.64,524.0,56.0,3.0,34.0,218.0,94.0,5.0
27374,2022-02-14 14:00:00,455.87,525.0,56.0,3.0,9.0,234.0,95.0,5.0
27375,2022-02-14 15:00:00,454.6,508.0,57.0,3.0,1.0,231.0,97.0,5.0
27376,2022-02-14 16:00:00,471.44,526.0,56.0,3.0,0.0,223.0,85.0,5.0
27377,2022-02-14 17:00:00,471.97,528.0,56.0,3.0,0.0,222.0,86.0,4.0
27378,2022-02-14 18:00:00,446.28,480.0,56.0,3.0,0.0,233.0,93.0,4.0
27379,2022-02-14 19:00:00,412.82,408.0,55.0,3.0,0.0,243.0,93.0,4.0
27380,2022-02-14 20:00:00,402.92,371.0,55.0,3.0,0.0,231.0,92.0,4.0
27381,2022-02-14 21:00:00,412.66,372.0,55.0,3.0,0.0,214.0,92.0,4.0
27382,2022-02-14 22:00:00,414.74,381.0,53.0,3.0,0.0,215.0,95.0,4.0
27383,2022-02-14 23:00:00,404.89,350.0,54.0,3.0,0.0,206.0,95.0,4.0
27384,2022-02-15 00:00:00,413.82,341.0,55.0,3.0,0.0,186.0,92.0,4.0
27385,2022-02-15 01:00:00,415.65,341.0,55.0,3.0,0.0,181.0,94.0,4.0
27386,2022-02-15 02:00:00,420.54,341.0,56.0,3.0,0.0,176.0,91.0,4.0
27387,2022-02-15 03:00:00,430.24,341.0,55.0,3.0,0.0,161.0,91.0,4.0
27388,2022-02-15 04:00:00,437.73,349.0,53.0,3.0,0.0,155.0,92.0,4.0
27389,2022-02-15 05:00:00,455.62,413.0,53.0,3.0,0.0,169.0,95.0,4.0
27390,2022-02-15 06:00:00,466.42,456.0,53.0,3.0,10.0,168.0,96.0,4.0
27391,2022-02-15 07:00:00,439.96,453.0,55.0,3.0,47.0,178.0,94.0,4.0
27392,2022-02-15 08:00:00,407.68,446.0,55.0,3.0,96.0,190.0,93.0,4.0
27393,2022-02-15 09:00:00,373.88,410.0,55.0,3.0,139.0,189.0,94.0,4.0
27394,2022-02-15 10:00:00,364.57,400.0,56.0,3.0,148.0,197.0,89.0,4.0
27395,2022-02-15 11:00:00,382.27,439.0,56.0,3.0,126.0,213.0,92.0,4.0
27396,2022-02-15 12:00:00,400.11,453.0,56.0,3.0,87.0,223.0,92.0,4.0
27397,2022-02-15 13:00:00,431.94,480.0,55.0,3.0,40.0,223.0,92.0,4.0
27398,2022-02-15 14:00:00,447.99,496.0,55.0,3.0,8.0,231.0,95.0,4.0
27399,2022-02-15 15:00:00,452.16,511.0,55.0,3.0,1.0,239.0,96.0,4.0
27400,2022-02-15 16:00:00,446.32,509.0,52.0,3.0,0.0,251.0,96.0,4.0
27401,2022-02-15 17:00:00,430.06,487.0,50.0,3.0,0.0,266.0,99.0,4.0
27402,2022-02-15 18:00:00,402.14,416.0,49.0,3.0,0.0,267.0,98.0,4.0
27403,2022-02-15 19:00:00,348.27,291.0,54.0,3.0,0.0,253.0,94.0,4.0
27404,2022-02-15 20:00:00,380.86,337.0,53.0,3.0,0.0,239.0,94.0,4.0
27405,2022-02-15 21:00:00,378.19,324.0,55.0,3.0,0.0,230.0,95.0,4.0
27406,2022-02-15 22:00:00,373.65,306.0,56.0,3.0,0.0,221.0,94.0,4.0
27407,2022-02-15 23:00:00,349.79,250.0,56.0,3.0,0.0,204.0,92.0,4.0
27408,2022-02-16 00:00:00,324.34,219.0,55.0,3.0,0.0,213.0,89.0,4.0
27409,2022-02-16 01:00:00,319.0,217.0,55.0,3.0,0.0,217.0,92.0,4.0
27410,2022-02-16 02:00:00,332.15,218.0,55.0,3.0,0.0,198.0,89.0,4.0
27411,2022-02-16 03:00:00,342.11,221.0,53.0,3.0,0.0,183.0,91.0,4.0
27412,2022-02-16 04:00:00,337.0,219.0,54.0,3.0,0.0,189.0,91.0,4.0
27413,2022-02-16 05:00:00,391.9,294.0,54.0,3.0,0.0,182.0,90.0,4.0
27414,2022-02-16 06:00:00,401.95,342.0,55.0,3.0,11.0,193.0,95.0,4.0
27415,2022-02-16 07:00:00,402.13,358.0,54.0,3.0,34.0,186.0,93.0,4.0
27416,2022-02-16 08:00:00,402.87,380.0,56.0,3.0,50.0,189.0,92.0,4.0
27417,2022-02-16 09:00:00,403.16,402.0,55.0,3.0,60.0,195.0,95.0,4.0
27418,2022-02-16 10:00:00,407.41,414.0,43.0,3.0,51.0,209.0,93.0,4.0
27419,2022-02-16 11:00:00,410.26,416.0,33.0,3.0,33.0,224.0,93.0,4.0
27420,2022-02-16 12:00:00,413.69,418.0,33.0,3.0,20.0,232.0,93.0,4.0
27421,2022-02-16 13:00:00,410.37,395.0,32.0,3.0,10.0,228.0,94.0,4.0
27422,2022-02-16 14:00:00,399.99,363.0,33.0,3.0,3.0,226.0,94.0,4.0
27423,2022-02-16 15:00:00,406.49,359.0,32.0,3.0,0.0,214.0,94.0,4.0
27424,2022-02-16 16:00:00,431.9,374.0,31.0,3.0,0.0,181.0,97.0,4.0
27425,2022-02-16 17:00:00,422.81,338.0,32.0,3.0,0.0,165.0,99.0,4.0
27426,2022-02-16 18:00:00,444.44,354.0,33.0,3.0,0.0,146.0,98.0,4.0
27427,2022-02-16 19:00:00,432.26,296.0,33.0,3.0,0.0,127.0,91.0,4.0
27428,2022-02-16 20:00:00,400.15,221.0,33.0,3.0,0.0,106.0,89.0,4.0
27429,2022-02-16 21:00:00,389.82,204.0,32.0,3.0,0.0,107.0,84.0,4.0
27430,2022-02-16 22:00:00,388.42,239.0,33.0,3.0,0.0,144.0,82.0,4.0
27431,2022-02-16 23:00:00,269.0,127.0,47.0,3.0,0.0,170.0,81.0,4.0
27432,2022-02-17 00:00:00,245.13,111.0,50.0,3.0,0.0,183.0,78.0,4.0
27433,2022-02-17 01:00:00,244.34,112.0,51.0,3.0,0.0,186.0,79.0,4.0
27434,2022-02-17 02:00:00,240.14,111.0,52.0,3.0,0.0,195.0,76.0,4.0
27435,2022-02-17 03:00:00,239.58,113.0,55.0,3.0,0.0,201.0,77.0,4.0
27436,2022-02-17 04:00:00,230.56,116.0,54.0,3.0,0.0,224.0,78.0,4.0
27437,2022-02-17 05:00:00,242.15,123.0,52.0,3.0,0.0,216.0,77.0,4.0
27438,2022-02-17 06:00:00,260.67,126.0,52.0,3.0,3.0,184.0,78.0,4.0
27439,2022-02-17 07:00:00,249.98,120.0,52.0,3.0,11.0,183.0,78.0,4.0
27440,2022-02-17 08:00:00,241.93,120.0,52.0,3.0,21.0,185.0,81.0,4.0
27441,2022-02-17 09:00:00,241.93,120.0,52.0,3.0,26.0,181.0,80.0,4.0
27442,2022-02-17 10:00:00,258.76,122.0,53.0,3.0,31.0,150.0,80.0,4.0
27443,2022-02-17 11:00:00,293.37,136.0,53.0,3.0,28.0,120.0,83.0,4.0
27444,2022-02-17 12:00:00,317.29,139.0,53.0,3.0,23.0,99.0,81.0,4.0
27445,2022-02-17 13:00:00,340.08,143.0,53.0,3.0,18.0,83.0,80.0,4.0
27446,2022-02-17 14:00:00,319.0,139.0,54.0,3.0,6.0,107.0,88.0,4.0
27447,2022-02-17 15:00:00,284.09,146.0,54.0,3.0,1.0,175.0,86.0,4.0
27448,2022-02-17 16:00:00,229.16,115.0,53.0,3.0,0.0,216.0,86.0,4.0
27449,2022-02-17 17:00:00,229.61,118.0,53.0,3.0,0.0,222.0,86.0,4.0
27450,2022-02-17 18:00:00,259.51,147.0,32.0,3.0,0.0,219.0,80.0,4.0
27451,2022-02-17 19:00:00,241.09,130.0,33.0,3.0,0.0,216.0,84.0,4.0
27452,2022-02-17 20:00:00,224.97,122.0,32.0,3.0,0.0,232.0,82.0,4.0
27453,2022-02-17 21:00:00,217.68,123.0,30.0,3.0,0.0,249.0,82.0,4.0
27454,2022-02-17 22:00:00,203.07,114.0,28.0,3.0,0.0,259.0,81.0,4.0
27455,2022-02-17 23:00:00,209.81,118.0,27.0,3.0,0.0,255.0,79.0,4.0
27456,2022-02-18 00:00:00,197.58,108.0,24.0,3.0,0.0,254.0,79.0,4.0
27457,2022-02-18 01:00:00,212.41,120.0,24.0,3.0,0.0,252.0,79.0,4.0
27458,2022-02-18 02:00:00,216.37,113.0,26.0,3.0,0.0,228.0,78.0,4.0
27459,2022-02-18 03:00:00,220.09,113.0,24.0,3.0,0.0,218.0,79.0,4.0
27460,2022-02-18 04:00:00,238.95,123.0,24.0,3.0,0.0,203.0,81.0,4.0
27461,2022-02-18 05:00:00,307.41,186.0,23.0,3.0,1.0,199.0,79.0,4.0
27462,2022-02-18 06:00:00,349.51,230.0,22.0,3.0,6.0,186.0,79.0,4.0
27463,2022-02-18 07:00:00,364.11,256.0,21.0,3.0,24.0,176.0,78.0,4.0
27464,2022-02-18 08:00:00,349.23,261.0,24.0,3.0,52.0,175.0,81.0,4.0
27465,2022-02-18 09:00:00,340.72,261.0,24.0,3.0,73.0,171.0,79.0,4.0
27466,2022-02-18 10:00:00,273.26,190.0,23.0,3.0,97.0,167.0,84.0,4.0
27467,2022-02-18 11:00:00,199.9,120.0,25.0,3.0,105.0,175.0,82.0,4.0
27468,2022-02-18 12:00:00,204.78,115.0,26.0,3.0,89.0,168.0,80.0,4.0
27469,2022-02-18 13:00:00,224.52,122.0,29.0,3.0,58.0,177.0,78.0,4.0
27470,2022-02-18 14:00:00,300.66,168.0,29.0,3.0,19.0,164.0,81.0,4.0
27471,2022-02-18 15:00:00,384.43,254.0,30.0,3.0,1.0,164.0,81.0,4.0
27472,2022-02-18 16:00:00,398.45,256.0,29.0,3.0,0.0,148.0,81.0,4.0
27473,2022-02-18 17:00:00,397.43,259.0,30.0,3.0,0.0,151.0,82.0,4.0
27474,2022-02-18 18:00:00,407.21,270.0,28.0,3.0,0.0,147.0,83.0,4.0
27475,2022-02-18 19:00:00,386.78,249.0,28.0,3.0,0.0,156.0,82.0,4.0
27476,2022-02-18 20:00:00,355.3,204.0,28.0,3.0,0.0,152.0,81.0,4.0
27477,2022-02-18 21:00:00,292.29,134.0,29.0,3.0,0.0,141.0,82.0,4.0
27478,2022-02-18 22:00:00,283.0,120.0,28.0,3.0,0.0,132.0,80.0,4.0
27479,2022-02-18 23:00:00,285.33,120.0,28.0,3.0,0.0,129.0,80.0,4.0
27480,2022-02-19 00:00:00,303.1,120.0,25.0,3.0,0.0,109.0,78.0,4.0
27481,2022-02-19 01:00:00,306.24,121.0,25.0,3.0,0.0,106.0,79.0,4.0
27482,2022-02-19 02:00:00,358.75,159.0,24.0,3.0,0.0,101.0,77.0,4.0
27483,2022-02-19 03:00:00,339.73,135.0,25.0,3.0,0.0,91.0,78.0,4.0
27484,2022-02-19 04:00:00,317.08,127.0,26.0,3.0,0.0,101.0,81.0,4.0
27485,2022-02-19 05:00:00,337.08,136.0,26.0,3.0,0.0,90.0,83.0,4.0
27486,2022-02-19 06:00:00,330.12,125.0,27.0,3.0,1.0,81.0,84.0,4.0
27487,2022-02-19 07:00:00,328.98,125.0,26.0,3.0,4.0,83.0,80.0,4.0
27488,2022-02-19 08:00:00,338.94,143.0,28.0,3.0,12.0,86.0,82.0,4.0
27489,2022-02-19 09:00:00,334.59,141.0,27.0,3.0,25.0,76.0,81.0,4.0
27490,2022-02-19 10:00:00,303.29,120.0,26.0,3.0,35.0,71.0,81.0,4.0
27491,2022-02-19 11:00:00,305.04,126.0,26.0,3.0,36.0,76.0,82.0,4.0
27492,2022-02-19 12:00:00,317.19,145.0,26.0,3.0,31.0,97.0,79.0,4.0
27493,2022-02-19 13:00:00,289.37,129.0,26.0,3.0,19.0,118.0,81.0,4.0
27494,2022-02-19 14:00:00,281.3,123.0,27.0,3.0,7.0,131.0,81.0,4.0
27495,2022-02-19 15:00:00,356.05,212.0,26.0,3.0,1.0,157.0,83.0,4.0
27496,2022-02-19 16:00:00,404.5,277.0,25.0,3.0,0.0,157.0,83.0,4.0
27497,2022-02-19 17:00:00,407.1,280.0,26.0,3.0,0.0,156.0,83.0,4.0
27498,2022-02-19 18:00:00,423.67,282.0,26.0,3.0,0.0,140.0,79.0,4.0
27499,2022-02-19 19:00:00,392.36,260.0,26.0,3.0,0.0,163.0,78.0,4.0
27500,2022-02-19 20:00:00,345.23,186.0,26.0,3.0,0.0,148.0,77.0,4.0
27501,2022-02-19 21:00:00,295.73,135.0,25.0,3.0,0.0,138.0,81.0,4.0
27502,2022-02-19 22:00:00,294.55,125.0,26.0,3.0,0.0,124.0,81.0,4.0
27503,2022-02-19 23:00:00,316.7,136.0,26.0,3.0,0.0,115.0,80.0,4.0
27504,2022-02-20 00:00:00,303.29,120.0,26.0,3.0,0.0,108.0,79.0,4.0
27505,2022-02-20 01:00:00,309.06,119.0,25.0,3.0,0.0,101.0,78.0,4.0
27506,2022-02-20 02:00:00,308.38,117.0,26.0,3.0,0.0,100.0,77.0,4.0
27507,2022-02-20 03:00:00,306.28,119.0,25.0,3.0,0.0,105.0,77.0,4.0
27508,2022-02-20 04:00:00,313.67,121.0,25.0,3.0,0.0,99.0,78.0,4.0
27509,2022-02-20 05:00:00,320.19,119.0,28.0,3.0,1.0,88.0,79.0,4.0
27510,2022-02-20 06:00:00,389.41,175.0,29.0,3.0,5.0,75.0,84.0,4.0
27511,2022-02-20 07:00:00,454.49,260.0,26.0,3.0,14.0,72.0,82.0,4.0
27512,2022-02-20 08:00:00,466.62,266.0,25.0,3.0,23.0,54.0,83.0,4.0
27513,2022-02-20 09:00:00,460.53,257.0,26.0,3.0,35.0,42.0,83.0,4.0
27514,2022-02-20 10:00:00,400.9,190.0,25.0,3.0,49.0,35.0,83.0,4.0
27515,2022-02-20 11:00:00,319.1,120.0,25.0,3.0,58.0,29.0,83.0,4.0
27516,2022-02-20 12:00:00,332.67,124.0,25.0,3.0,50.0,30.0,82.0,4.0
27517,2022-02-20 13:00:00,360.0,134.0,26.0,3.0,31.0,36.0,82.0,4.0
27518,2022-02-20 14:00:00,368.84,127.0,26.0,3.0,11.0,37.0,86.0,4.0
27519,2022-02-20 15:00:00,433.92,187.0,26.0,3.0,1.0,48.0,86.0,4.0
27520,2022-02-20 16:00:00,502.48,281.0,25.0,3.0,0.0,50.0,85.0,4.0
27521,2022-02-20 17:00:00,505.27,276.0,25.0,3.0,0.0,42.0,88.0,4.0
27522,2022-02-20 18:00:00,478.0,218.0,24.0,3.0,0.0,38.0,83.0,4.0
27523,2022-02-20 19:00:00,396.11,138.0,24.0,3.0,0.0,42.0,82.0,4.0
27524,2022-02-20 20:00:00,364.78,123.0,30.0,3.0,0.0,55.0,78.0,4.0
27525,2022-02-20 21:00:00,361.27,124.0,32.0,3.0,0.0,59.0,78.0,4.0
27526,2022-02-20 22:00:00,354.4,119.0,30.0,3.0,0.0,56.0,81.0,4.0
27527,2022-02-20 23:00:00,370.3,130.0,27.0,3.0,0.0,52.0,84.0,4.0
27528,2022-02-21 00:00:00,356.82,120.0,26.0,3.0,0.0,53.0,83.0,4.0
27529,2022-02-21 01:00:00,339.35,119.0,30.0,3.0,0.0,65.0,85.0,4.0
27530,2022-02-21 02:00:00,342.97,119.0,33.0,3.0,0.0,65.0,82.0,4.0
27531,2022-02-21 03:00:00,331.88,119.0,31.0,3.0,0.0,75.0,82.0,4.0
27532,2022-02-21 04:00:00,305.66,116.0,24.0,3.0,0.0,97.0,81.0,4.0
27533,2022-02-21 05:00:00,369.35,186.0,24.0,3.0,1.0,114.0,81.0,4.0
27534,2022-02-21 06:00:00,398.01,267.0,23.0,3.0,11.0,149.0,80.0,4.0
27535,2022-02-21 07:00:00,354.97,245.0,23.0,3.0,24.0,177.0,79.0,4.0
27536,2022-02-21 08:00:00,363.43,277.0,23.0,3.0,29.0,192.0,81.0,4.0
27537,2022-02-21 09:00:00,352.88,276.0,22.0,3.0,29.0,209.0,81.0,4.0
27538,2022-02-21 10:00:00,353.1,271.0,25.0,3.0,23.0,209.0,81.0,4.0
27539,2022-02-21 11:00:00,360.79,272.0,26.0,3.0,18.0,203.0,80.0,4.0
27540,2022-02-21 12:00:00,358.81,269.0,26.0,3.0,14.0,207.0,80.0,4.0
27541,2022-02-21 13:00:00,352.38,263.0,25.0,3.0,10.0,214.0,81.0,4.0
27542,2022-02-21 14:00:00,365.64,273.0,23.0,3.0,5.0,206.0,83.0,4.0
27543,2022-02-21 15:00:00,381.59,275.0,24.0,3.0,1.0,187.0,83.0,4.0
27544,2022-02-21 16:00:00,377.68,276.0,24.0,3.0,0.0,197.0,81.0,4.0
27545,2022-02-21 17:00:00,380.29,277.0,23.0,3.0,0.0,194.0,81.0,4.0
27546,2022-02-21 18:00:00,329.0,194.0,23.0,3.0,0.0,178.0,79.0,4.0
27547,2022-02-21 19:00:00,278.75,132.0,24.0,3.0,0.0,162.0,75.0,4.0
27548,2022-02-21 20:00:00,322.74,156.0,24.0,3.0,0.0,141.0,74.0,4.0
27549,2022-02-21 21:00:00,301.71,129.0,24.0,3.0,0.0,128.0,74.0,4.0
27550,2022-02-21 22:00:00,341.4,143.0,23.0,3.0,0.0,103.0,74.0,4.0
27551,2022-02-21 23:00:00,343.22,133.0,23.0,3.0,0.0,87.0,76.0,4.0
27552,2022-02-22 00:00:00,356.84,121.0,23.0,3.0,0.0,60.0,77.0,4.0
27553,2022-02-22 01:00:00,391.8,126.0,23.0,3.0,0.0,37.0,79.0,4.0
27554,2022-02-22 02:00:00,448.67,155.0,21.0,3.0,0.0,26.0,76.0,4.0
27555,2022-02-22 03:00:00,475.25,174.0,23.0,3.0,0.0,19.0,78.0,4.0
27556,2022-02-22 04:00:00,527.64,248.0,22.0,3.0,0.0,21.0,79.0,4.0
27557,2022-02-22 05:00:00,565.0,356.0,23.0,3.0,1.0,29.0,82.0,4.0
27558,2022-02-22 06:00:00,518.75,396.0,23.0,3.0,9.0,83.0,83.0,4.0
27559,2022-02-22 07:00:00,469.97,375.0,25.0,3.0,25.0,120.0,79.0,4.0
27560,2022-02-22 08:00:00,450.48,387.0,28.0,3.0,41.0,130.0,88.0,4.0
27561,2022-02-22 09:00:00,451.15,406.0,28.0,3.0,48.0,129.0,94.0,4.0
27562,2022-02-22 10:00:00,451.71,419.0,28.0,3.0,44.0,143.0,92.0,4.0
27563,2022-02-22 11:00:00,452.24,420.0,27.0,3.0,38.0,150.0,91.0,4.0
27564,2022-02-22 12:00:00,454.96,423.0,25.0,3.0,32.0,154.0,91.0,4.0
27565,2022-02-22 13:00:00,453.52,424.0,25.0,3.0,20.0,171.0,89.0,4.0
27566,2022-02-22 14:00:00,456.14,422.0,22.0,3.0,7.0,171.0,97.0,4.0
27567,2022-02-22 15:00:00,469.56,409.0,23.0,3.0,1.0,150.0,95.0,4.0
27568,2022-02-22 16:00:00,460.72,410.0,22.0,3.0,0.0,164.0,96.0,4.0
27569,2022-02-22 17:00:00,495.75,422.0,22.0,3.0,0.0,121.0,96.0,4.0
27570,2022-02-22 18:00:00,496.68,422.0,21.0,3.0,0.0,117.0,99.0,4.0
27571,2022-02-22 19:00:00,507.74,419.0,21.0,3.0,0.0,104.0,96.0,4.0
27572,2022-02-22 20:00:00,512.27,419.0,22.0,3.0,0.0,99.0,95.0,4.0
27573,2022-02-22 21:00:00,535.91,403.0,22.0,3.0,0.0,65.0,94.0,4.0
27574,2022-02-22 22:00:00,559.5,413.0,21.0,3.0,0.0,45.0,93.0,4.0
27575,2022-02-22 23:00:00,557.28,403.0,23.0,3.0,0.0,44.0,92.0,4.0
27576,2022-02-23 00:00:00,572.31,412.0,23.0,3.0,0.0,35.0,89.0,4.0
27577,2022-02-23 01:00:00,578.17,410.0,22.0,3.0,0.0,28.0,90.0,4.0
27578,2022-02-23 02:00:00,590.38,414.0,21.0,3.0,0.0,20.0,88.0,4.0
27579,2022-02-23 03:00:00,596.21,419.0,21.0,3.0,0.0,15.0,89.0,4.0
27580,2022-02-23 04:00:00,603.53,481.0,22.0,3.0,0.0,19.0,94.0,4.0
27581,2022-02-23 05:00:00,615.09,501.0,22.0,3.0,1.0,12.0,93.0,4.0
27582,2022-02-23 06:00:00,600.62,496.0,22.0,3.0,11.0,14.0,95.0,4.0
27583,2022-02-23 07:00:00,586.87,499.0,22.0,3.0,28.0,14.0,94.0,4.0
27584,2022-02-23 08:00:00,567.79,504.0,22.0,3.0,50.0,14.0,96.0,4.0
27585,2022-02-23 09:00:00,529.01,422.0,22.0,3.0,66.0,16.0,93.0,4.0
27586,2022-02-23 10:00:00,495.7,390.0,22.0,3.0,84.0,20.0,96.0,4.0
27587,2022-02-23 11:00:00,510.01,419.0,21.0,3.0,80.0,20.0,97.0,3.0
27588,2022-02-23 12:00:00,520.49,423.0,21.0,3.0,69.0,21.0,96.0,4.0
27589,2022-02-23 13:00:00,545.79,432.0,21.0,3.0,45.0,20.0,95.0,4.0
27590,2022-02-23 14:00:00,564.77,417.0,21.0,3.0,17.0,22.0,95.0,5.0
27591,2022-02-23 15:00:00,569.32,408.0,22.0,3.0,2.0,27.0,97.0,5.0
27592,2022-02-23 16:00:00,567.17,436.0,21.0,3.0,0.0,41.0,97.0,5.0
27593,2022-02-23 17:00:00,551.62,436.0,21.0,3.0,0.0,55.0,100.0,5.0
27594,2022-02-23 18:00:00,531.88,439.0,22.0,3.0,0.0,83.0,96.0,5.0
27595,2022-02-23 19:00:00,514.08,436.0,22.0,3.0,0.0,109.0,91.0,5.0
27596,2022-02-23 20:00:00,481.3,397.0,21.0,3.0,0.0,135.0,88.0,5.0
27597,2022-02-23 21:00:00,383.77,239.0,22.0,3.0,0.0,153.0,80.0,5.0
27598,2022-02-23 22:00:00,371.14,237.0,21.0,3.0,0.0,168.0,80.0,5.0
27599,2022-02-23 23:00:00,364.99,229.0,21.0,3.0,0.0,170.0,78.0,5.0
27600,2022-02-24 00:00:00,305.94,176.0,21.0,3.0,0.0,190.0,77.0,5.0
27601,2022-02-24 01:00:00,304.62,186.0,21.0,3.0,0.0,209.0,75.0,5.0
27602,2022-02-24 02:00:00,279.01,172.0,22.0,3.0,0.0,232.0,74.0,5.0
27603,2022-02-24 03:00:00,265.42,172.0,22.0,3.0,0.0,255.0,77.0,5.0
27604,2022-02-24 04:00:00,275.41,194.0,21.0,3.0,0.0,271.0,80.0,5.0
27605,2022-02-24 05:00:00,271.08,193.0,20.0,3.0,1.0,273.0,84.0,5.0
27606,2022-02-24 06:00:00,276.95,205.0,21.0,3.0,10.0,274.0,83.0,5.0
27607,2022-02-24 07:00:00,307.07,247.0,21.0,3.0,25.0,263.0,82.0,5.0
27608,2022-02-24 08:00:00,309.32,263.0,23.0,3.0,48.0,259.0,82.0,5.0
27609,2022-02-24 09:00:00,286.04,251.0,24.0,3.0,75.0,266.0,84.0,5.0
27610,2022-02-24 10:00:00,234.2,188.0,27.0,3.0,91.0,265.0,86.0,5.0
27611,2022-02-24 11:00:00,236.26,187.0,27.0,3.0,81.0,269.0,84.0,5.0
27612,2022-02-24 12:00:00,249.21,189.0,27.0,3.0,61.0,259.0,84.0,5.0
27613,2022-02-24 13:00:00,282.16,214.0,27.0,3.0,38.0,254.0,81.0,5.0
27614,2022-02-24 14:00:00,315.97,238.0,26.0,3.0,14.0,244.0,82.0,5.0
27615,2022-02-24 15:00:00,343.8,269.0,26.0,3.0,1.0,244.0,83.0,5.0
27616,2022-02-24 16:00:00,329.82,260.0,26.0,3.0,0.0,258.0,85.0,5.0
27617,2022-02-24 17:00:00,302.7,232.0,27.0,3.0,0.0,270.0,88.0,5.0
27618,2022-02-24 18:00:00,284.12,207.0,27.0,3.0,0.0,271.0,86.0,5.0
27619,2022-02-24 19:00:00,266.43,185.0,27.0,3.0,0.0,272.0,84.0,5.0
27620,2022-02-24 20:00:00,266.53,181.0,26.0,3.0,0.0,266.0,82.0,5.0
27621,2022-02-24 21:00:00,277.43,192.0,26.0,3.0,0.0,262.0,83.0,5.0
27622,2022-02-24 22:00:00,278.08,192.0,27.0,3.0,0.0,260.0,84.0,5.0
27623,2022-02-24 23:00:00,272.61,180.0,27.0,3.0,0.0,253.0,81.0,5.0
27624,2022-02-25 00:00:00,272.15,178.0,26.0,3.0,0.0,251.0,80.0,5.0
27625,2022-02-25 01:00:00,294.19,198.0,30.0,3.0,0.0,241.0,82.0,5.0
27626,2022-02-25 02:00:00,311.59,213.0,28.0,3.0,0.0,233.0,80.0,5.0
27627,2022-02-25 03:00:00,316.59,221.0,26.0,3.0,0.0,234.0,81.0,5.0
27628,2022-02-25 04:00:00,343.59,244.0,25.0,3.0,0.0,216.0,82.0,5.0
27629,2022-02-25 05:00:00,396.85,337.0,24.0,3.0,1.0,216.0,89.0,5.0
27630,2022-02-25 06:00:00,400.91,357.0,25.0,3.0,6.0,216.0,95.0,5.0
27631,2022-02-25 07:00:00,401.19,380.0,26.0,3.0,17.0,224.0,96.0,5.0
27632,2022-02-25 08:00:00,393.64,386.0,26.0,3.0,30.0,231.0,96.0,5.0
27633,2022-02-25 09:00:00,398.0,381.0,25.0,3.0,44.0,204.0,96.0,5.0
27634,2022-02-25 10:00:00,408.0,392.0,24.0,3.0,61.0,177.0,97.0,5.0
27635,2022-02-25 11:00:00,404.17,393.0,25.0,3.0,56.0,192.0,95.0,5.0
27636,2022-02-25 12:00:00,401.48,403.0,26.0,3.0,43.0,216.0,98.0,5.0
27637,2022-02-25 13:00:00,388.95,395.0,25.0,3.0,22.0,257.0,96.0,5.0
27638,2022-02-25 14:00:00,386.15,392.0,23.0,3.0,9.0,270.0,99.0,5.0
27639,2022-02-25 15:00:00,390.12,389.0,23.0,3.0,1.0,267.0,99.0,5.0
27640,2022-02-25 16:00:00,399.97,390.0,30.0,3.0,0.0,251.0,97.0,5.0
27641,2022-02-25 17:00:00,400.91,371.0,32.0,3.0,0.0,231.0,98.0,5.0
27642,2022-02-25 18:00:00,427.61,406.0,32.0,3.0,0.0,211.0,99.0,5.0
27643,2022-02-25 19:00:00,399.73,308.0,24.0,3.0,0.0,180.0,95.0,5.0
27644,2022-02-25 20:00:00,406.3,293.0,24.0,3.0,0.0,157.0,95.0,5.0
27645,2022-02-25 21:00:00,419.52,302.0,25.0,3.0,0.0,149.0,92.0,5.0
27646,2022-02-25 22:00:00,432.46,314.0,24.0,3.0,0.0,139.0,94.0,5.0
27647,2022-02-25 23:00:00,437.72,294.0,24.0,3.0,0.0,117.0,94.0,4.0
27648,2022-02-26 00:00:00,442.43,292.0,25.0,3.0,0.0,113.0,91.0,5.0
27649,2022-02-26 01:00:00,434.8,297.0,23.0,3.0,0.0,124.0,93.0,4.0
27650,2022-02-26 02:00:00,458.15,322.0,23.0,3.0,0.0,116.0,90.0,5.0
27651,2022-02-26 03:00:00,468.49,320.0,25.0,3.0,0.0,101.0,91.0,5.0
27652,2022-02-26 04:00:00,493.65,346.0,26.0,3.0,0.0,84.0,94.0,5.0
27653,2022-02-26 05:00:00,523.74,412.0,25.0,3.0,2.0,79.0,95.0,5.0
27654,2022-02-26 06:00:00,496.96,435.0,23.0,3.0,22.0,106.0,94.0,4.0
27655,2022-02-26 07:00:00,457.4,437.0,23.0,3.0,85.0,103.0,95.0,5.0
27656,2022-02-26 08:00:00,404.56,437.0,24.0,3.0,183.0,102.0,96.0,5.0
27657,2022-02-26 09:00:00,361.67,419.0,25.0,3.0,259.0,106.0,97.0,5.0
27658,2022-02-26 10:00:00,359.48,440.0,26.0,3.0,292.0,101.0,98.0,5.0
27659,2022-02-26 11:00:00,361.65,448.0,26.0,3.0,284.0,112.0,98.0,5.0
27660,2022-02-26 12:00:00,375.46,443.0,25.0,3.0,243.0,112.0,98.0,5.0
27661,2022-02-26 13:00:00,392.12,388.0,24.0,3.0,168.0,99.0,95.0,5.0
27662,2022-02-26 14:00:00,470.52,408.0,24.0,3.0,68.0,82.0,94.0,5.0
27663,2022-02-26 15:00:00,537.78,419.0,24.0,3.0,7.0,61.0,95.0,5.0
27664,2022-02-26 16:00:00,556.82,440.0,23.0,3.0,0.0,54.0,96.0,5.0
27665,2022-02-26 17:00:00,543.51,442.0,23.0,3.0,0.0,70.0,96.0,5.0
27666,2022-02-26 18:00:00,550.78,444.0,24.0,3.0,0.0,62.0,96.0,5.0
27667,2022-02-26 19:00:00,568.41,443.0,24.0,3.0,0.0,43.0,95.0,5.0
27668,2022-02-26 20:00:00,579.69,446.0,24.0,3.0,0.0,31.0,96.0,5.0
27669,2022-02-26 21:00:00,590.14,445.0,24.0,3.0,0.0,19.0,97.0,5.0
27670,2022-02-26 22:00:00,590.5,431.0,23.0,3.0,0.0,15.0,97.0,5.0
27671,2022-02-26 23:00:00,589.01,426.0,23.0,3.0,0.0,13.0,99.0,5.0
27672,2022-02-27 00:00:00,585.15,408.0,24.0,3.0,0.0,15.0,95.0,5.0
27673,2022-02-27 01:00:00,577.41,412.0,23.0,3.0,0.0,23.0,96.0,5.0
27674,2022-02-27 02:00:00,569.33,414.0,22.0,3.0,0.0,33.0,95.0,5.0
27675,2022-02-27 03:00:00,557.59,435.0,21.0,3.0,0.0,50.0,98.0,5.0
27676,2022-02-27 04:00:00,546.33,436.0,21.0,3.0,0.0,63.0,98.0,5.0
27677,2022-02-27 05:00:00,514.18,407.0,22.0,3.0,7.0,81.0,98.0,5.0
27678,2022-02-27 06:00:00,464.5,417.0,22.0,3.0,61.0,99.0,99.0,5.0
27679,2022-02-27 07:00:00,418.73,416.0,25.0,3.0,136.0,98.0,101.0,5.0
27680,2022-02-27 08:00:00,401.65,407.0,29.0,3.0,157.0,104.0,99.0,5.0
27681,2022-02-27 09:00:00,379.02,397.0,27.0,3.0,182.0,116.0,100.0,5.0
27682,2022-02-27 10:00:00,358.38,366.0,25.0,3.0,190.0,123.0,98.0,5.0
27683,2022-02-27 11:00:00,352.47,362.0,26.0,3.0,197.0,125.0,98.0,5.0
27684,2022-02-27 12:00:00,354.39,365.0,26.0,3.0,180.0,142.0,97.0,5.0
27685,2022-02-27 13:00:00,385.71,385.0,26.0,3.0,129.0,147.0,96.0,5.0
27686,2022-02-27 14:00:00,409.72,377.0,24.0,3.0,62.0,162.0,95.0,5.0
27687,2022-02-27 15:00:00,446.04,407.0,23.0,3.0,7.0,175.0,99.0,5.0
27688,2022-02-27 16:00:00,468.94,431.0,22.0,3.0,0.0,164.0,97.0,5.0
27689,2022-02-27 17:00:00,476.18,436.0,22.0,3.0,0.0,155.0,98.0,5.0
27690,2022-02-27 18:00:00,476.45,435.0,22.0,3.0,0.0,152.0,100.0,5.0
27691,2022-02-27 19:00:00,482.89,429.0,22.0,3.0,0.0,139.0,100.0,5.0
27692,2022-02-27 20:00:00,487.41,433.0,21.0,3.0,0.0,137.0,98.0,5.0
27693,2022-02-27 21:00:00,472.11,416.0,22.0,3.0,0.0,147.0,100.0,5.0
27694,2022-02-27 22:00:00,466.38,412.0,22.0,3.0,0.0,158.0,95.0,5.0
27695,2022-02-27 23:00:00,489.03,434.0,22.0,3.0,0.0,140.0,93.0,5.0
27696,2022-02-28 00:00:00,500.62,455.0,21.0,3.0,0.0,135.0,93.0,5.0
27697,2022-02-28 01:00:00,503.85,462.0,21.0,3.0,0.0,134.0,93.0,5.0
27698,2022-02-28 02:00:00,509.1,475.0,21.0,3.0,0.0,133.0,93.0,5.0
27699,2022-02-28 03:00:00,529.88,537.0,22.0,3.0,0.0,130.0,94.0,5.0
27700,2022-02-28 04:00:00,535.42,569.0,26.0,3.0,0.0,134.0,94.0,5.0
27701,2022-02-28 05:00:00,539.21,597.0,28.0,3.0,6.0,131.0,96.0,5.0
27702,2022-02-28 06:00:00,506.33,600.0,27.0,3.0,60.0,135.0,96.0,5.0
27703,2022-02-28 07:00:00,455.71,599.0,28.0,3.0,171.0,123.0,99.0,5.0
27704,2022-02-28 08:00:00,422.43,586.0,33.0,3.0,258.0,108.0,97.0,5.0
27705,2022-02-28 09:00:00,388.76,526.0,35.0,3.0,303.0,103.0,94.0,5.0
27706,2022-02-28 10:00:00,392.81,542.0,34.0,3.0,315.0,94.0,95.0,5.0
27707,2022-02-28 11:00:00,390.16,511.0,34.0,3.0,306.0,82.0,94.0,5.0
27708,2022-02-28 12:00:00,406.68,521.0,30.0,3.0,268.0,89.0,92.0,5.0
27709,2022-02-28 13:00:00,438.14,515.0,25.0,3.0,185.0,97.0,91.0,5.0
27710,2022-02-28 14:00:00,504.94,525.0,22.0,3.0,76.0,90.0,91.0,5.0
27711,2022-02-28 15:00:00,557.59,592.0,18.0,3.0,9.0,100.0,97.0,5.0
27712,2022-02-28 16:00:00,560.59,595.0,17.0,3.0,0.0,107.0,96.0,5.0
27713,2022-02-28 17:00:00,555.13,583.0,16.0,3.0,0.0,111.0,96.0,5.0
27714,2022-02-28 18:00:00,552.27,601.0,19.0,3.0,0.0,120.0,97.0,5.0
27715,2022-02-28 19:00:00,548.06,598.0,20.0,3.0,0.0,127.0,95.0,5.0
27716,2022-02-28 20:00:00,540.04,572.0,20.0,3.0,0.0,129.0,95.0,5.0
27717,2022-02-28 21:00:00,528.39,505.0,16.0,3.0,0.0,122.0,92.0,5.0
27718,2022-02-28 22:00:00,511.17,445.0,19.0,3.0,0.0,117.0,92.0,5.0
27719,2022-02-28 23:00:00,479.85,374.0,19.0,3.0,0.0,120.0,92.0,5.0
27720,2022-03-01 00:00:00,497.78,397.0,23.0,3.0,0.0,111.0,90.0,5.0
27721,2022-03-01 01:00:00,499.89,392.0,22.0,3.0,0.0,105.0,91.0,5.0
27722,2022-03-01 02:00:00,491.05,379.0,18.0,3.0,0.0,111.0,90.0,5.0
27723,2022-03-01 03:00:00,482.88,372.0,19.0,3.0,0.0,115.0,92.0,5.0
27724,2022-03-01 04:00:00,522.85,488.0,20.0,3.0,0.0,120.0,93.0,5.0
27725,2022-03-01 05:00:00,529.88,531.0,20.0,3.0,8.0,120.0,94.0,5.0
27726,2022-03-01 06:00:00,499.13,548.0,20.0,3.0,69.0,114.0,96.0,5.0
27727,2022-03-01 07:00:00,458.68,555.0,20.0,3.0,159.0,103.0,97.0,5.0
27728,2022-03-01 08:00:00,417.0,539.0,20.0,3.0,246.0,97.0,97.0,5.0
27729,2022-03-01 09:00:00,386.92,519.0,20.0,3.0,308.0,95.0,96.0,5.0
27730,2022-03-01 10:00:00,364.53,481.0,19.0,3.0,324.0,103.0,95.0,5.0
27731,2022-03-01 11:00:00,363.8,487.0,18.0,3.0,314.0,120.0,96.0,4.0
27732,2022-03-01 12:00:00,381.32,505.0,18.0,3.0,272.0,130.0,98.0,4.0
27733,2022-03-01 13:00:00,432.3,532.0,18.0,3.0,189.0,112.0,98.0,4.0
27734,2022-03-01 14:00:00,498.75,547.0,16.0,3.0,83.0,101.0,96.0,4.0
27735,2022-03-01 15:00:00,542.46,554.0,17.0,3.0,10.0,108.0,96.0,4.0
27736,2022-03-01 16:00:00,524.83,541.0,20.0,3.0,0.0,138.0,96.0,5.0
27737,2022-03-01 17:00:00,502.89,549.0,28.0,3.0,0.0,175.0,96.0,5.0
27738,2022-03-01 18:00:00,496.59,529.0,29.0,3.0,0.0,174.0,97.0,5.0
27739,2022-03-01 19:00:00,514.58,534.0,29.0,3.0,0.0,147.0,97.0,4.0
27740,2022-03-01 20:00:00,529.05,555.0,29.0,3.0,0.0,135.0,96.0,5.0
27741,2022-03-01 21:00:00,512.15,519.0,28.0,3.0,0.0,148.0,93.0,5.0
27742,2022-03-01 22:00:00,504.81,461.0,29.0,3.0,0.0,130.0,93.0,5.0
27743,2022-03-01 23:00:00,545.26,557.0,30.0,3.0,0.0,114.0,93.0,5.0
27744,2022-03-02 00:00:00,563.01,595.0,30.0,3.0,0.0,102.0,93.0,5.0
27745,2022-03-02 01:00:00,564.14,593.0,29.0,3.0,0.0,100.0,93.0,5.0
27746,2022-03-02 02:00:00,586.58,642.0,29.0,3.0,0.0,85.0,91.0,5.0
27747,2022-03-02 03:00:00,595.68,669.0,30.0,3.0,0.0,77.0,93.0,5.0
27748,2022-03-02 04:00:00,615.99,761.0,24.0,3.0,0.0,71.0,94.0,5.0
27749,2022-03-02 05:00:00,622.71,836.0,22.0,3.0,6.0,72.0,94.0,5.0
27750,2022-03-02 06:00:00,613.11,850.0,21.0,3.0,29.0,68.0,95.0,5.0
27751,2022-03-02 07:00:00,609.63,907.0,24.0,3.0,55.0,62.0,94.0,5.0
27752,2022-03-02 08:00:00,603.62,916.0,26.0,3.0,74.0,56.0,94.0,5.0
27753,2022-03-02 09:00:00,587.24,885.0,25.0,3.0,95.0,60.0,93.0,5.0
27754,2022-03-02 10:00:00,578.02,879.0,27.0,3.0,105.0,64.0,95.0,5.0
27755,2022-03-02 11:00:00,579.8,881.0,27.0,3.0,106.0,62.0,93.0,5.0
27756,2022-03-02 12:00:00,585.82,867.0,29.0,3.0,89.0,61.0,94.0,5.0
27757,2022-03-02 13:00:00,608.51,851.0,27.0,3.0,55.0,48.0,95.0,5.0
27758,2022-03-02 14:00:00,626.31,806.0,26.0,3.0,21.0,40.0,97.0,5.0
27759,2022-03-02 15:00:00,634.1,801.0,23.0,3.0,4.0,45.0,97.0,5.0
27760,2022-03-02 16:00:00,639.3,815.0,27.0,3.0,0.0,41.0,98.0,5.0
27761,2022-03-02 17:00:00,641.52,815.0,26.0,3.0,0.0,37.0,99.0,5.0
27762,2022-03-02 18:00:00,633.14,767.0,27.0,3.0,0.0,40.0,99.0,5.0
27763,2022-03-02 19:00:00,632.33,761.0,27.0,3.0,0.0,41.0,98.0,5.0
27764,2022-03-02 20:00:00,628.96,713.0,27.0,3.0,0.0,37.0,97.0,5.0
27765,2022-03-02 21:00:00,631.97,714.0,27.0,3.0,0.0,34.0,96.0,5.0
27766,2022-03-02 22:00:00,626.09,666.0,27.0,3.0,0.0,32.0,96.0,5.0
27767,2022-03-02 23:00:00,607.83,557.0,26.0,3.0,0.0,30.0,96.0,5.0
27768,2022-03-03 00:00:00,630.07,672.0,27.0,3.0,0.0,29.0,95.0,5.0
27769,2022-03-03 01:00:00,635.2,696.0,27.0,3.0,0.0,27.0,95.0,5.0
27770,2022-03-03 02:00:00,637.59,697.0,27.0,3.0,0.0,22.0,97.0,5.0
27771,2022-03-03 03:00:00,638.84,738.0,32.0,3.0,0.0,28.0,95.0,5.0
27772,2022-03-03 04:00:00,643.88,804.0,34.0,3.0,0.0,31.0,96.0,5.0
27773,2022-03-03 05:00:00,653.14,895.0,25.0,3.0,4.0,34.0,94.0,5.0
27774,2022-03-03 06:00:00,640.97,919.0,24.0,3.0,23.0,39.0,95.0,5.0
27775,2022-03-03 07:00:00,632.21,951.0,26.0,3.0,47.0,36.0,95.0,5.0
27776,2022-03-03 08:00:00,613.41,904.0,27.0,3.0,75.0,33.0,94.0,5.0
27777,2022-03-03 09:00:00,597.34,889.0,26.0,3.0,108.0,29.0,92.0,5.0
27778,2022-03-03 10:00:00,563.1,886.0,26.0,3.0,157.0,47.0,94.0,5.0
27779,2022-03-03 11:00:00,549.64,903.0,27.0,3.0,176.0,65.0,93.0,5.0
27780,2022-03-03 12:00:00,553.22,884.0,26.0,3.0,155.0,70.0,94.0,5.0
27781,2022-03-03 13:00:00,573.34,871.0,27.0,3.0,111.0,67.0,93.0,5.0
27782,2022-03-03 14:00:00,610.36,897.0,27.0,3.0,55.0,56.0,95.0,5.0
27783,2022-03-03 15:00:00,629.03,896.0,27.0,3.0,9.0,67.0,96.0,5.0
27784,2022-03-03 16:00:00,612.01,937.0,26.0,3.0,0.0,116.0,97.0,5.0
27785,2022-03-03 17:00:00,595.12,924.0,26.0,3.0,0.0,144.0,99.0,5.0
27786,2022-03-03 18:00:00,593.95,899.0,27.0,3.0,0.0,140.0,98.0,5.0
27787,2022-03-03 19:00:00,592.47,871.0,27.0,3.0,0.0,137.0,96.0,5.0
27788,2022-03-03 20:00:00,589.51,805.0,26.0,3.0,0.0,124.0,96.0,5.0
27789,2022-03-03 21:00:00,576.98,762.0,27.0,3.0,0.0,133.0,96.0,5.0
27790,2022-03-03 22:00:00,573.9,745.0,27.0,3.0,0.0,132.0,97.0,5.0
27791,2022-03-03 23:00:00,579.78,751.0,26.0,3.0,0.0,125.0,96.0,5.0
27792,2022-03-04 00:00:00,589.23,770.0,27.0,3.0,0.0,116.0,94.0,5.0
27793,2022-03-04 01:00:00,597.69,781.0,26.0,3.0,0.0,105.0,94.0,5.0
27794,2022-03-04 02:00:00,582.12,725.0,26.0,3.0,0.0,115.0,94.0,5.0
27795,2022-03-04 03:00:00,575.04,719.0,26.0,3.0,0.0,126.0,93.0,5.0
27796,2022-03-04 04:00:00,586.15,801.0,23.0,3.0,1.0,131.0,94.0,5.0
27797,2022-03-04 05:00:00,581.97,824.0,22.0,3.0,13.0,134.0,94.0,5.0
27798,2022-03-04 06:00:00,546.35,835.0,21.0,3.0,85.0,136.0,96.0,5.0
27799,2022-03-04 07:00:00,516.72,872.0,18.0,3.0,184.0,122.0,97.0,5.0
27800,2022-03-04 08:00:00,485.14,869.0,18.0,3.0,256.0,129.0,101.0,5.0
27801,2022-03-04 09:00:00,481.3,878.0,19.0,3.0,274.0,128.0,100.0,5.0
27802,2022-03-04 10:00:00,498.12,957.0,19.0,3.0,276.0,120.0,100.0,5.0
27803,2022-03-04 11:00:00,503.25,963.0,19.0,3.0,277.0,109.0,98.0,5.0
27804,2022-03-04 12:00:00,509.82,963.0,19.0,3.0,260.0,109.0,96.0,5.0
27805,2022-03-04 13:00:00,540.62,980.0,19.0,3.0,197.0,95.0,97.0,5.0
27806,2022-03-04 14:00:00,595.2,985.0,20.0,3.0,97.0,70.0,95.0,5.0
27807,2022-03-04 15:00:00,649.88,985.0,24.0,3.0,15.0,44.0,94.0,5.0
27808,2022-03-04 16:00:00,655.51,972.0,26.0,3.0,1.0,43.0,96.0,5.0
27809,2022-03-04 17:00:00,652.32,971.0,27.0,3.0,0.0,49.0,96.0,5.0
27810,2022-03-04 18:00:00,646.87,976.0,26.0,3.0,0.0,60.0,96.0,5.0
27811,2022-03-04 19:00:00,647.74,952.0,22.0,3.0,0.0,56.0,96.0,5.0
27812,2022-03-04 20:00:00,648.08,910.0,20.0,3.0,0.0,49.0,96.0,5.0
27813,2022-03-04 21:00:00,648.43,832.0,20.0,3.0,0.0,34.0,97.0,5.0
27814,2022-03-04 22:00:00,638.17,759.0,20.0,3.0,0.0,34.0,99.0,5.0
27815,2022-03-04 23:00:00,641.4,730.0,20.0,3.0,0.0,23.0,100.0,5.0
27816,2022-03-05 00:00:00,650.09,732.0,19.0,3.0,0.0,16.0,96.0,5.0
27817,2022-03-05 01:00:00,652.21,731.0,19.0,3.0,0.0,13.0,96.0,5.0
27818,2022-03-05 02:00:00,654.68,730.0,18.0,3.0,0.0,13.0,93.0,5.0
27819,2022-03-05 03:00:00,655.14,740.0,18.0,3.0,0.0,12.0,95.0,5.0
27820,2022-03-05 04:00:00,655.88,749.0,19.0,3.0,1.0,11.0,95.0,5.0
27821,2022-03-05 05:00:00,641.34,762.0,20.0,3.0,20.0,13.0,96.0,5.0
27822,2022-03-05 06:00:00,581.39,766.0,20.0,3.0,108.0,21.0,96.0,5.0
27823,2022-03-05 07:00:00,519.83,763.0,21.0,3.0,214.0,31.0,99.0,5.0
27824,2022-03-05 08:00:00,477.02,720.0,23.0,3.0,287.0,32.0,101.0,5.0
27825,2022-03-05 09:00:00,440.14,632.0,24.0,3.0,322.0,32.0,100.0,5.0
27826,2022-03-05 10:00:00,438.52,640.0,24.0,3.0,331.0,33.0,100.0,5.0
27827,2022-03-05 11:00:00,446.5,668.0,26.0,3.0,323.0,37.0,103.0,5.0
27828,2022-03-05 12:00:00,454.87,654.0,27.0,3.0,286.0,45.0,101.0,5.0
27829,2022-03-05 13:00:00,479.04,640.0,28.0,3.0,208.0,58.0,101.0,5.0
27830,2022-03-05 14:00:00,554.89,711.0,27.0,3.0,97.0,56.0,98.0,5.0
27831,2022-03-05 15:00:00,613.35,758.0,25.0,3.0,16.0,54.0,98.0,5.0
27832,2022-03-05 16:00:00,614.15,770.0,24.0,3.0,1.0,70.0,99.0,5.0
27833,2022-03-05 17:00:00,601.28,776.0,25.0,3.0,0.0,93.0,99.0,5.0
27834,2022-03-05 18:00:00,586.53,769.0,28.0,3.0,0.0,112.0,102.0,5.0
27835,2022-03-05 19:00:00,579.72,770.0,26.0,3.0,0.0,126.0,101.0,5.0
27836,2022-03-05 20:00:00,562.45,714.0,26.0,3.0,0.0,142.0,97.0,5.0
27837,2022-03-05 21:00:00,536.99,623.0,26.0,3.0,0.0,152.0,96.0,5.0
27838,2022-03-05 22:00:00,525.81,609.0,26.0,3.0,0.0,165.0,96.0,5.0
27839,2022-03-05 23:00:00,509.86,543.0,22.0,3.0,0.0,163.0,95.0,5.0
27840,2022-03-06 00:00:00,520.59,570.0,23.0,3.0,0.0,160.0,93.0,5.0
27841,2022-03-06 01:00:00,531.12,568.0,27.0,3.0,0.0,141.0,93.0,5.0
27842,2022-03-06 02:00:00,542.54,587.0,27.0,3.0,0.0,134.0,90.0,5.0
27843,2022-03-06 03:00:00,562.25,606.0,27.0,3.0,0.0,110.0,91.0,4.0
27844,2022-03-06 04:00:00,576.66,613.0,22.0,3.0,0.0,90.0,94.0,4.0
27845,2022-03-06 05:00:00,559.76,561.0,23.0,3.0,8.0,89.0,93.0,4.0
27846,2022-03-06 06:00:00,532.02,543.0,23.0,3.0,42.0,89.0,92.0,4.0
27847,2022-03-06 07:00:00,512.89,581.0,23.0,3.0,83.0,92.0,96.0,4.0
27848,2022-03-06 08:00:00,472.2,583.0,25.0,3.0,154.0,97.0,97.0,5.0
27849,2022-03-06 09:00:00,415.34,530.0,25.0,3.0,239.0,99.0,98.0,5.0
27850,2022-03-06 10:00:00,377.68,479.0,25.0,3.0,282.0,104.0,98.0,5.0
27851,2022-03-06 11:00:00,376.6,486.0,24.0,3.0,287.0,111.0,96.0,5.0
27852,2022-03-06 12:00:00,375.89,491.0,25.0,3.0,273.0,130.0,98.0,5.0
27853,2022-03-06 13:00:00,368.06,417.0,25.0,3.0,208.0,140.0,96.0,5.0
27854,2022-03-06 14:00:00,453.24,521.0,27.0,3.0,104.0,146.0,96.0,5.0
27855,2022-03-06 15:00:00,524.64,586.0,25.0,3.0,18.0,136.0,99.0,5.0
27856,2022-03-06 16:00:00,543.52,606.0,24.0,3.0,1.0,129.0,101.0,5.0
27857,2022-03-06 17:00:00,530.45,609.0,23.0,3.0,0.0,154.0,100.0,5.0
27858,2022-03-06 18:00:00,527.64,605.0,23.0,3.0,0.0,158.0,99.0,5.0
27859,2022-03-06 19:00:00,513.79,561.0,23.0,3.0,0.0,162.0,98.0,5.0
27860,2022-03-06 20:00:00,497.85,513.0,23.0,3.0,0.0,169.0,93.0,5.0
27861,2022-03-06 21:00:00,497.88,496.0,23.0,3.0,0.0,162.0,91.0,5.0
27862,2022-03-06 22:00:00,516.37,501.0,21.0,3.0,0.0,136.0,92.0,5.0
27863,2022-03-06 23:00:00,536.51,542.0,23.0,3.0,0.0,126.0,90.0,5.0
27864,2022-03-07 00:00:00,526.24,499.0,24.0,3.0,0.0,123.0,89.0,5.0
27865,2022-03-07 01:00:00,539.31,521.0,24.0,3.0,0.0,115.0,88.0,5.0
27866,2022-03-07 02:00:00,549.99,549.0,24.0,3.0,0.0,110.0,89.0,5.0
27867,2022-03-07 03:00:00,563.07,636.0,22.0,3.0,0.0,125.0,87.0,5.0
27868,2022-03-07 04:00:00,598.11,752.0,22.0,3.0,0.0,99.0,93.0,4.0
27869,2022-03-07 05:00:00,621.48,921.0,22.0,3.0,3.0,94.0,96.0,5.0
27870,2022-03-07 06:00:00,623.1,966.0,22.0,3.0,15.0,88.0,97.0,4.0
27871,2022-03-07 07:00:00,620.66,1006.0,21.0,3.0,36.0,81.0,97.0,5.0
27872,2022-03-07 08:00:00,617.91,1001.0,22.0,3.0,51.0,72.0,95.0,5.0
27873,2022-03-07 09:00:00,611.44,982.0,21.0,3.0,60.0,72.0,95.0,5.0
27874,2022-03-07 10:00:00,614.26,995.0,22.0,3.0,69.0,61.0,94.0,5.0
27875,2022-03-07 11:00:00,622.06,1007.0,22.0,3.0,79.0,40.0,92.0,5.0
27876,2022-03-07 12:00:00,623.33,1014.0,22.0,3.0,69.0,50.0,91.0,5.0
27877,2022-03-07 13:00:00,632.46,1012.0,21.0,3.0,49.0,50.0,93.0,4.0
27878,2022-03-07 14:00:00,649.65,1013.0,20.0,3.0,24.0,45.0,91.0,4.0
27879,2022-03-07 15:00:00,659.9,988.0,21.0,3.0,5.0,39.0,93.0,5.0
27880,2022-03-07 16:00:00,666.47,1001.0,22.0,3.0,0.0,32.0,95.0,5.0
27881,2022-03-07 17:00:00,668.94,1003.0,22.0,3.0,0.0,26.0,97.0,5.0
27882,2022-03-07 18:00:00,665.09,1002.0,21.0,3.0,0.0,32.0,98.0,5.0
27883,2022-03-07 19:00:00,664.4,945.0,21.0,3.0,0.0,23.0,100.0,5.0
27884,2022-03-07 20:00:00,669.0,891.0,19.0,3.0,0.0,14.0,95.0,5.0
27885,2022-03-07 21:00:00,659.95,801.0,20.0,3.0,0.0,14.0,95.0,5.0
27886,2022-03-07 22:00:00,662.4,808.0,19.0,3.0,0.0,13.0,94.0,5.0
27887,2022-03-07 23:00:00,650.89,735.0,20.0,3.0,0.0,15.0,96.0,5.0
27888,2022-03-08 00:00:00,644.8,728.0,20.0,3.0,0.0,23.0,95.0,5.0
27889,2022-03-08 01:00:00,641.05,722.0,20.0,3.0,0.0,29.0,93.0,5.0
27890,2022-03-08 02:00:00,640.42,725.0,21.0,3.0,0.0,32.0,91.0,5.0
27891,2022-03-08 03:00:00,634.19,745.0,20.0,3.0,0.0,41.0,95.0,5.0
27892,2022-03-08 04:00:00,649.95,914.0,19.0,3.0,1.0,49.0,93.0,5.0
27893,2022-03-08 05:00:00,652.9,1057.0,18.0,3.0,10.0,59.0,93.0,5.0
27894,2022-03-08 06:00:00,637.52,1079.0,21.0,3.0,38.0,62.0,95.0,5.0
27895,2022-03-08 07:00:00,615.84,1089.0,19.0,3.0,75.0,75.0,94.0,5.0
27896,2022-03-08 08:00:00,608.59,1089.0,17.0,3.0,86.0,79.0,96.0,5.0
27897,2022-03-08 09:00:00,614.24,1085.0,18.0,3.0,89.0,63.0,95.0,5.0
27898,2022-03-08 10:00:00,619.03,1089.0,19.0,3.0,80.0,58.0,99.0,5.0
27899,2022-03-08 11:00:00,623.11,1083.0,21.0,3.0,72.0,58.0,96.0,5.0
27900,2022-03-08 12:00:00,633.35,1072.0,19.0,3.0,56.0,53.0,94.0,5.0
27901,2022-03-08 13:00:00,646.14,1082.0,19.0,3.0,41.0,44.0,94.0,5.0
27902,2022-03-08 14:00:00,662.77,1094.0,20.0,3.0,18.0,35.0,95.0,5.0
27903,2022-03-08 15:00:00,671.92,1081.0,20.0,3.0,4.0,27.0,98.0,5.0
27904,2022-03-08 16:00:00,678.86,1091.0,19.0,3.0,0.0,22.0,96.0,5.0
27905,2022-03-08 17:00:00,680.59,1097.0,18.0,3.0,0.0,20.0,96.0,5.0
27906,2022-03-08 18:00:00,677.08,1098.0,17.0,3.0,0.0,27.0,96.0,5.0
27907,2022-03-08 19:00:00,676.2,1093.0,17.0,3.0,0.0,27.0,97.0,5.0
27908,2022-03-08 20:00:00,675.35,1092.0,18.0,3.0,0.0,28.0,97.0,5.0
27909,2022-03-08 21:00:00,675.87,1091.0,20.0,3.0,0.0,26.0,97.0,5.0
27910,2022-03-08 22:00:00,677.46,1082.0,20.0,3.0,0.0,23.0,96.0,5.0
27911,2022-03-08 23:00:00,668.2,954.0,21.0,3.0,0.0,21.0,97.0,5.0
27912,2022-03-09 00:00:00,665.2,881.0,20.0,3.0,0.0,17.0,96.0,5.0
27913,2022-03-09 01:00:00,666.22,885.0,20.0,3.0,0.0,16.0,96.0,5.0
27914,2022-03-09 02:00:00,668.15,892.0,20.0,3.0,0.0,17.0,93.0,5.0
27915,2022-03-09 03:00:00,667.2,895.0,22.0,3.0,0.0,15.0,96.0,5.0
27916,2022-03-09 04:00:00,671.62,913.0,21.0,3.0,0.0,15.0,92.0,5.0
27917,2022-03-09 05:00:00,666.95,936.0,20.0,3.0,6.0,17.0,95.0,5.0
27918,2022-03-09 06:00:00,661.65,1019.0,20.0,3.0,25.0,18.0,96.0,5.0
27919,2022-03-09 07:00:00,642.99,1074.0,21.0,3.0,64.0,22.0,97.0,5.0
27920,2022-03-09 08:00:00,610.0,1084.0,21.0,3.0,122.0,34.0,99.0,5.0
27921,2022-03-09 09:00:00,582.69,1086.0,23.0,3.0,181.0,40.0,98.0,5.0
27922,2022-03-09 10:00:00,559.68,1071.0,22.0,3.0,233.0,42.0,98.0,5.0
27923,2022-03-09 11:00:00,539.3,1039.0,24.0,3.0,280.0,38.0,97.0,5.0
27924,2022-03-09 12:00:00,540.78,1035.0,25.0,3.0,278.0,34.0,97.0,5.0
27925,2022-03-09 13:00:00,564.07,1037.0,27.0,3.0,217.0,36.0,95.0,5.0
27926,2022-03-09 14:00:00,613.23,1043.0,21.0,3.0,114.0,31.0,93.0,5.0
27927,2022-03-09 15:00:00,659.72,1062.0,20.0,3.0,23.0,30.0,96.0,5.0
27928,2022-03-09 16:00:00,673.66,1079.0,19.0,3.0,1.0,32.0,93.0,5.0
27929,2022-03-09 17:00:00,670.56,1078.0,18.0,3.0,0.0,38.0,94.0,5.0
27930,2022-03-09 18:00:00,661.31,1079.0,19.0,3.0,0.0,53.0,96.0,5.0
27931,2022-03-09 19:00:00,637.48,968.0,18.0,3.0,0.0,81.0,94.0,5.0
27932,2022-03-09 20:00:00,624.54,919.0,17.0,3.0,0.0,96.0,93.0,5.0
27933,2022-03-09 21:00:00,606.32,802.0,18.0,3.0,0.0,99.0,94.0,5.0
27934,2022-03-09 22:00:00,604.53,763.0,18.0,3.0,0.0,91.0,95.0,5.0
27935,2022-03-09 23:00:00,601.75,752.0,17.0,3.0,0.0,94.0,94.0,5.0
27936,2022-03-10 00:00:00,589.38,749.0,18.0,3.0,0.0,113.0,94.0,5.0
27937,2022-03-10 01:00:00,577.65,746.0,18.0,3.0,0.0,134.0,92.0,5.0
27938,2022-03-10 02:00:00,588.78,749.0,18.0,3.0,0.0,118.0,90.0,5.0
27939,2022-03-10 03:00:00,589.54,743.0,18.0,3.0,0.0,112.0,93.0,5.0
27940,2022-03-10 04:00:00,597.95,812.0,18.0,3.0,1.0,116.0,93.0,5.0
27941,2022-03-10 05:00:00,597.55,922.0,17.0,3.0,34.0,113.0,94.0,5.0
27942,2022-03-10 06:00:00,565.21,954.0,17.0,3.0,125.0,101.0,94.0,5.0
27943,2022-03-10 07:00:00,527.64,952.0,19.0,3.0,230.0,82.0,99.0,5.0
27944,2022-03-10 08:00:00,492.89,892.0,21.0,3.0,296.0,82.0,98.0,5.0
27945,2022-03-10 09:00:00,473.34,845.0,22.0,3.0,325.0,82.0,98.0,5.0
27946,2022-03-10 10:00:00,447.78,738.0,23.0,3.0,330.0,84.0,95.0,5.0
27947,2022-03-10 11:00:00,444.32,720.0,24.0,3.0,320.0,90.0,96.0,5.0
27948,2022-03-10 12:00:00,462.78,734.0,23.0,3.0,279.0,90.0,96.0,5.0
27949,2022-03-10 13:00:00,505.91,790.0,24.0,3.0,203.0,92.0,93.0,5.0
27950,2022-03-10 14:00:00,569.03,869.0,22.0,3.0,97.0,91.0,93.0,5.0
27951,2022-03-10 15:00:00,605.42,904.0,22.0,3.0,19.0,106.0,94.0,5.0
27952,2022-03-10 16:00:00,615.14,938.0,19.0,3.0,1.0,114.0,95.0,5.0
27953,2022-03-10 17:00:00,612.76,944.0,19.0,3.0,0.0,118.0,98.0,5.0
27954,2022-03-10 18:00:00,591.67,866.0,22.0,3.0,0.0,136.0,99.0,5.0
27955,2022-03-10 19:00:00,578.43,807.0,23.0,3.0,0.0,148.0,94.0,5.0
27956,2022-03-10 20:00:00,580.88,810.0,24.0,3.0,0.0,141.0,97.0,5.0
27957,2022-03-10 21:00:00,569.77,734.0,26.0,3.0,0.0,136.0,97.0,5.0
27958,2022-03-10 22:00:00,557.55,658.0,27.0,3.0,0.0,131.0,96.0,5.0
27959,2022-03-10 23:00:00,515.86,481.0,22.0,3.0,0.0,125.0,94.0,5.0
27960,2022-03-11 00:00:00,525.48,517.0,21.0,3.0,0.0,129.0,93.0,5.0
27961,2022-03-11 01:00:00,528.91,541.0,26.0,3.0,0.0,132.0,94.0,5.0
27962,2022-03-11 02:00:00,536.39,539.0,26.0,3.0,0.0,123.0,91.0,5.0
27963,2022-03-11 03:00:00,529.11,544.0,26.0,3.0,0.0,133.0,94.0,5.0
27964,2022-03-11 04:00:00,522.91,528.0,27.0,3.0,1.0,136.0,92.0,5.0
27965,2022-03-11 05:00:00,528.37,600.0,28.0,3.0,21.0,135.0,96.0,4.0
27966,2022-03-11 06:00:00,493.34,609.0,28.0,3.0,81.0,143.0,96.0,5.0
27967,2022-03-11 07:00:00,456.52,604.0,24.0,3.0,158.0,140.0,97.0,4.0
27968,2022-03-11 08:00:00,429.3,600.0,21.0,3.0,225.0,135.0,98.0,5.0
27969,2022-03-11 09:00:00,403.88,573.0,28.0,3.0,265.0,137.0,100.0,5.0
27970,2022-03-11 10:00:00,386.98,531.0,29.0,3.0,274.0,137.0,99.0,5.0
27971,2022-03-11 11:00:00,396.19,531.0,28.0,3.0,237.0,150.0,98.0,5.0
27972,2022-03-11 12:00:00,416.04,528.0,31.0,3.0,179.0,157.0,96.0,5.0
27973,2022-03-11 13:00:00,440.58,536.0,32.0,3.0,120.0,168.0,94.0,5.0
27974,2022-03-11 14:00:00,488.29,538.0,30.0,3.0,58.0,141.0,91.0,5.0
27975,2022-03-11 15:00:00,525.98,584.0,28.0,3.0,15.0,138.0,96.0,5.0
27976,2022-03-11 16:00:00,541.69,611.0,27.0,3.0,1.0,139.0,95.0,5.0
27977,2022-03-11 17:00:00,550.67,612.0,27.0,3.0,0.0,126.0,95.0,5.0
27978,2022-03-11 18:00:00,567.68,611.0,26.0,3.0,0.0,99.0,96.0,5.0
27979,2022-03-11 19:00:00,583.25,607.0,27.0,3.0,0.0,73.0,98.0,5.0
27980,2022-03-11 20:00:00,596.16,596.0,28.0,3.0,0.0,57.0,93.0,5.0
27981,2022-03-11 21:00:00,588.08,558.0,27.0,3.0,0.0,55.0,95.0,5.0
27982,2022-03-11 22:00:00,589.36,545.0,26.0,3.0,0.0,51.0,94.0,5.0
27983,2022-03-11 23:00:00,581.16,513.0,27.0,3.0,0.0,51.0,94.0,5.0
27984,2022-03-12 00:00:00,582.57,514.0,26.0,3.0,0.0,52.0,92.0,5.0
27985,2022-03-12 01:00:00,576.83,484.0,27.0,3.0,0.0,48.0,93.0,5.0
27986,2022-03-12 02:00:00,575.05,463.0,25.0,3.0,0.0,46.0,91.0,5.0
27987,2022-03-12 03:00:00,586.3,496.0,24.0,3.0,0.0,40.0,95.0,5.0
27988,2022-03-12 04:00:00,598.87,518.0,24.0,3.0,1.0,33.0,93.0,5.0
27989,2022-03-12 05:00:00,593.87,524.0,25.0,3.0,15.0,24.0,95.0,5.0
27990,2022-03-12 06:00:00,566.11,535.0,24.0,3.0,54.0,24.0,94.0,5.0
27991,2022-03-12 07:00:00,526.55,539.0,25.0,3.0,108.0,25.0,96.0,5.0
27992,2022-03-12 08:00:00,472.61,518.0,28.0,3.0,184.0,29.0,94.0,5.0
27993,2022-03-12 09:00:00,421.23,513.0,28.0,3.0,283.0,31.0,94.0,5.0
27994,2022-03-12 10:00:00,385.94,464.0,28.0,3.0,323.0,31.0,94.0,5.0
27995,2022-03-12 11:00:00,380.73,458.0,28.0,3.0,327.0,33.0,95.0,5.0
27996,2022-03-12 12:00:00,383.84,424.0,28.0,3.0,287.0,32.0,95.0,5.0
27997,2022-03-12 13:00:00,440.06,479.0,30.0,3.0,218.0,31.0,93.0,5.0
27998,2022-03-12 14:00:00,488.16,433.0,29.0,3.0,118.0,22.0,92.0,5.0
27999,2022-03-12 15:00:00,583.38,489.0,30.0,3.0,28.0,13.0,93.0,5.0
28000,2022-03-12 16:00:00,620.99,557.0,28.0,3.0,1.0,12.0,97.0,5.0
28001,2022-03-12 17:00:00,623.27,576.0,27.0,3.0,0.0,14.0,98.0,5.0
28002,2022-03-12 18:00:00,622.13,570.0,27.0,3.0,0.0,13.0,99.0,5.0
28003,2022-03-12 19:00:00,623.26,554.0,25.0,3.0,0.0,13.0,95.0,5.0
28004,2022-03-12 20:00:00,615.95,523.0,25.0,3.0,0.0,13.0,96.0,5.0
28005,2022-03-12 21:00:00,624.67,565.0,27.0,3.0,0.0,11.0,97.0,5.0
28006,2022-03-12 22:00:00,614.1,491.0,26.0,3.0,0.0,12.0,91.0,5.0
28007,2022-03-12 23:00:00,609.08,504.0,27.0,3.0,0.0,18.0,93.0,5.0
28008,2022-03-13 00:00:00,612.56,526.0,26.0,3.0,0.0,18.0,95.0,5.0
28009,2022-03-13 01:00:00,613.26,525.0,26.0,3.0,0.0,16.0,96.0,5.0
28010,2022-03-13 02:00:00,615.62,530.0,25.0,3.0,0.0,16.0,95.0,5.0
28011,2022-03-13 03:00:00,616.32,529.0,25.0,3.0,0.0,15.0,95.0,5.0
28012,2022-03-13 04:00:00,605.49,500.0,24.0,3.0,2.0,18.0,95.0,5.0
28013,2022-03-13 05:00:00,578.51,491.0,25.0,3.0,31.0,18.0,93.0,5.0
28014,2022-03-13 06:00:00,512.51,490.0,26.0,3.0,106.0,28.0,93.0,5.0
28015,2022-03-13 07:00:00,435.1,463.0,29.0,3.0,203.0,38.0,99.0,5.0
28016,2022-03-13 08:00:00,386.74,429.0,34.0,3.0,278.0,35.0,99.0,5.0
28017,2022-03-13 09:00:00,367.51,411.0,37.0,3.0,307.0,34.0,98.0,5.0
28018,2022-03-13 10:00:00,331.94,338.0,39.0,3.0,311.0,34.0,96.0,5.0
28019,2022-03-13 11:00:00,334.78,337.0,32.0,3.0,299.0,37.0,96.0,5.0
28020,2022-03-13 12:00:00,349.04,337.0,33.0,3.0,268.0,36.0,95.0,5.0
28021,2022-03-13 13:00:00,383.63,336.0,32.0,3.0,201.0,35.0,92.0,5.0
28022,2022-03-13 14:00:00,450.88,336.0,32.0,3.0,102.0,30.0,91.0,5.0
28023,2022-03-13 15:00:00,543.55,400.0,30.0,3.0,27.0,24.0,96.0,5.0
28024,2022-03-13 16:00:00,571.09,470.0,27.0,3.0,2.0,44.0,97.0,5.0
28025,2022-03-13 17:00:00,573.87,531.0,26.0,3.0,0.0,60.0,100.0,5.0
28026,2022-03-13 18:00:00,565.18,550.0,28.0,3.0,0.0,77.0,100.0,5.0
28027,2022-03-13 19:00:00,567.64,541.0,27.0,3.0,0.0,72.0,99.0,5.0
28028,2022-03-13 20:00:00,534.67,412.0,26.0,3.0,0.0,67.0,96.0,5.0
28029,2022-03-13 21:00:00,506.36,362.0,26.0,3.0,0.0,76.0,96.0,5.0
28030,2022-03-13 22:00:00,501.59,351.0,25.0,3.0,0.0,79.0,93.0,5.0
28031,2022-03-13 23:00:00,522.25,367.0,26.0,3.0,0.0,67.0,90.0,5.0
28032,2022-03-14 00:00:00,536.49,373.0,25.0,3.0,0.0,62.0,83.0,5.0
28033,2022-03-14 01:00:00,550.73,414.0,26.0,3.0,0.0,63.0,83.0,5.0
28034,2022-03-14 02:00:00,559.58,443.0,26.0,3.0,0.0,66.0,81.0,5.0
28035,2022-03-14 03:00:00,589.79,549.0,25.0,3.0,0.0,58.0,88.0,5.0
28036,2022-03-14 04:00:00,637.43,838.0,23.0,3.0,2.0,56.0,90.0,5.0
28037,2022-03-14 05:00:00,630.84,997.0,21.0,3.0,42.0,57.0,93.0,5.0
28038,2022-03-14 06:00:00,586.45,1009.0,23.0,3.0,142.0,56.0,89.0,5.0
28039,2022-03-14 07:00:00,548.02,1013.0,28.0,3.0,247.0,43.0,90.0,5.0
28040,2022-03-14 08:00:00,528.31,1026.0,28.0,3.0,312.0,34.0,93.0,5.0
28041,2022-03-14 09:00:00,515.97,1022.0,28.0,3.0,339.0,33.0,101.0,5.0
28042,2022-03-14 10:00:00,503.97,964.0,28.0,3.0,345.0,33.0,102.0,5.0
28043,2022-03-14 11:00:00,502.06,938.0,29.0,3.0,337.0,35.0,100.0,5.0
28044,2022-03-14 12:00:00,514.5,949.0,30.0,3.0,305.0,38.0,99.0,5.0
28045,2022-03-14 13:00:00,541.22,938.0,30.0,3.0,235.0,37.0,95.0,5.0
28046,2022-03-14 14:00:00,587.12,913.0,29.0,3.0,132.0,31.0,92.0,5.0
28047,2022-03-14 15:00:00,645.23,944.0,29.0,3.0,33.0,24.0,95.0,5.0
28048,2022-03-14 16:00:00,663.63,992.0,28.0,3.0,2.0,32.0,94.0,5.0
28049,2022-03-14 17:00:00,653.5,997.0,32.0,3.0,0.0,50.0,95.0,5.0
28050,2022-03-14 18:00:00,649.34,976.0,25.0,3.0,0.0,56.0,96.0,5.0
28051,2022-03-14 19:00:00,654.08,930.0,23.0,3.0,0.0,43.0,94.0,5.0
28052,2022-03-14 20:00:00,644.05,854.0,24.0,3.0,0.0,48.0,92.0,5.0
28053,2022-03-14 21:00:00,633.63,797.0,30.0,3.0,0.0,50.0,93.0,5.0
28054,2022-03-14 22:00:00,633.37,752.0,31.0,3.0,0.0,43.0,91.0,5.0
28055,2022-03-14 23:00:00,637.1,752.0,30.0,3.0,0.0,36.0,93.0,5.0
28056,2022-03-15 00:00:00,646.54,752.0,15.0,3.0,0.0,31.0,91.0,5.0
28057,2022-03-15 01:00:00,649.27,754.0,14.0,3.0,0.0,29.0,90.0,5.0
28058,2022-03-15 02:00:00,649.25,748.0,14.0,3.0,0.0,28.0,90.0,5.0
28059,2022-03-15 03:00:00,655.94,796.0,13.0,3.0,0.0,26.0,91.0,5.0
28060,2022-03-15 04:00:00,666.93,892.0,13.0,3.0,3.0,20.0,92.0,5.0
28061,2022-03-15 05:00:00,656.49,1042.0,13.0,3.0,44.0,20.0,91.0,5.0
28062,2022-03-15 06:00:00,608.86,1065.0,13.0,3.0,139.0,26.0,91.0,5.0
28063,2022-03-15 07:00:00,561.41,1044.0,13.0,3.0,237.0,31.0,94.0,5.0
28064,2022-03-15 08:00:00,536.39,1041.0,14.0,3.0,301.0,32.0,94.0,5.0
28065,2022-03-15 09:00:00,531.17,1079.0,14.0,3.0,331.0,32.0,95.0,5.0
28066,2022-03-15 10:00:00,512.34,977.0,14.0,3.0,338.0,32.0,96.0,5.0
28067,2022-03-15 11:00:00,505.28,918.0,13.0,3.0,332.0,32.0,93.0,5.0
28068,2022-03-15 12:00:00,507.12,868.0,13.0,3.0,300.0,33.0,94.0,5.0
28069,2022-03-15 13:00:00,533.54,859.0,13.0,3.0,230.0,34.0,94.0,5.0
28070,2022-03-15 14:00:00,586.67,856.0,13.0,3.0,130.0,25.0,90.0,5.0
28071,2022-03-15 15:00:00,653.47,940.0,13.0,3.0,36.0,16.0,92.0,5.0
28072,2022-03-15 16:00:00,682.49,1032.0,14.0,2.0,2.0,13.0,93.0,5.0
28073,2022-03-15 17:00:00,684.19,1067.0,14.0,2.0,0.0,15.0,94.0,5.0
28074,2022-03-15 18:00:00,672.22,988.0,14.0,3.0,0.0,25.0,94.0,5.0
28075,2022-03-15 19:00:00,654.88,857.0,16.0,3.0,0.0,36.0,91.0,5.0
28076,2022-03-15 20:00:00,634.76,837.0,16.0,3.0,0.0,64.0,91.0,5.0
28077,2022-03-15 21:00:00,617.31,769.0,16.0,3.0,0.0,75.0,93.0,5.0
28078,2022-03-15 22:00:00,615.24,734.0,16.0,3.0,0.0,69.0,94.0,5.0
28079,2022-03-15 23:00:00,630.05,748.0,19.0,3.0,0.0,50.0,93.0,5.0
28080,2022-03-16 00:00:00,639.6,754.0,20.0,3.0,0.0,35.0,95.0,5.0
28081,2022-03-16 01:00:00,647.75,751.0,20.0,3.0,0.0,25.0,93.0,5.0
28082,2022-03-16 02:00:00,653.01,755.0,21.0,3.0,0.0,19.0,92.0,5.0
28083,2022-03-16 03:00:00,657.7,796.0,21.0,3.0,0.0,18.0,93.0,5.0
28084,2022-03-16 04:00:00,659.56,822.0,24.0,3.0,3.0,17.0,91.0,5.0
28085,2022-03-16 05:00:00,632.02,886.0,24.0,3.0,50.0,23.0,93.0,5.0
28086,2022-03-16 06:00:00,577.45,909.0,26.0,3.0,149.0,33.0,93.0,5.0
28087,2022-03-16 07:00:00,507.55,792.0,28.0,3.0,249.0,37.0,98.0,5.0
28088,2022-03-16 08:00:00,486.77,808.0,31.0,3.0,313.0,34.0,97.0,5.0
28089,2022-03-16 09:00:00,482.92,837.0,35.0,3.0,340.0,33.0,97.0,5.0
28090,2022-03-16 10:00:00,447.61,694.0,39.0,3.0,346.0,35.0,95.0,5.0
28091,2022-03-16 11:00:00,449.31,690.0,37.0,3.0,340.0,34.0,95.0,5.0
28092,2022-03-16 12:00:00,458.42,696.0,37.0,3.0,307.0,33.0,109.0,5.0
28093,2022-03-16 13:00:00,495.07,734.0,38.0,3.0,237.0,33.0,111.0,5.0
28094,2022-03-16 14:00:00,564.7,826.0,37.0,3.0,135.0,26.0,109.0,5.0
28095,2022-03-16 15:00:00,630.68,894.0,36.0,3.0,38.0,16.0,111.0,5.0
28096,2022-03-16 16:00:00,652.45,905.0,36.0,3.0,2.0,16.0,112.0,5.0
28097,2022-03-16 17:00:00,651.17,917.0,34.0,3.0,0.0,20.0,115.0,5.0
28098,2022-03-16 18:00:00,649.89,917.0,32.0,3.0,0.0,23.0,115.0,5.0
28099,2022-03-16 19:00:00,650.9,910.0,30.0,3.0,0.0,23.0,113.0,5.0
28100,2022-03-16 20:00:00,641.87,814.0,29.0,3.0,0.0,22.0,112.0,5.0
28101,2022-03-16 21:00:00,631.61,748.0,28.0,3.0,0.0,25.0,112.0,5.0
28102,2022-03-16 22:00:00,619.76,679.0,28.0,3.0,0.0,28.0,111.0,5.0
28103,2022-03-16 23:00:00,607.1,644.0,28.0,3.0,0.0,36.0,112.0,5.0
28104,2022-03-17 00:00:00,600.95,646.0,28.0,3.0,0.0,47.0,110.0,5.0
28105,2022-03-17 01:00:00,586.63,597.0,28.0,3.0,0.0,53.0,110.0,5.0
28106,2022-03-17 02:00:00,595.24,630.0,27.0,3.0,0.0,53.0,108.0,5.0
28107,2022-03-17 03:00:00,601.65,662.0,26.0,3.0,0.0,51.0,110.0,5.0
28108,2022-03-17 04:00:00,599.43,645.0,25.0,3.0,4.0,47.0,109.0,5.0
28109,2022-03-17 05:00:00,578.99,735.0,27.0,3.0,53.0,54.0,110.0,5.0
28110,2022-03-17 06:00:00,528.66,757.0,29.0,3.0,151.0,58.0,111.0,5.0
28111,2022-03-17 07:00:00,487.68,755.0,31.0,3.0,251.0,45.0,116.0,5.0
28112,2022-03-17 08:00:00,456.1,717.0,32.0,3.0,314.0,39.0,117.0,5.0
28113,2022-03-17 09:00:00,431.97,664.0,34.0,3.0,342.0,42.0,114.0,5.0
28114,2022-03-17 10:00:00,410.85,616.0,35.0,3.0,349.0,56.0,114.0,5.0
28115,2022-03-17 11:00:00,407.53,605.0,36.0,3.0,342.0,64.0,113.0,5.0
28116,2022-03-17 12:00:00,419.26,602.0,35.0,3.0,311.0,62.0,111.0,5.0
28117,2022-03-17 13:00:00,452.34,621.0,37.0,3.0,242.0,61.0,111.0,5.0
28118,2022-03-17 14:00:00,516.54,650.0,35.0,3.0,139.0,46.0,109.0,5.0
28119,2022-03-17 15:00:00,586.33,693.0,33.0,3.0,40.0,39.0,111.0,5.0
28120,2022-03-17 16:00:00,616.59,753.0,32.0,3.0,2.0,45.0,112.0,5.0
28121,2022-03-17 17:00:00,603.89,760.0,29.0,3.0,0.0,68.0,114.0,5.0
28122,2022-03-17 18:00:00,580.19,758.0,30.0,3.0,0.0,107.0,114.0,5.0
28123,2022-03-17 19:00:00,572.69,759.0,29.0,3.0,0.0,122.0,113.0,5.0
28124,2022-03-17 20:00:00,530.96,643.0,29.0,3.0,0.0,156.0,110.0,5.0
28125,2022-03-17 21:00:00,485.06,527.0,28.0,3.0,0.0,182.0,108.0,5.0
28126,2022-03-17 22:00:00,475.04,512.0,28.0,3.0,0.0,192.0,107.0,5.0
28127,2022-03-17 23:00:00,494.56,585.0,27.0,3.0,0.0,193.0,112.0,5.0
28128,2022-03-18 00:00:00,493.98,583.0,27.0,3.0,0.0,195.0,110.0,5.0
28129,2022-03-18 01:00:00,494.98,579.0,27.0,3.0,0.0,191.0,110.0,5.0
28130,2022-03-18 02:00:00,500.22,570.0,26.0,3.0,0.0,180.0,107.0,5.0
28131,2022-03-18 03:00:00,506.33,596.0,27.0,3.0,0.0,180.0,109.0,5.0
28132,2022-03-18 04:00:00,522.3,649.0,27.0,3.0,5.0,171.0,109.0,5.0
28133,2022-03-18 05:00:00,523.26,735.0,24.0,3.0,55.0,160.0,108.0,5.0
28134,2022-03-18 06:00:00,485.7,757.0,27.0,3.0,156.0,152.0,111.0,5.0
28135,2022-03-18 07:00:00,444.1,736.0,30.0,3.0,255.0,147.0,115.0,5.0
28136,2022-03-18 08:00:00,412.81,691.0,30.0,3.0,315.0,151.0,111.0,5.0
28137,2022-03-18 09:00:00,385.01,622.0,33.0,3.0,339.0,158.0,107.0,5.0
28138,2022-03-18 10:00:00,362.93,568.0,34.0,3.0,341.0,176.0,105.0,5.0
28139,2022-03-18 11:00:00,366.45,579.0,33.0,3.0,322.0,187.0,113.0,5.0
28140,2022-03-18 12:00:00,393.82,618.0,32.0,3.0,279.0,179.0,114.0,5.0
28141,2022-03-18 13:00:00,424.65,607.0,32.0,3.0,199.0,161.0,114.0,5.0
28142,2022-03-18 14:00:00,486.46,638.0,32.0,3.0,98.0,139.0,112.0,5.0
28143,2022-03-18 15:00:00,559.25,729.0,32.0,3.0,23.0,112.0,113.0,5.0
28144,2022-03-18 16:00:00,581.17,755.0,31.0,3.0,1.0,103.0,114.0,5.0
28145,2022-03-18 17:00:00,587.49,753.0,27.0,3.0,0.0,93.0,115.0,5.0
28146,2022-03-18 18:00:00,593.26,751.0,29.0,3.0,0.0,82.0,115.0,5.0
28147,2022-03-18 19:00:00,601.57,748.0,28.0,3.0,0.0,69.0,114.0,5.0
28148,2022-03-18 20:00:00,606.9,746.0,28.0,3.0,0.0,61.0,113.0,5.0
28149,2022-03-18 21:00:00,604.99,667.0,30.0,3.0,0.0,43.0,113.0,5.0
28150,2022-03-18 22:00:00,601.85,599.0,29.0,3.0,0.0,31.0,112.0,5.0
28151,2022-03-18 23:00:00,577.69,479.0,31.0,3.0,0.0,30.0,107.0,5.0
28152,2022-03-19 00:00:00,579.05,465.0,34.0,3.0,0.0,27.0,103.0,5.0
28153,2022-03-19 01:00:00,582.16,455.0,30.0,3.0,0.0,22.0,103.0,5.0
28154,2022-03-19 02:00:00,592.99,464.0,28.0,3.0,0.0,16.0,101.0,5.0
28155,2022-03-19 03:00:00,588.31,469.0,29.0,3.0,0.0,21.0,102.0,5.0
28156,2022-03-19 04:00:00,583.94,470.0,29.0,3.0,2.0,23.0,103.0,5.0
28157,2022-03-19 05:00:00,584.0,510.0,29.0,3.0,15.0,21.0,104.0,5.0
28158,2022-03-19 06:00:00,569.63,515.0,29.0,3.0,38.0,18.0,103.0,5.0
28159,2022-03-19 07:00:00,541.82,513.0,28.0,3.0,73.0,19.0,103.0,5.0
28160,2022-03-19 08:00:00,482.52,434.0,28.0,3.0,112.0,20.0,109.0,5.0
28161,2022-03-19 09:00:00,430.31,379.0,29.0,3.0,150.0,24.0,111.0,5.0
28162,2022-03-19 10:00:00,373.7,314.0,29.0,3.0,185.0,28.0,111.0,5.0
28163,2022-03-19 11:00:00,357.01,302.0,29.0,3.0,203.0,28.0,111.0,5.0
28164,2022-03-19 12:00:00,345.45,298.0,29.0,3.0,217.0,32.0,111.0,5.0
28165,2022-03-19 13:00:00,351.03,298.0,30.0,3.0,207.0,31.0,111.0,5.0
28166,2022-03-19 14:00:00,423.69,329.0,31.0,3.0,127.0,23.0,106.0,5.0
28167,2022-03-19 15:00:00,548.7,461.0,30.0,3.0,40.0,18.0,107.0,5.0
28168,2022-03-19 16:00:00,588.78,518.0,31.0,3.0,3.0,27.0,106.0,5.0
28169,2022-03-19 17:00:00,572.73,516.0,36.0,3.0,0.0,46.0,107.0,5.0
28170,2022-03-19 18:00:00,558.38,516.0,34.0,3.0,0.0,66.0,106.0,5.0
28171,2022-03-19 19:00:00,526.54,469.0,35.0,3.0,0.0,93.0,102.0,5.0
28172,2022-03-19 20:00:00,472.41,356.0,36.0,3.0,0.0,110.0,97.0,5.0
28173,2022-03-19 21:00:00,480.84,395.0,36.0,3.0,0.0,121.0,98.0,5.0
28174,2022-03-19 22:00:00,464.5,363.0,35.0,3.0,0.0,122.0,100.0,5.0
28175,2022-03-19 23:00:00,423.4,311.0,32.0,3.0,0.0,142.0,100.0,5.0
28176,2022-03-20 00:00:00,378.37,252.0,35.0,3.0,0.0,158.0,95.0,5.0
28177,2022-03-20 01:00:00,367.25,229.0,36.0,3.0,0.0,149.0,96.0,5.0
28178,2022-03-20 02:00:00,375.24,230.0,36.0,3.0,0.0,143.0,92.0,5.0
28179,2022-03-20 03:00:00,387.86,243.0,34.0,3.0,0.0,137.0,94.0,5.0
28180,2022-03-20 04:00:00,402.66,255.0,30.0,3.0,5.0,119.0,99.0,5.0
28181,2022-03-20 05:00:00,386.35,279.0,30.0,3.0,56.0,108.0,104.0,5.0
28182,2022-03-20 06:00:00,317.51,254.0,30.0,3.0,165.0,89.0,106.0,5.0
28183,2022-03-20 07:00:00,277.53,255.0,31.0,3.0,269.0,78.0,109.0,5.0
28184,2022-03-20 08:00:00,261.66,254.0,32.0,3.0,331.0,65.0,104.0,5.0
28185,2022-03-20 09:00:00,258.2,255.0,33.0,3.0,356.0,57.0,100.0,5.0
28186,2022-03-20 10:00:00,258.14,256.0,35.0,3.0,362.0,52.0,102.0,5.0
28187,2022-03-20 11:00:00,255.95,255.0,35.0,3.0,355.0,59.0,107.0,5.0
28188,2022-03-20 12:00:00,266.18,256.0,34.0,3.0,324.0,60.0,107.0,5.0
28189,2022-03-20 13:00:00,290.01,255.0,32.0,3.0,256.0,60.0,108.0,5.0
28190,2022-03-20 14:00:00,359.21,277.0,31.0,3.0,151.0,55.0,104.0,5.0
28191,2022-03-20 15:00:00,457.13,336.0,31.0,3.0,47.0,64.0,104.0,5.0
28192,2022-03-20 16:00:00,521.89,411.0,31.0,3.0,3.0,68.0,105.0,5.0
28193,2022-03-20 17:00:00,514.92,422.0,30.0,3.0,0.0,84.0,106.0,5.0
28194,2022-03-20 18:00:00,516.31,423.0,29.0,3.0,0.0,84.0,105.0,5.0
28195,2022-03-20 19:00:00,522.68,414.0,29.0,3.0,0.0,76.0,101.0,5.0
28196,2022-03-20 20:00:00,523.15,396.0,30.0,3.0,0.0,70.0,98.0,5.0
28197,2022-03-20 21:00:00,521.71,393.0,31.0,3.0,0.0,68.0,100.0,5.0
28198,2022-03-20 22:00:00,506.3,366.0,30.0,3.0,0.0,71.0,102.0,5.0
28199,2022-03-20 23:00:00,506.33,367.0,28.0,3.0,0.0,69.0,105.0,5.0
28200,2022-03-21 00:00:00,517.46,370.0,28.0,3.0,0.0,60.0,103.0,5.0
28201,2022-03-21 01:00:00,523.19,380.0,29.0,3.0,0.0,57.0,104.0,5.0
28202,2022-03-21 02:00:00,534.56,417.0,30.0,3.0,0.0,62.0,102.0,5.0
28203,2022-03-21 03:00:00,529.62,446.0,28.0,3.0,0.0,79.0,104.0,5.0
28204,2022-03-21 04:00:00,534.98,488.0,28.0,3.0,7.0,83.0,104.0,5.0
28205,2022-03-21 05:00:00,541.83,624.0,27.0,3.0,64.0,73.0,103.0,5.0
28206,2022-03-21 06:00:00,501.74,687.0,28.0,3.0,170.0,69.0,105.0,5.0
28207,2022-03-21 07:00:00,465.91,686.0,30.0,3.0,268.0,49.0,108.0,5.0
28208,2022-03-21 08:00:00,442.6,669.0,32.0,3.0,323.0,43.0,107.0,5.0
28209,2022-03-21 09:00:00,407.8,580.0,32.0,3.0,345.0,46.0,106.0,5.0
28210,2022-03-21 10:00:00,381.33,514.0,32.0,3.0,351.0,52.0,106.0,5.0
28211,2022-03-21 11:00:00,376.5,503.0,28.5,3.0,344.0,61.0,106.5,5.0
28212,2022-03-21 12:00:00,394.55,548.0,30.0,3.0,315.0,84.0,106.0,5.0
28213,2022-03-21 13:00:00,417.67,555.0,33.0,3.0,248.0,96.0,106.0,5.0
28214,2022-03-21 14:00:00,470.59,556.0,33.0,3.0,147.0,83.0,103.0,5.0
28215,2022-03-21 15:00:00,566.91,649.0,32.0,3.0,46.0,59.0,102.0,5.0
28216,2022-03-21 16:00:00,596.3,686.0,32.0,3.0,4.0,65.0,104.0,5.0
28217,2022-03-21 17:00:00,589.95,688.0,30.0,3.0,0.0,78.0,106.0,5.0
28218,2022-03-21 18:00:00,578.88,689.0,32.0,3.0,0.0,96.0,105.0,5.0
28219,2022-03-21 19:00:00,571.53,687.0,30.0,3.0,0.0,108.0,105.0,5.0
28220,2022-03-21 20:00:00,569.08,662.0,29.0,3.0,0.0,103.0,106.0,5.0
28221,2022-03-21 21:00:00,553.01,571.0,30.0,3.0,0.0,96.0,105.0,5.0
28222,2022-03-21 22:00:00,565.32,599.0,30.0,3.0,0.0,90.0,103.0,5.0
28223,2022-03-21 23:00:00,572.64,607.0,30.0,3.0,0.0,83.0,102.0,5.0
28224,2022-03-22 00:00:00,570.6,603.0,29.0,3.0,0.0,85.0,102.0,5.0
28225,2022-03-22 01:00:00,583.21,620.0,27.0,3.0,0.0,74.0,101.0,5.0
28226,2022-03-22 02:00:00,599.69,638.0,27.0,3.0,0.0,58.0,99.0,5.0
28227,2022-03-22 03:00:00,602.85,670.0,27.0,3.0,0.0,59.0,102.0,5.0
28228,2022-03-22 04:00:00,610.14,714.0,18.0,3.0,8.0,56.0,101.0,5.0
28229,2022-03-22 05:00:00,590.99,799.0,17.0,3.0,59.0,60.0,100.0,5.0
28230,2022-03-22 06:00:00,551.16,842.0,16.0,3.0,153.0,55.0,103.0,5.0
28231,2022-03-22 07:00:00,513.19,846.0,16.0,3.0,249.0,45.0,106.0,5.0
28232,2022-03-22 08:00:00,485.83,834.0,15.0,3.0,314.0,43.0,108.0,5.0
28233,2022-03-22 09:00:00,457.17,762.0,16.0,3.0,342.0,51.0,107.0,5.0
28234,2022-03-22 10:00:00,441.34,712.0,16.0,3.0,349.0,55.0,106.0,5.0
28235,2022-03-22 11:00:00,437.95,695.0,17.0,3.0,343.0,57.0,107.0,5.0
28236,2022-03-22 12:00:00,440.86,659.0,16.0,3.0,308.0,58.0,107.0,5.0
28237,2022-03-22 13:00:00,482.06,686.0,15.0,3.0,235.0,49.0,106.0,5.0
28238,2022-03-22 14:00:00,552.26,749.0,15.0,3.0,134.0,37.0,103.0,5.0
28239,2022-03-22 15:00:00,618.43,836.0,15.0,3.0,41.0,38.0,103.0,5.0
28240,2022-03-22 16:00:00,629.69,841.0,16.0,3.0,4.0,55.0,105.0,5.0
28241,2022-03-22 17:00:00,624.25,843.0,17.0,3.0,0.0,66.0,107.0,5.0
28242,2022-03-22 18:00:00,608.08,845.0,20.0,3.0,0.0,92.0,108.0,5.0
28243,2022-03-22 19:00:00,585.77,844.0,27.0,3.0,0.0,131.0,107.0,5.0
28244,2022-03-22 20:00:00,573.11,780.0,18.0,3.0,0.0,140.0,105.0,5.0
28245,2022-03-22 21:00:00,555.3,656.0,18.0,3.0,0.0,129.0,104.0,5.0
28246,2022-03-22 22:00:00,557.88,631.0,29.0,3.0,0.0,113.0,103.0,5.0
28247,2022-03-22 23:00:00,550.46,590.0,33.0,3.0,0.0,108.0,103.0,5.0
28248,2022-03-23 00:00:00,560.9,590.0,31.0,3.0,0.0,95.0,101.0,5.0
28249,2022-03-23 01:00:00,563.84,587.0,30.0,3.0,0.0,91.0,100.0,5.0
28250,2022-03-23 02:00:00,570.39,583.0,28.0,3.0,0.0,83.0,98.0,5.0
28251,2022-03-23 03:00:00,589.81,679.0,29.0,3.0,0.0,83.0,99.0,5.0
28252,2022-03-23 04:00:00,607.71,842.0,30.0,3.0,6.0,90.0,100.0,5.0
28253,2022-03-23 05:00:00,583.41,848.0,29.0,3.0,48.0,93.0,102.0,5.0
28254,2022-03-23 06:00:00,544.38,844.0,33.0,3.0,127.0,90.0,104.0,5.0
28255,2022-03-23 07:00:00,518.79,842.0,35.0,3.0,204.0,70.0,105.0,5.0
28256,2022-03-23 08:00:00,497.72,846.0,29.0,3.0,259.0,70.0,107.0,4.0
28257,2022-03-23 09:00:00,486.49,818.0,31.0,3.0,261.0,81.0,108.0,3.0
28258,2022-03-23 10:00:00,491.11,818.0,34.0,3.0,243.0,86.0,108.0,3.0
28259,2022-03-23 11:00:00,499.67,816.0,37.0,3.0,201.0,102.0,110.0,3.0
28260,2022-03-23 12:00:00,524.43,783.0,34.0,3.0,135.0,95.0,109.0,3.0
28261,2022-03-23 13:00:00,542.07,712.0,36.0,3.0,79.0,89.0,104.0,3.0
28262,2022-03-23 14:00:00,562.25,702.0,35.0,3.0,44.0,83.0,105.0,3.0
28263,2022-03-23 15:00:00,609.14,800.0,33.0,3.0,19.0,56.0,107.0,3.0
28264,2022-03-23 16:00:00,626.98,848.0,26.0,3.0,3.0,55.0,108.0,3.0
28265,2022-03-23 17:00:00,625.0,852.0,24.0,3.0,0.0,62.0,109.0,3.0
28266,2022-03-23 18:00:00,620.79,855.0,26.0,3.0,0.0,69.0,109.0,3.0
28267,2022-03-23 19:00:00,614.68,822.0,28.0,3.0,0.0,71.0,109.0,3.0
28268,2022-03-23 20:00:00,602.5,774.0,29.0,3.0,0.0,80.0,108.0,3.0
28269,2022-03-23 21:00:00,590.97,685.0,29.0,3.0,0.0,77.0,105.0,3.0
28270,2022-03-23 22:00:00,598.9,623.0,30.0,3.0,0.0,50.0,103.0,3.0
28271,2022-03-23 23:00:00,604.5,608.0,29.0,3.0,0.0,39.0,103.0,3.0
28272,2022-03-24 00:00:00,616.12,620.0,29.0,3.0,0.0,28.0,102.0,3.0
28273,2022-03-24 01:00:00,614.3,638.0,28.0,3.0,0.0,35.0,102.0,3.0
28274,2022-03-24 02:00:00,615.79,678.0,29.0,3.0,0.0,43.0,101.0,3.0
28275,2022-03-24 03:00:00,603.12,688.0,28.0,3.0,0.0,62.0,103.0,3.0
28276,2022-03-24 04:00:00,582.91,711.0,30.0,3.0,6.0,91.0,105.0,3.0
28277,2022-03-24 05:00:00,566.49,738.0,35.0,3.0,32.0,98.0,107.0,3.0
28278,2022-03-24 06:00:00,543.57,740.0,37.0,3.0,89.0,85.0,106.0,3.0
28279,2022-03-24 07:00:00,501.87,753.0,37.0,3.0,182.0,87.0,106.0,3.0
28280,2022-03-24 08:00:00,446.46,669.0,39.0,3.0,275.0,77.0,109.0,3.0
28281,2022-03-24 09:00:00,402.64,534.0,40.0,3.0,290.0,71.0,108.0,3.0
28282,2022-03-24 10:00:00,397.94,531.0,35.0,3.0,296.0,75.0,108.0,3.0
28283,2022-03-24 11:00:00,396.19,538.0,36.0,3.0,305.0,78.0,107.0,3.0
28284,2022-03-24 12:00:00,411.75,541.0,37.0,3.0,262.0,82.0,108.0,3.0
28285,2022-03-24 13:00:00,478.38,697.0,35.0,3.0,213.0,80.0,107.0,3.0
28286,2022-03-24 14:00:00,546.04,754.0,36.0,3.0,101.0,75.0,105.0,3.0
28287,2022-03-24 15:00:00,580.51,755.0,37.0,3.0,38.0,73.0,106.0,3.0
28288,2022-03-24 16:00:00,595.25,760.0,35.0,3.0,5.0,81.0,108.0,3.0
28289,2022-03-24 17:00:00,602.73,759.0,36.0,3.0,0.0,71.0,110.0,3.0
28290,2022-03-24 18:00:00,616.87,762.0,34.0,3.0,0.0,50.0,110.0,3.0
28291,2022-03-24 19:00:00,623.47,761.0,33.0,3.0,0.0,41.0,109.0,3.0
28292,2022-03-24 20:00:00,624.26,727.0,34.0,3.0,0.0,33.0,108.0,3.0
28293,2022-03-24 21:00:00,625.96,688.0,32.0,3.0,0.0,26.0,105.0,3.0
28294,2022-03-24 22:00:00,623.73,664.0,34.0,3.0,0.0,25.0,103.0,3.0
28295,2022-03-24 23:00:00,589.93,480.0,33.0,3.0,0.0,22.0,101.0,3.0
28296,2022-03-25 00:00:00,572.51,404.0,32.0,3.0,0.0,18.0,100.0,3.0
28297,2022-03-25 01:00:00,573.58,398.0,32.0,3.0,0.0,16.0,99.0,3.0
28298,2022-03-25 02:00:00,577.47,424.0,39.0,3.0,0.0,19.0,98.0,3.0
28299,2022-03-25 03:00:00,569.44,402.0,33.0,3.0,0.0,19.0,101.0,3.0
28300,2022-03-25 04:00:00,603.98,589.0,31.0,3.0,6.0,28.0,103.0,3.0
28301,2022-03-25 05:00:00,589.63,722.0,31.0,3.0,39.0,50.0,105.0,3.0
28302,2022-03-25 06:00:00,536.72,731.0,30.0,3.0,115.0,69.0,108.0,3.0
28303,2022-03-25 07:00:00,490.68,724.0,28.0,3.0,210.0,68.0,110.0,3.0
28304,2022-03-25 08:00:00,436.32,581.0,26.0,3.0,253.0,61.0,111.0,3.0
28305,2022-03-25 09:00:00,398.32,461.0,27.0,3.0,228.0,79.0,108.0,3.0
28306,2022-03-25 10:00:00,366.1,382.0,27.0,3.0,203.0,99.0,108.0,3.0
28307,2022-03-25 11:00:00,371.86,377.0,28.0,3.0,163.0,120.0,109.0,3.0
28308,2022-03-25 12:00:00,395.49,453.0,29.0,3.0,150.0,157.0,107.0,3.0
28309,2022-03-25 13:00:00,420.18,553.0,28.0,3.0,147.0,189.0,106.0,3.0
28310,2022-03-25 14:00:00,441.63,568.0,27.0,3.0,86.0,210.0,107.0,3.0
28311,2022-03-25 15:00:00,500.37,643.0,31.0,3.0,24.0,192.0,107.0,3.0
28312,2022-03-25 16:00:00,537.23,709.0,36.0,3.0,3.0,168.0,109.0,3.0
28313,2022-03-25 17:00:00,552.49,744.0,35.0,3.0,0.0,155.0,110.0,3.0
28314,2022-03-25 18:00:00,513.44,637.0,26.0,3.0,0.0,186.0,110.0,3.0
28315,2022-03-25 19:00:00,453.79,492.0,26.0,3.0,0.0,213.0,112.0,3.0
28316,2022-03-25 20:00:00,390.5,366.0,33.0,3.0,0.0,233.0,110.0,3.0
28317,2022-03-25 21:00:00,324.09,241.0,32.0,3.0,0.0,220.0,108.0,3.0
28318,2022-03-25 22:00:00,266.89,172.0,33.0,3.0,0.0,223.0,108.0,3.0
28319,2022-03-25 23:00:00,251.75,162.0,30.0,3.0,0.0,234.0,108.0,3.0
28320,2022-03-26 00:00:00,254.6,172.0,26.0,3.0,0.0,246.0,108.0,3.0
28321,2022-03-26 01:00:00,247.25,171.0,25.0,3.0,0.0,260.0,108.0,3.0
28322,2022-03-26 02:00:00,244.56,173.0,26.0,3.0,0.0,273.0,106.0,3.0
28323,2022-03-26 03:00:00,242.99,171.0,25.0,3.0,0.0,270.0,108.0,3.0
28324,2022-03-26 04:00:00,242.52,170.0,25.0,3.0,7.0,263.0,107.0,3.0
28325,2022-03-26 05:00:00,228.54,172.0,25.0,3.0,39.0,271.0,107.0,3.0
28326,2022-03-26 06:00:00,214.89,174.0,23.0,3.0,86.0,267.0,107.0,3.0
28327,2022-03-26 07:00:00,200.55,172.0,22.0,3.0,124.0,270.0,107.0,3.0
28328,2022-03-26 08:00:00,202.17,177.0,23.0,3.0,130.0,267.0,113.0,3.0
28329,2022-03-26 09:00:00,207.94,180.0,28.0,3.0,131.0,259.0,112.0,3.0
28330,2022-03-26 10:00:00,202.89,180.0,27.0,3.0,138.0,268.0,113.0,3.0
28331,2022-03-26 11:00:00,213.68,180.0,26.0,3.0,116.0,264.0,103.0,4.0
28332,2022-03-26 12:00:00,249.25,207.0,26.0,3.0,78.0,262.0,99.0,4.0
28333,2022-03-26 13:00:00,283.55,240.0,25.0,3.0,48.0,267.0,97.0,4.0
28334,2022-03-26 14:00:00,280.85,225.0,25.0,3.0,31.0,265.0,97.0,4.0
28335,2022-03-26 15:00:00,264.96,199.0,24.0,3.0,17.0,267.0,99.0,4.0
28336,2022-03-26 16:00:00,247.34,176.0,22.0,3.0,4.0,270.0,104.0,4.0
28337,2022-03-26 17:00:00,254.59,184.0,23.0,3.0,0.0,266.0,113.0,5.0
28338,2022-03-26 18:00:00,259.52,188.0,22.0,3.0,0.0,263.0,112.0,5.0
28339,2022-03-26 19:00:00,246.68,171.0,25.0,3.0,0.0,263.0,109.0,5.0
28340,2022-03-26 20:00:00,248.35,169.0,25.0,3.0,0.0,261.0,103.0,5.0
28341,2022-03-26 21:00:00,250.81,170.0,24.0,3.0,0.0,257.0,103.0,5.0
28342,2022-03-26 22:00:00,269.87,186.0,23.0,3.0,0.0,243.0,106.0,5.0
28343,2022-03-26 23:00:00,294.34,211.0,25.0,3.0,0.0,237.0,105.0,5.0
28344,2022-03-27 00:00:00,285.83,188.0,24.0,3.0,0.0,220.0,101.0,5.0
28345,2022-03-27 01:00:00,315.39,217.0,23.0,3.0,0.0,212.0,99.0,5.0
28346,2022-03-27 02:00:00,295.99,189.0,24.0,3.0,0.0,202.0,102.0,5.0
28347,2022-03-27 03:00:00,308.51,200.0,25.0,3.0,1.0,194.0,104.0,5.0
28348,2022-03-27 04:00:00,278.16,174.0,25.0,3.0,13.0,191.0,108.0,5.0
28349,2022-03-27 05:00:00,251.92,171.0,25.0,3.0,76.0,176.0,108.0,5.0
28350,2022-03-27 06:00:00,232.45,179.0,26.0,3.0,168.0,146.0,112.0,5.0
28351,2022-03-27 07:00:00,204.43,174.0,26.0,3.0,272.0,115.0,113.0,5.0
28352,2022-03-27 08:00:00,188.19,173.0,27.0,3.0,343.0,103.0,113.0,5.0
28353,2022-03-27 09:00:00,184.11,173.0,27.0,3.0,363.0,100.0,113.0,5.0
28354,2022-03-27 10:00:00,185.06,173.0,26.0,3.0,364.0,99.0,108.0,5.0
28355,2022-03-27 11:00:00,194.65,178.0,28.0,3.0,353.0,92.0,104.0,5.0
28356,2022-03-27 12:00:00,206.1,171.0,27.0,3.0,293.0,88.0,106.0,5.0
28357,2022-03-27 13:00:00,275.3,205.0,28.0,3.0,175.0,86.0,112.0,5.0
28358,2022-03-27 14:00:00,403.15,312.0,28.0,3.0,77.0,86.0,110.0,5.0
28359,2022-03-27 15:00:00,418.54,302.0,28.0,3.0,26.0,108.0,108.0,5.0
28360,2022-03-27 16:00:00,447.18,306.0,26.0,3.0,3.0,96.0,109.0,5.0
28361,2022-03-27 17:00:00,414.1,281.0,25.0,3.0,0.0,120.0,111.0,5.0
28362,2022-03-27 18:00:00,362.72,247.0,27.0,3.0,0.0,179.0,92.0,5.0
28363,2022-03-27 19:00:00,294.54,172.0,29.0,3.0,0.0,194.0,87.0,5.0
28364,2022-03-27 20:00:00,300.79,170.0,30.0,3.0,0.0,182.0,86.0,5.0
28365,2022-03-27 21:00:00,294.62,174.0,25.0,3.0,0.0,196.0,87.0,5.0
28366,2022-03-27 22:00:00,287.79,173.0,25.0,3.0,0.0,212.0,81.0,5.0
28367,2022-03-27 23:00:00,279.3,170.0,25.0,3.0,0.0,229.0,74.0,5.0
28368,2022-03-28 00:00:00,277.29,170.0,23.0,3.0,0.0,229.0,77.0,5.0
28369,2022-03-28 01:00:00,272.6,172.0,25.0,3.0,0.0,237.0,82.0,5.0
28370,2022-03-28 02:00:00,275.07,172.0,27.0,3.0,0.0,229.0,86.0,5.0
28371,2022-03-28 03:00:00,281.58,178.0,33.0,3.0,0.0,226.0,89.0,5.0
28372,2022-03-28 04:00:00,269.48,180.0,34.0,3.0,4.0,250.0,89.0,5.0
28373,2022-03-28 05:00:00,254.74,179.0,33.0,3.0,26.0,258.0,88.0,4.0
28374,2022-03-28 06:00:00,258.33,201.0,29.0,3.0,79.0,239.0,88.0,5.0
28375,2022-03-28 07:00:00,258.63,221.0,22.0,3.0,130.0,222.0,89.0,5.0
28376,2022-03-28 08:00:00,231.9,198.0,23.0,3.0,138.0,239.0,92.0,5.0
28377,2022-03-28 09:00:00,243.38,197.0,25.0,3.0,103.0,240.0,92.0,5.0
28378,2022-03-28 10:00:00,249.2,217.0,22.0,3.0,120.0,250.0,89.0,5.0
28379,2022-03-28 11:00:00,215.35,186.0,24.0,3.0,156.0,248.0,89.0,5.0
28380,2022-03-28 12:00:00,193.77,178.0,22.0,3.0,192.0,264.0,91.0,5.0
28381,2022-03-28 13:00:00,213.53,181.0,25.0,3.0,157.0,238.0,92.0,5.0
28382,2022-03-28 14:00:00,233.7,176.0,28.0,3.0,82.0,244.0,91.0,5.0
28383,2022-03-28 15:00:00,258.74,178.0,28.0,3.0,30.0,238.0,92.0,5.0
28384,2022-03-28 16:00:00,278.78,171.0,26.0,3.0,5.0,207.0,94.0,5.0
28385,2022-03-28 17:00:00,308.3,173.0,26.0,3.0,0.0,166.0,94.0,5.0
28386,2022-03-28 18:00:00,312.94,190.0,24.0,3.0,0.0,188.0,89.0,5.0
28387,2022-03-28 19:00:00,317.77,183.0,26.0,3.0,0.0,174.0,86.0,5.0
28388,2022-03-28 20:00:00,281.06,157.0,26.0,3.0,0.0,192.0,86.0,5.0
28389,2022-03-28 21:00:00,285.76,154.0,25.0,3.0,0.0,179.0,86.0,5.0
28390,2022-03-28 22:00:00,346.6,172.0,23.0,3.0,0.0,123.0,84.0,5.0
28391,2022-03-28 23:00:00,398.31,192.0,22.0,3.0,0.0,91.0,81.0,5.0
28392,2022-03-29 00:00:00,441.95,231.0,23.0,3.0,0.0,79.0,82.0,5.0
28393,2022-03-29 01:00:00,441.37,236.0,24.0,3.0,0.0,85.0,80.0,5.0
28394,2022-03-29 02:00:00,507.62,329.0,23.0,3.0,0.0,70.0,85.0,5.0
28395,2022-03-29 03:00:00,596.06,625.0,23.0,3.0,0.0,65.0,95.0,5.0
28396,2022-03-29 04:00:00,627.98,789.0,23.0,3.0,2.0,54.0,97.0,5.0
28397,2022-03-29 05:00:00,633.46,809.0,22.0,3.0,11.0,40.0,98.0,5.0
28398,2022-03-29 06:00:00,630.65,842.0,20.0,3.0,24.0,39.0,98.0,5.0
28399,2022-03-29 07:00:00,625.15,851.0,20.0,3.0,43.0,31.0,98.0,5.0
28400,2022-03-29 08:00:00,602.57,851.0,21.0,3.0,77.0,35.0,99.0,5.0
28401,2022-03-29 09:00:00,582.65,841.0,19.0,3.0,107.0,37.0,102.0,4.0
28402,2022-03-29 10:00:00,566.9,807.0,20.0,3.0,123.0,40.0,102.0,4.0
28403,2022-03-29 11:00:00,552.99,759.0,22.0,3.0,132.0,42.0,100.0,4.0
28404,2022-03-29 12:00:00,545.06,741.0,20.0,3.0,133.0,51.0,99.0,4.0
28405,2022-03-29 13:00:00,553.18,734.0,23.0,3.0,114.0,51.0,99.0,5.0
28406,2022-03-29 14:00:00,583.66,805.0,25.0,3.0,84.0,49.0,98.0,4.0
28407,2022-03-29 15:00:00,618.25,826.0,25.0,3.0,37.0,39.0,100.0,5.0
28408,2022-03-29 16:00:00,643.83,841.0,24.0,3.0,6.0,31.0,101.0,5.0
28409,2022-03-29 17:00:00,650.23,850.0,23.0,3.0,0.0,27.0,103.0,5.0
28410,2022-03-29 18:00:00,642.03,831.0,24.0,3.0,0.0,37.0,102.0,5.0
28411,2022-03-29 19:00:00,637.02,845.0,23.0,3.0,0.0,53.0,97.0,5.0
28412,2022-03-29 20:00:00,628.12,790.0,23.0,3.0,0.0,57.0,96.0,5.0
28413,2022-03-29 21:00:00,614.32,761.0,23.0,3.0,0.0,72.0,96.0,5.0
28414,2022-03-29 22:00:00,622.38,772.0,23.0,3.0,0.0,60.0,98.0,5.0
28415,2022-03-29 23:00:00,623.64,747.0,22.0,3.0,0.0,54.0,97.0,5.0
28416,2022-03-30 00:00:00,629.45,771.0,23.0,3.0,0.0,49.0,98.0,5.0
28417,2022-03-30 01:00:00,626.04,777.0,29.0,3.0,0.0,56.0,95.0,5.0
28418,2022-03-30 02:00:00,601.91,712.0,28.0,3.0,0.0,71.0,102.0,5.0
28419,2022-03-30 03:00:00,598.13,788.0,29.0,3.0,0.0,89.0,110.0,5.0
28420,2022-03-30 04:00:00,587.99,814.0,27.0,3.0,10.0,103.0,112.0,5.0
28421,2022-03-30 05:00:00,574.73,818.0,30.0,3.0,46.0,90.0,114.0,5.0
28422,2022-03-30 06:00:00,536.18,828.0,29.0,3.0,113.0,105.0,116.0,5.0
28423,2022-03-30 07:00:00,491.02,784.0,29.0,3.0,201.0,101.0,118.0,4.0
28424,2022-03-30 08:00:00,470.42,720.0,25.0,3.0,221.0,97.0,118.0,5.0
28425,2022-03-30 09:00:00,458.98,712.0,27.0,3.0,224.0,117.0,119.0,5.0
28426,2022-03-30 10:00:00,459.61,713.0,27.0,3.0,233.0,109.0,117.0,5.0
28427,2022-03-30 11:00:00,457.9,708.0,28.0,3.0,227.0,115.0,118.0,5.0
28428,2022-03-30 12:00:00,461.85,697.0,31.0,3.0,213.0,112.0,117.0,5.0
28429,2022-03-30 13:00:00,460.32,707.0,37.0,3.0,187.0,146.0,118.0,4.0
28430,2022-03-30 14:00:00,500.37,716.0,35.0,3.0,120.0,125.0,115.0,4.0
28431,2022-03-30 15:00:00,550.17,776.0,34.0,3.0,51.0,116.0,115.0,4.0
28432,2022-03-30 16:00:00,586.63,794.0,34.0,3.0,8.0,94.0,117.0,5.0
28433,2022-03-30 17:00:00,601.71,779.0,33.0,3.0,0.0,71.0,118.0,5.0
28434,2022-03-30 18:00:00,605.14,774.0,33.0,3.0,0.0,65.0,117.0,5.0
28435,2022-03-30 19:00:00,612.14,774.0,32.0,3.0,0.0,53.0,118.0,5.0
28436,2022-03-30 20:00:00,607.02,749.0,32.0,3.0,0.0,57.0,116.0,5.0
28437,2022-03-30 21:00:00,607.97,747.0,32.0,3.0,0.0,56.0,115.0,5.0
28438,2022-03-30 22:00:00,606.11,700.0,32.0,3.0,0.0,49.0,113.0,5.0
28439,2022-03-30 23:00:00,607.02,734.0,30.0,3.0,0.0,58.0,112.0,5.0
28440,2022-03-31 00:00:00,615.56,753.0,31.0,3.0,0.0,49.0,112.0,5.0
28441,2022-03-31 01:00:00,621.77,776.0,30.0,3.0,0.0,46.0,111.0,5.0
28442,2022-03-31 02:00:00,628.46,792.0,30.0,3.0,0.0,39.0,111.0,5.0
28443,2022-03-31 03:00:00,632.62,788.0,27.0,3.0,1.0,31.0,112.0,5.0
28444,2022-03-31 04:00:00,625.03,789.0,22.0,3.0,14.0,30.0,114.0,5.0
28445,2022-03-31 05:00:00,587.75,755.0,22.0,3.0,69.0,26.0,115.0,5.0
28446,2022-03-31 06:00:00,534.06,772.0,26.0,3.0,167.0,29.0,120.0,5.0
28447,2022-03-31 07:00:00,504.66,793.0,26.0,3.0,242.0,31.0,119.0,5.0
28448,2022-03-31 08:00:00,509.66,790.0,28.0,3.0,230.0,31.0,117.0,5.0
28449,2022-03-31 09:00:00,508.66,793.0,27.0,3.0,231.0,33.0,118.0,4.0
28450,2022-03-31 10:00:00,507.62,813.0,29.0,3.0,243.0,34.0,117.0,5.0
28451,2022-03-31 11:00:00,511.42,812.0,30.0,3.0,230.0,36.0,118.0,5.0
28452,2022-03-31 12:00:00,509.94,809.0,30.0,3.0,230.0,38.0,118.0,4.0
28453,2022-03-31 13:00:00,527.61,806.0,28.0,3.0,189.0,38.0,117.0,4.0
28454,2022-03-31 14:00:00,562.07,805.0,28.0,3.0,126.0,30.0,115.0,4.0
28455,2022-03-31 15:00:00,604.94,797.0,26.0,3.0,55.0,20.0,116.0,4.0
28456,2022-03-31 16:00:00,638.18,798.0,26.0,3.0,9.0,13.0,116.0,4.0
28457,2022-03-31 17:00:00,643.33,803.0,24.0,3.0,0.0,15.0,117.0,4.0
28458,2022-03-31 18:00:00,639.05,793.0,23.0,3.0,0.0,20.0,117.0,4.0
28459,2022-03-31 19:00:00,636.29,787.0,23.0,3.0,0.0,23.0,117.0,4.0
28460,2022-03-31 20:00:00,637.63,784.0,24.0,3.0,0.0,22.0,115.0,4.0
28461,2022-03-31 21:00:00,627.61,712.0,24.0,3.0,0.0,25.0,112.0,4.0
28462,2022-03-31 22:00:00,611.23,611.0,24.0,3.0,0.0,27.0,109.0,4.0
28463,2022-03-31 23:00:00,604.09,556.0,24.0,3.0,0.0,27.0,104.0,4.0
28464,2022-04-01 00:00:00,601.89,546.0,24.0,3.0,0.0,26.0,105.0,4.0
28465,2022-04-01 01:00:00,608.12,563.0,24.0,3.0,0.0,25.0,103.0,4.0
28466,2022-04-01 02:00:00,613.77,596.0,22.0,3.0,0.0,23.0,107.0,4.0
28467,2022-04-01 03:00:00,622.78,680.0,21.0,3.0,1.0,25.0,112.0,4.0
28468,2022-04-01 04:00:00,614.64,713.0,21.0,3.0,20.0,24.0,113.0,4.0
28469,2022-04-01 05:00:00,571.3,747.0,22.0,3.0,95.0,27.0,114.0,4.0
28470,2022-04-01 06:00:00,513.88,756.0,27.0,3.0,204.0,31.0,117.0,4.0
28471,2022-04-01 07:00:00,474.78,755.0,29.0,3.0,295.0,32.0,118.0,4.0
28472,2022-04-01 08:00:00,453.14,721.0,29.0,3.0,331.0,32.0,118.0,4.0
28473,2022-04-01 09:00:00,457.95,694.0,30.0,3.0,298.0,34.0,118.0,4.0
28474,2022-04-01 10:00:00,474.88,726.0,26.0,3.0,276.0,35.0,117.0,4.0
28475,2022-04-01 11:00:00,471.07,729.0,28.0,3.0,278.0,44.0,117.0,4.0
28476,2022-04-01 12:00:00,461.75,692.0,30.0,3.0,266.0,56.0,117.0,4.0
28477,2022-04-01 13:00:00,465.79,658.0,27.0,3.0,230.0,61.0,117.0,4.0
28478,2022-04-01 14:00:00,499.97,644.0,29.0,3.0,156.0,54.0,115.0,4.0
28479,2022-04-01 15:00:00,561.41,676.0,30.0,3.0,64.0,46.0,116.0,4.0
28480,2022-04-01 16:00:00,601.2,685.0,28.0,3.0,10.0,41.0,116.0,4.0
28481,2022-04-01 17:00:00,608.21,730.0,28.0,3.0,1.0,49.0,118.0,4.0
28482,2022-04-01 18:00:00,607.09,732.0,26.0,3.0,0.0,54.0,117.0,4.0
28483,2022-04-01 19:00:00,600.73,712.0,25.0,3.0,0.0,59.0,117.0,4.0
28484,2022-04-01 20:00:00,578.78,573.0,26.0,3.0,0.0,52.0,115.0,4.0
28485,2022-04-01 21:00:00,587.61,616.0,26.0,3.0,0.0,53.0,115.0,4.0
28486,2022-04-01 22:00:00,574.89,537.0,25.0,3.0,0.0,49.0,112.0,4.0
28487,2022-04-01 23:00:00,546.22,411.0,25.0,3.0,0.0,43.0,107.0,4.0
28488,2022-04-02 00:00:00,547.15,417.0,26.0,3.0,0.0,44.0,107.0,4.0
28489,2022-04-02 01:00:00,543.92,408.0,26.0,3.0,0.0,45.0,106.0,4.0
28490,2022-04-02 02:00:00,514.94,338.0,26.0,3.0,0.0,45.0,106.0,4.0
28491,2022-04-02 03:00:00,500.85,327.0,26.0,3.0,1.0,51.0,108.0,4.0
28492,2022-04-02 04:00:00,488.26,351.0,25.0,3.0,20.0,56.0,111.0,4.0
28493,2022-04-02 05:00:00,444.85,384.0,25.0,3.0,98.0,55.0,113.0,4.0
28494,2022-04-02 06:00:00,390.94,400.0,28.0,3.0,206.0,52.0,117.0,4.0
28495,2022-04-02 07:00:00,340.9,370.0,28.0,3.0,279.0,61.0,117.0,4.0
28496,2022-04-02 08:00:00,282.21,284.0,29.0,3.0,307.0,68.0,116.0,4.0
28497,2022-04-02 09:00:00,236.71,216.0,28.0,3.0,312.0,68.0,116.0,4.0
28498,2022-04-02 10:00:00,237.79,218.0,28.0,3.0,309.0,72.0,116.0,4.0
28499,2022-04-02 11:00:00,239.03,223.0,28.0,3.0,308.0,81.0,115.0,4.0
28500,2022-04-02 12:00:00,236.28,217.0,27.0,3.0,295.0,89.0,115.0,4.0
28501,2022-04-02 13:00:00,248.85,215.0,27.0,3.0,256.0,86.0,115.0,4.0
28502,2022-04-02 14:00:00,334.38,279.0,28.0,3.0,171.0,74.0,113.0,4.0
28503,2022-04-02 15:00:00,434.86,330.0,27.0,3.0,69.0,59.0,113.0,4.0
28504,2022-04-02 16:00:00,510.81,375.0,27.0,3.0,11.0,48.0,114.0,4.0
28505,2022-04-02 17:00:00,531.73,409.0,26.0,3.0,1.0,47.0,117.0,4.0
28506,2022-04-02 18:00:00,532.01,406.0,24.0,3.0,0.0,45.0,119.0,4.0
28507,2022-04-02 19:00:00,533.04,408.0,23.0,3.0,0.0,44.0,120.0,4.0
28508,2022-04-02 20:00:00,534.48,404.0,22.0,3.0,0.0,44.0,117.0,4.0
28509,2022-04-02 21:00:00,531.63,388.0,23.0,3.0,0.0,42.0,115.0,4.0
28510,2022-04-02 22:00:00,524.96,373.0,25.0,3.0,0.0,46.0,111.0,4.0
28511,2022-04-02 23:00:00,531.09,395.0,25.0,3.0,0.0,52.0,108.0,4.0
28512,2022-04-03 00:00:00,534.45,399.0,25.0,3.0,0.0,50.0,108.0,4.0
28513,2022-04-03 01:00:00,531.98,398.0,26.0,3.0,0.0,55.0,105.0,4.0
28514,2022-04-03 02:00:00,488.99,316.0,24.0,3.0,0.0,62.0,105.0,4.0
28515,2022-04-03 03:00:00,458.92,272.0,23.0,3.0,1.0,63.0,108.0,4.0
28516,2022-04-03 04:00:00,419.72,257.0,24.0,3.0,24.0,72.0,108.0,4.0
28517,2022-04-03 05:00:00,355.44,250.0,24.0,3.0,107.0,69.0,109.0,4.0
28518,2022-04-03 06:00:00,286.16,227.0,31.0,3.0,208.0,65.0,113.0,4.0
28519,2022-04-03 07:00:00,266.44,232.0,35.0,3.0,270.0,61.0,114.0,4.0
28520,2022-04-03 08:00:00,240.64,212.0,37.0,3.0,312.0,54.0,114.0,4.0
28521,2022-04-03 09:00:00,245.05,220.0,32.0,3.0,317.0,50.0,114.0,4.0
28522,2022-04-03 10:00:00,240.3,210.0,32.0,3.0,297.0,62.0,115.0,4.0
28523,2022-04-03 11:00:00,247.12,209.0,30.0,3.0,274.0,62.0,115.0,4.0
28524,2022-04-03 12:00:00,256.46,210.0,31.0,3.0,240.0,74.0,114.0,4.0
28525,2022-04-03 13:00:00,275.25,208.0,30.0,3.0,195.0,73.0,110.0,4.0
28526,2022-04-03 14:00:00,311.07,216.0,31.0,3.0,124.0,85.0,109.0,4.0
28527,2022-04-03 15:00:00,421.89,306.0,30.0,3.0,52.0,75.0,113.0,4.0
28528,2022-04-03 16:00:00,499.43,352.0,28.0,3.0,10.0,50.0,114.0,4.0
28529,2022-04-03 17:00:00,535.18,400.0,27.0,3.0,1.0,38.0,118.0,4.0
28530,2022-04-03 18:00:00,538.29,401.0,27.0,3.0,0.0,39.0,115.0,4.0
28531,2022-04-03 19:00:00,495.43,322.0,30.0,3.0,0.0,54.0,108.0,4.0
28532,2022-04-03 20:00:00,458.83,269.0,34.0,3.0,0.0,62.0,106.0,4.0
28533,2022-04-03 21:00:00,445.56,280.0,34.0,3.0,0.0,81.0,109.0,4.0
28534,2022-04-03 22:00:00,433.26,278.0,34.0,3.0,0.0,95.0,108.0,4.0
28535,2022-04-03 23:00:00,410.28,266.0,34.0,3.0,0.0,118.0,104.0,4.0
28536,2022-04-04 00:00:00,405.94,264.0,33.0,3.0,0.0,122.0,104.0,4.0
28537,2022-04-04 01:00:00,405.42,265.0,28.0,3.0,0.0,127.0,101.0,4.0
28538,2022-04-04 02:00:00,388.26,274.0,27.0,3.0,0.0,155.0,105.0,4.0
28539,2022-04-04 03:00:00,388.96,295.0,27.0,3.0,1.0,171.0,107.0,4.0
28540,2022-04-04 04:00:00,411.01,344.0,27.0,3.0,15.0,165.0,108.0,4.0
28541,2022-04-04 05:00:00,411.76,375.0,27.0,3.0,48.0,157.0,108.0,4.0
28542,2022-04-04 06:00:00,409.44,472.0,18.0,3.0,107.0,179.0,115.0,4.0
28543,2022-04-04 07:00:00,376.27,462.0,17.0,3.0,156.0,196.0,118.0,4.0
28544,2022-04-04 08:00:00,317.19,379.0,16.0,3.0,188.0,228.0,116.0,4.0
28545,2022-04-04 09:00:00,265.6,281.0,16.0,3.0,187.0,230.0,114.0,4.0
28546,2022-04-04 10:00:00,291.51,311.0,16.0,3.0,161.0,228.0,116.0,4.0
28547,2022-04-04 11:00:00,333.01,359.0,16.0,3.0,107.0,239.0,116.0,4.0
28548,2022-04-04 12:00:00,358.9,375.0,16.0,3.0,68.0,239.0,112.0,4.0
28549,2022-04-04 13:00:00,371.48,368.0,16.0,3.0,42.0,230.0,112.0,4.0
28550,2022-04-04 14:00:00,381.87,360.0,16.0,3.0,25.0,220.0,110.0,4.0
28551,2022-04-04 15:00:00,344.96,286.0,17.0,3.0,12.0,221.0,112.0,4.0
28552,2022-04-04 16:00:00,345.97,275.0,18.0,3.0,3.0,215.0,112.0,4.0
28553,2022-04-04 17:00:00,337.01,276.0,18.0,3.0,0.0,235.0,113.0,4.0
28554,2022-04-04 18:00:00,336.31,275.0,17.0,3.0,0.0,235.0,113.0,4.0
28555,2022-04-04 19:00:00,336.59,281.0,17.0,3.0,0.0,242.0,113.0,4.0
28556,2022-04-04 20:00:00,335.3,279.0,17.0,3.0,0.0,244.0,111.0,4.0
28557,2022-04-04 21:00:00,339.95,279.0,17.0,3.0,0.0,236.0,110.0,4.0
28558,2022-04-04 22:00:00,378.67,329.0,17.0,3.0,0.0,229.0,101.0,4.0
28559,2022-04-04 23:00:00,380.34,325.0,17.0,3.0,0.0,224.0,99.0,4.0
28560,2022-04-05 00:00:00,379.19,322.0,18.0,3.0,0.0,223.0,99.0,4.0
28561,2022-04-05 01:00:00,387.09,333.0,17.0,3.0,0.0,223.0,96.0,4.0
28562,2022-04-05 02:00:00,387.64,334.0,17.0,3.0,0.0,222.0,97.0,4.0
28563,2022-04-05 03:00:00,416.51,420.0,17.0,3.0,0.0,241.0,102.0,4.0
28564,2022-04-05 04:00:00,426.42,460.0,17.0,3.0,2.0,243.0,111.0,4.0
28565,2022-04-05 05:00:00,456.24,556.0,17.0,3.0,7.0,247.0,111.0,4.0
28566,2022-04-05 06:00:00,439.75,535.0,18.0,3.0,23.0,251.0,111.0,4.0
28567,2022-04-05 07:00:00,426.86,542.0,18.0,3.0,50.0,258.0,111.0,4.0
28568,2022-04-05 08:00:00,391.68,501.0,18.0,3.0,85.0,274.0,110.0,4.0
28569,2022-04-05 09:00:00,358.07,449.0,17.0,3.0,112.0,280.0,112.0,4.0
28570,2022-04-05 10:00:00,315.41,373.0,17.0,3.0,132.0,282.0,115.0,4.0
28571,2022-04-05 11:00:00,306.12,350.0,17.0,3.0,133.0,276.0,114.0,4.0
28572,2022-04-05 12:00:00,340.91,409.0,17.0,3.0,117.0,272.0,115.0,4.0
28573,2022-04-05 13:00:00,330.51,354.0,17.0,3.0,90.0,260.0,112.0,4.0
28574,2022-04-05 14:00:00,364.5,393.0,18.0,3.0,54.0,263.0,109.0,4.0
28575,2022-04-05 15:00:00,415.08,485.0,18.0,3.0,26.0,260.0,114.0,5.0
28576,2022-04-05 16:00:00,445.06,531.0,19.0,3.0,7.0,249.0,115.0,5.0
28577,2022-04-05 17:00:00,455.05,545.0,19.0,3.0,0.0,246.0,114.0,5.0
28578,2022-04-05 18:00:00,472.9,542.0,19.0,3.0,0.0,211.0,112.0,5.0
28579,2022-04-05 19:00:00,482.07,525.0,20.0,3.0,0.0,185.0,111.0,5.0
28580,2022-04-05 20:00:00,448.18,375.0,19.0,3.0,0.0,148.0,108.0,5.0
28581,2022-04-05 21:00:00,455.53,343.0,19.0,3.0,0.0,117.0,107.0,5.0
28582,2022-04-05 22:00:00,476.72,339.0,20.0,3.0,0.0,88.0,107.0,5.0
28583,2022-04-05 23:00:00,468.54,330.0,21.0,3.0,0.0,93.0,106.0,5.0
28584,2022-04-06 00:00:00,468.56,349.0,20.0,3.0,0.0,103.0,108.0,5.0
28585,2022-04-06 01:00:00,486.49,396.0,19.0,3.0,0.0,110.0,106.0,5.0
28586,2022-04-06 02:00:00,489.74,449.0,19.0,3.0,0.0,132.0,109.0,5.0
28587,2022-04-06 03:00:00,503.78,504.0,19.0,3.0,1.0,138.0,110.0,5.0
28588,2022-04-06 04:00:00,508.53,541.0,19.0,3.0,7.0,143.0,110.0,5.0
28589,2022-04-06 05:00:00,489.17,550.0,18.0,3.0,30.0,158.0,110.0,5.0
28590,2022-04-06 06:00:00,444.23,548.0,18.0,3.0,80.0,190.0,115.0,5.0
28591,2022-04-06 07:00:00,403.76,549.0,18.0,3.0,157.0,210.0,115.0,5.0
28592,2022-04-06 08:00:00,377.31,541.0,17.0,3.0,211.0,221.0,116.0,5.0
28593,2022-04-06 09:00:00,347.8,495.0,17.0,3.0,242.0,232.0,114.0,5.0
28594,2022-04-06 10:00:00,345.23,492.0,17.0,3.0,253.0,223.0,116.0,4.0
28595,2022-04-06 11:00:00,343.19,494.0,17.0,3.0,266.0,220.0,115.0,4.0
28596,2022-04-06 12:00:00,331.7,454.0,16.0,3.0,266.0,208.0,114.0,4.0
28597,2022-04-06 13:00:00,334.71,444.0,16.0,3.0,238.0,213.0,114.0,3.0
28598,2022-04-06 14:00:00,381.81,475.0,17.0,3.0,150.0,206.0,113.0,4.0
28599,2022-04-06 15:00:00,470.4,532.0,16.0,3.0,58.0,152.0,112.0,4.0
28600,2022-04-06 16:00:00,522.6,534.0,27.0,3.0,13.0,105.0,114.0,3.0
28601,2022-04-06 17:00:00,547.15,507.0,29.0,3.0,1.0,68.0,116.0,3.0
28602,2022-04-06 18:00:00,536.72,466.0,26.0,3.0,0.0,68.0,115.0,3.0
28603,2022-04-06 19:00:00,529.45,456.0,26.0,3.0,0.0,74.0,114.0,3.0
28604,2022-04-06 20:00:00,524.3,447.0,28.0,3.0,0.0,77.0,113.0,3.0
28605,2022-04-06 21:00:00,460.99,304.0,30.0,3.0,0.0,76.0,113.0,3.0
28606,2022-04-06 22:00:00,402.6,211.0,32.0,3.0,0.0,72.0,111.0,3.0
28607,2022-04-06 23:00:00,406.24,205.0,31.0,3.0,0.0,64.0,110.0,3.0
28608,2022-04-07 00:00:00,398.55,206.0,30.0,3.0,0.0,72.0,111.0,3.0
28609,2022-04-07 01:00:00,408.27,211.0,32.0,3.0,0.0,69.0,108.0,3.0
28610,2022-04-07 02:00:00,415.04,212.0,31.0,3.0,0.0,63.0,108.0,3.0
28611,2022-04-07 03:00:00,463.45,269.0,29.0,3.0,0.0,57.0,107.0,3.0
28612,2022-04-07 04:00:00,496.27,339.0,30.0,3.0,5.0,58.0,107.0,3.0
28613,2022-04-07 05:00:00,510.25,392.0,30.0,3.0,14.0,58.0,109.0,3.0
28614,2022-04-07 06:00:00,482.5,368.0,31.0,3.0,30.0,63.0,109.0,3.0
28615,2022-04-07 07:00:00,451.49,373.0,26.0,3.0,60.0,78.0,110.0,3.0
28616,2022-04-07 08:00:00,450.34,397.0,27.0,3.0,78.0,77.0,111.0,3.0
28617,2022-04-07 09:00:00,418.48,348.0,27.0,3.0,95.0,75.0,109.0,3.0
28618,2022-04-07 10:00:00,379.23,285.0,29.0,3.0,104.0,71.0,109.0,3.0
28619,2022-04-07 11:00:00,372.73,246.0,30.0,3.0,75.0,70.0,109.0,3.0
28620,2022-04-07 12:00:00,379.87,234.0,27.0,3.0,60.0,64.0,108.0,3.0
28621,2022-04-07 13:00:00,379.0,220.0,30.0,3.0,51.0,60.0,108.0,3.0
28622,2022-04-07 14:00:00,384.91,210.0,29.0,3.0,36.0,57.0,109.0,3.0
28623,2022-04-07 15:00:00,399.65,213.0,32.0,3.0,21.0,56.0,111.0,3.0
28624,2022-04-07 16:00:00,401.53,211.0,34.0,3.0,7.0,64.0,113.0,3.0
28625,2022-04-07 17:00:00,385.56,213.0,33.0,3.0,0.0,90.0,114.0,3.0
28626,2022-04-07 18:00:00,377.19,206.0,34.0,3.0,0.0,98.0,109.0,3.0
28627,2022-04-07 19:00:00,296.66,146.0,33.0,3.0,0.0,136.0,100.0,3.0
28628,2022-04-07 20:00:00,252.76,116.0,31.0,3.0,0.0,154.0,94.0,3.0
28629,2022-04-07 21:00:00,288.1,164.0,33.0,3.0,0.0,186.0,92.0,3.0
28630,2022-04-07 22:00:00,280.55,173.0,32.0,3.0,0.0,217.0,89.0,3.0
28631,2022-04-07 23:00:00,252.32,147.0,33.0,3.0,0.0,224.0,88.0,3.0
28632,2022-04-08 00:00:00,236.73,131.0,34.0,3.0,0.0,221.0,89.0,3.0
28633,2022-04-08 01:00:00,223.82,114.0,34.0,3.0,0.0,211.0,86.0,3.0
28634,2022-04-08 02:00:00,239.0,115.0,33.0,3.0,0.0,183.0,87.0,3.0
28635,2022-04-08 03:00:00,267.14,139.0,34.0,3.0,0.0,177.0,93.0,3.0
28636,2022-04-08 04:00:00,325.06,199.0,32.0,3.0,5.0,165.0,100.0,3.0
28637,2022-04-08 05:00:00,355.83,257.0,31.0,3.0,19.0,173.0,100.0,3.0
28638,2022-04-08 06:00:00,349.1,267.0,30.0,3.0,39.0,176.0,100.0,3.0
28639,2022-04-08 07:00:00,279.52,194.0,32.0,3.0,82.0,162.0,100.0,3.0
28640,2022-04-08 08:00:00,249.94,190.0,32.0,3.0,126.0,179.0,99.0,3.0
28641,2022-04-08 09:00:00,276.01,244.0,32.0,3.0,149.0,188.0,102.0,3.0
28642,2022-04-08 10:00:00,199.95,160.0,32.0,3.0,187.0,193.0,98.0,3.0
28643,2022-04-08 11:00:00,175.5,141.0,33.0,3.0,201.0,212.0,97.0,3.0
28644,2022-04-08 12:00:00,163.66,117.0,35.0,3.0,173.0,204.0,98.0,3.0
28645,2022-04-08 13:00:00,179.65,119.0,33.0,3.0,99.0,219.0,105.0,3.0
28646,2022-04-08 14:00:00,210.64,135.0,34.0,3.0,57.0,221.0,102.0,3.0
28647,2022-04-08 15:00:00,295.42,211.0,33.0,3.0,35.0,201.0,104.0,3.0
28648,2022-04-08 16:00:00,331.63,227.0,31.0,3.0,10.0,182.0,104.0,3.0
28649,2022-04-08 17:00:00,376.41,260.0,32.0,3.0,1.0,157.0,105.0,3.0
28650,2022-04-08 18:00:00,365.97,260.0,32.0,3.0,0.0,173.0,106.0,3.0
28651,2022-04-08 19:00:00,274.82,155.0,32.0,3.0,0.0,186.0,99.0,3.0
28652,2022-04-08 20:00:00,252.29,131.0,29.0,3.0,0.0,182.0,96.0,3.0
28653,2022-04-08 21:00:00,336.03,195.0,28.0,3.0,0.0,153.0,95.0,3.0
28654,2022-04-08 22:00:00,281.36,146.0,27.0,3.0,0.0,163.0,94.0,3.0
28655,2022-04-08 23:00:00,271.93,132.0,27.0,3.0,0.0,155.0,92.0,3.0
28656,2022-04-09 00:00:00,239.19,119.0,25.0,3.0,0.0,181.0,93.0,3.0
28657,2022-04-09 01:00:00,225.39,113.0,27.0,3.0,0.0,197.0,90.0,3.0
28658,2022-04-09 02:00:00,230.56,112.0,27.0,3.0,1.0,182.0,92.0,3.0
28659,2022-04-09 03:00:00,225.08,115.0,28.0,3.0,3.0,198.0,92.0,3.0
28660,2022-04-09 04:00:00,231.24,124.0,25.0,3.0,16.0,192.0,92.0,3.0
28661,2022-04-09 05:00:00,203.01,118.0,24.0,3.0,53.0,201.0,92.0,3.0
28662,2022-04-09 06:00:00,180.69,123.0,23.0,3.0,121.0,208.0,93.0,3.0
28663,2022-04-09 07:00:00,142.85,116.0,25.0,3.0,219.0,234.0,94.0,3.0
28664,2022-04-09 08:00:00,136.68,117.0,28.0,3.0,247.0,243.0,98.0,3.0
28665,2022-04-09 09:00:00,150.55,121.0,30.0,3.0,203.0,238.0,98.0,3.0
28666,2022-04-09 10:00:00,141.95,116.0,31.0,3.0,215.0,247.0,99.0,3.0
28667,2022-04-09 11:00:00,146.68,116.0,31.0,3.0,201.0,242.0,95.0,3.0
28668,2022-04-09 12:00:00,159.51,115.0,29.0,3.0,171.0,210.0,95.0,3.0
28669,2022-04-09 13:00:00,147.85,116.0,26.0,3.0,211.0,218.0,96.0,3.0
28670,2022-04-09 14:00:00,163.21,115.0,26.0,3.0,143.0,221.0,94.0,3.0
28671,2022-04-09 15:00:00,188.79,115.0,27.0,3.0,70.0,213.0,94.0,3.0
28672,2022-04-09 16:00:00,220.57,115.0,25.0,3.0,15.0,191.0,94.0,3.0
28673,2022-04-09 17:00:00,236.6,116.0,25.0,3.0,1.0,177.0,94.0,3.0
28674,2022-04-09 18:00:00,235.15,116.0,24.0,3.0,0.0,178.0,96.0,3.0
28675,2022-04-09 19:00:00,233.35,116.0,27.0,3.0,0.0,183.0,96.0,3.0
28676,2022-04-09 20:00:00,233.58,116.0,26.0,3.0,0.0,182.0,96.0,3.0
28677,2022-04-09 21:00:00,237.97,113.0,34.0,3.0,0.0,174.0,94.0,3.0
28678,2022-04-09 22:00:00,247.31,112.0,42.0,3.0,0.0,160.0,94.0,3.0
28679,2022-04-09 23:00:00,263.12,113.0,42.0,3.0,0.0,140.0,91.0,3.0
28680,2022-04-10 00:00:00,247.01,112.0,43.0,3.0,0.0,164.0,91.0,3.0
28681,2022-04-10 01:00:00,242.83,110.0,47.0,3.0,0.0,172.0,88.0,3.0
28682,2022-04-10 02:00:00,236.73,112.0,50.0,3.0,0.0,189.0,88.0,3.0
28683,2022-04-10 03:00:00,238.64,115.0,50.0,3.0,2.0,192.0,86.0,3.0
28684,2022-04-10 04:00:00,227.22,116.0,50.0,3.0,16.0,198.0,91.0,3.0
28685,2022-04-10 05:00:00,216.78,118.0,50.0,3.0,43.0,199.0,91.0,3.0
28686,2022-04-10 06:00:00,200.69,117.0,49.0,3.0,74.0,204.0,92.0,3.0
28687,2022-04-10 07:00:00,175.57,115.0,50.0,3.0,115.0,231.0,96.0,3.0
28688,2022-04-10 08:00:00,158.66,115.0,46.0,3.0,163.0,242.0,97.0,3.0
28689,2022-04-10 09:00:00,148.58,116.0,49.0,3.0,206.0,253.0,97.0,3.0
28690,2022-04-10 10:00:00,145.69,116.0,52.0,3.0,231.0,247.0,97.0,3.0
28691,2022-04-10 11:00:00,145.89,116.0,52.0,3.0,234.0,246.0,94.0,3.0
28692,2022-04-10 12:00:00,146.94,115.0,53.0,3.0,226.0,245.0,95.0,3.0
28693,2022-04-10 13:00:00,158.28,115.0,53.0,3.0,211.0,206.0,96.0,3.0
28694,2022-04-10 14:00:00,186.84,115.0,52.0,3.0,142.0,173.0,92.0,3.0
28695,2022-04-10 15:00:00,222.97,115.0,52.0,3.0,68.0,153.0,92.0,3.0
28696,2022-04-10 16:00:00,269.15,115.0,53.0,3.0,15.0,122.0,93.0,3.0
28697,2022-04-10 17:00:00,281.66,122.0,50.0,3.0,1.0,128.0,94.0,3.0
28698,2022-04-10 18:00:00,260.01,112.0,52.0,3.0,0.0,144.0,94.0,3.0
28699,2022-04-10 19:00:00,259.38,118.0,53.0,3.0,0.0,157.0,94.0,3.0
28700,2022-04-10 20:00:00,255.21,118.0,53.0,3.0,0.0,165.0,93.0,3.0
28701,2022-04-10 21:00:00,239.41,114.0,53.0,3.0,0.0,185.0,93.0,3.0
28702,2022-04-10 22:00:00,271.05,133.0,54.0,3.0,0.0,167.0,93.0,3.0
28703,2022-04-10 23:00:00,280.84,136.0,53.0,3.0,0.0,157.0,92.0,3.0
28704,2022-04-11 00:00:00,293.47,151.0,54.0,3.0,0.0,161.0,93.0,3.0
28705,2022-04-11 01:00:00,312.96,170.0,53.0,3.0,0.0,159.0,93.0,3.0
28706,2022-04-11 02:00:00,351.19,202.0,55.0,3.0,0.0,144.0,93.0,3.0
28707,2022-04-11 03:00:00,410.03,259.0,54.0,3.0,4.0,113.0,97.0,3.0
28708,2022-04-11 04:00:00,499.28,485.0,53.0,3.0,27.0,101.0,109.0,3.0
28709,2022-04-11 05:00:00,506.98,582.0,55.0,3.0,79.0,83.0,111.0,3.0
28710,2022-04-11 06:00:00,463.27,586.0,55.0,3.0,169.0,81.0,112.0,3.0
28711,2022-04-11 07:00:00,413.78,584.0,55.0,3.0,289.0,75.0,117.0,3.0
28712,2022-04-11 08:00:00,388.1,573.0,54.0,3.0,352.0,75.0,118.0,3.0
28713,2022-04-11 09:00:00,383.55,576.0,52.0,3.0,366.0,78.0,118.0,3.0
28714,2022-04-11 10:00:00,387.08,577.0,53.0,3.0,362.0,73.0,117.0,3.0
28715,2022-04-11 11:00:00,373.67,499.0,54.0,3.0,327.0,72.0,115.0,3.0
28716,2022-04-11 12:00:00,389.51,486.0,54.0,3.0,281.0,62.0,115.0,3.0
28717,2022-04-11 13:00:00,394.2,459.0,54.0,3.0,243.0,65.0,113.0,3.0
28718,2022-04-11 14:00:00,417.65,422.0,53.0,3.0,164.0,62.0,112.0,3.0
28719,2022-04-11 15:00:00,476.71,440.0,54.0,3.0,77.0,59.0,111.0,3.0
28720,2022-04-11 16:00:00,554.88,538.0,54.0,3.0,18.0,45.0,115.0,3.0
28721,2022-04-11 17:00:00,582.31,600.0,55.0,3.0,2.0,41.0,117.0,3.0
28722,2022-04-11 18:00:00,581.7,572.0,53.0,3.0,0.0,38.0,115.0,3.0
28723,2022-04-11 19:00:00,587.51,581.0,50.0,3.0,0.0,36.0,113.0,3.0
28724,2022-04-11 20:00:00,576.86,549.0,51.0,3.0,0.0,40.0,113.0,3.0
28725,2022-04-11 21:00:00,570.61,516.0,52.0,3.0,0.0,37.0,113.0,3.0
28726,2022-04-11 22:00:00,570.1,537.0,51.0,3.0,0.0,45.0,113.0,3.0
28727,2022-04-11 23:00:00,567.34,538.0,51.0,3.0,0.0,52.0,110.0,3.0
28728,2022-04-12 00:00:00,567.08,538.0,52.0,3.0,0.0,50.0,112.0,3.0
28729,2022-04-12 01:00:00,577.44,539.0,54.0,3.0,0.0,38.0,110.0,3.0
28730,2022-04-12 02:00:00,579.75,541.0,53.0,3.0,0.0,34.0,112.0,3.0
28731,2022-04-12 03:00:00,593.96,582.0,52.0,3.0,4.0,25.0,111.0,3.0
28732,2022-04-12 04:00:00,573.59,588.0,51.0,3.0,35.0,24.0,111.0,3.0
28733,2022-04-12 05:00:00,513.07,550.0,54.0,3.0,107.0,26.0,114.0,3.0
28734,2022-04-12 06:00:00,459.76,554.0,54.0,3.0,199.0,31.0,119.0,3.0
28735,2022-04-12 07:00:00,418.86,538.0,54.0,3.0,280.0,33.0,117.0,3.0
28736,2022-04-12 08:00:00,389.04,512.0,54.0,3.0,333.0,33.0,118.0,3.0
28737,2022-04-12 09:00:00,370.29,484.0,54.0,3.0,358.0,34.0,116.0,3.0
28738,2022-04-12 10:00:00,365.32,480.0,54.0,3.0,368.0,35.0,115.0,3.0
28739,2022-04-12 11:00:00,398.48,493.25,53.5,3.0,287.0,40.0,115.0,3.0
28740,2022-04-12 12:00:00,367.01,450.0,54.0,3.0,321.0,46.0,114.0,3.0
28741,2022-04-12 13:00:00,394.31,470.0,53.0,3.0,266.0,49.0,116.0,3.0
28742,2022-04-12 14:00:00,456.3,525.0,54.0,3.0,181.0,43.0,113.0,3.0
28743,2022-04-12 15:00:00,528.97,554.0,54.0,3.0,84.0,26.0,113.0,3.0
28744,2022-04-12 16:00:00,585.54,567.0,54.0,3.0,17.0,16.0,113.0,3.0
28745,2022-04-12 17:00:00,594.42,564.0,53.0,3.0,2.0,17.0,115.0,3.0
28746,2022-04-12 18:00:00,596.45,572.0,52.0,3.0,0.0,19.0,115.0,3.0
28747,2022-04-12 19:00:00,598.62,592.0,51.0,3.0,0.0,21.0,116.0,3.0
28748,2022-04-12 20:00:00,581.47,547.0,52.0,3.0,0.0,33.0,113.0,3.0
28749,2022-04-12 21:00:00,561.82,499.0,53.0,3.0,0.0,42.0,113.0,3.0
28750,2022-04-12 22:00:00,524.15,388.0,54.0,3.0,0.0,41.0,115.0,3.0
28751,2022-04-12 23:00:00,526.05,381.0,53.0,3.0,0.0,37.0,114.0,3.0
28752,2022-04-13 00:00:00,530.92,385.0,54.0,3.0,0.0,33.0,114.0,3.0
28753,2022-04-13 01:00:00,531.45,388.0,53.0,3.0,0.0,37.0,111.0,3.0
28754,2022-04-13 02:00:00,549.22,433.0,50.0,3.0,1.0,35.0,111.0,3.0
28755,2022-04-13 03:00:00,557.87,463.0,53.0,3.0,5.0,32.0,110.0,3.0
28756,2022-04-13 04:00:00,551.77,522.0,55.0,3.0,39.0,27.0,110.0,3.0
28757,2022-04-13 05:00:00,505.98,540.0,54.0,3.0,116.0,25.0,113.0,3.0
28758,2022-04-13 06:00:00,453.69,548.0,53.0,3.0,211.0,31.0,116.0,3.0
28759,2022-04-13 07:00:00,415.36,536.0,54.0,3.0,289.0,32.0,116.0,3.0
28760,2022-04-13 08:00:00,404.25,549.0,52.0,3.0,330.0,31.0,116.0,3.0
28761,2022-04-13 09:00:00,395.14,535.0,53.0,3.0,342.0,31.0,116.0,3.0
28762,2022-04-13 10:00:00,394.97,542.0,52.0,3.0,346.0,33.0,117.0,3.0
28763,2022-04-13 11:00:00,389.95,544.0,52.0,3.0,361.0,35.0,116.0,3.0
28764,2022-04-13 12:00:00,395.86,536.0,52.0,3.0,338.0,34.0,116.0,3.0
28765,2022-04-13 13:00:00,418.09,532.0,57.0,3.0,276.0,34.0,117.0,4.0
28766,2022-04-13 14:00:00,475.62,539.0,60.0,3.0,165.0,25.0,117.0,5.0
28767,2022-04-13 15:00:00,552.43,549.0,59.0,3.0,55.0,14.0,115.0,5.0
28768,2022-04-13 16:00:00,586.85,550.0,60.0,3.0,10.0,12.0,115.0,5.0
28769,2022-04-13 17:00:00,591.51,552.0,59.0,3.0,1.0,15.0,116.0,5.0
28770,2022-04-13 18:00:00,591.29,551.0,59.0,3.0,0.0,16.0,116.0,5.0
28771,2022-04-13 19:00:00,579.93,492.0,60.0,3.0,0.0,13.0,115.0,5.0
28772,2022-04-13 20:00:00,579.35,479.0,59.0,3.0,0.0,11.0,114.0,5.0
28773,2022-04-13 21:00:00,546.92,370.0,60.0,3.0,0.0,11.0,111.0,5.0
28774,2022-04-13 22:00:00,532.3,331.0,59.0,3.0,0.0,12.0,109.0,5.0
28775,2022-04-13 23:00:00,529.37,326.0,58.0,3.0,0.0,15.0,107.0,5.0
28776,2022-04-14 00:00:00,530.73,336.0,58.0,3.0,0.0,16.0,109.0,5.0
28777,2022-04-14 01:00:00,533.58,337.0,60.0,3.0,0.0,17.0,105.0,5.0
28778,2022-04-14 02:00:00,533.61,338.0,58.0,3.0,0.0,16.0,107.0,5.0
28779,2022-04-14 03:00:00,560.73,436.0,59.0,3.0,3.0,21.0,108.0,5.0
28780,2022-04-14 04:00:00,559.88,507.0,60.0,3.0,20.0,31.0,107.0,5.0
28781,2022-04-14 05:00:00,549.24,503.0,59.0,3.0,29.0,35.0,107.0,5.0
28782,2022-04-14 06:00:00,543.81,513.0,60.0,3.0,36.0,39.0,107.0,4.0
28783,2022-04-14 07:00:00,537.82,512.0,60.0,3.0,46.0,37.0,107.0,3.0
28784,2022-04-14 08:00:00,536.36,526.0,63.0,3.0,57.0,33.0,107.0,3.0
28785,2022-04-14 09:00:00,523.98,506.0,62.0,3.0,69.0,31.0,107.0,3.0
28786,2022-04-14 10:00:00,511.31,478.0,61.0,3.0,80.0,24.0,109.0,3.0
28787,2022-04-14 11:00:00,516.54,497.0,62.0,3.0,84.0,22.0,108.0,3.0
28788,2022-04-14 12:00:00,512.35,506.0,61.0,3.0,91.0,22.0,112.0,3.0
28789,2022-04-14 13:00:00,524.48,501.0,62.0,3.0,73.0,20.0,111.0,3.0
28790,2022-04-14 14:00:00,554.15,519.0,60.0,3.0,43.0,18.0,109.0,4.0
28791,2022-04-14 15:00:00,542.85,417.0,60.0,3.0,19.0,15.0,111.0,5.0
28792,2022-04-14 16:00:00,481.18,260.0,59.0,3.0,6.0,15.0,114.0,5.0
28793,2022-04-14 17:00:00,472.95,255.0,59.0,3.0,1.0,23.0,116.0,5.0
28794,2022-04-14 18:00:00,501.12,312.0,57.0,3.0,0.0,29.0,115.0,5.0
28795,2022-04-14 19:00:00,518.69,361.0,61.0,3.0,0.0,32.0,116.0,5.0
28796,2022-04-14 20:00:00,516.52,351.0,60.0,3.0,0.0,33.0,113.0,5.0
28797,2022-04-14 21:00:00,528.24,388.0,59.0,3.0,0.0,39.0,111.0,5.0
28798,2022-04-14 22:00:00,462.88,249.0,60.0,3.0,0.0,41.0,105.0,5.0
28799,2022-04-14 23:00:00,449.68,238.0,60.0,3.0,0.0,50.0,102.0,5.0
28800,2022-04-15 00:00:00,331.66,118.0,60.0,3.0,0.0,58.0,102.0,5.0
28801,2022-04-15 01:00:00,329.05,116.0,59.0,3.0,0.0,61.0,99.0,5.0
28802,2022-04-15 02:00:00,331.61,119.0,57.0,3.0,0.0,60.0,101.0,5.0
28803,2022-04-15 03:00:00,318.13,117.0,58.0,3.0,2.0,71.0,100.0,5.0
28804,2022-04-15 04:00:00,304.62,117.0,59.0,3.0,11.0,78.0,100.0,5.0
28805,2022-04-15 05:00:00,301.58,129.0,59.0,3.0,29.0,82.0,100.0,5.0
28806,2022-04-15 06:00:00,292.21,137.0,52.0,3.0,46.0,89.0,100.0,5.0
28807,2022-04-15 07:00:00,269.13,138.0,39.0,3.0,66.0,103.0,100.0,5.0
28808,2022-04-15 08:00:00,237.8,135.0,35.0,3.0,103.0,118.0,99.0,5.0
28809,2022-04-15 09:00:00,211.41,128.0,35.0,3.0,137.0,124.0,103.0,5.0
28810,2022-04-15 10:00:00,208.6,132.0,34.0,3.0,153.0,123.0,105.0,5.0
28811,2022-04-15 11:00:00,198.48,128.0,34.0,3.0,161.0,133.0,104.0,5.0
28812,2022-04-15 12:00:00,194.34,119.0,33.0,3.0,155.0,126.0,102.0,5.0
28813,2022-04-15 13:00:00,209.75,118.0,35.0,3.0,124.0,118.0,100.0,5.0
28814,2022-04-15 14:00:00,241.63,131.0,34.0,3.0,80.0,123.0,100.0,5.0
28815,2022-04-15 15:00:00,267.58,130.0,34.0,3.0,41.0,111.0,103.0,5.0
28816,2022-04-15 16:00:00,317.55,136.0,33.0,3.0,12.0,80.0,104.0,5.0
28817,2022-04-15 17:00:00,348.92,139.0,33.0,3.0,1.0,60.0,105.0,5.0
28818,2022-04-15 18:00:00,332.55,135.0,34.0,3.0,0.0,72.0,106.0,5.0
28819,2022-04-15 19:00:00,313.55,122.0,34.0,3.0,0.0,75.0,106.0,5.0
28820,2022-04-15 20:00:00,300.39,118.0,34.0,3.0,0.0,85.0,105.0,5.0
28821,2022-04-15 21:00:00,292.58,116.0,41.0,3.0,0.0,94.0,104.0,5.0
28822,2022-04-15 22:00:00,292.25,118.0,50.0,3.0,0.0,101.0,103.0,5.0
28823,2022-04-15 23:00:00,299.05,117.0,55.0,3.0,0.0,95.0,100.0,5.0
28824,2022-04-16 00:00:00,291.6,118.0,58.0,3.0,0.0,105.0,102.0,5.0
28825,2022-04-16 01:00:00,296.71,118.0,61.0,3.0,0.0,102.0,99.0,5.0
28826,2022-04-16 02:00:00,307.76,117.0,58.0,3.0,0.0,86.0,99.0,5.0
28827,2022-04-16 03:00:00,311.89,119.0,58.0,3.0,5.0,78.0,100.0,5.0
28828,2022-04-16 04:00:00,297.8,116.0,59.0,3.0,32.0,63.0,101.0,5.0
28829,2022-04-16 05:00:00,270.96,129.0,59.0,3.0,102.0,53.0,102.0,5.0
28830,2022-04-16 06:00:00,212.58,127.0,60.0,3.0,208.0,65.0,104.0,5.0
28831,2022-04-16 07:00:00,173.71,119.0,60.0,3.0,293.0,80.0,105.0,5.0
28832,2022-04-16 08:00:00,163.55,117.0,60.0,3.0,323.0,85.0,104.0,5.0
28833,2022-04-16 09:00:00,162.09,122.0,61.0,3.0,350.0,86.0,102.0,5.0
28834,2022-04-16 10:00:00,163.0,127.0,60.0,3.0,367.0,85.0,99.0,5.0
28835,2022-04-16 11:00:00,173.45,140.0,60.0,3.0,372.0,82.0,96.0,5.0
28836,2022-04-16 12:00:00,172.53,135.0,60.0,3.0,358.0,83.0,96.0,5.0
28837,2022-04-16 13:00:00,180.52,129.0,60.0,3.0,305.0,84.0,96.0,5.0
28838,2022-04-16 14:00:00,217.52,127.0,60.0,3.0,201.0,65.0,98.0,5.0
28839,2022-04-16 15:00:00,295.22,132.0,61.0,3.0,87.0,43.0,95.0,5.0
28840,2022-04-16 16:00:00,362.49,133.0,59.0,3.0,19.0,33.0,95.0,5.0
28841,2022-04-16 17:00:00,371.65,123.0,59.0,3.0,2.0,29.0,97.0,5.0
28842,2022-04-16 18:00:00,367.35,127.0,59.0,3.0,0.0,38.0,98.0,5.0
28843,2022-04-16 19:00:00,362.85,126.0,59.0,3.0,0.0,38.0,101.0,5.0
28844,2022-04-16 20:00:00,371.95,129.0,60.0,3.0,0.0,33.0,101.0,5.0
28845,2022-04-16 21:00:00,378.81,128.0,60.0,3.0,0.0,27.0,100.0,5.0
28846,2022-04-16 22:00:00,373.87,120.0,60.0,3.0,0.0,25.0,98.0,5.0
28847,2022-04-16 23:00:00,375.08,120.0,60.0,3.0,0.0,25.0,97.0,5.0
28848,2022-04-17 00:00:00,378.73,122.0,61.0,3.0,0.0,25.0,96.0,5.0
28849,2022-04-17 01:00:00,383.67,123.0,60.0,3.0,0.0,25.0,93.0,5.0
28850,2022-04-17 02:00:00,387.48,122.0,60.0,3.0,0.0,21.0,93.0,5.0
28851,2022-04-17 03:00:00,383.61,124.0,61.0,3.0,7.0,18.0,94.0,5.0
28852,2022-04-17 04:00:00,336.19,124.0,61.0,3.0,49.0,19.0,95.0,5.0
28853,2022-04-17 05:00:00,260.47,125.0,60.0,3.0,144.0,25.0,99.0,5.0
28854,2022-04-17 06:00:00,208.57,127.0,60.0,3.0,257.0,29.0,102.0,5.0
28855,2022-04-17 07:00:00,185.67,128.0,61.0,3.0,332.0,31.0,101.0,5.0
28856,2022-04-17 08:00:00,175.57,128.0,61.0,3.0,371.0,31.0,100.0,5.0
28857,2022-04-17 09:00:00,169.88,125.0,61.0,3.0,382.0,34.0,99.0,5.0
28858,2022-04-17 10:00:00,169.81,129.0,60.0,3.0,391.0,38.0,99.0,5.0
28859,2022-04-17 11:00:00,170.21,128.0,61.0,3.0,385.0,42.0,97.0,5.0
28860,2022-04-17 12:00:00,171.54,125.0,60.0,3.0,361.0,48.0,98.0,5.0
28861,2022-04-17 13:00:00,187.6,123.0,59.0,3.0,292.0,50.0,98.0,5.0
28862,2022-04-17 14:00:00,237.12,128.0,60.0,3.0,179.0,43.0,98.0,5.0
28863,2022-04-17 15:00:00,301.89,127.0,61.0,3.0,79.0,32.0,97.0,5.0
28864,2022-04-17 16:00:00,358.65,127.0,59.0,3.0,22.0,25.0,97.0,5.0
28865,2022-04-17 17:00:00,380.02,126.0,59.0,3.0,3.0,23.0,98.0,5.0
28866,2022-04-17 18:00:00,376.43,126.0,60.0,3.0,0.0,29.0,98.0,5.0
28867,2022-04-17 19:00:00,367.43,128.0,60.0,3.0,0.0,40.0,97.0,5.0
28868,2022-04-17 20:00:00,366.32,128.0,59.0,3.0,0.0,41.0,97.0,5.0
28869,2022-04-17 21:00:00,380.02,131.0,59.0,3.0,0.0,33.0,96.0,5.0
28870,2022-04-17 22:00:00,405.85,141.0,58.0,3.0,0.0,21.0,96.0,5.0
28871,2022-04-17 23:00:00,431.8,167.0,60.0,3.0,0.0,20.0,97.0,5.0
28872,2022-04-18 00:00:00,439.33,178.0,60.0,3.0,0.0,20.0,99.0,5.0
28873,2022-04-18 01:00:00,455.99,195.0,60.0,3.0,0.0,20.0,97.0,5.0
28874,2022-04-18 02:00:00,452.53,191.0,61.0,3.0,0.0,19.0,98.0,5.0
28875,2022-04-18 03:00:00,459.21,207.0,61.0,3.0,6.0,19.0,97.0,5.0
28876,2022-04-18 04:00:00,464.61,258.0,60.0,3.0,31.0,19.0,100.0,5.0
28877,2022-04-18 05:00:00,448.37,308.0,60.0,3.0,80.0,18.0,104.0,5.0
28878,2022-04-18 06:00:00,372.05,271.0,55.0,3.0,155.0,22.0,105.0,5.0
28879,2022-04-18 07:00:00,307.86,253.0,50.0,3.0,250.0,30.0,103.0,5.0
28880,2022-04-18 08:00:00,279.84,243.0,49.0,3.0,300.0,32.0,103.0,5.0
28881,2022-04-18 09:00:00,278.4,251.0,47.0,3.0,312.0,35.0,105.0,5.0
28882,2022-04-18 10:00:00,280.56,255.0,47.0,3.0,310.0,39.0,104.0,5.0
28883,2022-04-18 11:00:00,280.44,255.0,46.0,3.0,303.0,46.0,104.0,5.0
28884,2022-04-18 12:00:00,293.4,256.0,46.0,3.0,264.0,51.0,104.0,3.0
28885,2022-04-18 13:00:00,316.71,256.0,49.0,3.0,212.0,49.0,105.0,3.0
28886,2022-04-18 14:00:00,364.85,260.0,48.0,3.0,139.0,38.0,104.0,3.0
28887,2022-04-18 15:00:00,419.8,260.0,49.0,3.0,73.0,27.0,103.0,3.0
28888,2022-04-18 16:00:00,475.07,261.0,46.0,3.0,20.0,21.0,103.0,3.0
28889,2022-04-18 17:00:00,483.85,251.0,46.0,3.0,2.0,25.0,103.0,3.0
28890,2022-04-18 18:00:00,487.29,275.0,60.0,3.0,0.0,34.0,103.0,3.0
28891,2022-04-18 19:00:00,457.94,244.0,61.0,3.0,0.0,45.0,102.0,3.0
28892,2022-04-18 20:00:00,453.63,242.0,61.0,3.0,0.0,48.0,102.0,3.0
28893,2022-04-18 21:00:00,445.41,243.0,62.0,3.0,0.0,58.0,101.0,3.0
28894,2022-04-18 22:00:00,440.23,243.0,61.0,3.0,0.0,64.0,101.0,4.0
28895,2022-04-18 23:00:00,436.61,244.0,61.0,3.0,0.0,70.0,100.0,5.0
28896,2022-04-19 00:00:00,431.26,244.0,61.0,3.0,0.0,77.0,99.0,5.0
28897,2022-04-19 01:00:00,440.16,245.0,60.0,3.0,0.0,71.0,96.0,5.0
28898,2022-04-19 02:00:00,451.79,247.0,60.0,3.0,1.0,57.0,98.0,5.0
28899,2022-04-19 03:00:00,496.47,341.0,62.0,3.0,9.0,53.0,101.0,5.0
28900,2022-04-19 04:00:00,469.99,343.0,60.0,3.0,46.0,50.0,101.0,5.0
28901,2022-04-19 05:00:00,412.78,341.0,56.0,3.0,140.0,35.0,105.0,5.0
28902,2022-04-19 06:00:00,350.69,340.0,54.0,3.0,249.0,43.0,108.0,5.0
28903,2022-04-19 07:00:00,312.14,335.0,60.0,3.0,331.0,55.0,107.0,5.0
28904,2022-04-19 08:00:00,291.79,326.0,56.0,3.0,372.0,61.0,106.0,4.0
28905,2022-04-19 09:00:00,245.12,256.0,39.0,3.0,386.0,73.0,101.0,4.0
28906,2022-04-19 10:00:00,236.53,250.0,38.0,3.0,387.0,90.0,99.0,3.0
28907,2022-04-19 11:00:00,234.83,248.0,40.0,3.0,381.0,99.0,99.0,3.0
28908,2022-04-19 12:00:00,239.6,253.0,41.0,3.0,358.0,115.0,100.0,3.0
28909,2022-04-19 13:00:00,254.0,251.0,42.0,3.0,304.0,115.0,101.0,3.0
28910,2022-04-19 14:00:00,290.53,247.0,40.0,3.0,208.0,101.0,101.0,3.0
28911,2022-04-19 15:00:00,358.05,248.0,53.0,3.0,96.0,85.0,98.0,3.0
28912,2022-04-19 16:00:00,420.67,272.0,54.0,3.0,22.0,92.0,97.0,3.0
28913,2022-04-19 17:00:00,415.67,257.0,55.0,3.0,3.0,105.0,97.0,3.0
28914,2022-04-19 18:00:00,451.7,314.0,56.0,3.0,0.0,104.0,98.0,3.0
28915,2022-04-19 19:00:00,453.93,317.0,57.0,3.0,0.0,101.0,100.0,3.0
28916,2022-04-19 20:00:00,431.5,267.0,58.0,3.0,0.0,96.0,97.0,3.0
28917,2022-04-19 21:00:00,416.18,245.0,59.0,3.0,0.0,97.0,97.0,3.0
28918,2022-04-19 22:00:00,414.4,246.0,59.0,3.0,0.0,100.0,97.0,3.0
28919,2022-04-19 23:00:00,411.97,246.0,59.0,3.0,0.0,102.0,98.0,3.0
28920,2022-04-20 00:00:00,412.77,246.0,59.0,3.0,0.0,100.0,99.0,3.0
28921,2022-04-20 01:00:00,420.25,245.0,60.0,3.0,0.0,94.0,95.0,3.0
28922,2022-04-20 02:00:00,421.09,245.0,60.0,3.0,0.0,91.0,97.0,3.0
28923,2022-04-20 03:00:00,413.5,246.0,60.0,3.0,9.0,92.0,97.0,3.0
28924,2022-04-20 04:00:00,399.46,246.0,59.0,3.0,46.0,74.0,96.0,3.0
28925,2022-04-20 05:00:00,355.83,257.0,56.0,3.0,138.0,54.0,101.0,3.0
28926,2022-04-20 06:00:00,295.07,247.0,55.0,3.0,247.0,55.0,101.0,3.0
28927,2022-04-20 07:00:00,254.25,246.0,59.0,3.0,332.0,88.0,97.0,3.0
28928,2022-04-20 08:00:00,234.45,247.0,57.0,3.0,372.0,123.0,93.0,3.0
28929,2022-04-20 09:00:00,253.73,291.0,58.0,3.0,388.0,128.0,92.0,3.0
28930,2022-04-20 10:00:00,246.23,281.0,59.0,3.0,391.0,134.0,92.0,3.0
28931,2022-04-20 11:00:00,220.72,239.0,58.0,3.0,382.0,153.0,90.0,3.0
28932,2022-04-20 12:00:00,202.62,195.0,57.0,3.0,353.0,146.0,87.0,3.0
28933,2022-04-20 13:00:00,217.58,195.0,57.0,3.0,284.0,154.0,90.0,3.0
28934,2022-04-20 14:00:00,244.2,188.0,56.0,3.0,186.0,151.0,90.0,3.0
28935,2022-04-20 15:00:00,298.81,193.0,56.0,3.0,85.0,138.0,88.0,3.0
28936,2022-04-20 16:00:00,335.53,189.0,56.0,3.0,23.0,131.0,90.0,3.0
28937,2022-04-20 17:00:00,355.02,190.0,57.0,3.0,3.0,117.0,98.0,3.0
28938,2022-04-20 18:00:00,359.73,209.0,58.0,3.0,0.0,129.0,104.0,3.0
28939,2022-04-20 19:00:00,345.2,193.0,57.0,3.0,0.0,133.0,102.0,3.0
28940,2022-04-20 20:00:00,348.28,189.0,58.0,3.0,0.0,123.0,103.0,3.0
28941,2022-04-20 21:00:00,348.83,188.0,57.0,3.0,0.0,120.0,104.0,3.0
28942,2022-04-20 22:00:00,319.39,146.0,58.0,3.0,0.0,111.0,99.0,3.0
28943,2022-04-20 23:00:00,325.23,148.0,57.0,3.0,0.0,108.0,97.0,3.0
28944,2022-04-21 00:00:00,327.59,148.0,57.0,3.0,0.0,102.0,100.0,3.0
28945,2022-04-21 01:00:00,332.04,146.0,58.0,3.0,0.0,95.0,99.0,3.0
28946,2022-04-21 02:00:00,334.38,149.0,58.0,3.0,1.0,94.0,100.0,3.0
28947,2022-04-21 03:00:00,332.37,147.0,59.0,3.0,9.0,85.0,101.0,3.0
28948,2022-04-21 04:00:00,315.76,146.0,59.0,3.0,47.0,66.0,102.0,3.0
28949,2022-04-21 05:00:00,263.07,149.0,59.0,3.0,146.0,54.0,106.0,3.0
28950,2022-04-21 06:00:00,217.83,149.0,59.0,3.0,257.0,54.0,103.0,3.0
28951,2022-04-21 07:00:00,187.37,147.0,57.0,3.0,339.0,68.0,101.0,3.0
28952,2022-04-21 08:00:00,175.73,151.0,58.0,3.0,378.0,91.0,101.0,3.0
28953,2022-04-21 09:00:00,170.57,152.0,57.0,3.0,392.0,105.0,99.0,3.0
28954,2022-04-21 10:00:00,165.48,150.0,58.0,3.0,394.0,123.0,98.0,3.0
28955,2022-04-21 11:00:00,162.67,151.0,58.0,3.0,391.0,144.0,98.0,3.0
28956,2022-04-21 12:00:00,166.49,150.0,58.0,3.0,368.0,143.0,99.0,3.0
28957,2022-04-21 13:00:00,179.13,151.0,57.0,3.0,311.0,145.0,98.0,3.0
28958,2022-04-21 14:00:00,210.29,149.0,57.0,3.0,212.0,125.0,98.0,3.0
28959,2022-04-21 15:00:00,260.77,151.0,58.0,3.0,99.0,115.0,100.0,3.0
28960,2022-04-21 16:00:00,307.45,150.0,57.0,3.0,24.0,108.0,100.0,3.0
28961,2022-04-21 17:00:00,320.69,151.0,57.0,3.0,4.0,109.0,102.0,3.0
28962,2022-04-21 18:00:00,331.03,149.0,57.0,3.0,0.0,98.0,101.0,3.0
28963,2022-04-21 19:00:00,326.71,145.0,56.0,3.0,0.0,98.0,101.0,3.0
28964,2022-04-21 20:00:00,340.19,145.0,57.0,3.0,0.0,82.0,101.0,3.0
28965,2022-04-21 21:00:00,349.28,146.0,57.0,3.0,0.0,74.0,100.0,3.0
28966,2022-04-21 22:00:00,360.47,145.0,57.0,3.0,0.0,64.0,97.0,3.0
28967,2022-04-21 23:00:00,362.53,146.0,57.0,3.0,0.0,65.0,95.0,3.0
28968,2022-04-22 00:00:00,374.73,146.0,56.0,3.0,0.0,52.0,96.0,3.0
28969,2022-04-22 01:00:00,384.35,145.0,59.0,3.0,0.0,42.0,96.0,3.0
28970,2022-04-22 02:00:00,393.16,148.0,59.0,3.0,1.0,34.0,98.0,3.0
28971,2022-04-22 03:00:00,393.16,149.0,58.0,3.0,10.0,25.0,99.0,3.0
28972,2022-04-22 04:00:00,349.81,148.0,61.0,3.0,49.0,25.0,102.0,3.0
28973,2022-04-22 05:00:00,278.71,147.0,64.0,3.0,144.0,23.0,108.0,3.0
28974,2022-04-22 06:00:00,226.58,146.0,69.0,3.0,250.0,31.0,108.0,3.0
28975,2022-04-22 07:00:00,202.0,147.0,69.0,3.0,327.0,31.0,108.0,3.0
28976,2022-04-22 08:00:00,189.8,144.0,73.0,3.0,366.0,31.0,108.0,3.0
28977,2022-04-22 09:00:00,184.41,142.0,70.0,3.0,375.0,33.0,109.0,3.0
28978,2022-04-22 10:00:00,189.56,143.0,71.0,3.0,358.0,35.0,108.0,3.0
28979,2022-04-22 11:00:00,198.61,144.0,71.0,3.0,330.0,34.0,107.0,3.0
28980,2022-04-22 12:00:00,212.59,144.0,69.0,3.0,284.0,33.0,107.0,3.0
28981,2022-04-22 13:00:00,236.41,145.0,70.0,3.0,222.0,32.0,108.0,3.0
28982,2022-04-22 14:00:00,274.13,144.0,70.0,3.0,145.0,30.0,105.0,3.0
28983,2022-04-22 15:00:00,319.83,147.0,72.0,3.0,76.0,30.0,107.0,3.0
28984,2022-04-22 16:00:00,369.67,148.0,70.0,3.0,23.0,26.0,106.0,3.0
28985,2022-04-22 17:00:00,402.13,151.0,71.0,3.0,4.0,16.0,107.0,3.0
28986,2022-04-22 18:00:00,402.47,149.0,70.0,3.0,0.0,20.0,105.0,3.0
28987,2022-04-22 19:00:00,396.97,148.0,69.0,3.0,0.0,27.0,102.0,3.0
28988,2022-04-22 20:00:00,387.16,147.0,68.0,3.0,0.0,34.0,103.0,3.0
28989,2022-04-22 21:00:00,380.84,142.0,67.0,3.0,0.0,37.0,101.0,3.0
28990,2022-04-22 22:00:00,337.88,98.0,68.0,3.0,0.0,34.0,94.0,3.0
28991,2022-04-22 23:00:00,322.46,91.0,69.0,3.0,0.0,42.0,91.0,3.0
28992,2022-04-23 00:00:00,319.25,91.0,69.0,3.0,0.0,44.0,92.0,3.0
28993,2022-04-23 01:00:00,309.22,91.0,70.0,3.0,0.0,54.0,92.0,3.0
28994,2022-04-23 02:00:00,310.53,93.0,67.0,3.0,1.0,53.0,93.0,3.0
28995,2022-04-23 03:00:00,301.14,92.0,66.0,3.0,9.0,52.0,94.0,3.0
28996,2022-04-23 04:00:00,274.24,92.0,68.0,3.0,38.0,52.0,97.0,3.0
28997,2022-04-23 05:00:00,235.81,91.0,71.0,3.0,102.0,45.0,97.0,3.0
28998,2022-04-23 06:00:00,195.44,91.0,72.0,3.0,186.0,47.0,97.0,3.0
28999,2022-04-23 07:00:00,163.1,93.0,71.0,3.0,265.0,72.0,98.0,3.0
29000,2022-04-23 08:00:00,143.99,92.0,71.0,3.0,326.0,88.0,97.0,3.0
29001,2022-04-23 09:00:00,139.44,93.0,70.0,3.0,340.0,100.0,96.0,3.0
29002,2022-04-23 10:00:00,135.17,91.0,70.0,3.0,331.0,126.0,92.0,3.0
29003,2022-04-23 11:00:00,138.5,90.0,68.0,3.0,292.0,140.0,92.0,3.0
29004,2022-04-23 12:00:00,144.03,88.0,68.0,3.0,255.0,140.0,94.0,3.0
29005,2022-04-23 13:00:00,151.1,88.0,69.0,3.0,221.0,144.0,95.0,3.0
29006,2022-04-23 14:00:00,172.32,88.0,67.0,3.0,147.0,140.0,94.0,3.0
29007,2022-04-23 15:00:00,197.76,88.0,69.0,3.0,74.0,146.0,93.0,3.0
29008,2022-04-23 16:00:00,219.54,87.0,70.0,3.0,22.0,148.0,94.0,3.0
29009,2022-04-23 17:00:00,239.18,93.0,70.0,3.0,4.0,140.0,98.0,3.0
29010,2022-04-23 18:00:00,239.24,91.0,69.0,3.0,0.0,140.0,97.0,3.0
29011,2022-04-23 19:00:00,235.14,89.0,68.0,3.0,0.0,142.0,97.0,3.0
29012,2022-04-23 20:00:00,237.43,89.0,66.0,3.0,0.0,138.0,96.0,3.0
29013,2022-04-23 21:00:00,238.64,89.0,66.0,3.0,0.0,137.0,95.0,3.0
29014,2022-04-23 22:00:00,241.51,90.0,67.0,3.0,0.0,136.0,94.0,3.0
29015,2022-04-23 23:00:00,238.25,88.0,67.0,3.0,0.0,140.0,91.0,3.0
29016,2022-04-24 00:00:00,238.1,89.0,68.0,3.0,0.0,142.0,92.0,3.0
29017,2022-04-24 01:00:00,239.51,91.0,68.0,3.0,0.0,144.0,92.0,3.0
29018,2022-04-24 02:00:00,239.02,90.0,65.0,3.0,1.0,138.0,94.0,3.0
29019,2022-04-24 03:00:00,235.25,88.0,67.0,3.0,10.0,131.0,95.0,3.0
29020,2022-04-24 04:00:00,206.92,83.0,67.0,3.0,39.0,140.0,98.0,3.0
29021,2022-04-24 05:00:00,194.98,88.0,67.0,3.0,80.0,140.0,98.0,3.0
29022,2022-04-24 06:00:00,176.68,86.0,67.0,3.0,118.0,144.0,99.0,3.0
29023,2022-04-24 07:00:00,156.13,80.0,69.0,3.0,162.0,147.0,100.0,3.0
29024,2022-04-24 08:00:00,149.14,81.0,70.0,3.0,188.0,152.0,101.0,3.0
29025,2022-04-24 09:00:00,142.39,83.0,70.0,3.0,231.0,143.0,104.0,3.0
29026,2022-04-24 10:00:00,141.46,80.0,65.0,3.0,207.0,147.0,107.0,3.0
29027,2022-04-24 11:00:00,143.74,72.0,65.0,3.0,171.0,144.0,102.0,3.0
29028,2022-04-24 12:00:00,155.01,75.0,65.0,3.0,134.0,154.0,100.0,3.0
29029,2022-04-24 13:00:00,172.63,78.0,67.0,3.0,88.0,158.0,100.0,3.0
29030,2022-04-24 14:00:00,189.79,76.0,68.0,3.0,48.0,148.0,100.0,3.0
29031,2022-04-24 15:00:00,208.88,76.0,69.0,3.0,23.0,134.0,99.0,3.0
29032,2022-04-24 16:00:00,211.41,72.0,68.0,3.0,10.0,128.0,102.0,3.0
29033,2022-04-24 17:00:00,220.55,72.0,68.0,3.0,2.0,118.0,104.0,3.0
29034,2022-04-24 18:00:00,205.29,67.0,68.0,3.0,0.0,136.0,102.0,3.0
29035,2022-04-24 19:00:00,206.57,61.0,66.0,3.0,0.0,119.0,99.0,3.0
29036,2022-04-24 20:00:00,265.84,93.0,68.0,3.0,0.0,101.0,99.0,3.0
29037,2022-04-24 21:00:00,415.94,230.0,67.0,3.0,0.0,83.0,98.0,3.0
29038,2022-04-24 22:00:00,455.03,287.0,65.0,3.0,0.0,80.0,98.0,3.0
29039,2022-04-24 23:00:00,489.32,349.0,68.0,3.0,0.0,77.0,97.0,3.0
29040,2022-04-25 00:00:00,518.02,414.0,69.0,3.0,0.0,72.0,99.0,3.0
29041,2022-04-25 01:00:00,531.53,443.0,68.0,3.0,0.0,70.0,97.0,3.0
29042,2022-04-25 02:00:00,579.69,600.0,68.0,3.0,0.0,59.0,100.0,3.0
29043,2022-04-25 03:00:00,604.12,715.0,68.0,3.0,3.0,53.0,99.0,3.0
29044,2022-04-25 04:00:00,624.17,874.0,66.0,3.0,13.0,44.0,103.0,4.0
29045,2022-04-25 05:00:00,624.39,923.0,64.0,3.0,31.0,36.0,104.0,5.0
29046,2022-04-25 06:00:00,623.77,1003.0,68.0,3.0,52.0,31.0,105.0,5.0
29047,2022-04-25 07:00:00,622.29,1012.0,68.0,3.0,60.0,27.0,106.0,5.0
29048,2022-04-25 08:00:00,615.53,1016.0,68.0,3.0,76.0,26.0,106.0,5.0
29049,2022-04-25 09:00:00,604.68,981.0,69.0,3.0,93.0,25.0,104.0,4.0
29050,2022-04-25 10:00:00,601.84,981.0,69.0,3.0,103.0,21.0,104.0,5.0
29051,2022-04-25 11:00:00,603.48,1002.0,69.0,3.0,102.0,25.0,103.0,4.0
29052,2022-04-25 12:00:00,605.3,990.0,69.0,3.0,97.0,25.0,101.0,4.0
29053,2022-04-25 13:00:00,602.16,933.0,71.0,3.0,82.0,30.0,102.0,4.0
29054,2022-04-25 14:00:00,602.54,900.0,70.0,3.0,67.0,32.0,106.0,4.0
29055,2022-04-25 15:00:00,623.94,974.0,69.0,3.0,42.0,31.0,108.0,4.0
29056,2022-04-25 16:00:00,640.57,1006.0,69.0,3.0,14.0,34.0,107.0,4.0
29057,2022-04-25 17:00:00,648.33,998.0,66.0,3.0,3.0,28.0,109.0,5.0
29058,2022-04-25 18:00:00,587.93,583.3333333333334,67.33333333333333,3.0,1.0,35.0,106.66666666666669,4.333333333333333
29059,2022-04-25 19:00:00,552.29,443.1111111111112,66.44444444444444,3.0,0.0,37.0,104.8888888888889,4.111111111111111
29060,2022-04-25 20:00:00,537.26,388.7037037037037,66.81481481481482,3.0,0.0,34.0,103.62962962962963,4.037037037037037
29061,2022-04-25 21:00:00,538.89,390.5679012345679,66.93827160493828,3.0,0.0,34.0,102.5432098765432,4.012345679012346
29062,2022-04-25 22:00:00,536.91,378.522633744856,66.64609053497942,3.0,0.0,32.0,101.8477366255144,4.004115226337448
29063,2022-04-25 23:00:00,544.73,397.1742112482853,67.2153635116598,3.0,0.0,32.0,100.6159122085048,4.001371742112482
29064,2022-04-26 00:00:00,555.22,444.5435528120713,68.05384087791495,3.0,0.0,37.0,101.4039780521262,4.000342935528121
29065,2022-04-26 01:00:00,557.79,495.0,70.0,3.0,0.0,51.0,102.0,4.0
29066,2022-04-26 02:00:00,564.89,554.0,65.0,3.0,2.0,59.0,105.0,4.0
29067,2022-04-26 03:00:00,562.87,603.0,65.0,3.0,13.0,66.0,107.0,4.0
29068,2022-04-26 04:00:00,537.65,593.0,66.0,3.0,56.0,58.0,108.0,5.0
29069,2022-04-26 05:00:00,505.2,684.0,66.0,3.0,155.0,58.0,112.0,5.0
29070,2022-04-26 06:00:00,459.54,691.0,67.0,3.0,263.0,64.0,110.0,5.0
29071,2022-04-26 07:00:00,430.15,691.0,66.0,3.0,336.0,73.0,110.0,4.0
29072,2022-04-26 08:00:00,425.72,692.0,67.0,3.0,338.0,85.0,110.0,4.0
29073,2022-04-26 09:00:00,431.35,693.0,68.0,3.0,304.0,103.0,110.0,5.0
29074,2022-04-26 10:00:00,436.67,691.0,67.0,3.0,280.0,109.0,111.0,5.0
29075,2022-04-26 11:00:00,446.94,684.0,67.0,3.0,261.0,96.0,109.0,5.0
29076,2022-04-26 12:00:00,454.2,692.0,66.0,3.0,252.0,90.0,110.0,5.0
29077,2022-04-26 13:00:00,464.87,691.0,68.0,3.0,227.0,85.0,111.0,5.0
29078,2022-04-26 14:00:00,490.18,690.0,68.0,3.0,177.0,76.0,108.0,5.0
29079,2022-04-26 15:00:00,537.98,692.0,67.0,3.0,91.0,63.0,108.0,5.0
29080,2022-04-26 16:00:00,586.54,688.0,66.0,3.0,28.0,40.0,108.0,5.0
29081,2022-04-26 17:00:00,605.33,690.0,67.0,3.0,6.0,32.0,109.0,5.0
29082,2022-04-26 18:00:00,606.9,685.0,68.0,3.0,0.0,34.0,109.0,5.0
29083,2022-04-26 19:00:00,605.41,685.0,66.0,3.0,0.0,37.0,109.0,5.0
29084,2022-04-26 20:00:00,585.76,630.0,66.0,3.0,0.0,53.0,107.0,5.0
29085,2022-04-26 21:00:00,559.23,553.0,67.0,3.0,0.0,67.0,106.0,5.0
29086,2022-04-26 22:00:00,529.74,458.0,68.0,3.0,0.0,71.0,105.0,5.0
29087,2022-04-26 23:00:00,534.14,464.0,67.0,3.0,0.0,70.0,103.0,5.0
29088,2022-04-27 00:00:00,536.13,472.0,66.0,3.0,0.0,70.0,104.0,5.0
29089,2022-04-27 01:00:00,552.64,500.0,66.0,3.0,0.0,62.0,101.0,5.0
29090,2022-04-27 02:00:00,572.61,553.0,65.0,3.0,1.0,54.0,100.0,5.0
29091,2022-04-27 03:00:00,624.18,832.0,63.0,3.0,12.0,54.0,86.0,5.0
29092,2022-04-27 04:00:00,619.03,920.0,65.0,3.0,49.0,44.0,87.0,5.0
29093,2022-04-27 05:00:00,572.86,947.0,66.0,3.0,139.0,53.0,91.0,5.0
29094,2022-04-27 06:00:00,516.19,917.0,66.0,3.0,245.0,60.0,107.0,5.0
29095,2022-04-27 07:00:00,489.45,938.0,67.0,3.0,317.0,73.0,110.0,5.0
29096,2022-04-27 08:00:00,480.59,951.0,69.0,3.0,349.0,75.0,111.0,5.0
29097,2022-04-27 09:00:00,475.79,954.0,67.0,3.0,364.0,79.0,110.0,5.0
29098,2022-04-27 10:00:00,480.43,969.0,69.0,3.0,362.0,74.0,110.0,5.0
29099,2022-04-27 11:00:00,483.74,968.0,67.0,3.0,356.0,69.0,110.0,5.0
29100,2022-04-27 12:00:00,462.69,940.0,66.0,3.0,331.0,57.0,201.0,5.0
29101,2022-04-27 13:00:00,429.12,945.0,68.0,3.0,282.0,54.0,382.0,5.0
29102,2022-04-27 14:00:00,455.67,944.0,68.0,3.0,193.0,45.0,378.0,5.0
29103,2022-04-27 15:00:00,486.42,975.0,68.0,3.0,99.0,41.0,390.0,5.0
29104,2022-04-27 16:00:00,514.76,985.0,67.0,3.0,30.0,24.0,394.0,5.0
29105,2022-04-27 17:00:00,525.36,983.0,66.0,3.0,6.0,17.0,394.0,5.0
29106,2022-04-27 18:00:00,525.56,991.0,66.0,3.0,0.0,22.0,398.0,5.0
29107,2022-04-27 19:00:00,521.98,833.0,63.0,3.0,0.0,22.0,337.0,5.0
29108,2022-04-27 20:00:00,508.75,638.0,65.0,3.0,0.0,22.0,273.0,5.0
29109,2022-04-27 21:00:00,477.15,454.0,63.0,3.0,0.0,34.0,219.0,5.0
29110,2022-04-27 22:00:00,465.18,400.0,62.0,3.0,0.0,41.0,198.0,5.0
29111,2022-04-27 23:00:00,459.89,397.0,63.0,3.0,0.0,49.0,196.0,5.0
29112,2022-04-28 00:00:00,458.7,396.0,64.0,3.0,0.0,50.0,196.0,5.0
29113,2022-04-28 01:00:00,467.08,404.0,65.0,3.0,0.0,37.0,201.0,5.0
29114,2022-04-28 02:00:00,471.23,430.0,68.0,3.0,2.0,36.0,209.0,5.0
29115,2022-04-28 03:00:00,489.76,652.0,68.0,3.0,15.0,32.0,294.0,5.0
29116,2022-04-28 04:00:00,475.8,723.0,67.0,3.0,65.0,30.0,320.0,5.0
29117,2022-04-28 05:00:00,442.56,757.0,64.0,3.0,166.0,34.0,331.0,5.0
29118,2022-04-28 06:00:00,405.26,740.0,67.0,3.0,271.0,46.0,324.0,5.0
29119,2022-04-28 07:00:00,386.15,741.0,68.0,3.0,331.0,58.0,325.0,5.0
29120,2022-04-28 08:00:00,379.71,751.0,68.0,3.0,351.0,70.0,329.0,5.0
29121,2022-04-28 09:00:00,384.06,758.0,67.0,3.0,331.0,77.0,331.0,5.0
29122,2022-04-28 10:00:00,390.14,729.0,67.0,3.0,291.0,76.0,320.0,5.0
29123,2022-04-28 11:00:00,351.9,535.0,66.0,3.0,249.0,81.0,294.0,5.0
29124,2022-04-28 12:00:00,332.58,435.0,65.0,3.0,201.0,71.0,295.0,5.0
29125,2022-04-28 13:00:00,342.85,421.0,68.0,3.0,158.0,73.0,287.0,5.0
29126,2022-04-28 14:00:00,367.4,433.0,67.0,3.0,95.0,71.0,297.0,5.0
29127,2022-04-28 15:00:00,375.18,399.0,66.0,3.0,52.0,80.0,276.0,5.0
29128,2022-04-28 16:00:00,395.76,429.0,63.0,3.0,23.0,71.0,296.0,5.0
29129,2022-04-28 17:00:00,404.46,427.0,64.0,3.0,5.0,70.0,294.0,5.0
29130,2022-04-28 18:00:00,406.58,423.0,64.0,3.0,0.0,68.0,293.0,5.0
29131,2022-04-28 19:00:00,402.34,388.0,63.0,3.0,0.0,67.0,272.0,5.0
29132,2022-04-28 20:00:00,377.63,292.0,63.0,3.0,0.0,81.0,213.0,5.0
29133,2022-04-28 21:00:00,376.89,276.0,65.0,3.0,0.0,77.0,202.0,5.0
29134,2022-04-28 22:00:00,381.11,278.0,66.0,3.0,0.0,71.0,203.0,5.0
29135,2022-04-28 23:00:00,390.72,286.0,69.0,3.0,0.0,60.0,206.0,5.0
29136,2022-04-29 00:00:00,389.08,283.0,65.0,3.0,0.0,60.0,206.0,5.0
29137,2022-04-29 01:00:00,387.09,292.0,62.0,3.0,0.0,64.0,214.0,5.0
29138,2022-04-29 02:00:00,395.12,305.0,62.0,3.0,1.0,54.0,222.0,5.0
29139,2022-04-29 03:00:00,406.56,447.0,63.0,3.0,15.0,58.0,309.0,5.0
29140,2022-04-29 04:00:00,395.45,514.0,64.0,3.0,55.0,64.0,350.0,5.0
29141,2022-04-29 05:00:00,363.69,524.0,64.0,3.0,147.0,69.0,356.0,5.0
29142,2022-04-29 06:00:00,331.22,526.0,63.0,3.0,259.0,74.0,356.0,5.0
29143,2022-04-29 07:00:00,314.0,522.0,64.0,3.0,319.0,82.0,353.0,5.0
29144,2022-04-29 08:00:00,318.16,518.0,65.0,3.0,307.0,73.0,351.0,5.0
29145,2022-04-29 09:00:00,327.08,527.0,66.0,3.0,283.0,68.0,356.0,5.0
29146,2022-04-29 10:00:00,329.76,525.0,68.0,3.0,273.0,67.0,354.0,5.0
29147,2022-04-29 11:00:00,315.89,449.0,68.0,3.0,281.0,57.0,306.0,5.0
29148,2022-04-29 12:00:00,311.24,406.0,70.0,3.0,259.0,61.0,279.0,4.0
29149,2022-04-29 13:00:00,313.3,357.0,69.0,3.0,216.0,56.0,249.0,3.0
29150,2022-04-29 14:00:00,335.88,366.0,66.0,3.0,161.0,52.0,255.0,3.0
29151,2022-04-29 15:00:00,374.29,399.0,69.0,3.0,88.0,46.0,275.0,3.0
29152,2022-04-29 16:00:00,407.83,431.0,69.0,3.0,31.0,37.0,296.0,3.0
29153,2022-04-29 17:00:00,421.16,425.0,66.0,3.0,7.0,33.0,292.0,3.0
29154,2022-04-29 18:00:00,420.81,377.0,66.0,3.0,0.0,30.0,264.0,3.0
29155,2022-04-29 19:00:00,412.5,314.0,65.0,3.0,0.0,31.0,225.0,3.0
29156,2022-04-29 20:00:00,401.26,265.0,67.0,3.0,0.0,35.0,195.0,3.0
29157,2022-04-29 21:00:00,398.65,239.0,69.0,3.0,0.0,32.0,178.0,3.0
29158,2022-04-29 22:00:00,379.85,188.0,65.0,3.0,0.0,38.0,147.0,3.0
29159,2022-04-29 23:00:00,383.28,186.0,67.0,3.0,0.0,35.0,144.0,3.0
29160,2022-04-30 00:00:00,383.23,187.0,68.0,3.0,0.0,34.0,146.0,3.0
29161,2022-04-30 01:00:00,384.15,188.0,66.0,3.0,0.0,30.0,150.0,3.0
29162,2022-04-30 02:00:00,388.65,188.0,64.0,3.0,3.0,24.0,148.0,3.0
29163,2022-04-30 03:00:00,378.15,186.0,64.0,3.0,18.0,20.0,147.0,3.0
29164,2022-04-30 04:00:00,341.63,185.0,65.0,3.0,69.0,15.0,147.0,3.0
29165,2022-04-30 05:00:00,278.09,186.0,68.0,3.0,175.0,23.0,147.0,3.0
29166,2022-04-30 06:00:00,232.79,187.0,68.0,3.0,286.0,33.0,146.0,3.0
29167,2022-04-30 07:00:00,211.31,189.0,68.0,3.0,354.0,42.0,148.0,3.0
29168,2022-04-30 08:00:00,205.68,188.0,70.0,3.0,371.0,46.0,148.0,3.0
29169,2022-04-30 09:00:00,201.16,190.0,71.0,3.0,387.0,55.0,148.0,3.0
29170,2022-04-30 10:00:00,201.0,190.0,69.0,3.0,385.0,56.0,148.0,3.0
29171,2022-04-30 11:00:00,201.77,189.0,69.0,3.0,377.0,59.0,147.0,3.0
29172,2022-04-30 12:00:00,210.88,190.0,69.0,3.0,343.0,58.0,148.0,3.0
29173,2022-04-30 13:00:00,227.56,189.0,69.0,3.0,276.0,63.0,148.0,3.0
29174,2022-04-30 14:00:00,255.64,187.0,70.0,3.0,189.0,65.0,147.0,3.0
29175,2022-04-30 15:00:00,297.15,187.0,69.0,3.0,99.0,62.0,147.0,3.0
29176,2022-04-30 16:00:00,349.95,187.0,69.0,3.0,33.0,42.0,147.0,3.0
29177,2022-04-30 17:00:00,378.93,190.0,69.0,3.0,8.0,31.0,149.0,3.0
29178,2022-04-30 18:00:00,392.88,187.0,71.0,3.0,0.0,25.0,144.0,3.0
29179,2022-04-30 19:00:00,406.85,188.0,71.0,3.0,0.0,24.0,131.0,3.0
29180,2022-04-30 20:00:00,402.93,188.0,72.0,3.0,0.0,26.0,133.0,3.0
29181,2022-04-30 21:00:00,398.38,188.0,70.0,3.0,0.0,32.0,132.0,3.0
29182,2022-04-30 22:00:00,390.22,187.0,70.0,3.0,0.0,40.0,132.0,3.0
29183,2022-04-30 23:00:00,386.59,187.0,72.0,3.0,0.0,45.0,131.0,3.0
29184,2022-05-01 00:00:00,398.35,186.0,73.0,3.0,0.0,32.0,130.0,3.0
29185,2022-05-01 01:00:00,389.11,188.0,74.0,3.0,0.0,40.0,134.0,3.0
29186,2022-05-01 02:00:00,388.31,187.0,73.0,3.0,2.0,40.0,132.0,3.0
29187,2022-05-01 03:00:00,383.17,189.0,69.0,3.0,15.0,35.0,132.0,3.0
29188,2022-05-01 04:00:00,365.12,188.0,71.0,3.0,41.0,30.0,132.0,3.0
29189,2022-05-01 05:00:00,340.55,189.0,71.0,3.0,82.0,23.0,133.0,3.0
29190,2022-05-01 06:00:00,303.66,189.0,70.0,3.0,144.0,23.0,132.0,3.0
29191,2022-05-01 07:00:00,273.74,189.0,71.0,3.0,198.0,30.0,133.0,3.0
29192,2022-05-01 08:00:00,260.22,189.0,72.0,3.0,227.0,35.0,132.0,3.0
29193,2022-05-01 09:00:00,247.49,189.0,72.0,3.0,258.0,38.0,132.0,3.0
29194,2022-05-01 10:00:00,247.67,189.0,71.0,3.0,250.0,45.0,132.0,3.0
29195,2022-05-01 11:00:00,260.05,189.0,71.0,3.0,220.0,43.0,131.0,3.0
29196,2022-05-01 12:00:00,281.22,189.0,70.0,3.0,182.0,30.0,132.0,3.0
29197,2022-05-01 13:00:00,297.85,189.0,70.0,3.0,144.0,33.0,133.0,3.0
29198,2022-05-01 14:00:00,320.03,189.0,69.0,3.0,107.0,30.0,133.0,3.0
29199,2022-05-01 15:00:00,354.68,189.0,73.0,3.0,65.0,20.0,133.0,3.0
29200,2022-05-01 16:00:00,391.76,189.0,73.0,3.0,26.0,14.0,132.0,3.0
29201,2022-05-01 17:00:00,410.71,189.0,70.0,3.0,7.0,13.0,132.0,3.0
29202,2022-05-01 18:00:00,413.22,187.0,68.0,3.0,1.0,16.0,131.0,3.0
29203,2022-05-01 19:00:00,403.27,187.0,69.0,3.0,0.0,27.0,131.0,3.0
29204,2022-05-01 20:00:00,395.74,187.0,69.0,3.0,0.0,35.0,131.0,3.0
29205,2022-05-01 21:00:00,386.96,180.0,68.0,3.0,0.0,42.0,127.0,3.0
29206,2022-05-01 22:00:00,378.82,176.0,71.0,3.0,0.0,50.0,124.0,3.0
29207,2022-05-01 23:00:00,381.52,176.0,70.0,3.0,0.0,48.0,123.0,3.0
29208,2022-05-02 00:00:00,390.51,182.0,69.0,3.0,0.0,40.0,127.0,3.0
29209,2022-05-02 01:00:00,387.56,189.0,68.0,3.0,0.0,43.0,134.0,3.0
29210,2022-05-02 02:00:00,380.66,188.0,67.0,3.0,3.0,49.0,132.0,3.0
29211,2022-05-02 03:00:00,373.18,190.0,67.0,3.0,19.0,43.0,133.0,3.0
29212,2022-05-02 04:00:00,345.8,188.0,69.0,3.0,65.0,34.0,130.0,3.0
29213,2022-05-02 05:00:00,292.53,189.0,72.0,3.0,156.0,34.0,131.0,3.0
29214,2022-05-02 06:00:00,251.26,189.0,75.0,3.0,240.0,50.0,129.0,3.0
29215,2022-05-02 07:00:00,219.08,191.0,69.0,3.0,315.0,74.0,132.0,3.0
29216,2022-05-02 08:00:00,195.35,178.0,69.0,3.0,353.0,100.0,126.0,3.0
29217,2022-05-02 09:00:00,182.37,164.0,72.0,3.0,352.0,125.0,120.0,3.0
29218,2022-05-02 10:00:00,186.85,166.0,72.0,3.0,325.0,135.0,123.0,3.0
29219,2022-05-02 11:00:00,189.63,165.0,69.0,3.0,294.0,150.0,121.0,3.0
29220,2022-05-02 12:00:00,190.8,166.0,70.0,3.0,276.0,166.0,122.0,3.0
29221,2022-05-02 13:00:00,196.31,162.0,69.0,3.0,236.0,173.0,120.0,3.0
29222,2022-05-02 14:00:00,219.77,163.0,68.0,3.0,159.0,169.0,121.0,3.0
29223,2022-05-02 15:00:00,263.38,182.0,60.0,3.0,81.0,155.0,132.0,3.0
29224,2022-05-02 16:00:00,294.73,192.0,55.0,3.0,36.0,143.0,138.0,3.0
29225,2022-05-02 17:00:00,313.69,192.0,52.0,3.0,9.0,137.0,136.0,3.0
29226,2022-05-02 18:00:00,319.42,193.0,53.0,3.0,1.0,140.0,133.0,3.0
29227,2022-05-02 19:00:00,322.83,193.0,50.0,3.0,0.0,136.0,132.0,3.0
29228,2022-05-02 20:00:00,329.93,181.0,48.0,3.0,0.0,116.0,125.0,3.0
29229,2022-05-02 21:00:00,357.14,175.0,49.0,3.0,0.0,77.0,121.0,3.0
29230,2022-05-02 22:00:00,374.06,186.0,48.0,3.0,0.0,62.0,128.0,3.0
29231,2022-05-02 23:00:00,383.79,189.0,49.0,3.0,0.0,54.0,128.0,3.0
29232,2022-05-03 00:00:00,391.3,184.0,51.0,3.0,0.0,43.0,126.0,3.0
29233,2022-05-03 01:00:00,383.02,178.0,50.0,3.0,0.0,47.0,125.0,3.0
29234,2022-05-03 02:00:00,366.55,175.0,48.0,3.0,2.0,65.0,120.0,3.0
29235,2022-05-03 03:00:00,372.09,203.0,47.0,3.0,15.0,56.0,139.0,3.0
29236,2022-05-03 04:00:00,349.82,222.0,48.0,3.0,50.0,62.0,150.0,3.0
29237,2022-05-03 05:00:00,295.27,237.0,48.0,3.0,130.0,95.0,160.0,3.0
29238,2022-05-03 06:00:00,250.19,240.0,44.0,3.0,240.0,110.0,161.0,3.0
29239,2022-05-03 07:00:00,214.61,215.0,45.0,3.0,311.0,124.0,146.0,3.0
29240,2022-05-03 08:00:00,206.53,201.0,48.0,3.0,304.0,138.0,137.0,3.0
29241,2022-05-03 09:00:00,206.98,209.0,46.0,3.0,291.0,158.0,148.0,3.0
29242,2022-05-03 10:00:00,199.35,202.0,47.0,3.0,284.0,174.0,153.0,3.0
29243,2022-05-03 11:00:00,205.7,212.0,48.0,3.0,269.0,184.0,159.0,3.0
29244,2022-05-03 12:00:00,211.03,204.0,48.0,3.0,237.0,177.0,155.0,3.0
29245,2022-05-03 13:00:00,230.84,221.0,48.0,3.0,201.0,171.0,165.0,3.0
29246,2022-05-03 14:00:00,251.48,226.0,47.0,3.0,148.0,164.0,168.0,3.0
29247,2022-05-03 15:00:00,295.28,244.0,48.0,3.0,81.0,137.0,178.0,3.0
29248,2022-05-03 16:00:00,325.35,244.0,49.0,3.0,33.0,122.0,177.0,3.0
29249,2022-05-03 17:00:00,349.18,245.0,47.0,3.0,9.0,101.0,180.0,3.0
29250,2022-05-03 18:00:00,358.87,244.0,47.0,3.0,1.0,93.0,179.0,3.0
29251,2022-05-03 19:00:00,366.34,239.0,47.0,3.0,0.0,80.0,176.0,3.0
29252,2022-05-03 20:00:00,369.91,226.0,47.0,3.0,0.0,68.0,169.0,3.0
29253,2022-05-03 21:00:00,372.85,228.0,48.0,3.0,0.0,64.0,171.0,3.0
29254,2022-05-03 22:00:00,377.44,247.0,47.0,3.0,0.0,66.0,182.0,3.0
29255,2022-05-03 23:00:00,373.98,245.0,47.0,3.0,0.0,73.0,178.0,3.0
29256,2022-05-04 00:00:00,388.17,291.0,47.0,3.0,0.0,68.0,207.0,3.0
29257,2022-05-04 01:00:00,396.34,319.0,46.0,3.0,0.0,60.0,228.0,3.0
29258,2022-05-04 02:00:00,404.57,350.0,44.0,3.0,3.0,54.0,245.0,3.0
29259,2022-05-04 03:00:00,416.73,438.0,44.0,3.0,18.0,37.0,299.0,3.0
29260,2022-05-04 04:00:00,397.83,504.0,45.0,3.0,69.0,45.0,340.0,3.0
29261,2022-05-04 05:00:00,357.66,517.0,46.0,3.0,176.0,58.0,348.0,3.0
29262,2022-05-04 06:00:00,329.97,518.0,47.0,3.0,271.0,60.0,349.0,3.0
29263,2022-05-04 07:00:00,328.74,515.0,49.0,3.0,275.0,60.0,346.0,3.0
29264,2022-05-04 08:00:00,333.85,522.0,51.0,3.0,265.0,56.0,350.0,3.0
29265,2022-05-04 09:00:00,332.38,524.0,50.0,3.0,269.0,58.0,352.0,3.0
29266,2022-05-04 10:00:00,324.04,520.0,50.0,3.0,288.0,69.0,349.0,3.0
29267,2022-05-04 11:00:00,320.95,514.0,49.0,3.0,291.0,73.0,346.0,3.0
29268,2022-05-04 12:00:00,319.47,512.0,48.0,3.0,296.0,71.0,346.0,3.0
29269,2022-05-04 13:00:00,326.77,501.0,49.0,3.0,266.0,65.0,339.0,3.0
29270,2022-05-04 14:00:00,351.15,520.0,49.0,3.0,204.0,52.0,351.0,3.0
29271,2022-05-04 15:00:00,386.3,533.0,49.0,3.0,113.0,41.0,358.0,3.0
29272,2022-05-04 16:00:00,424.32,531.0,48.0,3.0,36.0,19.0,357.0,3.0
29273,2022-05-04 17:00:00,438.99,531.0,46.0,3.0,9.0,13.0,357.0,3.0
29274,2022-05-04 18:00:00,441.17,518.0,45.0,3.0,1.0,14.0,350.0,3.0
29275,2022-05-04 19:00:00,437.18,520.0,45.0,3.0,0.0,23.0,352.0,3.0
29276,2022-05-04 20:00:00,436.8,527.0,45.0,3.0,0.0,25.0,356.0,3.0
29277,2022-05-04 21:00:00,405.18,269.0,44.0,3.0,0.0,32.0,198.0,3.0
29278,2022-05-04 22:00:00,401.72,285.0,44.0,3.0,0.0,42.0,207.0,3.0
29279,2022-05-04 23:00:00,399.33,279.0,45.0,3.0,0.0,45.0,202.0,3.0
29280,2022-05-05 00:00:00,391.1,265.0,44.0,3.0,0.0,51.0,195.0,3.0
29281,2022-05-05 01:00:00,396.01,277.0,45.0,3.0,0.0,46.0,204.0,3.0
29282,2022-05-05 02:00:00,396.39,284.0,43.0,3.0,4.0,45.0,207.0,3.0
29283,2022-05-05 03:00:00,390.49,337.0,44.0,3.0,22.0,54.0,239.0,3.0
29284,2022-05-05 04:00:00,395.78,507.0,45.0,3.0,58.0,61.0,343.0,3.0
29285,2022-05-05 05:00:00,372.57,519.0,48.0,3.0,124.0,64.0,350.0,3.0
29286,2022-05-05 06:00:00,348.32,523.0,47.0,3.0,198.0,71.0,351.0,3.0
29287,2022-05-05 07:00:00,319.2,503.0,50.0,3.0,275.0,87.0,340.0,3.0
29288,2022-05-05 08:00:00,308.16,507.0,50.0,3.0,318.0,96.0,339.0,3.0
29289,2022-05-05 09:00:00,281.82,418.0,50.0,3.0,338.0,102.0,285.0,3.0
29290,2022-05-05 10:00:00,258.79,348.0,52.0,3.0,340.0,115.0,242.0,3.0
29291,2022-05-05 11:00:00,247.92,298.0,62.0,3.0,332.0,105.0,210.0,3.0
29292,2022-05-05 12:00:00,250.95,274.0,66.0,3.0,299.0,93.0,196.0,3.0
29293,2022-05-05 13:00:00,257.43,245.0,64.0,3.0,236.0,91.0,180.0,3.0
29294,2022-05-05 14:00:00,290.42,244.0,64.0,3.0,154.0,80.0,178.0,3.0
29295,2022-05-05 15:00:00,348.91,310.0,63.0,3.0,74.0,75.0,219.0,3.0
29296,2022-05-05 16:00:00,378.3,300.0,57.0,3.0,27.0,60.0,213.0,3.0
29297,2022-05-05 17:00:00,389.6,317.0,36.0,3.0,7.0,67.0,224.0,3.0
29298,2022-05-05 18:00:00,402.18,309.0,40.0,3.0,1.0,49.0,220.0,3.0
29299,2022-05-05 19:00:00,399.08,309.0,38.0,3.0,0.0,55.0,220.0,3.0
29300,2022-05-05 20:00:00,397.45,267.0,42.0,3.0,0.0,44.0,195.0,3.0
29301,2022-05-05 21:00:00,389.21,220.0,41.0,3.0,0.0,39.0,167.0,3.0
29302,2022-05-05 22:00:00,379.57,204.0,40.0,3.0,0.0,40.0,162.0,3.0
29303,2022-05-05 23:00:00,369.62,201.0,38.0,3.0,0.0,50.0,161.0,3.0
29304,2022-05-06 00:00:00,365.62,201.0,39.0,3.0,0.0,54.0,162.0,3.0
29305,2022-05-06 01:00:00,365.68,202.0,39.0,3.0,0.0,54.0,163.0,3.0
29306,2022-05-06 02:00:00,365.02,204.0,39.0,3.0,4.0,53.0,163.0,3.0
29307,2022-05-06 03:00:00,381.55,288.0,39.0,3.0,20.0,55.0,208.0,3.0
29308,2022-05-06 04:00:00,378.57,305.0,38.0,3.0,69.0,39.0,197.0,3.0
29309,2022-05-06 05:00:00,332.42,308.0,41.0,3.0,166.0,36.0,198.0,3.0
29310,2022-05-06 06:00:00,286.33,300.0,40.0,3.0,270.0,45.0,193.0,3.0
29311,2022-05-06 07:00:00,260.78,298.0,38.0,3.0,345.0,52.0,190.0,3.0
29312,2022-05-06 08:00:00,254.73,303.0,38.0,3.0,372.0,56.0,191.0,3.0
29313,2022-05-06 09:00:00,256.35,293.0,42.0,3.0,354.0,51.0,190.0,3.0
29314,2022-05-06 10:00:00,265.85,297.0,42.0,3.0,317.0,46.0,206.0,3.0
29315,2022-05-06 11:00:00,257.57,264.0,42.0,3.0,300.0,45.0,189.0,3.0
29316,2022-05-06 12:00:00,244.53,221.0,43.0,3.0,278.0,48.0,163.0,3.0
29317,2022-05-06 13:00:00,259.37,217.0,41.0,3.0,238.0,38.0,161.0,3.0
29318,2022-05-06 14:00:00,302.61,256.0,42.0,3.0,179.0,32.0,185.0,3.0
29319,2022-05-06 15:00:00,353.07,276.0,42.0,3.0,100.0,23.0,196.0,3.0
29320,2022-05-06 16:00:00,398.79,301.0,41.0,3.0,36.0,20.0,212.0,3.0
29321,2022-05-06 17:00:00,417.74,313.0,40.0,3.0,11.0,19.0,220.0,3.0
29322,2022-05-06 18:00:00,426.39,312.0,39.0,3.0,1.0,16.0,220.0,3.0
29323,2022-05-06 19:00:00,430.28,311.0,38.0,3.0,0.0,12.0,219.0,3.0
29324,2022-05-06 20:00:00,418.02,312.0,38.0,3.0,0.0,28.0,221.0,3.0
29325,2022-05-06 21:00:00,396.61,296.0,38.0,3.0,0.0,53.0,214.0,3.0
29326,2022-05-06 22:00:00,361.03,250.0,38.0,3.0,0.0,57.0,219.0,3.0
29327,2022-05-06 23:00:00,356.14,229.0,38.0,3.0,0.0,56.0,204.0,3.0
29328,2022-05-07 00:00:00,365.14,255.0,39.0,3.0,0.0,54.0,221.0,3.0
29329,2022-05-07 01:00:00,360.75,255.0,39.0,3.0,0.0,58.0,224.0,3.0
29330,2022-05-07 02:00:00,354.68,241.0,40.0,3.0,4.0,57.0,215.0,3.0
29331,2022-05-07 03:00:00,339.13,218.0,37.0,3.0,21.0,52.0,200.0,3.0
29332,2022-05-07 04:00:00,327.71,247.0,38.0,3.0,70.0,43.0,217.0,3.0
29333,2022-05-07 05:00:00,275.3,234.0,40.0,3.0,169.0,48.0,209.0,3.0
29334,2022-05-07 06:00:00,235.73,238.0,41.0,3.0,275.0,68.0,211.0,3.0
29335,2022-05-07 07:00:00,205.55,222.0,41.0,3.0,342.0,90.0,202.0,3.0
29336,2022-05-07 08:00:00,179.42,185.0,44.0,3.0,360.0,111.0,178.0,3.0
29337,2022-05-07 09:00:00,184.83,193.0,44.0,3.0,349.0,116.0,183.0,3.0
29338,2022-05-07 10:00:00,214.92,233.0,43.0,3.0,307.0,109.0,208.0,3.0
29339,2022-05-07 11:00:00,222.56,226.0,43.0,3.0,264.0,109.0,203.0,3.0
29340,2022-05-07 12:00:00,244.1,227.0,43.0,3.0,208.0,91.0,204.0,3.0
29341,2022-05-07 13:00:00,282.81,241.0,43.0,3.0,136.0,72.0,212.0,3.0
29342,2022-05-07 14:00:00,308.71,247.0,42.0,3.0,82.0,71.0,216.0,3.0
29343,2022-05-07 15:00:00,317.11,251.0,42.0,3.0,46.0,92.0,219.0,3.0
29344,2022-05-07 16:00:00,347.14,250.0,41.0,3.0,18.0,63.0,218.0,3.0
29345,2022-05-07 17:00:00,347.28,246.0,41.0,3.0,5.0,73.0,216.0,3.0
29346,2022-05-07 18:00:00,348.16,249.0,40.0,3.0,0.0,77.0,219.0,3.0
29347,2022-05-07 19:00:00,352.3,255.0,40.0,3.0,0.0,74.0,222.0,3.0
29348,2022-05-07 20:00:00,348.87,256.0,39.0,3.0,0.0,81.0,222.0,3.0
29349,2022-05-07 21:00:00,354.16,250.0,37.0,3.0,0.0,69.0,218.0,3.0
29350,2022-05-07 22:00:00,355.62,253.0,36.0,3.0,0.0,68.0,220.0,3.0
29351,2022-05-07 23:00:00,350.26,224.0,36.0,3.0,0.0,62.0,201.0,3.0
29352,2022-05-08 00:00:00,349.45,216.0,39.0,3.0,0.0,59.0,196.0,3.0
29353,2022-05-08 01:00:00,334.69,200.0,35.0,3.0,0.0,68.0,189.0,3.0
29354,2022-05-08 02:00:00,339.68,214.0,35.0,3.0,5.0,66.0,196.0,3.0
29355,2022-05-08 03:00:00,323.66,205.0,37.0,3.0,25.0,65.0,191.0,3.0
29356,2022-05-08 04:00:00,307.7,236.0,37.0,3.0,75.0,71.0,208.0,3.0
29357,2022-05-08 05:00:00,264.46,240.0,37.0,3.0,175.0,79.0,211.0,3.0
29358,2022-05-08 06:00:00,221.08,223.0,38.0,3.0,284.0,86.0,201.0,3.0
29359,2022-05-08 07:00:00,172.75,164.0,39.0,3.0,349.0,93.0,164.0,3.0
29360,2022-05-08 08:00:00,151.69,147.0,39.0,3.0,384.0,113.0,154.0,3.0
29361,2022-05-08 09:00:00,145.62,144.0,40.0,3.0,389.0,133.0,153.0,3.0
29362,2022-05-08 10:00:00,148.56,149.0,39.0,3.0,377.0,144.0,156.0,3.0
29363,2022-05-08 11:00:00,156.9,160.0,39.0,3.0,362.0,148.0,163.0,3.0
29364,2022-05-08 12:00:00,153.02,149.0,40.0,3.0,350.0,146.0,157.0,3.0
29365,2022-05-08 13:00:00,156.67,144.0,40.0,3.0,310.0,149.0,155.0,3.0
29366,2022-05-08 14:00:00,208.5,186.0,41.0,3.0,218.0,128.0,180.0,3.0
29367,2022-05-08 15:00:00,265.26,232.0,40.0,3.0,116.0,125.0,208.0,3.0
29368,2022-05-08 16:00:00,320.36,254.0,39.0,3.0,41.0,92.0,221.0,3.0
29369,2022-05-08 17:00:00,346.89,254.0,38.0,3.0,11.0,72.0,221.0,3.0
29370,2022-05-08 18:00:00,354.68,241.0,40.0,3.0,1.0,62.0,213.0,3.0
29371,2022-05-08 19:00:00,358.44,249.0,38.0,3.0,0.0,61.0,218.0,3.0
29372,2022-05-08 20:00:00,357.94,242.0,40.0,3.0,0.0,59.0,213.0,3.0
29373,2022-05-08 21:00:00,356.22,229.0,41.0,3.0,0.0,55.0,205.0,3.0
29374,2022-05-08 22:00:00,363.74,252.0,42.0,3.0,0.0,55.0,219.0,3.0
29375,2022-05-08 23:00:00,369.07,274.0,39.0,3.0,0.0,57.0,232.0,3.0
29376,2022-05-09 00:00:00,374.79,284.0,39.0,3.0,0.0,53.0,237.0,3.0
29377,2022-05-09 01:00:00,380.87,310.0,39.0,3.0,0.0,50.0,256.0,3.0
29378,2022-05-09 02:00:00,392.47,334.0,38.0,3.0,6.0,45.0,258.0,3.0
29379,2022-05-09 03:00:00,400.19,371.0,38.0,3.0,25.0,38.0,266.0,3.0
29380,2022-05-09 04:00:00,388.6,396.0,40.0,3.0,68.0,32.0,275.0,3.0
29381,2022-05-09 05:00:00,373.81,446.0,39.0,3.0,147.0,34.0,278.0,3.0
29382,2022-05-09 06:00:00,349.07,484.0,38.0,3.0,247.0,51.0,273.0,3.0
29383,2022-05-09 07:00:00,321.18,477.0,39.0,3.0,321.0,71.0,265.0,3.0
29384,2022-05-09 08:00:00,320.01,478.0,41.0,3.0,317.0,79.0,267.0,3.0
29385,2022-05-09 09:00:00,317.79,470.0,40.0,3.0,299.0,100.0,261.0,3.0
29386,2022-05-09 10:00:00,320.22,476.0,38.0,3.0,291.0,105.0,263.0,3.0
29387,2022-05-09 11:00:00,322.81,474.0,39.0,3.0,284.0,101.0,262.0,3.0
29388,2022-05-09 12:00:00,336.32,485.0,39.0,3.0,260.0,85.0,269.0,3.0
29389,2022-05-09 13:00:00,350.08,496.0,40.0,3.0,225.0,80.0,277.0,3.0
29390,2022-05-09 14:00:00,373.26,491.0,41.0,3.0,160.0,73.0,274.0,3.0
29391,2022-05-09 15:00:00,399.88,496.0,40.0,3.0,103.0,62.0,277.0,3.0
29392,2022-05-09 16:00:00,433.12,491.0,38.0,3.0,39.0,51.0,273.0,3.0
29393,2022-05-09 17:00:00,448.32,489.0,39.0,3.0,12.0,47.0,272.0,3.0
29394,2022-05-09 18:00:00,457.98,480.0,38.0,3.0,1.0,40.0,266.0,3.0
29395,2022-05-09 19:00:00,451.88,487.0,38.0,3.0,0.0,51.0,272.0,3.0
29396,2022-05-09 20:00:00,454.22,446.0,38.0,3.0,0.0,45.0,246.0,3.0
29397,2022-05-09 21:00:00,438.97,346.0,38.0,3.0,0.0,42.0,203.0,3.0
29398,2022-05-09 22:00:00,413.41,287.0,36.0,3.0,0.0,59.0,176.0,3.0
29399,2022-05-09 23:00:00,400.8,255.0,37.0,3.0,0.0,65.0,159.0,3.0
29400,2022-05-10 00:00:00,388.3,249.0,38.0,3.0,0.0,79.0,156.0,3.0
29401,2022-05-10 01:00:00,380.4,248.0,37.0,3.0,0.0,89.0,156.0,3.0
29402,2022-05-10 02:00:00,374.84,250.0,37.0,3.0,6.0,92.0,157.0,3.0
29403,2022-05-10 03:00:00,392.77,342.0,37.0,3.0,22.0,97.0,197.0,3.0
29404,2022-05-10 04:00:00,372.57,367.0,38.0,3.0,74.0,97.0,209.0,3.0
29405,2022-05-10 05:00:00,337.84,397.0,40.0,3.0,173.0,109.0,217.0,3.0
29406,2022-05-10 06:00:00,304.84,404.0,38.0,3.0,272.0,121.0,218.0,3.0
29407,2022-05-10 07:00:00,286.59,404.0,40.0,2.0,341.0,122.0,217.0,3.0
29408,2022-05-10 08:00:00,240.17,302.0,41.0,3.0,378.0,115.0,184.0,3.0
29409,2022-05-10 09:00:00,233.47,283.0,40.0,3.0,392.0,95.0,176.0,3.0
29410,2022-05-10 10:00:00,229.01,280.0,41.0,3.0,397.0,104.0,175.0,3.0
29411,2022-05-10 11:00:00,224.16,267.0,37.0,3.0,390.0,108.0,166.0,3.0
29412,2022-05-10 12:00:00,231.41,266.0,35.0,3.0,355.0,109.0,166.0,3.0
29413,2022-05-10 13:00:00,281.05,341.0,34.0,3.0,281.0,105.0,206.0,3.0
29414,2022-05-10 14:00:00,334.5,393.0,37.0,3.0,184.0,98.0,221.0,3.0
29415,2022-05-10 15:00:00,373.83,418.0,40.0,3.0,106.0,98.0,226.0,3.0
29416,2022-05-10 16:00:00,408.02,412.0,39.0,3.0,47.0,80.0,223.0,3.0
29417,2022-05-10 17:00:00,432.43,405.0,40.0,3.0,15.0,67.0,217.0,3.0
29418,2022-05-10 18:00:00,439.58,408.0,40.0,3.0,1.0,68.0,220.0,3.0
29419,2022-05-10 19:00:00,431.01,363.0,43.0,3.0,0.0,74.0,195.0,3.0
29420,2022-05-10 20:00:00,402.66,284.0,41.0,3.0,0.0,70.0,177.0,3.0
29421,2022-05-10 21:00:00,375.68,260.0,38.0,3.0,0.0,101.0,163.0,3.0
29422,2022-05-10 22:00:00,364.69,247.0,37.0,3.0,0.0,117.0,150.0,3.0
29423,2022-05-10 23:00:00,367.2,244.0,39.0,3.0,0.0,122.0,138.0,3.0
29424,2022-05-11 00:00:00,363.9,244.0,40.0,3.0,0.0,127.0,138.0,3.0
29425,2022-05-11 01:00:00,359.42,245.0,39.0,3.0,0.0,132.0,141.0,3.0
29426,2022-05-11 02:00:00,360.86,247.0,40.0,3.0,4.0,128.0,141.0,3.0
29427,2022-05-11 03:00:00,359.06,257.0,40.0,3.0,20.0,115.0,152.0,3.0
29428,2022-05-11 04:00:00,378.74,357.0,40.0,3.0,43.0,110.0,204.0,3.0
29429,2022-05-11 05:00:00,401.69,418.0,40.0,3.0,45.0,96.0,227.0,3.0
29430,2022-05-11 06:00:00,414.8,409.0,42.0,3.0,44.0,72.0,218.0,3.0
29431,2022-05-11 07:00:00,412.01,417.0,43.0,3.0,51.0,73.0,222.0,3.0
29432,2022-05-11 08:00:00,382.86,405.0,43.0,3.0,98.0,83.0,215.0,3.0
29433,2022-05-11 09:00:00,349.04,397.0,44.0,3.0,142.0,108.0,219.0,3.0
29434,2022-05-11 10:00:00,333.18,398.0,45.0,3.0,188.0,119.0,207.0,3.0
29435,2022-05-11 11:00:00,322.18,382.0,44.0,3.0,202.0,129.0,194.0,3.0
29436,2022-05-11 12:00:00,321.7,384.0,43.0,3.0,210.0,119.0,200.0,3.0
29437,2022-05-11 13:00:00,319.7,395.0,42.0,3.0,227.0,102.0,221.0,3.0
29438,2022-05-11 14:00:00,330.5,366.0,43.0,3.0,188.0,79.0,213.0,3.0
29439,2022-05-11 15:00:00,385.08,408.0,44.0,3.0,100.0,75.0,219.0,3.0
29440,2022-05-11 16:00:00,428.51,410.0,38.0,3.0,40.0,51.0,219.0,3.0
29441,2022-05-11 17:00:00,452.66,419.0,40.0,3.0,14.0,37.0,224.0,3.0
29442,2022-05-11 18:00:00,449.35,401.0,40.0,3.0,2.0,52.0,214.0,3.0
29443,2022-05-11 19:00:00,447.89,412.0,40.0,3.0,0.0,58.0,220.0,3.0
29444,2022-05-11 20:00:00,428.41,330.0,40.0,3.0,0.0,49.0,199.0,3.0
29445,2022-05-11 21:00:00,417.92,284.0,40.0,3.0,0.0,48.0,178.0,3.0
29446,2022-05-11 22:00:00,410.67,264.0,38.0,3.0,0.0,58.0,161.0,3.0
29447,2022-05-11 23:00:00,426.11,267.0,40.0,3.0,0.0,48.0,154.0,3.0
29448,2022-05-12 00:00:00,421.41,272.0,38.0,3.0,0.0,53.0,159.0,3.0
29449,2022-05-12 01:00:00,414.74,273.0,41.0,3.0,0.0,56.0,165.0,3.0
29450,2022-05-12 02:00:00,416.34,256.0,40.0,3.0,3.0,49.0,153.0,3.0
29451,2022-05-12 03:00:00,426.99,340.0,39.0,3.0,11.0,49.0,198.0,3.0
29452,2022-05-12 04:00:00,445.88,417.0,39.0,3.0,22.0,41.0,222.0,3.0
29453,2022-05-12 05:00:00,445.07,412.0,38.0,3.0,32.0,32.0,219.0,3.0
29454,2022-05-12 06:00:00,441.45,408.0,39.0,3.0,40.0,30.0,216.0,3.0
29455,2022-05-12 07:00:00,436.27,411.0,39.0,3.0,47.0,32.0,218.0,3.0
29456,2022-05-12 08:00:00,434.83,409.0,39.0,3.0,49.0,32.0,217.0,3.0
29457,2022-05-12 09:00:00,414.44,403.0,39.0,3.0,74.0,43.0,213.0,3.0
29458,2022-05-12 10:00:00,385.68,401.0,41.0,3.0,105.0,70.0,211.0,3.0
29459,2022-05-12 11:00:00,351.84,356.0,41.0,3.0,132.0,80.0,202.0,3.0
29460,2022-05-12 12:00:00,328.15,324.0,42.0,3.0,155.0,82.0,194.0,3.0
29461,2022-05-12 13:00:00,296.8,257.0,41.0,3.0,150.0,101.0,160.0,3.0
29462,2022-05-12 14:00:00,294.63,263.0,42.0,3.0,135.0,126.0,165.0,3.0
29463,2022-05-12 15:00:00,354.99,351.0,40.0,3.0,80.0,123.0,198.0,3.0
29464,2022-05-12 16:00:00,371.63,345.0,40.0,3.0,34.0,120.0,205.0,3.0
29465,2022-05-12 17:00:00,398.8,366.0,39.0,3.0,13.0,100.0,214.0,3.0
29466,2022-05-12 18:00:00,408.74,402.0,39.0,3.0,2.0,114.0,224.0,3.0
29467,2022-05-12 19:00:00,399.28,379.0,37.0,3.0,0.0,120.0,218.0,3.0
29468,2022-05-12 20:00:00,397.2,378.0,38.0,3.0,0.0,116.0,225.0,3.0
29469,2022-05-12 21:00:00,384.93,314.0,37.0,3.0,0.0,101.0,202.0,3.0
29470,2022-05-12 22:00:00,382.17,293.0,37.0,3.0,0.0,100.0,187.0,3.0
29471,2022-05-12 23:00:00,369.82,260.0,38.0,3.0,0.0,115.0,158.0,3.0
29472,2022-05-13 00:00:00,383.87,254.0,38.0,3.0,0.0,91.0,155.0,3.0
29473,2022-05-13 01:00:00,379.68,249.0,38.0,3.0,0.0,90.0,157.0,3.0
29474,2022-05-13 02:00:00,376.24,253.0,39.0,3.0,6.0,96.0,154.0,3.0
29475,2022-05-13 03:00:00,397.19,332.0,38.0,3.0,23.0,95.0,181.0,3.0
29476,2022-05-13 04:00:00,391.12,394.0,37.0,3.0,69.0,87.0,212.0,3.0
29477,2022-05-13 05:00:00,368.38,399.0,35.0,3.0,142.0,69.0,212.0,3.0
29478,2022-05-13 06:00:00,335.09,400.0,35.0,3.0,228.0,74.0,208.0,3.0
29479,2022-05-13 07:00:00,309.52,397.0,34.0,3.0,285.0,88.0,211.0,3.0
29480,2022-05-13 08:00:00,293.19,390.0,35.0,3.0,307.0,115.0,208.0,3.0
29481,2022-05-13 09:00:00,288.11,390.0,36.0,3.0,306.0,133.0,210.0,3.0
29482,2022-05-13 10:00:00,274.45,366.0,35.0,3.0,310.0,138.0,212.0,3.0
29483,2022-05-13 11:00:00,268.75,347.0,38.0,3.0,300.0,133.0,216.0,3.0
29484,2022-05-13 12:00:00,276.19,355.0,38.0,3.0,282.0,139.0,214.0,3.0
29485,2022-05-13 13:00:00,273.18,314.0,37.0,3.0,242.0,136.0,195.0,3.0
29486,2022-05-13 14:00:00,290.6,295.0,35.0,3.0,181.0,121.0,184.0,3.0
29487,2022-05-13 15:00:00,369.47,391.0,37.0,3.0,105.0,93.0,214.0,3.0
29488,2022-05-13 16:00:00,417.15,399.0,36.0,3.0,42.0,68.0,212.0,3.0
29489,2022-05-13 17:00:00,436.8,401.0,37.0,3.0,14.0,62.0,213.0,3.0
29490,2022-05-13 18:00:00,441.38,400.0,35.0,3.0,2.0,66.0,213.0,3.0
29491,2022-05-13 19:00:00,436.0,373.0,34.0,3.0,0.0,72.0,198.0,3.0
29492,2022-05-13 20:00:00,414.05,308.0,33.0,3.0,0.0,63.0,189.0,3.0
29493,2022-05-13 21:00:00,391.39,250.0,34.0,3.0,0.0,64.0,168.0,3.0
29494,2022-05-13 22:00:00,395.18,249.0,35.0,3.0,0.0,61.0,165.0,3.0
29495,2022-05-13 23:00:00,403.86,249.0,34.0,3.0,0.0,63.0,152.0,3.0
29496,2022-05-14 00:00:00,406.46,248.0,33.0,3.0,0.0,58.0,153.0,3.0
29497,2022-05-14 01:00:00,407.98,257.0,32.0,3.0,0.0,50.0,167.0,3.0
29498,2022-05-14 02:00:00,413.03,256.0,31.0,3.0,8.0,39.0,163.0,3.0
29499,2022-05-14 03:00:00,403.21,256.0,34.0,2.0,31.0,34.0,158.0,3.0
29500,2022-05-14 04:00:00,380.35,283.0,37.0,2.0,76.0,29.0,176.0,3.0
29501,2022-05-14 05:00:00,386.87,390.0,37.0,2.0,133.0,26.0,215.0,3.0
29502,2022-05-14 06:00:00,346.38,361.0,43.0,3.0,188.0,33.0,212.0,3.0
29503,2022-05-14 07:00:00,340.03,388.0,42.0,3.0,231.0,33.0,218.0,3.0
29504,2022-05-14 08:00:00,338.8,377.0,35.0,3.0,215.0,38.0,218.0,3.0
29505,2022-05-14 09:00:00,343.01,348.0,37.0,3.0,178.0,38.0,209.0,3.0
29506,2022-05-14 10:00:00,329.7,315.0,38.0,3.0,174.0,44.0,197.0,3.0
29507,2022-05-14 11:00:00,317.96,255.0,37.0,3.0,163.0,38.0,159.0,3.0
29508,2022-05-14 12:00:00,323.24,249.0,36.0,3.0,150.0,36.0,155.0,3.0
29509,2022-05-14 13:00:00,339.27,253.0,35.0,3.0,128.0,29.0,159.0,3.0
29510,2022-05-14 14:00:00,365.76,268.0,36.0,3.0,97.0,23.0,168.0,3.0
29511,2022-05-14 15:00:00,405.71,317.0,35.0,3.0,66.0,21.0,185.0,3.0
29512,2022-05-14 16:00:00,434.54,369.0,36.0,3.0,33.0,20.0,216.0,3.0
29513,2022-05-14 17:00:00,463.04,409.0,35.0,3.0,11.0,21.0,221.0,3.0
29514,2022-05-14 18:00:00,465.51,401.0,36.0,3.0,2.0,26.0,216.0,3.0
29515,2022-05-14 19:00:00,460.91,408.0,38.0,3.0,0.0,35.0,220.0,3.0
29516,2022-05-14 20:00:00,430.69,356.0,37.0,3.0,0.0,51.0,214.0,3.0
29517,2022-05-14 21:00:00,398.51,308.0,38.0,3.0,0.0,73.0,202.0,3.0
29518,2022-05-14 22:00:00,392.37,291.0,36.0,3.0,0.0,81.0,188.0,3.0
29519,2022-05-14 23:00:00,408.71,319.0,36.0,3.0,0.0,74.0,195.0,3.0
29520,2022-05-15 00:00:00,386.69,256.0,37.0,3.0,0.0,81.0,163.0,3.0
29521,2022-05-15 01:00:00,373.03,259.0,37.0,3.0,0.0,101.0,166.0,3.0
29522,2022-05-15 02:00:00,370.19,252.0,34.0,3.0,6.0,94.0,164.0,3.0
29523,2022-05-15 03:00:00,366.9,266.0,35.0,3.0,24.0,85.0,175.0,3.0
29524,2022-05-15 04:00:00,336.41,260.0,35.0,3.0,85.0,82.0,163.0,3.0
29525,2022-05-15 05:00:00,294.45,270.0,36.0,3.0,194.0,82.0,160.0,3.0
29526,2022-05-15 06:00:00,242.73,248.0,37.0,3.0,299.0,95.0,155.0,3.0
29527,2022-05-15 07:00:00,222.13,249.0,35.0,3.0,356.0,117.0,155.0,3.0
29528,2022-05-15 08:00:00,218.01,253.0,36.0,3.0,360.0,138.0,158.0,3.0
29529,2022-05-15 09:00:00,213.76,246.0,36.0,3.0,342.0,161.0,154.0,3.0
29530,2022-05-15 10:00:00,220.54,258.0,37.0,3.0,338.0,161.0,159.0,3.0
29531,2022-05-15 11:00:00,214.52,248.0,35.0,3.0,333.0,174.0,151.0,3.0
29532,2022-05-15 12:00:00,213.82,246.0,35.0,3.0,321.0,183.0,152.0,3.0
29533,2022-05-15 13:00:00,231.49,265.0,36.0,3.0,277.0,184.0,167.0,3.0
29534,2022-05-15 14:00:00,251.82,266.0,37.0,3.0,217.0,170.0,168.0,3.0
29535,2022-05-15 15:00:00,299.58,285.0,35.0,3.0,126.0,137.0,183.0,3.0
29536,2022-05-15 16:00:00,363.4,346.0,35.0,3.0,44.0,113.0,220.0,3.0
29537,2022-05-15 17:00:00,405.48,400.0,34.0,3.0,14.0,107.0,224.0,3.0
29538,2022-05-15 18:00:00,420.12,408.0,35.0,3.0,2.0,95.0,227.0,3.0
29539,2022-05-15 19:00:00,424.79,411.0,34.0,3.0,0.0,92.0,226.0,3.0
29540,2022-05-15 20:00:00,423.48,397.0,36.0,3.0,0.0,87.0,222.0,3.0
29541,2022-05-15 21:00:00,387.26,288.0,37.0,3.0,0.0,88.0,186.0,3.0
29542,2022-05-15 22:00:00,376.19,248.0,37.0,3.0,0.0,95.0,156.0,3.0
29543,2022-05-15 23:00:00,370.72,248.0,37.0,3.0,0.0,109.0,150.0,3.0
29544,2022-05-16 00:00:00,364.27,251.0,37.0,3.0,0.0,118.0,154.0,3.0
29545,2022-05-16 01:00:00,325.37,252.0,37.0,3.0,70.0,113.0,158.0,3.0
29546,2022-05-16 02:00:00,370.89,253.0,36.0,3.0,7.0,102.0,155.0,3.0
29547,2022-05-16 03:00:00,404.77,369.0,36.0,3.0,26.0,95.0,198.0,3.0
29548,2022-05-16 04:00:00,384.76,407.0,37.0,3.0,75.0,103.0,216.0,3.0
29549,2022-05-16 05:00:00,346.23,418.0,36.0,3.0,163.0,114.0,224.0,3.0
29550,2022-05-16 06:00:00,320.73,425.0,36.0,3.0,246.0,114.0,227.0,3.0
29551,2022-05-16 07:00:00,293.39,406.0,36.0,3.0,314.0,127.0,214.0,3.0
29552,2022-05-16 08:00:00,284.08,399.0,38.0,3.0,328.0,138.0,214.0,3.0
29553,2022-05-16 09:00:00,291.8,394.0,37.0,3.0,289.0,141.0,212.0,3.0
29554,2022-05-16 10:00:00,296.3,400.0,37.0,3.0,267.0,156.0,212.0,3.0
29555,2022-05-16 11:00:00,300.63,401.0,37.0,3.0,264.0,148.0,209.0,3.0
29556,2022-05-16 12:00:00,291.07,379.0,35.0,3.0,260.0,155.0,205.0,3.0
29557,2022-05-16 13:00:00,291.87,370.0,36.0,3.0,255.0,143.0,205.0,3.0
29558,2022-05-16 14:00:00,301.64,352.0,37.0,3.0,204.0,137.0,202.0,3.0
29559,2022-05-16 15:00:00,337.93,351.0,37.0,3.0,119.0,120.0,202.0,3.0
29560,2022-05-16 16:00:00,380.3,359.0,36.0,3.0,44.0,107.0,205.0,3.0
29561,2022-05-16 17:00:00,420.44,405.0,35.0,3.0,15.0,89.0,217.0,3.0
29562,2022-05-16 18:00:00,436.2,410.0,35.0,3.0,3.0,74.0,220.0,3.0
29563,2022-05-16 19:00:00,432.96,413.0,34.0,3.0,0.0,84.0,221.0,3.0
29564,2022-05-16 20:00:00,438.3,404.0,35.0,3.0,0.0,74.0,215.0,3.0
29565,2022-05-16 21:00:00,424.56,307.0,36.0,3.0,0.0,55.0,181.0,3.0
29566,2022-05-16 22:00:00,414.34,274.0,35.0,3.0,0.0,55.0,168.0,3.0
29567,2022-05-16 23:00:00,411.86,282.0,35.0,3.0,0.0,64.0,169.0,3.0
29568,2022-05-17 00:00:00,400.73,296.0,35.0,3.0,0.0,80.0,181.0,3.0
29569,2022-05-17 01:00:00,406.7,335.0,36.0,3.0,0.0,83.0,203.0,3.0
29570,2022-05-17 02:00:00,411.67,361.0,36.0,3.0,5.0,80.0,215.0,3.0
29571,2022-05-17 03:00:00,399.72,372.0,35.0,3.0,18.0,87.0,226.0,3.0
29572,2022-05-17 04:00:00,402.78,437.0,35.0,3.0,53.0,91.0,239.0,3.0
29573,2022-05-17 05:00:00,377.67,498.0,35.0,3.0,117.0,113.0,272.0,3.0
29574,2022-05-17 06:00:00,356.53,485.0,35.0,3.0,157.0,122.0,270.0,3.0
29575,2022-05-17 07:00:00,357.09,498.0,35.0,3.0,173.0,115.0,274.0,3.0
29576,2022-05-17 08:00:00,361.31,506.0,36.0,3.0,175.0,105.0,278.0,3.0
29577,2022-05-17 09:00:00,360.18,493.0,35.0,3.0,178.0,100.0,269.0,3.0
29578,2022-05-17 10:00:00,361.61,496.0,34.0,3.0,177.0,98.0,271.0,3.0
29579,2022-05-17 11:00:00,364.71,498.0,35.0,3.0,172.0,96.0,271.0,3.0
29580,2022-05-17 12:00:00,374.09,499.0,35.0,3.0,154.0,87.0,272.0,3.0
29581,2022-05-17 13:00:00,388.41,506.0,32.0,3.0,122.0,80.0,279.0,3.0
29582,2022-05-17 14:00:00,407.5,512.0,34.0,3.0,86.0,69.0,283.0,3.0
29583,2022-05-17 15:00:00,426.66,527.0,36.0,3.0,57.0,58.0,290.0,3.0
29584,2022-05-17 16:00:00,446.53,546.0,36.0,3.0,30.0,43.0,302.0,3.0
29585,2022-05-17 17:00:00,455.17,590.0,37.0,3.0,11.0,47.0,328.0,3.0
29586,2022-05-17 18:00:00,457.82,612.0,35.0,3.0,2.0,50.0,343.0,3.0
29587,2022-05-17 19:00:00,456.55,622.0,38.0,3.0,0.0,55.0,349.0,3.0
29588,2022-05-17 20:00:00,455.34,610.0,37.0,3.0,0.0,57.0,342.0,3.0
29589,2022-05-17 21:00:00,448.86,522.0,38.0,3.0,0.0,52.0,301.0,3.0
29590,2022-05-17 22:00:00,427.15,386.0,36.0,3.0,0.0,52.0,242.0,3.0
29591,2022-05-17 23:00:00,432.46,373.0,38.0,3.0,0.0,43.0,232.0,3.0
29592,2022-05-18 00:00:00,438.22,377.0,37.0,3.0,0.0,33.0,236.0,3.0
29593,2022-05-18 01:00:00,435.53,388.0,40.0,3.0,0.0,37.0,244.0,3.0
29594,2022-05-18 02:00:00,430.71,405.0,40.0,3.0,8.0,43.0,251.0,3.0
29595,2022-05-18 03:00:00,450.14,574.0,39.0,3.0,26.0,36.0,324.0,3.0
29596,2022-05-18 04:00:00,430.0,613.0,39.0,3.0,81.0,39.0,343.0,3.0
29597,2022-05-18 05:00:00,391.12,620.0,40.0,3.0,170.0,64.0,347.0,3.0
29598,2022-05-18 06:00:00,362.93,611.0,40.0,3.0,251.0,76.0,341.0,3.0
29599,2022-05-18 07:00:00,338.9,603.0,40.0,3.0,334.0,82.0,336.0,3.0
29600,2022-05-18 08:00:00,328.05,605.0,40.0,3.0,378.0,86.0,337.0,3.0
29601,2022-05-18 09:00:00,310.68,562.0,40.0,3.0,397.0,108.0,315.0,3.0
29602,2022-05-18 10:00:00,308.2,576.0,40.0,3.0,402.0,129.0,321.0,3.0
29603,2022-05-18 11:00:00,310.07,606.0,42.0,3.0,400.0,150.0,337.0,3.0
29604,2022-05-18 12:00:00,309.86,582.0,41.0,3.0,382.0,150.0,321.0,3.0
29605,2022-05-18 13:00:00,318.83,586.0,42.0,3.0,335.0,165.0,317.0,3.0
29606,2022-05-18 14:00:00,345.04,587.0,42.0,3.0,239.0,157.0,312.0,3.0
29607,2022-05-18 15:00:00,383.81,607.0,40.0,3.0,129.0,137.0,326.0,3.0
29608,2022-05-18 16:00:00,407.61,610.0,39.0,3.0,49.0,135.0,338.0,3.0
29609,2022-05-18 17:00:00,416.12,616.0,38.0,3.0,19.0,140.0,344.0,3.0
29610,2022-05-18 18:00:00,426.04,615.0,39.0,3.0,3.0,128.0,344.0,3.0
29611,2022-05-18 19:00:00,433.8,612.0,42.0,3.0,0.0,110.0,342.0,3.0
29612,2022-05-18 20:00:00,433.6,610.0,42.0,3.0,0.0,107.0,344.0,3.0
29613,2022-05-18 21:00:00,419.63,499.0,41.0,3.0,0.0,98.0,300.0,3.0
29614,2022-05-18 22:00:00,409.51,432.0,41.0,3.0,0.0,90.0,274.0,3.0
29615,2022-05-18 23:00:00,409.44,371.0,40.0,3.0,0.0,81.0,231.0,3.0
29616,2022-05-19 00:00:00,414.05,346.0,40.0,3.0,0.0,65.0,218.0,3.0
29617,2022-05-19 01:00:00,415.79,347.0,40.0,3.0,0.0,61.0,220.0,3.0
29618,2022-05-19 02:00:00,428.67,412.0,40.0,3.0,7.0,48.0,256.0,3.0
29619,2022-05-19 03:00:00,446.57,559.0,42.0,3.0,23.0,42.0,318.0,3.0
29620,2022-05-19 04:00:00,447.74,600.0,42.0,3.0,42.0,32.0,335.0,3.0
29621,2022-05-19 05:00:00,441.05,611.0,42.0,3.0,60.0,32.0,341.0,3.0
29622,2022-05-19 06:00:00,421.23,604.0,40.0,3.0,106.0,36.0,337.0,3.0
29623,2022-05-19 07:00:00,399.57,595.0,41.0,3.0,167.0,33.0,332.0,3.0
29624,2022-05-19 08:00:00,384.09,608.0,42.0,3.0,219.0,34.0,339.0,3.0
29625,2022-05-19 09:00:00,369.97,615.0,42.0,3.0,266.0,38.0,343.0,3.0
29626,2022-05-19 10:00:00,361.59,592.0,41.0,3.0,284.0,39.0,329.0,3.0
29627,2022-05-19 11:00:00,358.29,601.0,41.0,3.0,299.0,42.0,333.0,3.0
29628,2022-05-19 12:00:00,363.29,614.0,41.0,3.0,283.0,46.0,341.0,3.0
29629,2022-05-19 13:00:00,369.48,602.0,41.0,3.0,252.0,48.0,335.0,3.0
29630,2022-05-19 14:00:00,390.98,609.0,41.0,3.0,195.0,38.0,338.0,3.0
29631,2022-05-19 15:00:00,421.56,609.0,41.0,3.0,112.0,30.0,340.0,3.0
29632,2022-05-19 16:00:00,452.67,614.0,42.0,3.0,44.0,22.0,341.0,3.0
29633,2022-05-19 17:00:00,467.1,608.0,43.0,3.0,16.0,16.0,338.0,3.0
29634,2022-05-19 18:00:00,471.85,600.0,42.0,3.0,3.0,18.0,334.0,3.0
29635,2022-05-19 19:00:00,464.86,592.0,42.0,3.0,0.0,32.0,333.0,3.0
29636,2022-05-19 20:00:00,458.09,598.0,41.0,3.0,0.0,45.0,339.0,3.0
29637,2022-05-19 21:00:00,450.96,583.0,41.0,3.0,0.0,58.0,332.0,3.0
29638,2022-05-19 22:00:00,448.25,548.0,40.0,3.0,0.0,65.0,307.0,3.0
29639,2022-05-19 23:00:00,447.25,528.0,41.0,3.0,0.0,68.0,292.0,3.0
29640,2022-05-20 00:00:00,427.8,467.0,42.0,3.0,0.0,76.0,279.0,3.0
29641,2022-05-20 01:00:00,422.23,450.0,41.0,3.0,1.0,78.0,274.0,3.0
29642,2022-05-20 02:00:00,425.61,485.0,39.0,3.0,8.0,72.0,294.0,3.0
29643,2022-05-20 03:00:00,441.68,594.0,37.0,3.0,28.0,57.0,335.0,3.0
29644,2022-05-20 04:00:00,435.51,628.0,39.0,3.0,50.0,58.0,352.0,3.0
29645,2022-05-20 05:00:00,429.17,640.0,39.0,3.0,71.0,57.0,358.0,3.0
29646,2022-05-20 06:00:00,423.45,644.0,39.0,3.0,91.0,53.0,361.0,3.0
29647,2022-05-20 07:00:00,421.01,648.0,40.0,3.0,90.0,60.0,365.0,3.0
29648,2022-05-20 08:00:00,422.41,648.0,40.0,3.0,83.0,64.0,364.0,3.0
29649,2022-05-20 09:00:00,423.67,641.0,39.0,3.0,72.0,70.0,360.0,3.0
29650,2022-05-20 10:00:00,423.12,640.0,37.0,3.0,61.0,83.0,359.0,3.0
29651,2022-05-20 11:00:00,430.77,636.0,36.0,3.0,50.0,73.0,356.0,3.0
29652,2022-05-20 12:00:00,431.16,637.0,34.0,3.0,45.0,77.0,357.0,3.0
29653,2022-05-20 13:00:00,433.25,637.0,37.0,3.0,42.0,73.0,358.0,3.0
29654,2022-05-20 14:00:00,438.11,636.0,40.0,3.0,32.0,69.0,358.0,3.0
29655,2022-05-20 15:00:00,442.25,633.0,41.0,3.0,24.0,65.0,357.0,3.0
29656,2022-05-20 16:00:00,447.74,648.0,39.0,3.0,15.0,64.0,364.0,3.0
29657,2022-05-20 17:00:00,449.9,639.0,41.0,3.0,7.0,65.0,359.0,3.0
29658,2022-05-20 18:00:00,453.05,631.0,40.0,3.0,2.0,62.0,354.0,3.0
29659,2022-05-20 19:00:00,446.77,625.0,41.0,3.0,0.0,75.0,354.0,3.0
29660,2022-05-20 20:00:00,440.08,632.0,40.0,3.0,0.0,90.0,361.0,3.0
29661,2022-05-20 21:00:00,434.48,539.0,39.0,3.0,0.0,90.0,306.0,3.0
29662,2022-05-20 22:00:00,402.38,361.0,39.0,3.0,0.0,90.0,226.0,3.0
29663,2022-05-20 23:00:00,399.08,330.0,38.0,3.0,0.0,86.0,208.0,3.0
29664,2022-05-21 00:00:00,381.75,256.0,38.0,3.0,0.0,88.0,163.0,3.0
29665,2022-05-21 01:00:00,374.17,251.0,39.0,3.0,1.0,94.0,162.0,3.0
29666,2022-05-21 02:00:00,375.0,260.0,40.0,3.0,8.0,90.0,167.0,3.0
29667,2022-05-21 03:00:00,385.14,296.0,40.0,3.0,27.0,70.0,188.0,3.0
29668,2022-05-21 04:00:00,378.22,349.0,39.0,3.0,81.0,59.0,210.0,3.0
29669,2022-05-21 05:00:00,348.3,399.0,39.0,3.0,181.0,71.0,221.0,3.0
29670,2022-05-21 06:00:00,311.74,411.0,40.0,3.0,283.0,95.0,220.0,3.0
29671,2022-05-21 07:00:00,288.68,409.0,40.0,3.0,333.0,125.0,221.0,3.0
29672,2022-05-21 08:00:00,281.88,398.0,41.0,3.0,341.0,130.0,217.0,3.0
29673,2022-05-21 09:00:00,289.64,421.0,41.0,3.0,329.0,139.0,227.0,3.0
29674,2022-05-21 10:00:00,296.95,423.0,43.0,3.0,304.0,139.0,227.0,3.0
29675,2022-05-21 11:00:00,293.48,401.0,41.0,3.0,284.0,146.0,218.0,3.0
29676,2022-05-21 12:00:00,308.14,406.0,40.0,3.0,246.0,139.0,218.0,3.0
29677,2022-05-21 13:00:00,311.03,365.0,40.0,3.0,196.0,132.0,206.0,3.0
29678,2022-05-21 14:00:00,346.49,400.0,39.0,3.0,133.0,129.0,217.0,3.0
29679,2022-05-21 15:00:00,367.52,413.0,39.0,3.0,86.0,132.0,222.0,3.0
29680,2022-05-21 16:00:00,392.96,410.0,40.0,3.0,41.0,119.0,219.0,3.0
29681,2022-05-21 17:00:00,412.53,408.0,47.0,3.0,16.0,103.0,218.0,3.0
29682,2022-05-21 18:00:00,418.51,408.0,52.0,3.0,3.0,104.0,218.0,3.0
29683,2022-05-21 19:00:00,419.57,405.0,40.0,3.0,0.0,105.0,217.0,3.0
29684,2022-05-21 20:00:00,419.8,404.0,38.0,3.0,0.0,102.0,219.0,3.0
29685,2022-05-21 21:00:00,415.73,400.0,40.0,3.0,0.0,99.0,226.0,3.0
29686,2022-05-21 22:00:00,392.37,320.0,39.0,3.0,0.0,94.0,202.0,3.0
29687,2022-05-21 23:00:00,386.57,316.0,40.0,3.0,0.0,103.0,199.0,3.0
29688,2022-05-22 00:00:00,389.16,316.0,52.0,3.0,0.0,97.0,200.0,3.0
29689,2022-05-22 01:00:00,393.19,302.0,53.0,3.0,1.0,92.0,184.0,3.0
29690,2022-05-22 02:00:00,391.01,294.0,53.0,3.0,12.0,87.0,174.0,3.0
29691,2022-05-22 03:00:00,396.17,338.0,57.0,3.0,33.0,74.0,198.0,3.0
29692,2022-05-22 04:00:00,393.83,412.0,57.0,3.0,94.0,64.0,220.0,3.0
29693,2022-05-22 05:00:00,354.22,416.0,58.0,3.0,192.0,64.0,222.0,3.0
29694,2022-05-22 06:00:00,318.99,400.0,60.0,3.0,282.0,69.0,211.0,3.0
29695,2022-05-22 07:00:00,296.3,400.0,61.0,3.0,350.0,79.0,212.0,3.0
29696,2022-05-22 08:00:00,286.47,400.0,61.0,3.0,386.0,81.0,212.0,3.0
29697,2022-05-22 09:00:00,283.99,400.0,61.0,3.0,395.0,83.0,211.0,3.0
29698,2022-05-22 10:00:00,277.48,389.0,61.0,3.0,398.0,88.0,211.0,3.0
29699,2022-05-22 11:00:00,281.84,406.0,61.0,3.0,397.0,93.0,218.0,3.0
29700,2022-05-22 12:00:00,280.75,392.0,62.0,3.0,377.0,85.0,227.0,3.0
29701,2022-05-22 13:00:00,284.53,362.0,60.0,3.0,321.0,77.0,225.0,3.0
29702,2022-05-22 14:00:00,344.59,455.0,61.0,3.0,231.0,65.0,256.0,3.0
29703,2022-05-22 15:00:00,394.62,508.0,60.0,3.0,131.0,51.0,283.0,3.0
29704,2022-05-22 16:00:00,440.12,576.0,60.0,3.0,51.0,32.0,324.0,3.0
29705,2022-05-22 17:00:00,459.29,594.0,60.0,3.0,19.0,24.0,332.0,3.0
29706,2022-05-22 18:00:00,464.42,600.0,57.0,3.0,4.0,27.0,337.0,3.0
29707,2022-05-22 19:00:00,465.5,606.0,59.0,3.0,0.0,29.0,340.0,3.0
29708,2022-05-22 20:00:00,465.09,603.0,59.0,3.0,0.0,30.0,338.0,3.0
29709,2022-05-22 21:00:00,465.4,612.0,59.0,3.0,0.0,29.0,344.0,3.0
29710,2022-05-22 22:00:00,463.39,563.0,60.0,3.0,0.0,32.0,314.0,3.0
29711,2022-05-22 23:00:00,461.32,555.0,61.0,3.0,0.0,37.0,308.0,3.0
29712,2022-05-23 00:00:00,458.04,550.0,59.0,3.0,0.0,43.0,306.0,3.0
29713,2022-05-23 01:00:00,454.93,567.0,59.0,3.0,1.0,48.0,318.0,3.0
29714,2022-05-23 02:00:00,455.36,621.0,60.0,3.0,11.0,40.0,351.0,3.0
29715,2022-05-23 03:00:00,451.34,687.0,59.0,3.0,29.0,37.0,391.0,3.0
29716,2022-05-23 04:00:00,434.32,692.0,60.0,3.0,88.0,29.0,391.0,3.0
29717,2022-05-23 05:00:00,401.88,702.0,61.0,3.0,188.0,35.0,396.0,3.0
29718,2022-05-23 06:00:00,372.17,706.0,62.0,3.0,285.0,50.0,399.0,3.0
29719,2022-05-23 07:00:00,354.72,705.0,62.0,3.0,350.0,59.0,398.0,3.0
29720,2022-05-23 08:00:00,346.4,699.0,65.0,3.0,381.0,63.0,394.0,3.0
29721,2022-05-23 09:00:00,342.11,693.0,67.0,3.0,394.0,67.0,390.0,3.0
29722,2022-05-23 10:00:00,342.69,701.0,67.0,3.0,392.0,72.0,394.0,3.0
29723,2022-05-23 11:00:00,349.07,700.0,67.0,3.0,365.0,67.0,395.0,3.0
29724,2022-05-23 12:00:00,357.69,704.0,68.0,3.0,333.0,61.0,399.0,3.0
29725,2022-05-23 13:00:00,370.99,711.0,67.0,3.0,285.0,53.0,406.0,3.0
29726,2022-05-23 14:00:00,390.14,710.0,68.0,3.0,213.0,45.0,410.0,3.0
29727,2022-05-23 15:00:00,416.84,710.0,68.0,3.0,129.0,35.0,411.0,3.0
29728,2022-05-23 16:00:00,447.26,713.0,66.0,3.0,48.0,25.0,412.0,3.0
29729,2022-05-23 17:00:00,460.82,712.0,66.0,3.0,17.0,19.0,411.0,3.0
29730,2022-05-23 18:00:00,462.94,708.0,65.0,3.0,4.0,26.0,409.0,3.0
29731,2022-05-23 19:00:00,457.57,697.0,65.0,3.0,0.0,42.0,404.0,3.0
29732,2022-05-23 20:00:00,455.32,697.0,65.0,3.0,0.0,48.0,404.0,3.0
29733,2022-05-23 21:00:00,456.47,692.0,63.0,3.0,0.0,46.0,400.0,3.0
29734,2022-05-23 22:00:00,457.2,633.0,63.0,3.0,0.0,41.0,364.0,3.0
29735,2022-05-23 23:00:00,455.89,672.0,64.0,3.0,0.0,46.0,388.0,3.0
29736,2022-05-24 00:00:00,454.21,569.0,64.0,3.0,0.0,43.0,326.0,3.0
29737,2022-05-24 01:00:00,453.97,543.0,64.0,3.0,1.0,40.0,311.0,3.0
29738,2022-05-24 02:00:00,455.91,545.0,44.0,3.0,10.0,32.0,311.0,3.0
29739,2022-05-24 03:00:00,455.77,651.0,39.0,3.0,28.0,20.0,377.0,3.0
29740,2022-05-24 04:00:00,437.04,695.0,36.0,3.0,88.0,16.0,402.0,3.0
29741,2022-05-24 05:00:00,401.67,697.0,39.0,3.0,189.0,27.0,401.0,3.0
29742,2022-05-24 06:00:00,376.78,708.0,38.0,3.0,286.0,35.0,397.0,3.0
29743,2022-05-24 07:00:00,358.47,707.0,39.0,3.0,354.0,40.0,398.0,3.0
29744,2022-05-24 08:00:00,350.73,706.0,41.0,3.0,384.0,43.0,398.0,3.0
29745,2022-05-24 09:00:00,349.82,717.0,41.0,3.0,391.0,46.0,405.0,3.0
29746,2022-05-24 10:00:00,349.52,703.0,42.0,3.0,382.0,48.0,397.0,3.0
29747,2022-05-24 11:00:00,349.78,704.0,42.0,3.0,376.0,51.0,400.0,3.0
29748,2022-05-24 12:00:00,355.96,714.0,43.0,3.0,357.0,48.0,406.0,3.0
29749,2022-05-24 13:00:00,367.19,702.0,42.0,3.0,311.0,40.0,399.0,3.0
29750,2022-05-24 14:00:00,388.41,703.0,42.0,3.0,236.0,34.0,399.0,3.0
29751,2022-05-24 15:00:00,421.37,702.0,43.0,3.0,134.0,24.0,399.0,3.0
29752,2022-05-24 16:00:00,454.09,706.0,40.0,3.0,48.0,16.0,402.0,3.0
29753,2022-05-24 17:00:00,466.81,712.0,38.0,3.0,17.0,15.0,405.0,3.0
29754,2022-05-24 18:00:00,470.97,706.0,37.0,3.0,4.0,18.0,401.0,3.0
29755,2022-05-24 19:00:00,469.36,695.0,38.0,3.0,0.0,26.0,394.0,3.0
29756,2022-05-24 20:00:00,467.27,680.0,37.0,3.0,0.0,31.0,385.0,3.0
29757,2022-05-24 21:00:00,451.21,565.0,36.0,3.0,0.0,52.0,326.0,3.0
29758,2022-05-24 22:00:00,436.99,493.0,35.0,3.0,0.0,62.0,295.0,3.0
29759,2022-05-24 23:00:00,423.6,425.0,52.0,3.0,0.0,71.0,258.0,3.0
29760,2022-05-25 00:00:00,414.02,434.0,55.0,3.0,0.0,91.0,264.0,3.0
29761,2022-05-25 01:00:00,399.93,398.0,62.0,3.0,1.0,107.0,244.0,3.0
29762,2022-05-25 02:00:00,406.18,440.0,62.0,3.0,10.0,100.0,266.0,3.0
29763,2022-05-25 03:00:00,440.48,654.0,52.0,3.0,28.0,66.0,370.0,3.0
29764,2022-05-25 04:00:00,429.77,704.0,50.0,3.0,87.0,45.0,400.0,3.0
29765,2022-05-25 05:00:00,400.59,715.0,50.0,3.0,187.0,42.0,407.0,3.0
29766,2022-05-25 06:00:00,376.21,708.0,51.0,3.0,279.0,44.0,397.0,3.0
29767,2022-05-25 07:00:00,359.27,699.0,51.0,3.0,341.0,49.0,390.0,3.0
29768,2022-05-25 08:00:00,356.25,713.0,54.0,2.0,359.0,50.0,401.0,3.0
29769,2022-05-25 09:00:00,359.31,709.0,52.0,2.0,339.0,53.0,400.0,3.0
29770,2022-05-25 10:00:00,372.5,713.0,52.0,2.0,294.0,46.0,401.0,3.0
29771,2022-05-25 11:00:00,383.61,725.0,52.0,2.0,246.0,55.0,408.0,3.0
29772,2022-05-25 12:00:00,374.01,561.0,55.0,2.0,187.0,55.0,336.0,3.0
29773,2022-05-25 13:00:00,394.2,542.0,54.0,2.0,122.0,44.0,333.0,3.0
29774,2022-05-25 14:00:00,437.77,616.0,54.0,2.0,64.0,32.0,348.0,3.0
29775,2022-05-25 15:00:00,456.6,705.0,54.0,3.0,37.0,20.0,399.0,3.0
29776,2022-05-25 16:00:00,462.87,718.0,53.0,3.0,24.0,14.0,410.0,3.0
29777,2022-05-25 17:00:00,470.13,721.0,48.0,3.0,11.0,11.0,410.0,3.0
29778,2022-05-25 18:00:00,470.95,710.0,58.0,3.0,2.0,15.0,404.0,3.0
29779,2022-05-25 19:00:00,469.57,696.0,62.0,3.0,0.0,19.0,396.0,3.0
29780,2022-05-25 20:00:00,466.31,568.0,65.0,3.0,0.0,24.0,318.0,3.0
29781,2022-05-25 21:00:00,440.23,359.0,67.0,3.0,0.0,27.0,221.0,3.0
29782,2022-05-25 22:00:00,437.62,325.0,67.0,3.0,0.0,20.0,207.0,3.0
29783,2022-05-25 23:00:00,439.58,300.0,67.0,3.0,0.0,17.0,189.0,3.0
29784,2022-05-26 00:00:00,443.09,302.0,66.0,2.0,0.0,11.0,193.0,3.0
29785,2022-05-26 01:00:00,436.29,302.0,66.0,2.0,0.0,13.0,200.0,3.0
29786,2022-05-26 02:00:00,437.63,299.0,66.0,2.0,3.0,9.0,197.0,3.0
29787,2022-05-26 03:00:00,447.02,377.0,57.0,2.0,10.0,10.0,233.0,3.0
29788,2022-05-26 04:00:00,447.5,464.0,57.0,2.0,23.0,14.0,276.0,3.0
29789,2022-05-26 05:00:00,450.53,511.0,55.0,2.0,39.0,13.0,288.0,3.0
29790,2022-05-26 06:00:00,439.2,508.0,57.0,2.0,62.0,15.0,284.0,3.0
29791,2022-05-26 07:00:00,425.78,509.0,58.0,3.0,88.0,19.0,283.0,3.0
29792,2022-05-26 08:00:00,410.44,515.0,59.0,3.0,119.0,27.0,285.0,3.0
29793,2022-05-26 09:00:00,395.48,519.0,58.0,3.0,154.0,32.0,287.0,3.0
29794,2022-05-26 10:00:00,376.49,509.0,62.0,3.0,194.0,42.0,280.0,3.0
29795,2022-05-26 11:00:00,372.08,510.0,63.0,3.0,212.0,38.0,280.0,3.0
29796,2022-05-26 12:00:00,364.67,504.0,61.0,3.0,231.0,38.0,277.0,3.0
29797,2022-05-26 13:00:00,375.42,505.0,64.0,3.0,200.0,36.0,279.0,3.0
29798,2022-05-26 14:00:00,399.1,498.0,64.0,3.0,146.0,23.0,275.0,3.0
29799,2022-05-26 15:00:00,425.37,505.0,64.0,3.0,87.0,19.0,281.0,3.0
29800,2022-05-26 16:00:00,443.89,508.0,64.0,3.0,47.0,16.0,286.0,3.0
29801,2022-05-26 17:00:00,457.78,510.0,65.0,3.0,19.0,15.0,288.0,3.0
29802,2022-05-26 18:00:00,468.32,515.0,64.0,3.0,4.0,10.0,291.0,3.0
29803,2022-05-26 19:00:00,469.99,514.0,65.0,3.0,0.0,10.0,291.0,3.0
29804,2022-05-26 20:00:00,461.9,507.0,65.0,3.0,0.0,25.0,287.0,3.0
29805,2022-05-26 21:00:00,461.41,474.0,68.0,3.0,0.0,29.0,262.0,3.0
29806,2022-05-26 22:00:00,452.1,421.0,69.0,3.0,0.0,25.0,247.0,3.0
29807,2022-05-26 23:00:00,448.03,388.0,69.0,3.0,0.0,27.0,229.0,3.0
29808,2022-05-27 00:00:00,444.58,394.0,68.0,3.0,0.0,26.0,240.0,3.0
29809,2022-05-27 01:00:00,435.97,401.0,66.0,3.0,1.0,24.0,261.0,3.0
29810,2022-05-27 02:00:00,435.38,432.0,67.0,3.0,6.0,25.0,279.0,3.0
29811,2022-05-27 03:00:00,428.43,438.0,66.0,3.0,18.0,27.0,283.0,3.0
29812,2022-05-27 04:00:00,444.58,612.0,66.0,3.0,36.0,26.0,359.0,3.0
29813,2022-05-27 05:00:00,442.72,679.0,64.0,3.0,55.0,27.0,392.0,3.0
29814,2022-05-27 06:00:00,434.18,690.0,66.0,3.0,84.0,24.0,398.0,3.0
29815,2022-05-27 07:00:00,419.63,694.0,68.0,3.0,128.0,28.0,397.0,3.0
29816,2022-05-27 08:00:00,411.07,692.0,66.0,3.0,151.0,32.0,396.0,3.0
29817,2022-05-27 09:00:00,410.24,682.0,68.0,3.0,149.0,34.0,390.0,3.0
29818,2022-05-27 10:00:00,408.73,704.0,66.0,3.0,153.0,37.0,407.0,3.0
29819,2022-05-27 11:00:00,407.96,693.0,67.0,3.0,153.0,36.0,401.0,3.0
29820,2022-05-27 12:00:00,408.32,662.0,68.0,3.0,148.0,33.0,381.0,3.0
29821,2022-05-27 13:00:00,414.02,652.0,66.0,3.0,130.0,33.0,373.0,3.0
29822,2022-05-27 14:00:00,422.79,676.0,66.0,3.0,104.0,39.0,386.0,3.0
29823,2022-05-27 15:00:00,432.66,686.0,69.0,3.0,70.0,43.0,394.0,3.0
29824,2022-05-27 16:00:00,445.67,686.0,69.0,3.0,36.0,41.0,393.0,3.0
29825,2022-05-27 17:00:00,453.37,677.0,69.0,3.0,16.0,39.0,388.0,3.0
29826,2022-05-27 18:00:00,462.57,681.0,68.0,3.0,3.0,26.0,393.0,3.0
29827,2022-05-27 19:00:00,466.43,672.0,66.0,3.0,0.0,19.0,388.0,3.0
29828,2022-05-27 20:00:00,465.25,543.0,67.0,3.0,0.0,18.0,310.0,3.0
29829,2022-05-27 21:00:00,445.55,341.0,68.0,3.0,0.0,15.0,212.0,3.0
29830,2022-05-27 22:00:00,431.93,263.0,68.0,3.0,0.0,13.0,175.0,3.0
29831,2022-05-27 23:00:00,431.11,254.0,69.0,3.0,0.0,13.0,169.0,3.0
29832,2022-05-28 00:00:00,431.23,254.0,68.0,3.0,0.0,12.0,170.0,3.0
29833,2022-05-28 01:00:00,430.38,254.0,68.0,3.0,1.0,10.0,172.0,3.0
29834,2022-05-28 02:00:00,423.43,251.0,68.0,3.0,9.0,12.0,168.0,3.0
29835,2022-05-28 03:00:00,412.46,261.0,69.0,3.0,25.0,12.0,174.0,3.0
29836,2022-05-28 04:00:00,413.71,349.0,69.0,3.0,49.0,13.0,221.0,3.0
29837,2022-05-28 05:00:00,385.31,317.0,69.0,3.0,80.0,18.0,206.0,3.0
29838,2022-05-28 06:00:00,392.91,386.0,69.0,3.0,110.0,21.0,224.0,3.0
29839,2022-05-28 07:00:00,381.61,409.0,68.0,3.0,144.0,29.0,229.0,3.0
29840,2022-05-28 08:00:00,361.67,421.0,68.0,3.0,191.0,37.0,236.0,3.0
29841,2022-05-28 09:00:00,352.61,410.0,69.0,3.0,207.0,41.0,228.0,3.0
29842,2022-05-28 10:00:00,358.3,404.0,69.0,3.0,186.0,44.0,224.0,3.0
29843,2022-05-28 11:00:00,366.62,379.0,68.0,3.0,151.0,33.0,222.0,3.0
29844,2022-05-28 12:00:00,356.16,348.0,66.0,3.0,146.0,30.0,220.0,3.0
29845,2022-05-28 13:00:00,344.74,328.0,67.0,3.0,153.0,31.0,215.0,3.0
29846,2022-05-28 14:00:00,379.89,400.0,68.0,3.0,144.0,21.0,232.0,3.0
29847,2022-05-28 15:00:00,403.8,403.0,69.0,3.0,100.0,18.0,230.0,3.0
29848,2022-05-28 16:00:00,423.92,373.0,69.0,3.0,46.0,14.0,225.0,3.0
29849,2022-05-28 17:00:00,454.47,421.0,69.0,3.0,17.0,15.0,236.0,3.0
29850,2022-05-28 18:00:00,465.89,425.0,68.0,3.0,4.0,11.0,237.0,3.0
29851,2022-05-28 19:00:00,470.52,411.0,68.0,3.0,0.0,11.0,225.0,3.0
29852,2022-05-28 20:00:00,465.73,423.0,68.0,3.0,0.0,19.0,232.0,3.0
29853,2022-05-28 21:00:00,464.53,414.0,69.0,3.0,0.0,20.0,227.0,3.0
29854,2022-05-28 22:00:00,459.37,409.0,69.0,3.0,0.0,18.0,234.0,3.0
29855,2022-05-28 23:00:00,454.41,373.0,68.0,3.0,0.0,16.0,220.0,3.0
29856,2022-05-29 00:00:00,451.89,363.0,68.0,3.0,0.0,12.0,221.0,3.0
29857,2022-05-29 01:00:00,455.64,359.0,67.0,3.0,1.0,10.0,214.0,3.0
29858,2022-05-29 02:00:00,443.08,336.0,68.0,3.0,9.0,10.0,208.0,3.0
29859,2022-05-29 03:00:00,432.81,357.0,68.0,3.0,28.0,12.0,218.0,3.0
29860,2022-05-29 04:00:00,406.29,349.0,68.0,3.0,60.0,12.0,224.0,3.0
29861,2022-05-29 05:00:00,395.03,368.0,69.0,3.0,100.0,13.0,221.0,3.0
29862,2022-05-29 06:00:00,385.49,411.0,69.0,3.0,148.0,19.0,228.0,3.0
29863,2022-05-29 07:00:00,367.5,424.0,69.0,3.0,192.0,23.0,237.0,3.0
29864,2022-05-29 08:00:00,355.46,423.0,67.0,3.0,219.0,27.0,237.0,3.0
29865,2022-05-29 09:00:00,344.09,407.0,67.0,3.0,243.0,27.0,226.0,3.0
29866,2022-05-29 10:00:00,346.98,423.0,68.0,3.0,241.0,29.0,237.0,3.0
29867,2022-05-29 11:00:00,344.15,427.0,67.0,3.0,249.0,32.0,239.0,3.0
29868,2022-05-29 12:00:00,349.47,436.0,66.0,3.0,240.0,30.0,245.0,3.0
29869,2022-05-29 13:00:00,361.02,443.0,66.0,3.0,205.0,30.0,255.0,3.0
29870,2022-05-29 14:00:00,385.71,497.0,68.0,3.0,169.0,23.0,286.0,3.0
29871,2022-05-29 15:00:00,414.73,519.0,67.0,3.0,111.0,16.0,296.0,3.0
29872,2022-05-29 16:00:00,443.58,519.0,67.0,3.0,51.0,10.0,296.0,3.0
29873,2022-05-29 17:00:00,459.79,524.0,66.0,3.0,21.0,8.0,298.0,3.0
29874,2022-05-29 18:00:00,468.19,506.0,67.0,3.0,6.0,6.0,287.0,3.0
29875,2022-05-29 19:00:00,471.72,504.0,68.0,3.0,0.0,5.0,286.0,3.0
29876,2022-05-29 20:00:00,471.93,501.0,67.0,3.0,0.0,5.0,284.0,3.0
29877,2022-05-29 21:00:00,472.02,500.0,68.0,3.0,0.0,6.0,282.0,3.0
29878,2022-05-29 22:00:00,470.81,483.0,67.0,3.0,0.0,5.0,275.0,3.0
29879,2022-05-29 23:00:00,466.91,491.0,67.0,3.0,0.0,6.0,286.0,3.0
29880,2022-05-30 00:00:00,460.94,485.0,68.0,3.0,0.0,5.0,294.0,3.0
29881,2022-05-30 01:00:00,466.75,516.0,67.0,3.0,2.0,5.0,301.0,3.0
29882,2022-05-30 02:00:00,459.8,566.0,68.0,3.0,12.0,8.0,334.0,3.0
29883,2022-05-30 03:00:00,456.94,673.0,69.0,3.0,31.0,9.0,391.0,3.0
29884,2022-05-30 04:00:00,440.51,702.0,69.0,3.0,75.0,14.0,407.0,3.0
29885,2022-05-30 05:00:00,415.62,710.0,68.0,3.0,149.0,19.0,411.0,3.0
29886,2022-05-30 06:00:00,392.65,722.0,67.0,3.0,225.0,27.0,418.0,3.0
29887,2022-05-30 07:00:00,380.19,716.0,68.0,3.0,268.0,33.0,411.0,3.0
29888,2022-05-30 08:00:00,379.19,717.0,67.0,3.0,273.0,33.0,411.0,3.0
29889,2022-05-30 09:00:00,390.07,715.0,68.0,3.0,232.0,29.0,412.0,3.0
29890,2022-05-30 10:00:00,392.25,714.0,67.0,3.0,219.0,31.0,414.0,3.0
29891,2022-05-30 11:00:00,387.92,718.0,68.0,3.0,238.0,31.0,415.0,3.0
29892,2022-05-30 12:00:00,385.62,711.0,68.0,3.0,237.0,38.0,411.0,3.0
29893,2022-05-30 13:00:00,400.4,718.0,68.0,3.0,185.0,38.0,415.0,3.0
29894,2022-05-30 14:00:00,416.43,729.0,68.0,3.0,127.0,43.0,422.0,3.0
29895,2022-05-30 15:00:00,437.97,723.0,68.0,3.0,71.0,30.0,418.0,3.0
29896,2022-05-30 16:00:00,451.91,706.0,67.0,3.0,32.0,26.0,409.0,3.0
29897,2022-05-30 17:00:00,457.99,702.0,66.0,3.0,12.0,30.0,406.0,3.0
29898,2022-05-30 18:00:00,457.92,702.0,67.0,3.0,2.0,40.0,406.0,3.0
29899,2022-05-30 19:00:00,453.08,694.0,65.0,3.0,0.0,54.0,402.0,3.0
29900,2022-05-30 20:00:00,452.14,586.0,65.0,3.0,0.0,50.0,335.0,3.0
29901,2022-05-30 21:00:00,450.29,524.0,63.0,3.0,0.0,50.0,297.0,3.0
29902,2022-05-30 22:00:00,415.72,344.0,64.0,3.0,0.0,61.0,215.0,3.0
29903,2022-05-30 23:00:00,399.09,298.0,66.0,3.0,0.0,68.0,195.0,3.0
29904,2022-05-31 00:00:00,408.71,315.0,63.0,3.0,0.0,56.0,207.0,3.0
29905,2022-05-31 01:00:00,408.81,299.0,64.0,3.0,0.0,50.0,199.0,3.0
29906,2022-05-31 02:00:00,388.69,300.0,63.0,3.0,2.0,82.0,198.0,3.0
29907,2022-05-31 03:00:00,409.25,358.0,63.0,3.0,10.0,74.0,215.0,3.0
29908,2022-05-31 04:00:00,419.39,417.0,66.0,3.0,24.0,73.0,232.0,3.0
29909,2022-05-31 05:00:00,411.69,432.0,66.0,3.0,45.0,72.0,240.0,3.0
29910,2022-05-31 06:00:00,405.73,422.0,65.0,3.0,60.0,67.0,234.0,3.0
29911,2022-05-31 07:00:00,392.07,418.0,65.0,3.0,76.0,79.0,232.0,3.0
29912,2022-05-31 08:00:00,377.83,417.0,65.0,3.0,99.0,89.0,231.0,3.0
29913,2022-05-31 09:00:00,359.42,413.0,65.0,3.0,132.0,100.0,229.0,3.0
29914,2022-05-31 10:00:00,357.05,411.0,64.0,3.0,139.0,99.0,227.0,3.0
29915,2022-05-31 11:00:00,349.69,412.0,63.0,3.0,145.0,113.0,228.0,3.0
29916,2022-05-31 12:00:00,352.4,421.0,63.0,3.0,132.0,124.0,233.0,3.0
29917,2022-05-31 13:00:00,353.7,411.0,65.0,3.0,109.0,136.0,229.0,3.0
29918,2022-05-31 14:00:00,350.5,371.0,65.0,3.0,96.0,123.0,217.0,3.0
29919,2022-05-31 15:00:00,371.91,407.0,67.0,3.0,61.0,131.0,231.0,3.0
29920,2022-05-31 16:00:00,385.79,428.0,64.0,3.0,38.0,135.0,238.0,3.0
29921,2022-05-31 17:00:00,396.65,404.0,66.0,3.0,18.0,108.0,238.0,3.0
29922,2022-05-31 18:00:00,398.92,395.0,67.0,3.0,5.0,115.0,231.0,3.0
29923,2022-05-31 19:00:00,389.99,352.0,66.0,3.0,0.0,106.0,223.0,3.0
29924,2022-05-31 20:00:00,379.33,305.0,66.0,3.0,0.0,101.0,202.0,3.0
29925,2022-05-31 21:00:00,359.88,253.0,68.0,3.0,0.0,112.0,170.0,3.0
29926,2022-05-31 22:00:00,366.31,249.0,67.0,3.0,0.0,100.0,167.0,3.0
29927,2022-05-31 23:00:00,370.01,247.0,66.0,3.0,0.0,94.0,165.0,3.0
29928,2022-06-01 00:00:00,371.44,252.0,66.0,3.0,0.0,93.0,169.0,3.0
29929,2022-06-01 01:00:00,368.93,252.0,67.0,3.0,2.0,93.0,171.0,3.0
29930,2022-06-01 02:00:00,383.77,263.0,65.0,3.0,12.0,66.0,176.0,3.0
29931,2022-06-01 03:00:00,391.15,312.0,67.0,3.0,31.0,51.0,207.0,3.0
29932,2022-06-01 04:00:00,374.37,339.0,69.0,3.0,91.0,49.0,207.0,3.0
29933,2022-06-01 05:00:00,354.54,412.0,68.0,3.0,186.0,58.0,229.0,3.0
29934,2022-06-01 06:00:00,325.09,417.0,64.0,3.0,266.0,69.0,231.0,3.0
29935,2022-06-01 07:00:00,310.78,424.0,66.0,3.0,314.0,75.0,236.0,3.0
29936,2022-06-01 08:00:00,314.93,425.0,68.0,3.0,300.0,76.0,236.0,3.0
29937,2022-06-01 09:00:00,302.49,369.0,68.0,3.0,266.0,71.0,236.0,3.0
29938,2022-06-01 10:00:00,306.37,351.0,61.0,3.0,247.0,57.0,228.0,3.0
29939,2022-06-01 11:00:00,323.2,347.0,60.0,3.0,211.0,46.0,220.0,3.0
29940,2022-06-01 12:00:00,329.14,348.0,58.0,3.0,192.0,49.0,221.0,3.0
29941,2022-06-01 13:00:00,347.04,359.0,58.0,3.0,163.0,40.0,227.0,3.0
29942,2022-06-01 14:00:00,369.62,361.0,57.0,3.0,114.0,37.0,229.0,3.0
29943,2022-06-01 15:00:00,394.74,358.0,58.0,3.0,74.0,25.0,227.0,3.0
29944,2022-06-01 16:00:00,412.62,361.0,59.0,3.0,42.0,25.0,229.0,3.0
29945,2022-06-01 17:00:00,416.31,367.0,64.0,3.0,20.0,42.0,232.0,3.0
29946,2022-06-01 18:00:00,420.02,360.0,63.0,3.0,4.0,50.0,228.0,3.0
29947,2022-06-01 19:00:00,401.86,352.0,63.0,3.0,0.0,83.0,224.0,3.0
29948,2022-06-01 20:00:00,398.18,349.0,63.0,3.0,2.0,87.0,222.0,3.0
29949,2022-06-01 21:00:00,405.34,358.0,63.0,3.0,0.0,79.0,227.0,3.0
29950,2022-06-01 22:00:00,412.37,374.0,63.0,3.0,0.0,70.0,237.0,3.0
29951,2022-06-01 23:00:00,408.04,373.0,64.0,3.0,0.0,79.0,235.0,3.0
29952,2022-06-02 00:00:00,409.71,373.0,63.0,3.0,0.0,75.0,236.0,3.0
29953,2022-06-02 01:00:00,415.24,367.0,63.0,3.0,1.0,61.0,234.0,3.0
29954,2022-06-02 02:00:00,414.02,374.0,63.0,3.0,8.0,58.0,238.0,3.0
29955,2022-06-02 03:00:00,415.42,425.0,61.0,3.0,18.0,58.0,268.0,3.0
29956,2022-06-02 04:00:00,395.84,428.0,63.0,3.0,41.0,77.0,270.0,3.0
29957,2022-06-02 05:00:00,376.61,416.0,61.0,3.0,59.0,100.0,262.0,3.0
29958,2022-06-02 06:00:00,346.43,407.0,61.0,3.0,88.0,124.0,277.0,3.0
29959,2022-06-02 07:00:00,335.86,416.0,64.0,3.0,117.0,124.0,290.0,3.0
29960,2022-06-02 08:00:00,326.79,418.0,65.0,3.0,132.0,144.0,286.0,3.0
29961,2022-06-02 09:00:00,327.31,429.0,66.0,3.0,134.0,170.0,271.0,3.0
29962,2022-06-02 10:00:00,323.29,434.0,65.0,3.0,148.0,172.0,275.0,3.0
29963,2022-06-02 11:00:00,318.35,436.0,66.0,3.0,166.0,174.0,275.0,3.0
29964,2022-06-02 12:00:00,311.93,422.0,66.0,3.0,175.0,177.0,266.0,3.0
29965,2022-06-02 13:00:00,316.66,416.0,66.0,3.0,158.0,171.0,264.0,3.0
29966,2022-06-02 14:00:00,331.92,425.0,67.0,3.0,118.0,167.0,270.0,3.0
29967,2022-06-02 15:00:00,351.06,422.0,65.0,3.0,80.0,146.0,268.0,3.0
29968,2022-06-02 16:00:00,374.05,443.0,66.0,3.0,41.0,132.0,282.0,3.0
29969,2022-06-02 17:00:00,379.92,443.0,66.0,3.0,18.0,137.0,285.0,3.0
29970,2022-06-02 18:00:00,386.53,433.0,66.0,3.0,4.0,131.0,279.0,3.0
29971,2022-06-02 19:00:00,398.3,412.75,65.5,3.0,0.0,115.0,253.5,3.0
29972,2022-06-02 20:00:00,384.83,356.0,66.0,3.0,0.0,110.0,233.0,3.0
29973,2022-06-02 21:00:00,372.43,290.0,64.0,3.0,0.0,112.0,188.0,3.0
29974,2022-06-02 22:00:00,382.27,291.0,64.0,3.0,0.0,104.0,180.0,3.0
29975,2022-06-02 23:00:00,382.39,273.0,65.0,3.0,0.0,104.0,162.0,3.0
29976,2022-06-03 00:00:00,390.09,273.0,64.0,3.0,0.0,95.0,159.0,3.0
29977,2022-06-03 01:00:00,407.32,286.0,64.0,3.0,2.0,81.0,157.0,3.0
29978,2022-06-03 02:00:00,407.85,279.0,66.0,3.0,10.0,71.0,152.0,3.0
29979,2022-06-03 03:00:00,413.96,366.0,67.0,3.0,26.0,69.0,202.0,3.0
29980,2022-06-03 04:00:00,410.19,446.0,67.0,3.0,49.0,70.0,253.0,3.0
29981,2022-06-03 05:00:00,404.12,507.0,68.0,3.0,88.0,73.0,278.0,3.0
29982,2022-06-03 06:00:00,377.31,474.0,69.0,3.0,131.0,82.0,265.0,3.0
29983,2022-06-03 07:00:00,359.66,462.0,68.0,3.0,171.0,82.0,262.0,3.0
29984,2022-06-03 08:00:00,348.61,488.0,68.0,3.0,222.0,89.0,268.0,3.0
29985,2022-06-03 09:00:00,339.48,519.0,67.0,3.0,267.0,97.0,284.0,3.0
29986,2022-06-03 10:00:00,333.32,501.0,68.0,3.0,274.0,101.0,273.0,3.0
29987,2022-06-03 11:00:00,338.43,507.0,68.0,3.0,254.0,107.0,276.0,3.0
29988,2022-06-03 12:00:00,347.19,500.0,69.0,3.0,218.0,110.0,270.0,3.0
29989,2022-06-03 13:00:00,360.86,514.0,67.0,3.0,184.0,103.0,282.0,3.0
29990,2022-06-03 14:00:00,377.5,505.0,64.0,3.0,130.0,102.0,277.0,3.0
29991,2022-06-03 15:00:00,406.6,513.0,68.0,3.0,76.0,85.0,277.0,3.0
29992,2022-06-03 16:00:00,432.26,506.0,67.0,3.0,38.0,59.0,275.0,3.0
29993,2022-06-03 17:00:00,444.93,512.0,68.0,3.0,17.0,53.0,279.0,3.0
29994,2022-06-03 18:00:00,453.1,513.0,67.0,3.0,4.0,49.0,280.0,3.0
29995,2022-06-03 19:00:00,456.07,510.0,67.0,3.0,0.0,47.0,278.0,3.0
29996,2022-06-03 20:00:00,453.83,495.0,69.0,3.0,0.0,50.0,269.0,3.0
29997,2022-06-03 21:00:00,449.49,471.0,69.0,3.0,0.0,56.0,255.0,3.0
29998,2022-06-03 22:00:00,444.07,386.0,69.0,3.0,0.0,58.0,203.0,3.0
29999,2022-06-03 23:00:00,443.36,390.0,69.0,3.0,0.0,62.0,203.0,3.0
30000,2022-06-04 00:00:00,442.11,376.0,69.0,3.0,0.0,61.0,196.0,3.0
30001,2022-06-04 01:00:00,443.73,367.0,69.0,3.0,1.0,54.0,193.0,3.0
30002,2022-06-04 02:00:00,446.39,370.0,69.0,3.0,9.0,44.0,193.0,3.0
30003,2022-06-04 03:00:00,434.58,393.0,69.0,3.0,25.0,50.0,207.0,3.0
30004,2022-06-04 04:00:00,420.23,391.0,69.0,3.0,53.0,48.0,205.0,3.0
30005,2022-06-04 05:00:00,395.74,388.0,69.0,3.0,100.0,48.0,203.0,3.0
30006,2022-06-04 06:00:00,377.63,384.0,69.0,3.0,139.0,46.0,201.0,3.0
30007,2022-06-04 07:00:00,353.65,382.0,69.0,3.0,188.0,54.0,199.0,3.0
30008,2022-06-04 08:00:00,348.87,386.0,69.0,3.0,207.0,49.0,202.0,3.0
30009,2022-06-04 09:00:00,352.04,394.0,69.0,3.0,205.0,46.0,208.0,3.0
30010,2022-06-04 10:00:00,336.46,398.0,69.0,3.0,236.0,61.0,210.0,3.0
30011,2022-06-04 11:00:00,328.75,382.0,69.0,3.0,252.0,57.0,200.0,3.0
30012,2022-06-04 12:00:00,324.01,382.0,68.0,3.0,264.0,60.0,199.0,3.0
30013,2022-06-04 13:00:00,329.3,388.0,67.0,3.0,251.0,62.0,202.0,3.0
30014,2022-06-04 14:00:00,349.03,383.0,68.0,3.0,203.0,51.0,200.0,3.0
30015,2022-06-04 15:00:00,347.29,247.0,69.0,3.0,130.0,51.0,116.0,3.0
30016,2022-06-04 16:00:00,414.61,244.0,69.0,3.0,57.0,22.0,115.0,3.0
30017,2022-06-04 17:00:00,443.93,245.0,68.0,3.0,22.0,23.0,116.0,3.0
30018,2022-06-04 18:00:00,451.27,243.0,67.0,3.0,7.0,32.0,113.0,3.0
30019,2022-06-04 19:00:00,443.38,243.0,69.0,3.0,1.0,45.0,114.0,3.0
30020,2022-06-04 20:00:00,430.71,239.0,69.0,3.0,0.0,59.0,112.0,3.0
30021,2022-06-04 21:00:00,434.07,240.0,69.0,3.0,0.0,56.0,112.0,3.0
30022,2022-06-04 22:00:00,433.75,238.0,68.0,3.0,0.0,56.0,111.0,3.0
30023,2022-06-04 23:00:00,433.06,237.0,68.0,3.0,0.0,57.0,110.0,3.0
30024,2022-06-05 00:00:00,432.99,242.0,67.0,3.0,0.0,57.0,114.0,3.0
30025,2022-06-05 01:00:00,432.61,252.0,67.0,3.0,2.0,55.0,122.0,3.0
30026,2022-06-05 02:00:00,420.33,257.0,65.0,3.0,16.0,57.0,125.0,3.0
30027,2022-06-05 03:00:00,399.18,243.0,68.0,3.0,42.0,43.0,128.0,3.0
30028,2022-06-05 04:00:00,370.47,261.0,67.0,3.0,93.0,45.0,135.0,3.0
30029,2022-06-05 05:00:00,299.44,248.0,67.0,3.0,190.0,54.0,153.0,3.0
30030,2022-06-05 06:00:00,250.83,228.0,68.0,3.0,295.0,58.0,143.0,3.0
30031,2022-06-05 07:00:00,231.85,221.0,69.0,3.0,357.0,59.0,130.0,3.0
30032,2022-06-05 08:00:00,227.09,221.0,68.0,3.0,379.0,58.0,126.0,3.0
30033,2022-06-05 09:00:00,231.02,221.0,69.0,3.0,371.0,53.0,125.0,3.0
30034,2022-06-05 10:00:00,237.27,220.0,68.0,3.0,344.0,56.0,124.0,3.0
30035,2022-06-05 11:00:00,235.29,218.0,69.0,3.0,330.0,76.0,121.0,3.0
30036,2022-06-05 12:00:00,248.88,223.0,68.0,3.0,294.0,74.0,124.0,3.0
30037,2022-06-05 13:00:00,260.23,223.0,69.0,3.0,261.0,75.0,122.0,3.0
30038,2022-06-05 14:00:00,277.83,226.0,68.0,3.0,218.0,72.0,125.0,3.0
30039,2022-06-05 15:00:00,308.68,227.0,68.0,3.0,142.0,72.0,131.0,3.0
30040,2022-06-05 16:00:00,386.61,279.0,68.0,3.0,58.0,39.0,168.0,3.0
30041,2022-06-05 17:00:00,436.86,310.0,67.0,3.0,20.0,16.0,181.0,3.0
30042,2022-06-05 18:00:00,437.67,302.0,67.0,3.0,7.0,30.0,173.0,3.0
30043,2022-06-05 19:00:00,439.54,299.0,69.0,3.0,1.0,29.0,175.0,3.0
30044,2022-06-05 20:00:00,446.17,315.0,67.0,3.0,0.0,34.0,174.0,3.0
30045,2022-06-05 21:00:00,432.1,274.0,69.0,3.0,0.0,34.0,162.0,3.0
30046,2022-06-05 22:00:00,409.14,250.0,69.0,3.0,0.0,53.0,153.0,3.0
30047,2022-06-05 23:00:00,410.93,236.0,67.0,3.0,0.0,50.0,142.0,3.0
30048,2022-06-06 00:00:00,413.19,255.0,69.0,3.0,0.0,49.0,156.0,3.0
30049,2022-06-06 01:00:00,414.91,284.0,68.0,3.0,3.0,48.0,176.0,3.0
30050,2022-06-06 02:00:00,420.57,321.0,68.0,3.0,13.0,37.0,199.0,3.0
30051,2022-06-06 03:00:00,438.13,431.0,68.0,3.0,34.0,21.0,249.0,3.0
30052,2022-06-06 04:00:00,429.95,587.0,69.0,3.0,95.0,20.0,324.0,3.0
30053,2022-06-06 05:00:00,399.8,648.0,69.0,3.0,192.0,24.0,361.0,3.0
30054,2022-06-06 06:00:00,368.79,643.0,70.0,3.0,292.0,33.0,356.0,3.0
30055,2022-06-06 07:00:00,357.7,656.0,69.0,3.0,351.0,39.0,349.0,3.0
30056,2022-06-06 08:00:00,351.19,655.0,68.0,3.0,377.0,41.0,347.0,3.0
30057,2022-06-06 09:00:00,346.79,660.0,69.0,3.0,395.0,45.0,350.0,3.0
30058,2022-06-06 10:00:00,342.56,647.0,69.0,3.0,400.0,50.0,343.0,3.0
30059,2022-06-06 11:00:00,335.28,595.0,69.0,3.0,397.0,52.0,311.0,3.0
30060,2022-06-06 12:00:00,336.56,585.0,69.0,3.0,381.0,50.0,311.0,3.0
30061,2022-06-06 13:00:00,355.97,618.0,69.0,3.0,332.0,42.0,329.0,3.0
30062,2022-06-06 14:00:00,382.28,616.0,67.0,3.0,248.0,33.0,324.0,3.0
30063,2022-06-06 15:00:00,420.01,641.0,67.0,3.0,148.0,21.0,340.0,3.0
30064,2022-06-06 16:00:00,455.4,653.0,67.0,3.0,60.0,13.0,349.0,3.0
30065,2022-06-06 17:00:00,472.54,657.0,66.0,3.0,23.0,7.0,353.0,3.0
30066,2022-06-06 18:00:00,480.24,655.0,66.0,3.0,8.0,6.0,350.0,3.0
30067,2022-06-06 19:00:00,485.34,624.0,66.0,3.0,1.0,6.0,328.0,3.0
30068,2022-06-06 20:00:00,486.86,558.0,65.0,3.0,0.0,9.0,286.0,3.0
30069,2022-06-06 21:00:00,486.93,478.0,65.0,3.0,0.0,13.0,237.0,3.0
30070,2022-06-06 22:00:00,462.24,336.0,66.0,3.0,0.0,18.0,183.0,3.0
30071,2022-06-06 23:00:00,454.24,326.0,66.0,3.0,0.0,25.0,180.0,3.0
30072,2022-06-07 00:00:00,453.8,337.0,66.0,3.0,0.0,25.0,188.0,3.0
30073,2022-06-07 01:00:00,439.22,332.0,66.0,3.0,4.0,37.0,189.0,3.0
30074,2022-06-07 02:00:00,431.07,344.0,67.0,3.0,18.0,36.0,197.0,3.0
30075,2022-06-07 03:00:00,439.28,420.0,67.0,3.0,41.0,19.0,234.0,3.0
30076,2022-06-07 04:00:00,436.62,596.0,68.0,3.0,95.0,20.0,314.0,3.0
30077,2022-06-07 05:00:00,404.9,653.0,69.0,3.0,191.0,25.0,349.0,3.0
30078,2022-06-07 06:00:00,375.29,652.0,67.0,3.0,285.0,33.0,348.0,3.0
30079,2022-06-07 07:00:00,359.25,660.0,66.0,3.0,348.0,37.0,352.0,3.0
30080,2022-06-07 08:00:00,351.19,655.0,68.0,3.0,378.0,39.0,348.0,3.0
30081,2022-06-07 09:00:00,348.12,655.0,65.0,3.0,386.0,42.0,350.0,3.0
30082,2022-06-07 10:00:00,349.7,660.0,64.0,3.0,379.0,43.0,355.0,3.0
30083,2022-06-07 11:00:00,347.75,652.0,64.0,3.0,366.0,45.0,365.0,3.0
30084,2022-06-07 12:00:00,358.05,661.0,64.0,3.0,342.0,43.0,358.0,3.0
30085,2022-06-07 13:00:00,367.58,664.0,65.0,3.0,304.0,46.0,358.0,3.0
30086,2022-06-07 14:00:00,387.45,661.0,67.0,3.0,231.0,44.0,356.0,3.0
30087,2022-06-07 15:00:00,418.13,665.0,68.0,3.0,138.0,37.0,359.0,3.0
30088,2022-06-07 16:00:00,449.8,670.0,67.0,3.0,55.0,32.0,361.0,3.0
30089,2022-06-07 17:00:00,463.45,667.0,67.0,3.0,20.0,29.0,362.0,3.0
30090,2022-06-07 18:00:00,465.25,674.0,67.0,3.0,6.0,36.0,369.0,3.0
30091,2022-06-07 19:00:00,465.38,666.0,65.0,3.0,1.0,51.0,354.0,3.0
30092,2022-06-07 20:00:00,463.16,669.0,67.0,3.0,0.0,58.0,355.0,3.0
30093,2022-06-07 21:00:00,460.53,657.0,66.0,3.0,0.0,64.0,348.0,3.0
30094,2022-06-07 22:00:00,455.55,568.0,66.0,3.0,0.0,76.0,289.0,3.0
30095,2022-06-07 23:00:00,456.16,543.0,66.0,3.0,0.0,73.0,274.0,3.0
30096,2022-06-08 00:00:00,458.38,544.0,66.0,3.0,0.0,69.0,274.0,3.0
30097,2022-06-08 01:00:00,447.85,487.0,65.0,3.0,2.0,57.0,267.0,3.0
30098,2022-06-08 02:00:00,442.22,495.0,65.0,3.0,11.0,64.0,268.0,3.0
30099,2022-06-08 03:00:00,443.58,569.0,65.0,3.0,30.0,57.0,306.0,3.0
30100,2022-06-08 04:00:00,440.33,651.0,66.0,3.0,64.0,61.0,335.0,3.0
30101,2022-06-08 05:00:00,430.96,663.0,65.0,3.0,99.0,54.0,342.0,3.0
30102,2022-06-08 06:00:00,408.14,690.0,65.0,3.0,154.0,74.0,359.0,3.0
30103,2022-06-08 07:00:00,406.04,682.0,65.0,3.0,167.0,66.0,354.0,3.0
30104,2022-06-08 08:00:00,406.63,690.0,65.0,3.0,177.0,56.0,359.0,3.0
30105,2022-06-08 09:00:00,402.34,685.0,65.0,3.0,198.0,47.0,357.0,3.0
30106,2022-06-08 10:00:00,402.37,684.0,65.0,3.0,200.0,43.0,358.0,3.0
30107,2022-06-08 11:00:00,413.82,674.0,66.0,3.0,166.0,38.0,351.0,3.0
30108,2022-06-08 12:00:00,432.78,680.0,63.0,3.0,121.0,26.0,356.0,3.0
30109,2022-06-08 13:00:00,449.43,689.0,62.0,3.0,79.0,24.0,360.0,3.0
30110,2022-06-08 14:00:00,455.06,687.0,65.0,3.0,56.0,23.0,367.0,3.0
30111,2022-06-08 15:00:00,461.69,680.0,66.0,3.0,36.0,18.0,370.0,3.0
30112,2022-06-08 16:00:00,468.66,684.0,66.0,3.0,21.0,16.0,372.0,3.0
30113,2022-06-08 17:00:00,475.69,676.0,66.0,3.0,10.0,10.0,367.0,3.0
30114,2022-06-08 18:00:00,479.18,685.0,66.0,3.0,3.0,8.0,373.0,3.0
30115,2022-06-08 19:00:00,481.17,691.0,65.0,3.0,0.0,7.0,376.0,3.0
30116,2022-06-08 20:00:00,479.48,682.0,64.0,3.0,0.0,10.0,372.0,3.0
30117,2022-06-08 21:00:00,478.58,627.0,63.0,3.0,0.0,13.0,339.0,3.0
30118,2022-06-08 22:00:00,473.12,522.0,65.0,3.0,0.0,14.0,286.0,3.0
30119,2022-06-08 23:00:00,472.96,499.0,62.0,3.0,0.0,14.0,273.0,3.0
30120,2022-06-09 00:00:00,463.78,481.0,64.0,3.0,0.0,19.0,273.0,3.0
30121,2022-06-09 01:00:00,458.38,472.0,64.0,3.0,2.0,20.0,274.0,3.0
30122,2022-06-09 02:00:00,459.24,533.0,66.0,3.0,12.0,19.0,303.0,3.0
30123,2022-06-09 03:00:00,459.6,614.0,67.0,3.0,35.0,19.0,332.0,3.0
30124,2022-06-09 04:00:00,445.67,660.0,67.0,3.0,73.0,19.0,360.0,3.0
30125,2022-06-09 05:00:00,421.7,677.0,67.0,3.0,138.0,26.0,369.0,3.0
30126,2022-06-09 06:00:00,398.7,677.0,67.0,3.0,206.0,32.0,369.0,3.0
30127,2022-06-09 07:00:00,376.78,680.0,67.0,3.0,270.0,50.0,369.0,3.0
30128,2022-06-09 08:00:00,363.18,680.0,67.0,3.0,316.0,58.0,369.0,3.0
30129,2022-06-09 09:00:00,357.27,682.0,67.0,3.0,342.0,55.0,373.0,3.0
30130,2022-06-09 10:00:00,358.31,686.0,66.0,3.0,342.0,52.0,376.0,3.0
30131,2022-06-09 11:00:00,361.12,685.0,65.0,3.0,329.0,54.0,374.0,3.0
30132,2022-06-09 12:00:00,367.48,688.0,65.0,3.0,310.0,48.0,376.0,3.0
30133,2022-06-09 13:00:00,376.31,689.0,65.0,3.0,276.0,47.0,377.0,3.0
30134,2022-06-09 14:00:00,392.48,686.0,66.0,3.0,219.0,42.0,376.0,3.0
30135,2022-06-09 15:00:00,419.48,687.0,66.0,3.0,138.0,35.0,375.0,3.0
30136,2022-06-09 16:00:00,448.15,685.0,66.0,3.0,61.0,28.0,374.0,3.0
30137,2022-06-09 17:00:00,466.27,692.0,66.0,3.0,23.0,19.0,378.0,3.0
30138,2022-06-09 18:00:00,470.71,689.0,66.0,3.0,9.0,21.0,377.0,3.0
30139,2022-06-09 19:00:00,474.77,694.0,66.0,3.0,1.0,19.0,380.0,3.0
30140,2022-06-09 20:00:00,473.76,629.0,67.0,3.0,0.0,23.0,340.0,3.0
30141,2022-06-09 21:00:00,472.59,524.0,66.0,3.0,0.0,28.0,274.0,3.0
30142,2022-06-09 22:00:00,472.26,415.0,67.0,3.0,0.0,31.0,205.0,3.0
30143,2022-06-09 23:00:00,477.16,409.0,67.0,3.0,0.0,27.0,198.0,3.0
30144,2022-06-10 00:00:00,470.63,341.0,67.0,3.0,0.0,27.0,166.0,3.0
30145,2022-06-10 01:00:00,450.7,315.0,67.0,3.0,4.0,26.0,172.0,3.0
30146,2022-06-10 02:00:00,464.57,382.0,67.0,3.0,18.0,17.0,192.0,3.0
30147,2022-06-10 03:00:00,460.86,523.0,67.0,3.0,41.0,13.0,270.0,3.0
30148,2022-06-10 04:00:00,441.12,514.0,65.0,3.0,83.0,12.0,264.0,3.0
30149,2022-06-10 05:00:00,410.79,526.0,64.0,3.0,150.0,18.0,271.0,3.0
30150,2022-06-10 06:00:00,380.6,529.0,67.0,3.0,225.0,26.0,273.0,3.0
30151,2022-06-10 07:00:00,358.36,514.0,65.0,3.0,284.0,28.0,265.0,3.0
30152,2022-06-10 08:00:00,342.82,497.0,65.0,3.0,323.0,32.0,254.0,3.0
30153,2022-06-10 09:00:00,345.64,535.0,66.0,3.0,334.0,34.0,277.0,3.0
30154,2022-06-10 10:00:00,351.87,537.0,63.0,3.0,314.0,32.0,279.0,3.0
30155,2022-06-10 11:00:00,369.18,532.0,64.0,3.0,257.0,30.0,275.0,3.0
30156,2022-06-10 12:00:00,390.6,534.0,65.0,3.0,197.0,25.0,278.0,3.0
30157,2022-06-10 13:00:00,408.99,537.0,64.0,3.0,153.0,20.0,280.0,3.0
30158,2022-06-10 14:00:00,425.61,537.0,61.0,3.0,116.0,15.0,281.0,3.0
30159,2022-06-10 15:00:00,442.1,532.0,64.0,3.0,81.0,12.0,277.0,3.0
30160,2022-06-10 16:00:00,459.49,528.0,62.0,3.0,48.0,9.0,274.0,3.0
30161,2022-06-10 17:00:00,472.22,526.0,61.0,3.0,27.0,7.0,271.0,3.0
30162,2022-06-10 18:00:00,480.97,508.0,62.0,3.0,10.0,6.0,262.0,3.0
30163,2022-06-10 19:00:00,485.88,525.0,66.0,3.0,1.0,5.0,272.0,3.0
30164,2022-06-10 20:00:00,486.01,525.0,65.0,3.0,0.0,5.0,273.0,3.0
30165,2022-06-10 21:00:00,485.21,518.0,67.0,3.0,0.0,6.0,269.0,3.0
30166,2022-06-10 22:00:00,491.11,358.0,67.0,3.0,0.0,7.0,170.0,3.0
30167,2022-06-10 23:00:00,495.17,257.0,67.0,3.0,0.0,8.0,110.0,3.0
30168,2022-06-11 00:00:00,497.97,248.0,66.0,3.0,0.0,6.0,105.0,3.0
30169,2022-06-11 01:00:00,499.17,238.0,65.0,3.0,3.0,6.0,96.0,3.0
30170,2022-06-11 02:00:00,485.26,240.0,65.0,3.0,13.0,7.0,98.0,3.0
30171,2022-06-11 03:00:00,461.28,238.0,65.0,3.0,33.0,9.0,97.0,3.0
30172,2022-06-11 04:00:00,403.47,239.0,66.0,3.0,94.0,13.0,97.0,3.0
30173,2022-06-11 05:00:00,330.02,230.0,67.0,3.0,194.0,21.0,92.0,3.0
30174,2022-06-11 06:00:00,274.93,214.0,67.0,3.0,288.0,29.0,84.0,3.0
30175,2022-06-11 07:00:00,203.28,144.0,66.0,3.0,347.0,35.0,69.0,3.0
30176,2022-06-11 08:00:00,205.58,151.0,68.0,3.0,357.0,36.0,71.0,3.0
30177,2022-06-11 09:00:00,205.78,156.0,67.0,3.0,363.0,39.0,74.0,3.0
30178,2022-06-11 10:00:00,204.79,154.0,67.0,3.0,353.0,45.0,76.0,3.0
30179,2022-06-11 11:00:00,202.38,139.0,67.0,3.0,328.0,41.0,72.0,3.0
30180,2022-06-11 12:00:00,207.36,137.0,67.0,3.0,314.0,38.0,68.0,3.0
30181,2022-06-11 13:00:00,240.71,155.0,66.0,3.0,262.0,38.0,71.0,3.0
30182,2022-06-11 14:00:00,275.4,162.0,66.0,3.0,209.0,29.0,70.0,3.0
30183,2022-06-11 15:00:00,363.74,225.0,66.0,3.0,128.0,24.0,93.0,3.0
30184,2022-06-11 16:00:00,426.48,236.0,65.0,3.0,61.0,16.0,97.0,3.0
30185,2022-06-11 17:00:00,466.0,236.0,66.0,3.0,25.0,11.0,97.0,3.0
30186,2022-06-11 18:00:00,482.67,236.0,65.0,3.0,9.0,13.0,96.0,3.0
30187,2022-06-11 19:00:00,485.18,235.0,66.0,3.0,1.0,18.0,96.0,3.0
30188,2022-06-11 20:00:00,489.01,236.0,67.0,3.0,0.0,16.0,96.0,3.0
30189,2022-06-11 21:00:00,468.34,236.0,65.0,3.0,0.0,35.0,96.0,3.0
30190,2022-06-11 22:00:00,465.55,235.0,65.0,3.0,0.0,38.0,95.0,3.0
30191,2022-06-11 23:00:00,469.19,236.0,66.0,3.0,0.0,36.0,94.0,3.0
30192,2022-06-12 00:00:00,467.38,210.0,68.0,2.0,0.0,37.0,79.0,3.0
30193,2022-06-12 01:00:00,469.51,221.0,68.0,2.0,3.0,30.0,88.0,3.0
30194,2022-06-12 02:00:00,464.49,224.0,65.0,2.0,15.0,23.0,90.0,3.0
30195,2022-06-12 03:00:00,424.89,177.0,67.0,2.0,38.0,19.0,73.0,3.0
30196,2022-06-12 04:00:00,368.99,170.0,66.0,2.0,91.0,19.0,70.0,3.0
30197,2022-06-12 05:00:00,299.45,169.0,65.0,2.0,177.0,27.0,72.0,3.0
30198,2022-06-12 06:00:00,254.66,170.0,66.0,2.0,267.0,31.0,71.0,3.0
30199,2022-06-12 07:00:00,228.43,171.0,67.0,2.0,338.0,34.0,70.0,3.0
30200,2022-06-12 08:00:00,224.16,170.0,66.0,2.0,342.0,39.0,71.0,3.0
30201,2022-06-12 09:00:00,227.0,169.0,66.0,2.0,320.0,50.0,71.0,3.0
30202,2022-06-12 10:00:00,230.27,170.0,65.0,2.0,317.0,48.0,68.0,3.0
30203,2022-06-12 11:00:00,237.54,178.0,65.0,3.0,309.0,56.0,64.0,3.0
30204,2022-06-12 12:00:00,201.56,139.0,65.0,3.0,315.0,65.0,62.0,3.0
30205,2022-06-12 13:00:00,208.3,133.0,65.0,3.0,275.0,62.0,68.0,3.0
30206,2022-06-12 14:00:00,231.62,127.0,65.0,3.0,219.0,43.0,68.0,3.0
30207,2022-06-12 15:00:00,279.1,130.0,67.0,3.0,143.0,33.0,70.0,3.0
30208,2022-06-12 16:00:00,405.37,219.0,67.0,3.0,65.0,28.0,91.0,3.0
30209,2022-06-12 17:00:00,429.23,235.0,66.0,3.0,25.0,46.0,99.0,3.0
30210,2022-06-12 18:00:00,439.7,230.0,66.0,3.0,10.0,41.0,104.0,3.0
30211,2022-06-12 19:00:00,465.67,245.0,66.0,3.0,1.0,32.0,106.0,3.0
30212,2022-06-12 20:00:00,460.14,255.0,66.0,3.0,0.0,43.0,108.0,3.0
30213,2022-06-12 21:00:00,448.78,239.0,66.0,3.0,0.0,46.0,106.0,3.0
30214,2022-06-12 22:00:00,462.67,321.0,65.0,3.0,0.0,42.0,149.0,3.0
30215,2022-06-12 23:00:00,466.57,331.0,67.0,3.0,0.0,38.0,154.0,3.0
30216,2022-06-13 00:00:00,458.63,329.0,67.0,3.0,0.0,47.0,154.0,3.0
30217,2022-06-13 01:00:00,446.17,288.0,67.0,3.0,3.0,51.0,135.0,3.0
30218,2022-06-13 02:00:00,422.22,259.0,67.0,3.0,14.0,58.0,125.0,3.0
30219,2022-06-13 03:00:00,431.35,314.0,65.0,3.0,37.0,46.0,145.0,3.0
30220,2022-06-13 04:00:00,407.21,345.0,67.0,3.0,89.0,39.0,163.0,3.0
30221,2022-06-13 05:00:00,361.43,347.0,66.0,3.0,172.0,49.0,162.0,3.0
30222,2022-06-13 06:00:00,314.12,313.0,63.0,3.0,248.0,62.0,145.0,3.0
30223,2022-06-13 07:00:00,308.71,341.0,65.0,3.0,281.0,70.0,160.0,3.0
30224,2022-06-13 08:00:00,304.92,334.0,65.0,3.0,277.0,79.0,156.0,3.0
30225,2022-06-13 09:00:00,305.07,341.0,65.0,3.0,269.0,93.0,160.0,3.0
30226,2022-06-13 10:00:00,314.24,346.0,66.0,3.0,243.0,95.0,164.0,3.0
30227,2022-06-13 11:00:00,309.32,345.0,65.0,3.0,262.0,90.0,163.0,3.0
30228,2022-06-13 12:00:00,311.6,346.0,67.0,3.0,264.0,82.0,164.0,3.0
30229,2022-06-13 13:00:00,319.11,343.0,67.0,3.0,256.0,66.0,162.0,3.0
30230,2022-06-13 14:00:00,333.1,321.0,67.0,3.0,210.0,52.0,156.0,3.0
30231,2022-06-13 15:00:00,382.42,345.0,66.0,3.0,132.0,40.0,165.0,3.0
30232,2022-06-13 16:00:00,430.22,346.0,66.0,3.0,61.0,29.0,164.0,3.0
30233,2022-06-13 17:00:00,457.69,345.0,66.0,2.0,27.0,24.0,163.0,3.0
30234,2022-06-13 18:00:00,476.89,346.0,67.0,2.0,11.0,15.0,163.0,3.0
30235,2022-06-13 19:00:00,483.8,345.0,66.0,2.0,1.0,16.0,163.0,3.0
30236,2022-06-13 20:00:00,486.97,343.0,66.0,2.0,0.0,14.0,161.0,3.0
30237,2022-06-13 21:00:00,490.21,346.0,65.0,2.0,0.0,10.0,163.0,3.0
30238,2022-06-13 22:00:00,495.85,283.0,64.0,2.0,0.0,8.0,125.0,3.0
30239,2022-06-13 23:00:00,499.66,281.0,65.0,2.0,0.0,5.0,123.0,3.0
30240,2022-06-14 00:00:00,496.83,282.0,66.0,2.0,0.0,6.0,125.0,3.0
30241,2022-06-14 01:00:00,496.57,282.0,67.0,2.0,2.0,4.0,125.0,3.0
30242,2022-06-14 02:00:00,484.81,282.0,66.0,2.0,12.0,7.0,124.0,3.0
30243,2022-06-14 03:00:00,467.6,288.0,66.0,2.0,29.0,9.0,127.0,3.0
30244,2022-06-14 04:00:00,451.96,323.0,66.0,2.0,50.0,9.0,148.0,3.0
30245,2022-06-14 05:00:00,427.17,349.0,67.0,3.0,84.0,14.0,163.0,3.0
30246,2022-06-14 06:00:00,407.82,360.0,66.0,3.0,123.0,17.0,163.0,3.0
30247,2022-06-14 07:00:00,397.1,358.0,66.0,3.0,139.0,20.0,162.0,3.0
30248,2022-06-14 08:00:00,397.06,335.0,67.0,3.0,133.0,19.0,148.0,3.0
30249,2022-06-14 09:00:00,390.63,311.0,66.0,3.0,137.0,19.0,133.0,3.0
30250,2022-06-14 10:00:00,388.08,298.0,65.0,3.0,134.0,20.0,127.0,3.0
30251,2022-06-14 11:00:00,389.23,300.0,65.0,3.0,135.0,21.0,125.0,3.0
30252,2022-06-14 12:00:00,380.5,284.0,65.0,3.0,137.0,22.0,121.0,3.0
30253,2022-06-14 13:00:00,398.86,292.0,65.0,3.0,115.0,21.0,122.0,3.0
30254,2022-06-14 14:00:00,416.34,291.0,66.0,3.0,84.0,27.0,120.0,3.0
30255,2022-06-14 15:00:00,432.35,291.0,66.0,3.0,59.0,31.0,119.0,3.0
30256,2022-06-14 16:00:00,443.19,308.0,67.0,3.0,38.0,39.0,130.0,3.0
30257,2022-06-14 17:00:00,449.78,306.0,67.0,3.0,22.0,46.0,129.0,3.0
30258,2022-06-14 18:00:00,448.71,298.0,66.0,3.0,7.0,62.0,124.0,3.0
30259,2022-06-14 19:00:00,444.36,290.0,65.0,3.0,1.0,71.0,121.0,3.0
30260,2022-06-14 20:00:00,436.21,303.0,65.0,3.0,0.0,85.0,128.0,3.0
30261,2022-06-14 21:00:00,435.67,307.0,63.0,3.0,0.0,88.0,129.0,3.0
30262,2022-06-14 22:00:00,428.38,267.0,64.0,3.0,0.0,91.0,105.0,3.0
30263,2022-06-14 23:00:00,420.36,247.0,64.0,3.0,0.0,98.0,92.0,3.0
30264,2022-06-15 00:00:00,410.56,241.0,64.0,3.0,0.0,104.0,93.0,3.0
30265,2022-06-15 01:00:00,363.73,192.0,63.0,3.0,1.0,113.0,95.0,3.0
30266,2022-06-15 02:00:00,401.95,230.0,65.0,3.0,6.0,97.0,95.0,3.0
30267,2022-06-15 03:00:00,402.92,273.0,64.0,3.0,22.0,104.0,109.0,3.0
30268,2022-06-15 04:00:00,379.33,297.0,65.0,3.0,57.0,115.0,123.0,3.0
30269,2022-06-15 05:00:00,342.84,299.0,65.0,2.0,119.0,125.0,125.0,3.0
30270,2022-06-15 06:00:00,304.12,303.0,56.0,2.0,199.0,141.0,127.0,3.0
30271,2022-06-15 07:00:00,262.51,289.0,58.0,2.0,293.0,163.0,117.0,3.0
30272,2022-06-15 08:00:00,249.3,290.0,64.0,2.0,341.0,168.0,118.0,3.0
30273,2022-06-15 09:00:00,247.23,293.0,53.0,2.0,350.0,166.0,120.0,3.0
30274,2022-06-15 10:00:00,248.26,294.0,49.0,2.0,350.0,160.0,122.0,3.0
30275,2022-06-15 11:00:00,246.05,284.75,53.5,2.5,337.0,169.0,117.25,3.0
30276,2022-06-15 12:00:00,250.14,291.0,50.0,2.0,333.0,165.0,121.0,3.0
30277,2022-06-15 13:00:00,259.94,299.0,50.0,2.0,312.0,160.0,126.0,3.0
30278,2022-06-15 14:00:00,279.17,297.0,50.0,2.0,252.0,151.0,126.0,3.0
30279,2022-06-15 15:00:00,317.26,299.0,50.0,2.0,155.0,144.0,127.0,3.0
30280,2022-06-15 16:00:00,373.79,299.0,54.0,2.0,63.0,117.0,128.0,3.0
30281,2022-06-15 17:00:00,393.94,298.0,54.0,2.0,22.0,124.0,127.0,3.0
30282,2022-06-15 18:00:00,401.51,272.0,53.0,3.0,9.0,117.0,111.0,3.0
30283,2022-06-15 19:00:00,423.86,297.0,52.0,3.0,1.0,101.0,125.0,3.0
30284,2022-06-15 20:00:00,424.25,295.0,51.0,3.0,0.0,100.0,125.0,3.0
30285,2022-06-15 21:00:00,404.22,275.0,51.0,3.0,0.0,111.0,125.0,3.0
30286,2022-06-15 22:00:00,374.68,212.0,50.0,3.0,0.0,107.0,109.0,3.0
30287,2022-06-15 23:00:00,383.57,200.0,50.0,3.0,0.0,91.0,102.0,3.0
30288,2022-06-16 00:00:00,390.83,193.0,51.0,3.0,0.0,80.0,98.0,3.0
30289,2022-06-16 01:00:00,386.7,182.0,50.0,3.0,3.0,76.0,93.0,3.0
30290,2022-06-16 02:00:00,394.51,194.0,50.0,3.0,13.0,68.0,94.0,3.0
30291,2022-06-16 03:00:00,437.71,282.0,49.0,3.0,32.0,50.0,116.0,3.0
30292,2022-06-16 04:00:00,403.6,301.0,49.0,3.0,93.0,42.0,125.0,3.0
30293,2022-06-16 05:00:00,344.28,300.0,50.0,3.0,184.0,57.0,124.0,3.0
30294,2022-06-16 06:00:00,312.46,299.0,50.0,3.0,254.0,60.0,123.0,3.0
30295,2022-06-16 07:00:00,296.73,291.0,48.0,3.0,279.0,68.0,119.0,3.0
30296,2022-06-16 08:00:00,301.5,296.0,49.0,3.0,261.0,78.0,122.0,3.0
30297,2022-06-16 09:00:00,299.98,301.0,50.0,3.0,260.0,88.0,125.0,3.0
30298,2022-06-16 10:00:00,273.83,271.0,50.0,3.0,285.0,102.0,112.0,3.0
30299,2022-06-16 11:00:00,262.97,254.0,50.0,3.0,296.0,104.0,101.0,3.0
30300,2022-06-16 12:00:00,238.93,212.0,50.0,2.0,301.0,100.0,91.0,3.0
30301,2022-06-16 13:00:00,245.41,202.0,52.0,2.0,269.0,94.0,89.0,3.0
30302,2022-06-16 14:00:00,292.33,241.0,51.0,2.0,220.0,89.0,91.0,3.0
30303,2022-06-16 15:00:00,347.97,292.0,52.0,2.0,145.0,82.0,122.0,3.0
30304,2022-06-16 16:00:00,408.21,292.0,52.0,2.0,63.0,61.0,122.0,3.0
30305,2022-06-16 17:00:00,450.36,293.0,52.0,2.0,24.0,47.0,120.0,3.0
30306,2022-06-16 18:00:00,462.25,291.0,51.0,2.0,9.0,48.0,119.0,3.0
30307,2022-06-16 19:00:00,469.43,291.0,51.0,2.0,1.0,47.0,120.0,3.0
30308,2022-06-16 20:00:00,487.14,295.0,49.0,2.0,0.0,30.0,122.0,3.0
30309,2022-06-16 21:00:00,486.79,297.0,51.0,2.0,0.0,29.0,124.0,3.0
30310,2022-06-16 22:00:00,488.07,294.0,51.0,2.0,0.0,29.0,121.0,3.0
30311,2022-06-16 23:00:00,490.57,295.0,51.0,2.0,0.0,27.0,121.0,3.0
30312,2022-06-17 00:00:00,471.03,258.0,51.0,2.0,0.0,33.0,113.0,3.0
30313,2022-06-17 01:00:00,429.92,218.0,53.0,2.0,3.0,50.0,106.0,3.0
30314,2022-06-17 02:00:00,438.14,240.0,53.0,2.0,13.0,43.0,111.0,3.0
30315,2022-06-17 03:00:00,456.88,336.0,51.0,2.0,33.0,29.0,150.0,3.0
30316,2022-06-17 04:00:00,424.46,385.0,50.0,3.0,91.0,28.0,177.0,3.0
30317,2022-06-17 05:00:00,366.59,380.0,53.0,3.0,185.0,48.0,174.0,3.0
30318,2022-06-17 06:00:00,321.63,371.0,53.0,3.0,276.0,69.0,168.0,3.0
30319,2022-06-17 07:00:00,302.65,379.0,52.0,3.0,333.0,78.0,173.0,3.0
30320,2022-06-17 08:00:00,292.34,369.0,52.0,3.0,350.0,86.0,168.0,3.0
30321,2022-06-17 09:00:00,294.81,371.0,50.0,2.0,346.0,85.0,168.0,3.0
30322,2022-06-17 10:00:00,301.49,370.0,51.0,3.0,332.0,74.0,168.0,3.0
30323,2022-06-17 11:00:00,306.55,369.0,51.0,3.0,312.0,75.0,169.0,3.0
30324,2022-06-17 12:00:00,310.37,358.0,51.0,3.0,293.0,66.0,169.0,3.0
30325,2022-06-17 13:00:00,315.98,350.0,51.0,3.0,273.0,61.0,166.0,3.0
30326,2022-06-17 14:00:00,337.57,346.0,51.0,3.0,220.0,49.0,168.0,3.0
30327,2022-06-17 15:00:00,375.07,346.0,52.0,3.0,146.0,39.0,168.0,3.0
30328,2022-06-17 16:00:00,434.77,366.0,52.0,3.0,64.0,28.0,172.0,3.0
30329,2022-06-17 17:00:00,466.72,356.0,55.0,3.0,23.0,26.0,161.0,3.0
30330,2022-06-17 18:00:00,480.36,369.0,54.0,3.0,8.0,22.0,170.0,3.0
30331,2022-06-17 19:00:00,486.34,361.0,53.0,3.0,1.0,22.0,165.0,3.0
30332,2022-06-17 20:00:00,490.2,367.0,51.0,3.0,0.0,18.0,169.0,3.0
30333,2022-06-17 21:00:00,493.46,374.0,50.0,2.0,0.0,15.0,173.0,3.0
30334,2022-06-17 22:00:00,496.77,311.0,52.0,2.0,0.0,15.0,135.0,3.0
30335,2022-06-17 23:00:00,506.49,199.0,52.0,2.0,0.0,14.0,70.0,3.0
30336,2022-06-18 00:00:00,512.18,185.0,50.0,2.0,0.0,13.0,61.0,3.0
30337,2022-06-18 01:00:00,499.19,188.0,49.0,2.0,3.0,18.0,63.0,3.0
30338,2022-06-18 02:00:00,461.81,184.0,48.0,2.0,18.0,28.0,62.0,3.0
30339,2022-06-18 03:00:00,430.34,185.0,48.0,2.0,45.0,26.0,63.0,3.0
30340,2022-06-18 04:00:00,387.62,185.0,48.0,2.0,82.0,30.0,63.0,3.0
30341,2022-06-18 05:00:00,328.63,175.0,48.0,2.0,139.0,34.0,63.0,3.0
30342,2022-06-18 06:00:00,290.31,164.0,50.0,2.0,185.0,33.0,62.0,3.0
30343,2022-06-18 07:00:00,302.29,183.0,50.0,2.0,186.0,41.0,62.0,3.0
30344,2022-06-18 08:00:00,335.42,187.0,50.0,2.0,131.0,49.0,62.0,3.0
30345,2022-06-18 09:00:00,362.33,186.0,52.0,2.0,89.0,54.0,62.0,3.0
30346,2022-06-18 10:00:00,306.82,136.0,51.0,2.0,86.0,65.0,61.0,3.0
30347,2022-06-18 11:00:00,314.34,130.0,52.0,2.0,75.0,60.0,59.0,3.0
30348,2022-06-18 12:00:00,333.76,131.0,51.0,2.0,54.0,61.0,58.0,3.0
30349,2022-06-18 13:00:00,360.63,167.0,49.0,3.0,45.0,79.0,61.0,3.0
30350,2022-06-18 14:00:00,382.09,180.0,49.0,3.0,36.0,78.0,61.0,3.0
30351,2022-06-18 15:00:00,369.44,162.0,49.0,3.0,28.0,80.0,62.0,3.0
30352,2022-06-18 16:00:00,403.28,189.0,54.0,3.0,19.0,76.0,66.0,3.0
30353,2022-06-18 17:00:00,435.57,201.0,51.0,3.0,9.0,65.0,66.0,3.0
30354,2022-06-18 18:00:00,437.36,203.0,50.0,3.0,3.0,71.0,66.0,3.0
30355,2022-06-18 19:00:00,438.91,194.0,50.0,3.0,1.0,67.0,64.0,3.0
30356,2022-06-18 20:00:00,436.11,188.0,50.0,3.0,0.0,67.0,63.0,3.0
30357,2022-06-18 21:00:00,388.13,148.0,48.0,3.0,0.0,76.0,62.0,3.0
30358,2022-06-18 22:00:00,430.13,176.0,50.0,2.0,0.0,62.0,65.0,3.0
30359,2022-06-18 23:00:00,412.86,157.0,50.0,2.0,0.0,65.0,61.0,3.0
30360,2022-06-19 00:00:00,426.4,172.0,50.0,2.0,0.0,62.0,65.0,3.0
30361,2022-06-19 01:00:00,430.99,182.0,49.0,2.0,2.0,64.0,65.0,3.0
30362,2022-06-19 02:00:00,422.88,197.0,49.0,2.0,12.0,72.0,66.0,3.0
30363,2022-06-19 03:00:00,395.64,192.0,49.0,2.0,33.0,73.0,67.0,3.0
30364,2022-06-19 04:00:00,322.82,151.0,49.0,2.0,76.0,74.0,62.0,3.0
30365,2022-06-19 05:00:00,264.77,148.0,52.0,2.0,153.0,85.0,61.0,3.0
30366,2022-06-19 06:00:00,228.86,154.0,52.0,2.0,234.0,96.0,62.0,3.0
30367,2022-06-19 07:00:00,206.41,161.0,49.0,2.0,307.0,103.0,64.0,3.0
30368,2022-06-19 08:00:00,182.67,139.0,49.0,2.0,327.0,106.0,61.0,3.0
30369,2022-06-19 09:00:00,188.82,155.0,50.0,2.0,341.0,118.0,62.0,3.0
30370,2022-06-19 10:00:00,203.11,172.0,51.0,2.0,336.0,118.0,63.0,3.0
30371,2022-06-19 11:00:00,214.63,172.0,51.0,2.0,297.0,117.0,63.0,3.0
30372,2022-06-19 12:00:00,221.79,173.0,53.0,2.0,276.0,119.0,63.0,3.0
30373,2022-06-19 13:00:00,242.24,178.0,52.0,2.0,242.0,106.0,62.0,3.0
30374,2022-06-19 14:00:00,253.47,151.0,51.0,2.0,178.0,89.0,60.0,3.0
30375,2022-06-19 15:00:00,342.81,189.0,50.0,2.0,108.0,63.0,63.0,3.0
30376,2022-06-19 16:00:00,386.35,193.0,50.0,3.0,60.0,61.0,62.0,3.0
30377,2022-06-19 17:00:00,415.16,182.0,49.0,3.0,28.0,56.0,60.0,3.0
30378,2022-06-19 18:00:00,423.88,158.0,50.0,3.0,11.0,48.0,58.0,3.0
30379,2022-06-19 19:00:00,399.6,138.0,51.0,3.0,2.0,53.0,64.0,3.0
30380,2022-06-19 20:00:00,389.44,143.0,50.0,3.0,0.0,65.0,67.0,3.0
30381,2022-06-19 21:00:00,397.22,149.0,50.0,3.0,0.0,61.0,70.0,3.0
30382,2022-06-19 22:00:00,442.7,269.0,53.0,3.0,0.0,70.0,112.0,3.0
30383,2022-06-19 23:00:00,452.63,299.0,54.0,3.0,0.0,67.0,124.0,3.0
30384,2022-06-20 00:00:00,466.76,322.0,53.0,3.0,0.0,50.0,139.0,3.0
30385,2022-06-20 01:00:00,463.11,310.0,52.0,3.0,3.0,40.0,143.0,3.0
30386,2022-06-20 02:00:00,471.6,359.0,52.0,2.0,16.0,29.0,162.0,3.0
30387,2022-06-20 03:00:00,463.02,404.0,54.0,2.0,39.0,18.0,190.0,3.0
30388,2022-06-20 04:00:00,440.26,465.0,54.0,2.0,82.0,20.0,226.0,3.0
30389,2022-06-20 05:00:00,417.39,488.0,59.0,2.0,130.0,21.0,242.0,3.0
30390,2022-06-20 06:00:00,397.05,492.0,60.0,2.0,182.0,26.0,237.0,3.0
30391,2022-06-20 07:00:00,385.12,492.0,61.0,2.0,224.0,28.0,224.0,3.0
30392,2022-06-20 08:00:00,375.88,491.0,57.0,2.0,252.0,26.0,223.0,4.0
30393,2022-06-20 09:00:00,372.41,493.0,55.0,2.0,260.0,31.0,223.0,6.0
30394,2022-06-20 10:00:00,374.38,502.0,57.0,2.0,252.0,29.0,235.0,3.0
30395,2022-06-20 11:00:00,368.29,504.0,57.0,2.0,254.0,32.0,250.0,3.0
30396,2022-06-20 12:00:00,371.31,503.0,56.0,2.0,241.0,34.0,251.0,3.0
30397,2022-06-20 13:00:00,383.26,505.0,55.0,2.0,213.0,29.0,252.0,3.0
30398,2022-06-20 14:00:00,400.88,499.0,56.0,2.0,172.0,22.0,248.0,3.0
30399,2022-06-20 15:00:00,423.21,504.0,57.0,2.0,122.0,19.0,252.0,3.0
30400,2022-06-20 16:00:00,454.76,498.0,54.0,2.0,66.0,12.0,245.0,3.0
30401,2022-06-20 17:00:00,478.39,492.0,54.0,2.0,28.0,6.0,242.0,3.0
30402,2022-06-20 18:00:00,485.55,491.0,55.0,3.0,10.0,9.0,243.0,3.0
30403,2022-06-20 19:00:00,492.35,491.0,54.0,3.0,1.0,7.0,243.0,3.0
30404,2022-06-20 20:00:00,494.69,492.0,53.0,3.0,0.0,6.0,242.0,3.0
30405,2022-06-20 21:00:00,495.72,482.0,53.0,3.0,0.0,4.0,237.0,3.0
30406,2022-06-20 22:00:00,501.34,403.0,51.0,3.0,0.0,3.0,189.0,3.0
30407,2022-06-20 23:00:00,499.88,396.0,52.0,3.0,0.0,6.0,184.0,3.0
30408,2022-06-21 00:00:00,498.43,381.0,52.0,3.0,0.0,9.0,175.0,3.0
30409,2022-06-21 01:00:00,493.86,374.0,52.0,3.0,3.0,10.0,173.0,3.0
30410,2022-06-21 02:00:00,482.42,375.0,53.0,3.0,14.0,14.0,173.0,3.0
30411,2022-06-21 03:00:00,464.29,413.0,53.0,3.0,36.0,18.0,196.0,3.0
30412,2022-06-21 04:00:00,436.77,472.0,54.0,3.0,91.0,17.0,231.0,3.0
30413,2022-06-21 05:00:00,394.87,490.0,55.0,3.0,178.0,29.0,241.0,3.0
30414,2022-06-21 06:00:00,362.88,489.0,56.0,2.0,260.0,36.0,240.0,3.0
30415,2022-06-21 07:00:00,342.48,482.0,54.0,2.0,312.0,43.0,237.0,3.0
30416,2022-06-21 08:00:00,332.89,481.0,51.0,2.0,341.0,46.0,236.0,3.0
30417,2022-06-21 09:00:00,330.92,499.0,49.0,2.0,361.0,44.0,248.0,3.0
30418,2022-06-21 10:00:00,324.16,489.0,51.0,2.0,372.0,51.0,242.0,3.0
30419,2022-06-21 11:00:00,324.69,499.0,48.0,2.0,371.0,59.0,246.0,3.0
30420,2022-06-21 12:00:00,326.59,492.0,51.0,2.0,362.0,56.0,242.0,3.0
30421,2022-06-21 13:00:00,343.94,530.0,51.0,2.0,326.0,52.0,267.0,3.0
30422,2022-06-21 14:00:00,361.63,513.0,48.0,2.0,262.0,47.0,257.0,3.0
30423,2022-06-21 15:00:00,394.69,475.0,48.0,2.0,163.0,39.0,234.0,3.0
30424,2022-06-21 16:00:00,447.53,506.0,47.0,2.0,68.0,20.0,256.0,3.0
30425,2022-06-21 17:00:00,474.02,505.0,47.0,2.0,25.0,13.0,255.0,3.0
30426,2022-06-21 18:00:00,486.78,481.0,48.0,2.0,10.0,10.0,237.0,3.0
30427,2022-06-21 19:00:00,491.51,478.0,47.0,2.0,2.0,12.0,234.0,3.0
30428,2022-06-21 20:00:00,494.17,417.0,47.0,2.0,0.0,15.0,196.0,3.0
30429,2022-06-21 21:00:00,489.19,404.0,50.0,2.0,0.0,21.0,189.0,3.0
30430,2022-06-21 22:00:00,473.72,339.0,48.0,2.0,0.0,18.0,175.0,3.0
30431,2022-06-21 23:00:00,469.52,316.0,48.0,2.0,0.0,12.0,172.0,3.0
30432,2022-06-22 00:00:00,472.08,318.0,49.0,2.0,0.0,7.0,175.0,3.0
30433,2022-06-22 01:00:00,468.58,311.0,48.0,2.0,3.0,6.0,173.0,3.0
30434,2022-06-22 02:00:00,473.9,346.0,48.0,2.0,14.0,6.0,177.0,3.0
30435,2022-06-22 03:00:00,472.99,469.0,47.0,2.0,34.0,6.0,233.0,3.0
30436,2022-06-22 04:00:00,439.14,520.0,50.0,3.0,96.0,11.0,263.0,3.0
30437,2022-06-22 05:00:00,396.85,543.0,48.0,3.0,196.0,18.0,278.0,3.0
30438,2022-06-22 06:00:00,364.94,540.0,51.0,3.0,282.0,27.0,275.0,3.0
30439,2022-06-22 07:00:00,345.74,542.0,51.0,3.0,343.0,31.0,278.0,3.0
30440,2022-06-22 08:00:00,338.62,542.0,48.0,3.0,368.0,33.0,277.0,3.0
30441,2022-06-22 09:00:00,340.13,544.0,50.0,3.0,364.0,33.0,278.0,3.0
30442,2022-06-22 10:00:00,339.45,542.0,49.0,3.0,364.0,34.0,277.0,3.0
30443,2022-06-22 11:00:00,342.89,541.0,49.0,3.0,352.0,33.0,276.0,3.0
30444,2022-06-22 12:00:00,342.68,542.0,49.0,3.0,347.0,37.0,279.0,3.0
30445,2022-06-22 13:00:00,354.25,543.0,49.0,3.0,312.0,31.0,280.0,3.0
30446,2022-06-22 14:00:00,379.09,545.0,49.0,3.0,234.0,29.0,282.0,3.0
30447,2022-06-22 15:00:00,417.43,544.0,49.0,3.0,140.0,18.0,281.0,3.0
30448,2022-06-22 16:00:00,454.18,541.0,49.0,2.0,66.0,9.0,279.0,3.0
30449,2022-06-22 17:00:00,473.95,544.0,50.0,2.0,27.0,5.0,284.0,3.0
30450,2022-06-22 18:00:00,487.2,513.0,49.0,2.0,10.0,4.0,260.0,3.0
30451,2022-06-22 19:00:00,491.01,519.0,48.0,2.0,2.0,4.0,265.0,3.0
30452,2022-06-22 20:00:00,493.11,424.0,48.0,2.0,0.0,9.0,207.0,3.0
30453,2022-06-22 21:00:00,488.92,384.0,47.0,2.0,0.0,17.0,183.0,3.0
30454,2022-06-22 22:00:00,492.66,286.0,47.0,2.0,0.0,20.0,122.0,3.0
30455,2022-06-22 23:00:00,491.22,288.0,49.0,2.0,0.0,22.0,122.0,3.0
30456,2022-06-23 00:00:00,479.99,266.0,47.0,2.0,0.0,23.0,120.0,3.0
30457,2022-06-23 01:00:00,479.99,254.0,47.0,2.0,3.0,12.0,121.0,3.0
30458,2022-06-23 02:00:00,455.77,247.0,46.0,2.0,13.0,22.0,120.0,3.0
30459,2022-06-23 03:00:00,427.66,255.0,46.0,2.0,32.0,39.0,120.0,3.0
30460,2022-06-23 04:00:00,370.29,217.0,48.0,2.0,95.0,29.0,104.0,3.0
30461,2022-06-23 05:00:00,344.18,285.0,49.0,2.0,199.0,26.0,123.0,3.0
30462,2022-06-23 06:00:00,298.19,286.0,51.0,2.0,298.0,38.0,120.0,3.0
30463,2022-06-23 07:00:00,266.1,278.0,50.0,2.0,367.0,52.0,118.0,3.0
30464,2022-06-23 08:00:00,232.65,229.0,50.0,2.0,395.0,53.0,103.0,3.0
30465,2022-06-23 09:00:00,214.96,209.0,50.0,2.0,402.0,65.0,102.0,3.0
30466,2022-06-23 10:00:00,216.38,206.0,50.0,2.0,384.0,71.0,101.0,3.0
30467,2022-06-23 11:00:00,205.22,190.0,51.0,2.0,384.0,77.0,97.0,3.0
30468,2022-06-23 12:00:00,217.62,189.0,50.0,2.0,348.0,61.0,100.0,3.0
30469,2022-06-23 13:00:00,235.85,188.0,49.0,2.0,293.0,52.0,103.0,3.0
30470,2022-06-23 14:00:00,264.49,187.0,48.0,2.0,224.0,44.0,103.0,3.0
30471,2022-06-23 15:00:00,332.67,219.0,49.0,2.0,148.0,32.0,107.0,3.0
30472,2022-06-23 16:00:00,411.24,252.0,49.0,2.0,69.0,23.0,116.0,3.0
30473,2022-06-23 17:00:00,448.74,251.0,51.0,2.0,29.0,20.0,115.0,3.0
30474,2022-06-23 18:00:00,473.64,278.0,49.0,2.0,11.0,23.0,122.0,3.0
30475,2022-06-23 19:00:00,480.48,243.0,52.0,2.0,2.0,16.0,110.0,3.0
30476,2022-06-23 20:00:00,494.09,257.0,47.0,2.0,0.0,14.0,111.0,3.0
30477,2022-06-23 21:00:00,498.66,287.0,46.0,2.0,0.0,13.0,124.0,3.0
30478,2022-06-23 22:00:00,498.4,277.0,46.0,2.0,0.0,14.0,118.0,3.0
30479,2022-06-23 23:00:00,501.55,254.0,47.0,2.0,0.0,13.0,104.0,3.0
30480,2022-06-24 00:00:00,501.13,263.0,47.0,2.0,0.0,12.0,110.0,3.0
30481,2022-06-24 01:00:00,488.71,261.0,47.0,2.0,3.0,19.0,110.0,3.0
30482,2022-06-24 02:00:00,472.88,248.0,47.0,3.0,13.0,24.0,101.0,3.0
30483,2022-06-24 03:00:00,426.62,205.0,47.0,3.0,32.0,19.0,101.0,3.0
30484,2022-06-24 04:00:00,356.43,184.0,48.0,3.0,93.0,18.0,98.0,3.0
30485,2022-06-24 05:00:00,283.84,185.0,48.0,3.0,199.0,26.0,100.0,3.0
30486,2022-06-24 06:00:00,239.03,186.0,50.0,3.0,302.0,32.0,100.0,3.0
30487,2022-06-24 07:00:00,213.86,185.0,50.0,3.0,372.0,38.0,101.0,3.0
30488,2022-06-24 08:00:00,204.75,186.0,51.0,3.0,406.0,41.0,101.0,3.0
30489,2022-06-24 09:00:00,201.92,187.0,50.0,3.0,420.0,39.0,102.0,3.0
30490,2022-06-24 10:00:00,200.78,185.0,50.0,3.0,420.0,38.0,102.0,3.0
30491,2022-06-24 11:00:00,204.35,185.0,50.0,2.0,415.0,36.0,96.0,3.0
30492,2022-06-24 12:00:00,211.06,185.0,50.0,2.0,395.0,35.0,92.0,3.0
30493,2022-06-24 13:00:00,226.72,184.0,50.0,2.0,346.0,29.0,92.0,3.0
30494,2022-06-24 14:00:00,259.78,186.0,50.0,2.0,264.0,23.0,94.0,3.0
30495,2022-06-24 15:00:00,355.54,241.0,49.0,2.0,160.0,16.0,100.0,3.0
30496,2022-06-24 16:00:00,438.11,250.0,49.0,2.0,64.0,8.0,103.0,3.0
30497,2022-06-24 17:00:00,483.04,268.0,48.0,2.0,22.0,4.0,115.0,3.0
30498,2022-06-24 18:00:00,479.24,228.0,49.0,2.0,9.0,4.0,108.0,3.0
30499,2022-06-24 19:00:00,502.07,269.0,48.0,2.0,1.0,3.0,120.0,3.0
30500,2022-06-24 20:00:00,505.56,291.0,48.0,2.0,0.0,4.0,128.0,3.0
30501,2022-06-24 21:00:00,507.44,292.0,47.0,2.0,0.0,3.0,128.0,3.0
30502,2022-06-24 22:00:00,508.81,292.0,46.0,2.0,0.0,4.0,126.0,3.0
30503,2022-06-24 23:00:00,505.56,291.0,48.0,2.0,0.0,7.0,125.0,3.0
30504,2022-06-25 00:00:00,502.93,292.0,48.0,2.0,0.0,9.0,126.0,3.0
30505,2022-06-25 01:00:00,501.44,297.0,48.0,2.0,3.0,7.0,129.0,3.0
30506,2022-06-25 02:00:00,490.4,307.0,46.0,2.0,13.0,7.0,136.0,3.0
30507,2022-06-25 03:00:00,473.25,343.0,48.0,2.0,31.0,7.0,158.0,3.0
30508,2022-06-25 04:00:00,432.27,376.0,49.0,2.0,92.0,11.0,174.0,3.0
30509,2022-06-25 05:00:00,352.99,299.0,49.0,2.0,194.0,18.0,135.0,3.0
30510,2022-06-25 06:00:00,261.18,200.0,49.0,2.0,290.0,25.0,89.0,3.0
30511,2022-06-25 07:00:00,232.54,185.0,49.0,2.0,359.0,30.0,62.0,3.0
30512,2022-06-25 08:00:00,219.13,183.0,50.0,2.0,394.0,33.0,62.0,3.0
30513,2022-06-25 09:00:00,215.72,184.0,50.0,2.0,408.0,33.0,62.0,3.0
30514,2022-06-25 10:00:00,228.3,211.0,50.0,2.0,410.0,35.0,80.0,3.0
30515,2022-06-25 11:00:00,243.39,240.0,49.0,2.0,403.0,35.0,99.0,3.0
30516,2022-06-25 12:00:00,254.94,259.0,49.0,2.0,382.0,35.0,120.0,3.0
30517,2022-06-25 13:00:00,239.04,206.0,49.0,2.0,336.0,30.0,112.0,3.0
30518,2022-06-25 14:00:00,269.82,205.0,49.0,2.0,256.0,22.0,114.0,3.0
30519,2022-06-25 15:00:00,344.28,257.0,49.0,2.0,155.0,15.0,144.0,3.0
30520,2022-06-25 16:00:00,431.8,325.0,49.0,2.0,63.0,8.0,168.0,3.0
30521,2022-06-25 17:00:00,479.04,359.0,49.0,2.0,22.0,5.0,171.0,3.0
30522,2022-06-25 18:00:00,488.64,359.0,49.0,2.0,9.0,6.0,171.0,3.0
30523,2022-06-25 19:00:00,472.26,299.0,50.0,2.0,1.0,11.0,158.0,3.0
30524,2022-06-25 20:00:00,471.94,321.0,49.0,2.0,0.0,15.0,169.0,3.0
30525,2022-06-25 21:00:00,480.77,340.0,48.0,2.0,0.0,15.0,170.0,3.0
30526,2022-06-25 22:00:00,459.33,260.0,46.0,2.0,0.0,15.0,145.0,3.0
30527,2022-06-25 23:00:00,456.06,284.0,48.0,3.0,0.0,18.0,160.0,3.0
30528,2022-06-26 00:00:00,453.82,277.0,47.0,3.0,0.0,19.0,157.0,3.0
30529,2022-06-26 01:00:00,451.62,216.0,46.0,3.0,3.0,14.0,120.0,3.0
30530,2022-06-26 02:00:00,448.3,216.0,46.0,3.0,13.0,7.0,120.0,3.0
30531,2022-06-26 03:00:00,425.8,200.0,46.0,3.0,31.0,8.0,110.0,3.0
30532,2022-06-26 04:00:00,377.88,215.0,47.0,3.0,89.0,10.0,116.0,3.0
30533,2022-06-26 05:00:00,308.89,204.0,48.0,3.0,186.0,17.0,104.0,3.0
30534,2022-06-26 06:00:00,258.08,198.0,49.0,3.0,280.0,23.0,104.0,3.0
30535,2022-06-26 07:00:00,231.51,201.0,48.0,3.0,348.0,29.0,112.0,3.0
30536,2022-06-26 08:00:00,221.02,198.0,48.0,2.0,378.0,31.0,109.0,3.0
30537,2022-06-26 09:00:00,219.03,198.0,48.0,2.0,387.0,31.0,107.0,3.0
30538,2022-06-26 10:00:00,218.4,199.0,47.0,2.0,389.0,33.0,107.0,3.0
30539,2022-06-26 11:00:00,220.51,200.0,47.0,2.0,378.0,38.0,108.0,3.0
30540,2022-06-26 12:00:00,236.14,218.0,46.0,2.0,356.0,36.0,120.0,3.0
30541,2022-06-26 13:00:00,269.39,255.0,46.0,2.0,311.0,31.0,141.0,3.0
30542,2022-06-26 14:00:00,316.9,298.0,47.0,2.0,238.0,26.0,161.0,3.0
30543,2022-06-26 15:00:00,384.34,339.0,49.0,2.0,145.0,17.0,167.0,3.0
30544,2022-06-26 16:00:00,436.83,329.0,48.0,2.0,61.0,10.0,164.0,3.0
30545,2022-06-26 17:00:00,476.14,344.0,48.0,2.0,23.0,7.0,163.0,3.0
30546,2022-06-26 18:00:00,491.16,350.0,49.0,2.0,9.0,6.0,163.0,3.0
30547,2022-06-26 19:00:00,497.4,343.0,49.0,2.0,1.0,6.0,160.0,3.0
30548,2022-06-26 20:00:00,499.9,346.0,48.0,2.0,0.0,5.0,161.0,3.0
30549,2022-06-26 21:00:00,481.82,311.0,48.0,2.0,0.0,5.0,162.0,3.0
30550,2022-06-26 22:00:00,468.94,282.0,46.0,2.0,0.0,5.0,159.0,3.0
30551,2022-06-26 23:00:00,468.34,289.0,46.0,2.0,0.0,6.0,163.0,3.0
30552,2022-06-27 00:00:00,469.44,278.0,46.0,2.0,0.0,4.0,157.0,3.0
30553,2022-06-27 01:00:00,465.19,276.0,47.0,2.0,3.0,5.0,156.0,3.0
30554,2022-06-27 02:00:00,456.79,294.0,47.0,2.0,14.0,6.0,165.0,3.0
30555,2022-06-27 03:00:00,463.15,477.0,47.0,2.0,32.0,7.0,256.0,3.0
30556,2022-06-27 04:00:00,447.4,633.0,47.0,2.0,86.0,10.0,337.0,3.0
30557,2022-06-27 05:00:00,416.58,694.0,47.0,2.0,173.0,18.0,375.0,3.0
30558,2022-06-27 06:00:00,388.94,698.0,48.0,2.0,261.0,24.0,378.0,3.0
30559,2022-06-27 07:00:00,369.78,693.0,48.0,2.0,326.0,29.0,376.0,3.0
30560,2022-06-27 08:00:00,365.24,701.0,49.0,2.0,346.0,32.0,380.0,3.0
30561,2022-06-27 09:00:00,365.72,701.0,47.0,2.0,346.0,30.0,380.0,3.0
30562,2022-06-27 10:00:00,365.2,699.0,48.0,2.0,346.0,30.0,380.0,3.0
30563,2022-06-27 11:00:00,368.19,703.0,47.0,2.0,338.0,32.0,378.0,3.0
30564,2022-06-27 12:00:00,373.88,699.0,48.0,2.0,320.0,31.0,370.0,3.0
30565,2022-06-27 13:00:00,382.98,699.0,48.0,2.0,288.0,28.0,370.0,3.0
30566,2022-06-27 14:00:00,401.21,695.0,49.0,2.0,225.0,21.0,371.0,3.0
30567,2022-06-27 15:00:00,429.66,698.0,48.0,2.0,142.0,15.0,372.0,3.0
30568,2022-06-27 16:00:00,458.61,698.0,49.0,2.0,62.0,9.0,377.0,3.0
30569,2022-06-27 17:00:00,473.03,692.0,48.0,2.0,24.0,6.0,378.0,3.0
30570,2022-06-27 18:00:00,478.75,692.0,49.0,2.0,9.0,6.0,379.0,3.0
30571,2022-06-27 19:00:00,482.26,663.0,49.0,2.0,1.0,6.0,362.0,3.0
30572,2022-06-27 20:00:00,479.42,573.0,48.0,2.0,0.0,7.0,316.0,3.0
30573,2022-06-27 21:00:00,465.93,423.0,47.0,2.0,0.0,9.0,247.0,3.0
30574,2022-06-27 22:00:00,460.74,382.0,45.0,3.0,0.0,12.0,225.0,3.0
30575,2022-06-27 23:00:00,461.51,359.0,45.0,3.0,0.0,10.0,211.0,3.0
30576,2022-06-28 00:00:00,463.25,358.0,45.0,3.0,0.0,8.0,210.0,3.0
30577,2022-06-28 01:00:00,463.36,347.0,44.0,3.0,3.0,8.0,200.0,3.0
30578,2022-06-28 02:00:00,457.21,344.0,45.0,3.0,14.0,9.0,194.0,3.0
30579,2022-06-28 03:00:00,445.67,404.0,46.0,3.0,33.0,14.0,228.0,3.0
30580,2022-06-28 04:00:00,439.42,575.0,47.0,3.0,84.0,21.0,305.0,3.0
30581,2022-06-28 05:00:00,415.0,611.0,47.0,3.0,158.0,20.0,323.0,3.0
30582,2022-06-28 06:00:00,389.12,620.0,48.0,2.0,231.0,24.0,333.0,3.0
30583,2022-06-28 07:00:00,371.53,626.0,46.0,2.0,290.0,29.0,335.0,3.0
30584,2022-06-28 08:00:00,370.17,628.0,47.0,2.0,299.0,29.0,333.0,3.0
30585,2022-06-28 09:00:00,370.09,623.0,48.0,2.0,297.0,30.0,329.0,3.0
30586,2022-06-28 10:00:00,372.58,620.0,46.0,2.0,284.0,31.0,329.0,3.0
30587,2022-06-28 11:00:00,373.69,617.0,47.0,2.0,278.0,37.0,322.0,3.0
30588,2022-06-28 12:00:00,380.97,615.0,48.0,2.0,253.0,34.0,323.0,3.0
30589,2022-06-28 13:00:00,377.63,508.0,47.0,2.0,222.0,33.0,258.0,3.0
30590,2022-06-28 14:00:00,401.43,577.0,47.0,2.0,183.0,26.0,302.0,3.0
30591,2022-06-28 15:00:00,431.82,613.0,48.0,2.0,115.0,20.0,323.0,3.0
30592,2022-06-28 16:00:00,458.25,617.0,47.0,2.0,53.0,13.0,330.0,3.0
30593,2022-06-28 17:00:00,470.13,601.0,48.0,2.0,24.0,16.0,319.0,3.0
30594,2022-06-28 18:00:00,477.04,598.0,46.0,2.0,9.0,23.0,311.0,3.0
30595,2022-06-28 19:00:00,463.46,556.0,47.0,2.0,1.0,31.0,313.0,3.0
30596,2022-06-28 20:00:00,455.62,506.0,47.0,2.0,0.0,41.0,287.0,3.0
30597,2022-06-28 21:00:00,446.11,401.0,47.0,2.0,0.0,44.0,229.0,3.0
30598,2022-06-28 22:00:00,441.67,328.0,45.0,2.0,0.0,47.0,181.0,3.0
30599,2022-06-28 23:00:00,450.08,327.0,45.0,2.0,0.0,40.0,176.0,3.0
30600,2022-06-29 00:00:00,445.35,328.0,45.0,2.0,0.0,42.0,181.0,3.0
30601,2022-06-29 01:00:00,444.61,328.0,45.0,2.0,2.0,37.0,185.0,3.0
30602,2022-06-29 02:00:00,439.67,332.0,43.0,2.0,11.0,34.0,189.0,3.0
30603,2022-06-29 03:00:00,438.2,415.0,43.0,2.0,30.0,33.0,234.0,3.0
30604,2022-06-29 04:00:00,444.8,608.0,46.0,2.0,71.0,32.0,319.0,3.0
30605,2022-06-29 05:00:00,429.77,614.0,49.0,2.0,124.0,20.0,320.0,3.0
30606,2022-06-29 06:00:00,413.74,613.0,49.0,2.0,167.0,21.0,319.0,3.0
30607,2022-06-29 07:00:00,395.85,617.0,45.0,2.0,216.0,25.0,323.0,3.0
30608,2022-06-29 08:00:00,389.21,616.0,46.0,2.0,238.0,24.0,322.0,3.0
30609,2022-06-29 09:00:00,381.28,610.0,48.0,2.0,244.0,35.0,325.0,3.0
30610,2022-06-29 10:00:00,368.48,610.0,47.0,2.0,250.0,66.0,332.0,3.0
30611,2022-06-29 11:00:00,361.03,600.0,47.0,2.0,287.0,51.0,326.0,3.0
30612,2022-06-29 12:00:00,364.98,591.0,47.0,2.0,287.0,34.0,319.0,3.0
30613,2022-06-29 13:00:00,375.29,600.0,47.0,2.0,251.0,37.0,326.0,3.0
30614,2022-06-29 14:00:00,396.23,602.0,46.0,2.0,188.0,33.0,328.0,3.0
30615,2022-06-29 15:00:00,422.47,603.0,47.0,2.0,128.0,20.0,327.0,3.0
30616,2022-06-29 16:00:00,451.88,605.0,46.0,2.0,65.0,11.0,327.0,3.0
30617,2022-06-29 17:00:00,468.8,605.0,45.0,2.0,28.0,9.0,328.0,3.0
30618,2022-06-29 18:00:00,475.31,599.0,47.0,2.0,10.0,14.0,323.0,3.0
30619,2022-06-29 19:00:00,478.94,606.0,45.0,2.0,1.0,16.0,327.0,3.0
30620,2022-06-29 20:00:00,480.2,608.0,43.0,2.0,0.0,16.0,327.0,3.0
30621,2022-06-29 21:00:00,476.13,592.0,43.0,2.0,0.0,23.0,319.0,3.0
30622,2022-06-29 22:00:00,468.72,419.0,43.0,2.0,0.0,25.0,225.0,3.0
30623,2022-06-29 23:00:00,463.88,323.0,44.0,2.0,0.0,18.0,178.0,3.0
30624,2022-06-30 00:00:00,466.28,340.0,43.0,3.0,0.0,15.0,188.0,3.0
30625,2022-06-30 01:00:00,467.09,356.0,43.0,3.0,3.0,15.0,194.0,3.0
30626,2022-06-30 02:00:00,458.13,365.0,43.0,3.0,14.0,15.0,201.0,3.0
30627,2022-06-30 03:00:00,464.33,550.0,44.0,3.0,33.0,13.0,293.0,3.0
30628,2022-06-30 04:00:00,441.51,595.0,44.0,3.0,86.0,17.0,317.0,3.0
30629,2022-06-30 05:00:00,404.8,599.0,45.0,3.0,177.0,24.0,319.0,3.0
30630,2022-06-30 06:00:00,374.13,602.0,46.0,3.0,268.0,31.0,320.0,3.0
30631,2022-06-30 07:00:00,355.81,598.0,46.0,3.0,323.0,39.0,318.0,3.0
30632,2022-06-30 08:00:00,353.39,605.0,43.0,2.0,338.0,37.0,323.0,3.0
30633,2022-06-30 09:00:00,352.91,606.0,43.0,2.0,343.0,34.0,324.0,3.0
30634,2022-06-30 10:00:00,349.54,605.0,45.0,2.0,347.0,42.0,324.0,3.0
30635,2022-06-30 11:00:00,352.77,609.0,43.0,2.0,333.0,47.0,325.0,3.0
30636,2022-06-30 12:00:00,362.25,605.0,44.0,2.0,292.0,50.0,323.0,3.0
30637,2022-06-30 13:00:00,374.73,603.0,45.0,2.0,251.0,46.0,322.0,3.0
30638,2022-06-30 14:00:00,389.68,604.0,48.0,2.0,201.0,47.0,323.0,3.0
30639,2022-06-30 15:00:00,416.58,608.0,48.0,2.0,132.0,38.0,325.0,3.0
30640,2022-06-30 16:00:00,445.21,608.0,46.0,2.0,64.0,31.0,326.0,3.0
30641,2022-06-30 17:00:00,466.01,608.0,45.0,2.0,25.0,23.0,325.0,3.0
30642,2022-06-30 18:00:00,473.73,613.0,46.0,2.0,9.0,19.0,331.0,3.0
30643,2022-06-30 19:00:00,477.03,606.0,45.0,2.0,1.0,20.0,327.0,3.0
30644,2022-06-30 20:00:00,472.55,590.0,44.0,2.0,0.0,33.0,315.0,3.0
30645,2022-06-30 21:00:00,465.21,579.0,42.0,2.0,0.0,49.0,308.0,3.0
30646,2022-06-30 22:00:00,448.05,433.0,42.0,2.0,0.0,64.0,229.0,3.0
30647,2022-06-30 23:00:00,436.24,374.0,43.0,2.0,0.0,71.0,199.0,3.0
30648,2022-07-01 00:00:00,428.83,353.0,41.0,2.0,0.0,77.0,189.0,3.0
30649,2022-07-01 01:00:00,433.81,362.0,42.0,2.0,3.0,69.0,193.0,3.0
30650,2022-07-01 02:00:00,428.29,360.0,43.0,2.0,15.0,61.0,196.0,3.0
30651,2022-07-01 03:00:00,442.76,465.0,43.0,2.0,36.0,41.0,248.0,3.0
30652,2022-07-01 04:00:00,434.27,586.0,44.0,2.0,93.0,31.0,308.0,3.0
30653,2022-07-01 05:00:00,405.28,596.0,45.0,2.0,171.0,34.0,312.0,3.0
30654,2022-07-01 06:00:00,380.09,597.0,47.0,2.0,242.0,44.0,309.0,3.0
30655,2022-07-01 07:00:00,366.41,604.0,48.0,2.0,285.0,50.0,314.0,3.0
30656,2022-07-01 08:00:00,355.61,607.0,47.0,2.0,321.0,56.0,315.0,3.0
30657,2022-07-01 09:00:00,345.42,603.0,46.0,2.0,352.0,60.0,315.0,3.0
30658,2022-07-01 10:00:00,352.09,604.0,46.0,2.0,336.0,50.0,316.0,3.0
30659,2022-07-01 11:00:00,352.54,602.0,47.0,2.0,340.0,44.0,314.0,3.0
30660,2022-07-01 12:00:00,359.54,605.0,46.0,2.0,322.0,37.0,316.0,3.0
30661,2022-07-01 13:00:00,374.05,594.0,46.0,2.0,275.0,27.0,310.0,3.0
30662,2022-07-01 14:00:00,401.13,605.0,46.0,2.0,199.0,21.0,317.0,3.0
30663,2022-07-01 15:00:00,428.41,614.0,46.0,2.0,125.0,21.0,322.0,3.0
30664,2022-07-01 16:00:00,454.26,607.0,45.0,2.0,64.0,18.0,317.0,3.0
30665,2022-07-01 17:00:00,473.73,604.0,44.0,2.0,26.0,13.0,315.0,3.0
30666,2022-07-01 18:00:00,478.9,600.0,43.0,2.0,9.0,19.0,313.0,3.0
30667,2022-07-01 19:00:00,476.16,536.0,41.0,2.0,1.0,35.0,273.0,3.0
30668,2022-07-01 20:00:00,459.98,430.0,42.0,2.0,0.0,62.0,209.0,3.0
30669,2022-07-01 21:00:00,437.47,284.0,41.0,2.0,0.0,66.0,136.0,3.0
30670,2022-07-01 22:00:00,441.5,269.0,43.0,2.0,0.0,66.0,120.0,3.0
30671,2022-07-01 23:00:00,457.97,284.0,42.0,2.0,0.0,58.0,120.0,3.0
30672,2022-07-02 00:00:00,463.39,293.0,41.0,2.0,0.0,52.0,126.0,3.0
30673,2022-07-02 01:00:00,456.77,285.0,42.0,2.0,3.0,52.0,125.0,3.0
30674,2022-07-02 02:00:00,428.88,243.0,41.0,2.0,18.0,42.0,121.0,3.0
30675,2022-07-02 03:00:00,424.77,264.0,42.0,2.0,42.0,42.0,118.0,3.0
30676,2022-07-02 04:00:00,405.86,271.0,42.0,2.0,79.0,32.0,121.0,3.0
30677,2022-07-02 05:00:00,370.34,295.0,43.0,2.0,151.0,34.0,125.0,3.0
30678,2022-07-02 06:00:00,321.55,303.0,43.0,2.0,262.0,32.0,126.0,3.0
30679,2022-07-02 07:00:00,286.65,294.0,43.0,2.0,334.0,40.0,125.0,3.0
30680,2022-07-02 08:00:00,268.53,289.0,44.0,2.0,373.0,47.0,127.0,3.0
30681,2022-07-02 09:00:00,255.1,269.0,44.0,2.0,377.0,50.0,127.0,3.0
30682,2022-07-02 10:00:00,236.06,233.0,45.0,2.0,377.0,52.0,116.0,3.0
30683,2022-07-02 11:00:00,236.96,231.0,46.0,3.0,362.0,59.0,116.0,3.0
30684,2022-07-02 12:00:00,254.14,241.0,45.0,3.0,325.0,53.0,123.0,3.0
30685,2022-07-02 13:00:00,271.84,233.0,45.0,3.0,274.0,43.0,118.0,3.0
30686,2022-07-02 14:00:00,312.27,247.0,45.0,3.0,206.0,34.0,122.0,3.0
30687,2022-07-02 15:00:00,364.15,236.0,45.0,3.0,117.0,23.0,116.0,3.0
30688,2022-07-02 16:00:00,425.58,271.0,46.0,3.0,54.0,23.0,128.0,3.0
30689,2022-07-02 17:00:00,451.3,275.0,44.0,3.0,26.0,23.0,129.0,3.0
30690,2022-07-02 18:00:00,452.06,231.0,45.0,2.0,10.0,21.0,117.0,3.0
30691,2022-07-02 19:00:00,461.47,230.0,43.0,2.0,1.0,21.0,117.0,3.0
30692,2022-07-02 20:00:00,460.98,229.0,42.0,2.0,0.0,24.0,115.0,3.0
30693,2022-07-02 21:00:00,434.46,195.0,41.0,2.0,0.0,27.0,112.0,3.0
30694,2022-07-02 22:00:00,400.83,165.0,41.0,2.0,0.0,24.0,120.0,3.0
30695,2022-07-02 23:00:00,365.94,154.0,41.0,2.0,0.0,32.0,134.0,3.0
30696,2022-07-03 00:00:00,390.39,193.0,41.0,2.0,0.0,37.0,143.0,3.0
30697,2022-07-03 01:00:00,427.89,216.0,42.0,2.0,2.0,27.0,132.0,3.0
30698,2022-07-03 02:00:00,422.64,213.0,41.0,2.0,12.0,21.0,131.0,3.0
30699,2022-07-03 03:00:00,411.11,218.0,42.0,2.0,23.0,23.0,134.0,3.0
30700,2022-07-03 04:00:00,369.34,195.0,42.0,2.0,58.0,29.0,119.0,3.0
30701,2022-07-03 05:00:00,307.54,158.0,44.0,2.0,117.0,29.0,96.0,3.0
30702,2022-07-03 06:00:00,258.9,139.0,45.0,2.0,173.0,33.0,84.0,3.0
30703,2022-07-03 07:00:00,252.71,174.0,45.0,2.0,225.0,41.0,106.0,3.0
30704,2022-07-03 08:00:00,250.01,188.0,45.0,2.0,246.0,47.0,114.0,3.0
30705,2022-07-03 09:00:00,212.27,158.0,46.0,2.0,299.0,49.0,97.0,3.0
30706,2022-07-03 10:00:00,202.59,163.0,46.0,2.0,344.0,46.0,100.0,3.0
30707,2022-07-03 11:00:00,207.33,176.0,44.0,2.0,349.0,50.0,108.0,3.0
30708,2022-07-03 12:00:00,219.79,188.0,44.0,2.0,332.0,48.0,115.0,3.0
30709,2022-07-03 13:00:00,221.79,173.0,44.0,2.0,304.0,42.0,106.0,3.0
30710,2022-07-03 14:00:00,268.6,215.0,43.0,2.0,242.0,37.0,132.0,3.0
30711,2022-07-03 15:00:00,313.0,223.0,44.0,2.0,159.0,30.0,138.0,3.0
30712,2022-07-03 16:00:00,375.7,221.0,43.0,2.0,66.0,21.0,138.0,3.0
30713,2022-07-03 17:00:00,418.67,228.0,43.0,2.0,22.0,17.0,141.0,3.0
30714,2022-07-03 18:00:00,428.62,216.0,44.0,2.0,8.0,18.0,134.0,3.0
30715,2022-07-03 19:00:00,436.17,223.0,43.0,2.0,1.0,20.0,137.0,3.0
30716,2022-07-03 20:00:00,430.59,212.0,44.0,2.0,0.0,24.0,131.0,3.0
30717,2022-07-03 21:00:00,433.33,181.0,44.0,2.0,0.0,30.0,99.0,3.0
30718,2022-07-03 22:00:00,478.88,295.0,43.0,2.0,0.0,36.0,126.0,3.0
30719,2022-07-03 23:00:00,481.17,316.0,42.0,2.0,0.0,33.0,139.0,3.0
30720,2022-07-04 00:00:00,459.18,283.0,42.0,2.0,0.0,36.0,140.0,3.0
30721,2022-07-04 01:00:00,453.54,292.0,44.0,2.0,3.0,36.0,149.0,3.0
30722,2022-07-04 02:00:00,449.48,301.0,44.0,2.0,12.0,33.0,154.0,3.0
30723,2022-07-04 03:00:00,469.36,387.0,44.0,2.0,31.0,21.0,177.0,3.0
30724,2022-07-04 04:00:00,442.17,453.0,46.0,2.0,89.0,15.0,213.0,3.0
30725,2022-07-04 05:00:00,403.49,545.0,46.0,2.0,184.0,21.0,272.0,3.0
30726,2022-07-04 06:00:00,375.77,584.0,48.0,2.0,271.0,30.0,295.0,3.0
30727,2022-07-04 07:00:00,355.78,589.0,49.0,2.0,337.0,35.0,299.0,3.0
30728,2022-07-04 08:00:00,348.19,603.0,46.0,2.0,373.0,36.0,307.0,3.0
30729,2022-07-04 09:00:00,350.11,606.0,46.0,2.0,366.0,37.0,309.0,3.0
30730,2022-07-04 10:00:00,354.9,602.0,47.0,2.0,345.0,37.0,307.0,3.0
30731,2022-07-04 11:00:00,363.08,605.0,46.0,2.0,317.0,36.0,309.0,3.0
30732,2022-07-04 12:00:00,372.63,599.0,47.0,3.0,286.0,30.0,305.0,3.0
30733,2022-07-04 13:00:00,394.74,595.0,47.0,3.0,218.0,25.0,303.0,3.0
30734,2022-07-04 14:00:00,424.27,595.0,46.0,3.0,141.0,19.0,303.0,3.0
30735,2022-07-04 15:00:00,449.23,594.0,44.0,3.0,86.0,12.0,303.0,3.0
30736,2022-07-04 16:00:00,465.96,598.0,44.0,3.0,51.0,10.0,305.0,3.0
30737,2022-07-04 17:00:00,480.75,579.0,43.0,3.0,23.0,8.0,293.0,3.0
30738,2022-07-04 18:00:00,486.66,576.0,42.0,3.0,8.0,11.0,292.0,3.0
30739,2022-07-04 19:00:00,491.92,576.0,42.0,2.0,1.0,10.0,291.0,3.0
30740,2022-07-04 20:00:00,485.99,501.0,42.0,2.0,0.0,16.0,255.0,3.0
30741,2022-07-04 21:00:00,483.38,461.0,40.0,2.0,0.0,21.0,232.0,3.0
30742,2022-07-04 22:00:00,465.98,334.0,41.0,2.0,0.0,26.0,175.0,3.0
30743,2022-07-04 23:00:00,458.85,305.0,41.0,2.0,0.0,34.0,157.0,3.0
30744,2022-07-05 00:00:00,464.3,304.0,41.0,2.0,0.0,27.0,157.0,3.0
30745,2022-07-05 01:00:00,464.85,305.0,41.0,2.0,2.0,24.0,158.0,3.0
30746,2022-07-05 02:00:00,451.25,327.0,42.0,2.0,13.0,33.0,169.0,3.0
30747,2022-07-05 03:00:00,462.32,571.0,42.0,2.0,33.0,36.0,289.0,3.0
30748,2022-07-05 04:00:00,443.37,591.0,42.0,2.0,84.0,31.0,299.0,3.0
30749,2022-07-05 05:00:00,407.22,594.0,42.0,2.0,165.0,44.0,301.0,3.0
30750,2022-07-05 06:00:00,382.0,592.0,42.0,2.0,239.0,46.0,299.0,3.0
30751,2022-07-05 07:00:00,367.55,591.0,41.0,2.0,274.0,58.0,299.0,3.0
30752,2022-07-05 08:00:00,353.38,591.0,44.0,2.0,299.0,83.0,300.0,3.0
30753,2022-07-05 09:00:00,348.67,586.0,45.0,2.0,304.0,93.0,297.0,3.0
30754,2022-07-05 10:00:00,335.38,527.0,45.0,2.0,292.0,120.0,260.0,3.0
30755,2022-07-05 11:00:00,328.55,486.0,44.0,2.0,298.0,112.0,234.0,3.0
30756,2022-07-05 12:00:00,330.55,483.0,44.0,2.0,296.0,103.0,234.0,3.0
30757,2022-07-05 13:00:00,337.32,485.0,43.0,2.0,280.0,98.0,234.0,3.0
30758,2022-07-05 14:00:00,363.43,510.0,41.0,2.0,225.0,81.0,251.0,3.0
30759,2022-07-05 15:00:00,405.61,566.0,43.0,2.0,143.0,70.0,277.0,3.0
30760,2022-07-05 16:00:00,449.15,594.0,45.0,2.0,66.0,48.0,288.0,3.0
30761,2022-07-05 17:00:00,476.07,603.0,46.0,2.0,25.0,29.0,294.0,3.0
30762,2022-07-05 18:00:00,479.89,594.0,45.0,2.0,9.0,36.0,290.0,3.0
30763,2022-07-05 19:00:00,484.42,589.0,45.0,2.0,1.0,34.0,288.0,3.0
30764,2022-07-05 20:00:00,484.64,588.0,45.0,2.0,0.0,31.0,291.0,3.0
30765,2022-07-05 21:00:00,479.63,594.0,43.0,2.0,0.0,36.0,300.0,3.0
30766,2022-07-05 22:00:00,472.67,595.0,43.0,2.0,0.0,49.0,302.0,3.0
30767,2022-07-05 23:00:00,470.45,589.0,43.0,2.0,0.0,55.0,297.0,3.0
30768,2022-07-06 00:00:00,473.05,589.0,41.0,2.0,0.0,50.0,297.0,3.0
30769,2022-07-06 01:00:00,467.4,594.0,41.0,2.0,2.0,59.0,301.0,3.0
30770,2022-07-06 02:00:00,464.06,594.0,42.0,2.0,12.0,56.0,301.0,3.0
30771,2022-07-06 03:00:00,465.31,597.0,43.0,2.0,32.0,33.0,303.0,3.0
30772,2022-07-06 04:00:00,443.77,601.0,43.0,2.0,87.0,28.0,305.0,3.0
30773,2022-07-06 05:00:00,412.95,604.0,46.0,2.0,161.0,35.0,306.0,3.0
30774,2022-07-06 06:00:00,395.24,602.0,46.0,2.0,203.0,44.0,305.0,3.0
30775,2022-07-06 07:00:00,380.13,594.0,42.0,2.0,250.0,47.0,295.0,3.0
30776,2022-07-06 08:00:00,381.66,598.0,43.0,2.0,253.0,39.0,299.0,3.0
30777,2022-07-06 09:00:00,386.31,599.0,45.0,2.0,231.0,47.0,299.0,3.0
30778,2022-07-06 10:00:00,389.21,596.0,45.0,2.0,228.0,40.0,297.0,3.0
30779,2022-07-06 11:00:00,398.59,590.0,46.0,2.0,200.0,37.0,294.0,3.0
30780,2022-07-06 12:00:00,403.88,587.0,46.0,2.0,191.0,30.0,292.0,3.0
30781,2022-07-06 13:00:00,412.26,580.0,43.0,2.0,173.0,23.0,288.0,3.0
30782,2022-07-06 14:00:00,428.52,581.0,40.0,2.0,128.0,27.0,288.0,3.0
30783,2022-07-06 15:00:00,443.89,600.0,37.0,2.0,89.0,32.0,299.0,3.0
30784,2022-07-06 16:00:00,457.46,598.0,38.0,2.0,59.0,27.0,301.0,3.0
30785,2022-07-06 17:00:00,471.66,597.0,40.0,2.0,27.0,27.0,301.0,3.0
30786,2022-07-06 18:00:00,481.64,596.0,39.0,2.0,10.0,23.0,301.0,3.0
30787,2022-07-06 19:00:00,489.17,596.0,39.0,2.0,1.0,16.0,302.0,3.0
30788,2022-07-06 20:00:00,490.47,597.0,39.0,2.0,0.0,14.0,303.0,3.0
30789,2022-07-06 21:00:00,494.09,558.0,35.0,2.0,0.0,11.0,279.0,3.0
30790,2022-07-06 22:00:00,491.87,541.0,34.0,3.0,0.0,16.0,268.0,3.0
30791,2022-07-06 23:00:00,488.1,498.0,37.0,3.0,0.0,16.0,250.0,3.0
30792,2022-07-07 00:00:00,491.19,505.0,36.0,3.0,0.0,12.0,253.0,3.0
30793,2022-07-07 01:00:00,492.86,529.0,37.0,3.0,2.0,13.0,260.0,3.0
30794,2022-07-07 02:00:00,482.28,501.0,39.0,3.0,11.0,14.0,252.0,3.0
30795,2022-07-07 03:00:00,475.02,528.0,38.0,3.0,30.0,16.0,260.0,3.0
30796,2022-07-07 04:00:00,451.35,575.0,39.0,3.0,79.0,17.0,288.0,3.0
30797,2022-07-07 05:00:00,416.4,593.0,40.0,2.0,159.0,23.0,302.0,3.0
30798,2022-07-07 06:00:00,392.85,597.0,40.0,2.0,220.0,30.0,305.0,3.0
30799,2022-07-07 07:00:00,380.78,596.0,39.0,2.0,252.0,35.0,305.0,3.0
30800,2022-07-07 08:00:00,378.01,595.0,39.0,2.0,252.0,43.0,305.0,3.0
30801,2022-07-07 09:00:00,375.25,552.0,40.0,2.0,245.0,39.0,281.0,3.0
30802,2022-07-07 10:00:00,370.09,548.0,41.0,2.0,256.0,40.0,281.0,3.0
30803,2022-07-07 11:00:00,378.81,539.0,40.0,2.0,226.0,39.0,276.0,3.0
30804,2022-07-07 12:00:00,385.69,537.0,40.0,2.0,207.0,36.0,276.0,3.0
30805,2022-07-07 13:00:00,400.11,541.0,39.0,2.0,175.0,29.0,279.0,3.0
30806,2022-07-07 14:00:00,410.45,547.0,41.0,2.0,148.0,30.0,283.0,3.0
30807,2022-07-07 15:00:00,420.37,491.0,40.0,2.0,118.0,25.0,248.0,3.0
30808,2022-07-07 16:00:00,449.21,492.0,41.0,2.0,61.0,22.0,249.0,3.0
30809,2022-07-07 17:00:00,470.91,467.0,39.0,2.0,27.0,17.0,233.0,3.0
30810,2022-07-07 18:00:00,476.37,468.0,37.0,2.0,9.0,25.0,235.0,3.0
30811,2022-07-07 19:00:00,484.51,488.0,34.0,2.0,1.0,20.0,247.0,3.0
30812,2022-07-07 20:00:00,481.94,442.0,37.0,2.0,0.0,26.0,219.0,3.0
30813,2022-07-07 21:00:00,477.75,396.0,38.0,2.0,0.0,32.0,192.0,3.0
30814,2022-07-07 22:00:00,457.74,340.0,38.0,2.0,0.0,38.0,178.0,3.0
30815,2022-07-07 23:00:00,471.0,359.0,37.0,2.0,0.0,35.0,176.0,3.0
30816,2022-07-08 00:00:00,467.66,344.0,37.0,2.0,0.0,29.0,177.0,3.0
30817,2022-07-08 01:00:00,470.11,349.0,37.0,2.0,2.0,25.0,179.0,3.0
30818,2022-07-08 02:00:00,475.04,361.0,37.0,2.0,12.0,18.0,177.0,3.0
30819,2022-07-08 03:00:00,472.45,413.0,37.0,2.0,28.0,15.0,199.0,3.0
30820,2022-07-08 04:00:00,462.11,485.0,37.0,2.0,59.0,9.0,236.0,3.0
30821,2022-07-08 05:00:00,437.84,508.0,37.0,2.0,106.0,11.0,250.0,3.0
30822,2022-07-08 06:00:00,416.08,484.0,38.0,2.0,149.0,12.0,234.0,3.0
30823,2022-07-08 07:00:00,405.0,502.0,38.0,2.0,173.0,18.0,245.0,3.0
30824,2022-07-08 08:00:00,407.37,511.0,39.0,2.0,174.0,15.0,249.0,3.0
30825,2022-07-08 09:00:00,393.29,473.0,41.0,2.0,189.0,20.0,229.0,3.0
30826,2022-07-08 10:00:00,389.55,496.0,42.0,2.0,209.0,20.0,240.0,3.0
30827,2022-07-08 11:00:00,376.17,446.0,40.0,2.0,218.0,21.0,215.0,3.0
30828,2022-07-08 12:00:00,379.39,445.0,40.0,2.0,208.0,22.0,215.0,3.0
30829,2022-07-08 13:00:00,399.43,445.0,41.0,2.0,164.0,17.0,217.0,3.0
30830,2022-07-08 14:00:00,420.57,450.0,44.0,2.0,124.0,13.0,220.0,3.0
30831,2022-07-08 15:00:00,454.25,500.0,45.0,2.0,77.0,8.0,242.0,3.0
30832,2022-07-08 16:00:00,477.12,501.0,43.0,2.0,34.0,9.0,243.0,3.0
30833,2022-07-08 17:00:00,487.84,507.0,43.0,2.0,15.0,9.0,247.0,3.0
30834,2022-07-08 18:00:00,492.91,501.0,44.0,2.0,4.0,6.0,249.0,3.0
30835,2022-07-08 19:00:00,495.31,484.0,44.0,2.0,0.0,5.0,241.0,3.0
30836,2022-07-08 20:00:00,494.58,480.0,44.0,2.0,0.0,7.0,238.0,3.0
30837,2022-07-08 21:00:00,498.69,496.0,44.0,2.0,0.0,7.0,240.0,3.0
30838,2022-07-08 22:00:00,504.93,402.0,43.0,2.0,0.0,5.0,185.0,3.0
30839,2022-07-08 23:00:00,509.68,381.0,42.0,2.0,0.0,4.0,170.0,3.0
30840,2022-07-09 00:00:00,506.53,365.0,41.0,2.0,0.0,5.0,165.0,3.0
30841,2022-07-09 01:00:00,505.44,369.0,42.0,2.0,1.0,9.0,163.0,3.0
30842,2022-07-09 02:00:00,498.88,369.0,41.0,2.0,8.0,9.0,164.0,3.0
30843,2022-07-09 03:00:00,486.39,356.0,41.0,2.0,26.0,8.0,155.0,3.0
30844,2022-07-09 04:00:00,461.66,385.0,43.0,2.0,54.0,12.0,173.0,3.0
30845,2022-07-09 05:00:00,428.4,325.0,41.0,3.0,92.0,16.0,136.0,3.0
30846,2022-07-09 06:00:00,387.54,298.0,41.0,3.0,144.0,20.0,119.0,3.0
30847,2022-07-09 07:00:00,333.59,274.0,42.0,3.0,212.0,30.0,112.0,3.0
30848,2022-07-09 08:00:00,293.85,246.0,42.0,3.0,252.0,43.0,106.0,3.0
30849,2022-07-09 09:00:00,280.7,249.0,43.0,3.0,282.0,46.0,111.0,3.0
30850,2022-07-09 10:00:00,274.4,240.0,43.0,3.0,280.0,51.0,109.0,3.0
30851,2022-07-09 11:00:00,277.52,229.0,44.0,3.0,254.0,54.0,105.0,3.0
30852,2022-07-09 12:00:00,288.19,232.0,43.0,3.0,240.0,45.0,107.0,3.0
30853,2022-07-09 13:00:00,340.41,276.0,43.0,3.0,195.0,33.0,115.0,3.0
30854,2022-07-09 14:00:00,373.56,284.0,43.0,3.0,142.0,25.0,125.0,3.0
30855,2022-07-09 15:00:00,402.1,280.0,44.0,2.0,83.0,36.0,126.0,3.0
30856,2022-07-09 16:00:00,459.62,318.0,44.0,2.0,44.0,16.0,138.0,3.0
30857,2022-07-09 17:00:00,486.08,330.0,44.0,2.0,21.0,11.0,142.0,3.0
30858,2022-07-09 18:00:00,495.29,338.0,44.0,2.0,7.0,14.0,147.0,3.0
30859,2022-07-09 19:00:00,494.61,331.0,44.0,2.0,1.0,22.0,142.0,3.0
30860,2022-07-09 20:00:00,491.77,311.0,45.0,2.0,0.0,19.0,138.0,3.0
30861,2022-07-09 21:00:00,486.42,288.0,44.0,2.0,0.0,15.0,135.0,3.0
30862,2022-07-09 22:00:00,476.6,256.0,44.0,2.0,0.0,14.0,127.0,3.0
30863,2022-07-09 23:00:00,475.38,250.0,42.0,2.0,0.0,16.0,123.0,3.0
30864,2022-07-10 00:00:00,476.68,252.0,42.0,2.0,0.0,14.0,125.0,3.0
30865,2022-07-10 01:00:00,483.77,272.0,42.0,2.0,2.0,12.0,130.0,3.0
30866,2022-07-10 02:00:00,470.46,265.0,41.0,2.0,11.0,9.0,133.0,3.0
30867,2022-07-10 03:00:00,448.88,266.0,41.0,2.0,33.0,9.0,134.0,3.0
30868,2022-07-10 04:00:00,410.42,277.0,42.0,2.0,79.0,12.0,140.0,3.0
30869,2022-07-10 05:00:00,363.0,282.0,43.0,2.0,150.0,16.0,143.0,3.0
30870,2022-07-10 06:00:00,310.76,269.0,45.0,2.0,241.0,22.0,135.0,3.0
30871,2022-07-10 07:00:00,310.49,319.0,45.0,2.0,296.0,28.0,147.0,3.0
30872,2022-07-10 08:00:00,324.3,357.0,43.0,2.0,307.0,23.0,156.0,3.0
30873,2022-07-10 09:00:00,321.0,353.0,45.0,2.0,307.0,30.0,153.0,3.0
30874,2022-07-10 10:00:00,338.31,368.0,45.0,2.0,274.0,27.0,162.0,3.0
30875,2022-07-10 11:00:00,332.5,339.0,44.0,3.0,259.0,28.0,153.0,3.0
30876,2022-07-10 12:00:00,347.53,386.0,45.0,3.0,256.0,30.0,174.0,3.0
30877,2022-07-10 13:00:00,373.15,402.0,46.0,3.0,204.0,28.0,183.0,3.0
30878,2022-07-10 14:00:00,395.29,407.0,45.0,3.0,160.0,24.0,187.0,3.0
30879,2022-07-10 15:00:00,431.95,418.0,45.0,3.0,98.0,18.0,193.0,3.0
30880,2022-07-10 16:00:00,466.73,424.0,44.0,3.0,49.0,10.0,196.0,3.0
30881,2022-07-10 17:00:00,480.19,432.0,45.0,3.0,25.0,13.0,201.0,3.0
30882,2022-07-10 18:00:00,493.13,437.0,44.0,3.0,8.0,11.0,204.0,3.0
30883,2022-07-10 19:00:00,501.52,430.0,46.0,3.0,1.0,6.0,200.0,3.0
30884,2022-07-10 20:00:00,502.6,429.0,46.0,3.0,0.0,6.0,199.0,3.0
30885,2022-07-10 21:00:00,502.05,430.0,47.0,3.0,0.0,6.0,200.0,3.0
30886,2022-07-10 22:00:00,499.69,477.0,46.0,3.0,0.0,6.0,228.0,3.0
30887,2022-07-10 23:00:00,498.79,503.0,46.0,3.0,0.0,6.0,243.0,3.0
30888,2022-07-11 00:00:00,497.72,504.0,47.0,3.0,0.0,6.0,245.0,3.0
30889,2022-07-11 01:00:00,496.68,506.0,46.0,2.0,1.0,8.0,246.0,3.0
30890,2022-07-11 02:00:00,491.29,508.0,46.0,2.0,11.0,6.0,248.0,3.0
30891,2022-07-11 03:00:00,480.03,504.0,46.0,2.0,30.0,7.0,245.0,3.0
30892,2022-07-11 04:00:00,451.88,507.0,47.0,2.0,77.0,13.0,246.0,3.0
30893,2022-07-11 05:00:00,406.11,482.0,48.0,2.0,166.0,18.0,231.0,3.0
30894,2022-07-11 06:00:00,371.09,489.0,48.0,2.0,252.0,25.0,235.0,3.0
30895,2022-07-11 07:00:00,355.14,501.0,48.0,2.0,303.0,28.0,242.0,3.0
30896,2022-07-11 08:00:00,352.23,505.0,49.0,2.0,311.0,32.0,244.0,3.0
30897,2022-07-11 09:00:00,360.59,501.0,49.0,2.0,286.0,32.0,238.0,3.0
30898,2022-07-11 10:00:00,369.59,502.0,49.0,2.0,259.0,33.0,238.0,3.0
30899,2022-07-11 11:00:00,367.56,502.0,49.0,2.0,264.0,33.0,239.0,3.0
30900,2022-07-11 12:00:00,373.8,509.0,48.0,2.0,245.0,36.0,244.0,3.0
30901,2022-07-11 13:00:00,385.18,507.0,47.0,2.0,213.0,34.0,244.0,3.0
30902,2022-07-11 14:00:00,406.04,506.0,49.0,2.0,162.0,30.0,244.0,3.0
30903,2022-07-11 15:00:00,436.37,509.0,49.0,3.0,103.0,23.0,242.0,3.0
30904,2022-07-11 16:00:00,465.49,512.0,47.0,3.0,60.0,16.0,236.0,3.0
30905,2022-07-11 17:00:00,486.36,510.0,48.0,3.0,29.0,14.0,230.0,3.0
30906,2022-07-11 18:00:00,495.15,513.0,47.0,3.0,10.0,17.0,233.0,3.0
30907,2022-07-11 19:00:00,493.96,513.0,47.0,3.0,1.0,28.0,233.0,3.0
30908,2022-07-11 20:00:00,483.36,511.0,47.0,3.0,0.0,48.0,231.0,3.0
30909,2022-07-11 21:00:00,485.17,502.0,46.0,3.0,0.0,45.0,226.0,3.0
30910,2022-07-11 22:00:00,484.62,496.0,44.0,3.0,0.0,46.0,223.0,3.0
30911,2022-07-11 23:00:00,482.01,491.0,42.0,3.0,0.0,53.0,218.0,3.0
30912,2022-07-12 00:00:00,480.52,497.0,42.0,3.0,0.0,55.0,222.0,3.0
30913,2022-07-12 01:00:00,480.19,481.0,43.0,3.0,0.0,55.0,213.0,3.0
30914,2022-07-12 02:00:00,474.84,496.0,43.0,3.0,4.0,60.0,222.0,3.0
30915,2022-07-12 03:00:00,466.52,509.0,43.0,3.0,14.0,64.0,231.0,3.0
30916,2022-07-12 04:00:00,448.2,512.0,46.0,3.0,27.0,75.0,244.0,3.0
30917,2022-07-12 05:00:00,434.27,510.0,44.0,3.0,45.0,80.0,249.0,3.0
30918,2022-07-12 06:00:00,431.3,513.0,42.0,3.0,60.0,73.0,250.0,3.0
30919,2022-07-12 07:00:00,414.55,510.0,48.0,3.0,87.0,82.0,249.0,3.0
30920,2022-07-12 08:00:00,391.09,509.0,47.0,3.0,118.0,110.0,248.0,3.0
30921,2022-07-12 09:00:00,381.2,509.0,45.0,2.0,144.0,112.0,248.0,3.0
30922,2022-07-12 10:00:00,372.5,513.0,44.0,2.0,169.0,115.0,249.0,3.0
30923,2022-07-12 11:00:00,362.64,506.0,39.0,2.0,208.0,101.0,246.0,3.0
30924,2022-07-12 12:00:00,356.73,509.0,47.0,2.0,222.0,107.0,248.0,3.0
30925,2022-07-12 13:00:00,359.78,506.0,47.0,2.0,203.0,114.0,247.0,3.0
30926,2022-07-12 14:00:00,378.0,511.0,46.0,2.0,142.0,125.0,248.0,3.0
30927,2022-07-12 15:00:00,411.46,519.0,48.0,2.0,70.0,111.0,253.0,3.0
30928,2022-07-12 16:00:00,445.9,516.0,49.0,2.0,30.0,73.0,251.0,3.0
30929,2022-07-12 17:00:00,457.96,518.0,49.0,2.0,18.0,61.0,252.0,3.0
30930,2022-07-12 18:00:00,466.41,517.0,49.0,2.0,7.0,55.0,252.0,3.0
30931,2022-07-12 19:00:00,467.58,517.0,48.0,2.0,1.0,59.0,252.0,3.0
30932,2022-07-12 20:00:00,462.44,517.0,47.0,2.0,0.0,70.0,252.0,3.0
30933,2022-07-12 21:00:00,470.43,512.0,46.0,2.0,0.0,55.0,249.0,3.0
30934,2022-07-12 22:00:00,479.8,502.0,47.0,2.0,0.0,37.0,244.0,3.0
30935,2022-07-12 23:00:00,487.15,508.0,46.0,2.0,0.0,25.0,247.0,3.0
30936,2022-07-13 00:00:00,486.06,510.0,46.0,3.0,0.0,25.0,249.0,3.0
30937,2022-07-13 01:00:00,487.04,513.0,46.0,3.0,1.0,22.0,251.0,3.0
30938,2022-07-13 02:00:00,483.83,512.0,46.0,3.0,10.0,19.0,250.0,3.0
30939,2022-07-13 03:00:00,475.58,513.0,47.0,3.0,25.0,19.0,250.0,3.0
30940,2022-07-13 04:00:00,446.24,521.0,48.0,3.0,75.0,26.0,255.0,3.0
30941,2022-07-13 05:00:00,402.18,511.0,49.0,3.0,165.0,35.0,249.0,3.0
30942,2022-07-13 06:00:00,369.19,516.0,45.0,3.0,257.0,36.0,252.0,3.0
30943,2022-07-13 07:00:00,343.28,512.0,44.0,3.0,329.0,45.0,250.0,3.0
30944,2022-07-13 08:00:00,328.89,512.0,45.0,3.0,370.0,56.0,250.0,3.0
30945,2022-07-13 09:00:00,326.3,519.0,44.0,3.0,382.0,59.0,254.0,3.0
30946,2022-07-13 10:00:00,325.96,515.0,44.0,3.0,377.0,62.0,252.0,3.0
30947,2022-07-13 11:00:00,330.45,509.0,43.0,3.0,351.0,65.0,250.0,3.0
30948,2022-07-13 12:00:00,339.11,510.0,43.0,3.0,320.0,67.0,249.0,3.0
30949,2022-07-13 13:00:00,349.64,510.0,43.0,2.0,283.0,69.0,249.0,3.0
30950,2022-07-13 14:00:00,373.48,510.0,46.0,2.0,213.0,64.0,250.0,3.0
30951,2022-07-13 15:00:00,410.6,515.0,45.0,2.0,130.0,50.0,253.0,3.0
30952,2022-07-13 16:00:00,442.38,506.0,44.0,2.0,58.0,50.0,247.0,3.0
30953,2022-07-13 17:00:00,466.26,513.0,43.0,2.0,21.0,41.0,251.0,3.0
30954,2022-07-13 18:00:00,473.11,515.0,41.0,2.0,5.0,44.0,253.0,3.0
30955,2022-07-13 19:00:00,475.13,515.0,47.0,2.0,0.0,45.0,252.0,3.0
30956,2022-07-13 20:00:00,468.53,517.0,49.0,2.0,0.0,57.0,253.0,3.0
30957,2022-07-13 21:00:00,470.6,493.0,46.0,2.0,0.0,54.0,238.0,3.0
30958,2022-07-13 22:00:00,470.96,496.0,47.0,2.0,0.0,52.0,241.0,3.0
30959,2022-07-13 23:00:00,473.22,501.0,47.0,2.0,0.0,49.0,243.0,3.0
30960,2022-07-14 00:00:00,478.55,503.0,46.0,2.0,0.0,40.0,244.0,3.0
30961,2022-07-14 01:00:00,477.77,496.0,47.0,2.0,3.0,37.0,241.0,3.0
30962,2022-07-14 02:00:00,478.42,503.0,47.0,2.0,7.0,34.0,243.0,3.0
30963,2022-07-14 03:00:00,475.35,506.0,48.0,2.0,13.0,33.0,245.0,3.0
30964,2022-07-14 04:00:00,468.14,503.0,49.0,2.0,28.0,31.0,243.0,3.0
30965,2022-07-14 05:00:00,451.22,510.0,49.0,2.0,53.0,39.0,247.0,3.0
30966,2022-07-14 06:00:00,424.84,505.0,50.0,2.0,95.0,53.0,243.0,3.0
30967,2022-07-14 07:00:00,390.78,503.0,50.0,2.0,170.0,59.0,243.0,3.0
30968,2022-07-14 08:00:00,364.67,506.0,49.0,3.0,238.0,66.0,244.0,3.0
30969,2022-07-14 09:00:00,341.35,481.0,48.0,3.0,285.0,75.0,233.0,3.0
30970,2022-07-14 10:00:00,333.51,458.0,47.0,3.0,286.0,80.0,224.0,3.0
30971,2022-07-14 11:00:00,329.94,422.0,47.0,3.0,274.0,75.0,206.0,3.0
30972,2022-07-14 12:00:00,339.64,488.0,44.0,3.0,288.0,84.0,235.0,3.0
30973,2022-07-14 13:00:00,346.35,499.0,45.0,3.0,274.0,84.0,240.0,3.0
30974,2022-07-14 14:00:00,364.25,503.0,48.0,3.0,230.0,74.0,242.0,3.0
30975,2022-07-14 15:00:00,389.68,503.0,48.0,3.0,154.0,77.0,243.0,3.0
30976,2022-07-14 16:00:00,433.23,476.0,48.0,3.0,67.0,57.0,226.0,3.0
30977,2022-07-14 17:00:00,461.19,500.0,49.0,3.0,23.0,48.0,241.0,3.0
30978,2022-07-14 18:00:00,474.01,500.0,47.0,3.0,8.0,40.0,241.0,3.0
30979,2022-07-14 19:00:00,476.74,501.0,46.0,3.0,1.0,43.0,241.0,3.0
30980,2022-07-14 20:00:00,476.11,482.0,45.0,3.0,0.0,45.0,230.0,3.0
30981,2022-07-14 21:00:00,476.91,497.0,43.0,2.0,0.0,45.0,239.0,3.0
30982,2022-07-14 22:00:00,473.15,446.0,46.0,2.0,0.0,40.0,219.0,3.0
30983,2022-07-14 23:00:00,476.05,390.0,46.0,2.0,0.0,37.0,184.0,3.0
30984,2022-07-15 00:00:00,474.19,389.0,46.0,2.0,0.0,39.0,184.0,3.0
30985,2022-07-15 01:00:00,473.63,389.0,45.0,2.0,1.0,38.0,185.0,3.0
30986,2022-07-15 02:00:00,475.57,450.0,44.0,2.0,11.0,29.0,218.0,3.0
30987,2022-07-15 03:00:00,462.84,497.0,44.0,2.0,33.0,29.0,247.0,3.0
30988,2022-07-15 04:00:00,438.34,480.0,46.0,2.0,78.0,27.0,239.0,3.0
30989,2022-07-15 05:00:00,405.74,491.0,45.0,2.0,152.0,26.0,246.0,3.0
30990,2022-07-15 06:00:00,386.88,488.0,48.0,2.0,196.0,29.0,243.0,3.0
30991,2022-07-15 07:00:00,373.65,495.0,45.0,2.0,237.0,36.0,238.0,3.0
30992,2022-07-15 08:00:00,364.11,476.0,45.0,2.0,239.0,50.0,229.0,3.0
30993,2022-07-15 09:00:00,359.06,444.0,46.0,2.0,233.0,51.0,213.0,3.0
30994,2022-07-15 10:00:00,355.3,448.0,45.0,2.0,233.0,67.0,212.0,3.0
30995,2022-07-15 11:00:00,348.45,454.0,46.0,2.0,233.0,92.0,214.0,3.0
30996,2022-07-15 12:00:00,356.74,502.0,46.0,2.0,245.0,81.0,243.0,3.0
30997,2022-07-15 13:00:00,376.59,508.0,45.0,3.0,199.0,69.0,247.0,3.0
30998,2022-07-15 14:00:00,402.71,511.0,45.0,3.0,142.0,57.0,249.0,3.0
30999,2022-07-15 15:00:00,420.91,512.0,46.0,3.0,97.0,59.0,249.0,3.0
31000,2022-07-15 16:00:00,448.16,509.0,46.0,3.0,55.0,42.0,247.0,3.0
31001,2022-07-15 17:00:00,462.2,502.0,46.0,3.0,23.0,46.0,243.0,3.0
31002,2022-07-15 18:00:00,474.14,505.0,46.0,3.0,7.0,40.0,245.0,3.0
31003,2022-07-15 19:00:00,473.05,508.0,45.0,3.0,1.0,47.0,248.0,3.0
31004,2022-07-15 20:00:00,466.56,504.0,42.0,2.0,0.0,62.0,245.0,3.0
31005,2022-07-15 21:00:00,469.42,506.0,42.0,2.0,0.0,57.0,246.0,3.0
31006,2022-07-15 22:00:00,466.4,494.0,42.0,2.0,0.0,63.0,238.0,3.0
31007,2022-07-15 23:00:00,475.2,500.0,42.0,2.0,0.0,48.0,241.0,3.0
31008,2022-07-16 00:00:00,464.34,507.0,42.0,2.0,0.0,67.0,246.0,3.0
31009,2022-07-16 01:00:00,458.88,505.0,42.0,2.0,1.0,75.0,246.0,3.0
31010,2022-07-16 02:00:00,456.28,502.0,42.0,2.0,9.0,72.0,244.0,3.0
31011,2022-07-16 03:00:00,433.25,455.0,42.0,2.0,29.0,85.0,222.0,3.0
31012,2022-07-16 04:00:00,409.88,446.0,43.0,2.0,78.0,78.0,220.0,3.0
31013,2022-07-16 05:00:00,379.77,488.0,44.0,2.0,164.0,85.0,238.0,3.0
31014,2022-07-16 06:00:00,359.14,498.0,45.0,2.0,227.0,89.0,241.0,3.0
31015,2022-07-16 07:00:00,346.23,502.0,45.0,2.0,253.0,102.0,248.0,3.0
31016,2022-07-16 08:00:00,301.87,404.0,45.0,2.0,262.0,122.0,240.0,3.0
31017,2022-07-16 09:00:00,259.41,333.0,44.0,2.0,318.0,104.0,241.0,3.0
31018,2022-07-16 10:00:00,258.24,336.0,45.0,2.0,333.0,98.0,243.0,3.0
31019,2022-07-16 11:00:00,258.81,331.0,45.0,3.0,316.0,105.0,240.0,3.0
31020,2022-07-16 12:00:00,272.92,333.0,46.0,3.0,274.0,96.0,241.0,3.0
31021,2022-07-16 13:00:00,274.91,322.0,42.0,3.0,254.0,94.0,235.0,3.0
31022,2022-07-16 14:00:00,302.16,337.0,43.0,3.0,197.0,79.0,244.0,3.0
31023,2022-07-16 15:00:00,337.49,340.0,44.0,3.0,130.0,53.0,246.0,3.0
31024,2022-07-16 16:00:00,372.51,340.0,44.0,3.0,64.0,43.0,245.0,3.0
31025,2022-07-16 17:00:00,404.69,340.0,44.0,3.0,23.0,24.0,246.0,3.0
31026,2022-07-16 18:00:00,415.13,339.0,44.0,3.0,6.0,24.0,245.0,3.0
31027,2022-07-16 19:00:00,414.95,336.0,42.0,3.0,0.0,29.0,244.0,3.0
31028,2022-07-16 20:00:00,408.46,332.0,42.0,3.0,0.0,39.0,241.0,3.0
31029,2022-07-16 21:00:00,406.32,321.0,41.0,3.0,0.0,40.0,234.0,3.0
31030,2022-07-16 22:00:00,396.43,285.0,41.0,3.0,0.0,45.0,212.0,3.0
31031,2022-07-16 23:00:00,404.27,314.0,42.0,3.0,0.0,43.0,228.0,3.0
31032,2022-07-17 00:00:00,400.76,329.0,42.0,3.0,0.0,52.0,238.0,3.0
31033,2022-07-17 01:00:00,367.16,257.0,42.0,3.0,1.0,79.0,194.0,3.0
31034,2022-07-17 02:00:00,349.73,229.0,42.0,3.0,10.0,83.0,177.0,3.0
31035,2022-07-17 03:00:00,331.1,209.0,43.0,3.0,29.0,81.0,165.0,3.0
31036,2022-07-17 04:00:00,329.68,224.0,44.0,3.0,58.0,65.0,174.0,3.0
31037,2022-07-17 05:00:00,348.33,343.0,43.0,3.0,98.0,63.0,246.0,3.0
31038,2022-07-17 06:00:00,326.85,348.0,42.0,3.0,144.0,73.0,249.0,3.0
31039,2022-07-17 07:00:00,272.93,235.0,43.0,2.0,180.0,76.0,180.0,3.0
31040,2022-07-17 08:00:00,263.31,225.0,42.0,2.0,189.0,80.0,174.0,3.0
31041,2022-07-17 09:00:00,259.07,214.0,41.0,2.0,194.0,72.0,167.0,3.0
31042,2022-07-17 10:00:00,265.47,238.0,41.0,2.0,196.0,83.0,182.0,3.0
31043,2022-07-17 11:00:00,254.09,217.0,42.0,2.0,197.0,87.0,169.0,3.0
31044,2022-07-17 12:00:00,261.54,217.0,43.0,2.0,174.0,90.0,169.0,3.0
31045,2022-07-17 13:00:00,284.11,231.0,43.0,2.0,149.0,74.0,178.0,3.0
31046,2022-07-17 14:00:00,296.5,214.0,43.0,2.0,107.0,72.0,167.0,3.0
31047,2022-07-17 15:00:00,338.86,284.0,43.0,2.0,76.0,71.0,210.0,3.0
31048,2022-07-17 16:00:00,376.54,336.0,43.0,2.0,49.0,50.0,242.0,3.0
31049,2022-07-17 17:00:00,399.81,357.0,26.0,3.0,22.0,41.0,255.0,3.0
31050,2022-07-17 18:00:00,410.42,357.0,13.0,3.0,6.0,40.0,255.0,3.0
31051,2022-07-17 19:00:00,412.22,377.0,22.0,3.0,0.0,47.0,267.0,3.0
31052,2022-07-17 20:00:00,405.63,350.0,23.0,3.0,0.0,52.0,250.0,3.0
31053,2022-07-17 21:00:00,390.79,255.0,25.0,3.0,0.0,46.0,192.0,3.0
31054,2022-07-17 22:00:00,386.03,238.0,25.0,3.0,0.0,45.0,183.0,3.0
31055,2022-07-17 23:00:00,384.41,200.0,24.0,3.0,0.0,36.0,157.0,3.0
31056,2022-07-18 00:00:00,398.58,208.0,27.0,3.0,0.0,21.0,164.0,3.0
31057,2022-07-18 01:00:00,394.3,202.0,28.0,3.0,1.0,22.0,161.0,3.0
31058,2022-07-18 02:00:00,394.74,235.0,29.0,3.0,9.0,24.0,181.0,3.0
31059,2022-07-18 03:00:00,403.76,340.0,27.0,3.0,30.0,21.0,245.0,3.0
31060,2022-07-18 04:00:00,386.5,371.0,23.0,3.0,69.0,23.0,264.0,3.0
31061,2022-07-18 05:00:00,358.82,385.0,24.0,3.0,131.0,27.0,272.0,3.0
31062,2022-07-18 06:00:00,333.35,385.0,28.0,3.0,191.0,32.0,272.0,3.0
31063,2022-07-18 07:00:00,319.04,385.0,28.0,3.0,232.0,32.0,272.0,3.0
31064,2022-07-18 08:00:00,316.01,392.0,28.0,3.0,252.0,27.0,276.0,3.0
31065,2022-07-18 09:00:00,308.65,389.0,28.0,3.0,265.0,35.0,274.0,3.0
31066,2022-07-18 10:00:00,307.77,391.0,29.0,2.0,272.0,33.0,276.0,3.0
31067,2022-07-18 11:00:00,306.02,389.0,30.0,2.0,274.0,35.0,275.0,3.0
31068,2022-07-18 12:00:00,310.58,389.0,29.0,2.0,258.0,37.0,274.0,3.0
31069,2022-07-18 13:00:00,315.73,389.0,30.0,2.0,246.0,33.0,274.0,3.0
31070,2022-07-18 14:00:00,331.76,379.0,31.0,2.0,200.0,26.0,267.0,3.0
31071,2022-07-18 15:00:00,371.41,377.0,24.0,2.0,111.0,16.0,267.0,3.0
31072,2022-07-18 16:00:00,399.69,378.0,28.0,2.0,58.0,12.0,268.0,3.0
31073,2022-07-18 17:00:00,418.33,382.0,27.0,2.0,27.0,11.0,270.0,3.0
31074,2022-07-18 18:00:00,428.69,380.0,27.0,2.0,7.0,13.0,269.0,3.0
31075,2022-07-18 19:00:00,434.36,380.0,26.0,2.0,0.0,11.0,269.0,3.0
31076,2022-07-18 20:00:00,432.55,379.0,27.0,2.0,0.0,13.0,269.0,3.0
31077,2022-07-18 21:00:00,432.16,378.0,26.0,2.0,0.0,14.0,268.0,3.0
31078,2022-07-18 22:00:00,424.53,327.0,27.0,2.0,0.0,18.0,236.0,3.0
31079,2022-07-18 23:00:00,419.4,293.0,26.0,3.0,0.0,19.0,214.0,3.0
31080,2022-07-19 00:00:00,417.16,293.0,26.0,3.0,0.0,21.0,215.0,3.0
31081,2022-07-19 01:00:00,413.06,284.0,26.0,3.0,1.0,22.0,211.0,3.0
31082,2022-07-19 02:00:00,413.4,306.0,26.0,3.0,7.0,22.0,223.0,3.0
31083,2022-07-19 03:00:00,409.54,357.0,28.0,3.0,26.0,21.0,254.0,3.0
31084,2022-07-19 04:00:00,395.22,371.0,28.0,3.0,56.0,20.0,263.0,3.0
31085,2022-07-19 05:00:00,381.76,390.0,30.0,3.0,93.0,17.0,274.0,3.0
31086,2022-07-19 06:00:00,361.72,411.0,30.0,3.0,144.0,20.0,288.0,3.0
31087,2022-07-19 07:00:00,324.24,339.0,29.0,3.0,193.0,22.0,244.0,3.0
31088,2022-07-19 08:00:00,325.68,392.0,29.0,3.0,226.0,24.0,276.0,3.0
31089,2022-07-19 09:00:00,294.33,316.0,28.0,3.0,242.0,36.0,229.0,3.0
31090,2022-07-19 10:00:00,275.09,278.0,31.0,3.0,260.0,35.0,206.0,3.0
31091,2022-07-19 11:00:00,268.35,264.0,31.0,3.0,261.0,38.0,198.0,4.0
31092,2022-07-19 12:00:00,267.17,261.0,31.0,3.0,255.0,44.0,196.0,4.0
31093,2022-07-19 13:00:00,279.37,261.0,30.0,3.0,224.0,40.0,196.0,4.0
31094,2022-07-19 14:00:00,291.83,262.0,29.0,3.0,194.0,37.0,197.0,3.0
31095,2022-07-19 15:00:00,327.6,284.0,30.0,3.0,130.0,38.0,210.0,3.0
31096,2022-07-19 16:00:00,365.12,293.0,29.0,3.0,61.0,39.0,216.0,3.0
31097,2022-07-19 17:00:00,382.33,294.0,29.0,3.0,22.0,50.0,216.0,3.0
31098,2022-07-19 18:00:00,385.44,293.0,30.0,3.0,6.0,61.0,215.0,3.0
31099,2022-07-19 19:00:00,384.21,293.0,29.0,3.0,0.0,68.0,216.0,3.0
31100,2022-07-19 20:00:00,369.64,291.0,28.0,2.0,0.0,92.0,215.0,3.0
31101,2022-07-19 21:00:00,349.75,228.0,28.0,2.0,0.0,93.0,176.0,3.0
31102,2022-07-19 22:00:00,336.67,183.0,28.0,2.0,0.0,85.0,148.0,3.0
31103,2022-07-19 23:00:00,328.25,175.0,28.0,2.0,0.0,92.0,142.0,3.0
31104,2022-07-20 00:00:00,327.29,171.0,28.0,2.0,0.0,90.0,140.0,3.0
31105,2022-07-20 01:00:00,330.08,186.0,29.0,2.0,1.0,94.0,151.0,3.0
31106,2022-07-20 02:00:00,322.06,176.0,29.0,2.0,9.0,91.0,144.0,3.0
31107,2022-07-20 03:00:00,335.56,211.0,29.0,2.0,26.0,79.0,165.0,3.0
31108,2022-07-20 04:00:00,322.49,245.0,29.0,2.0,80.0,72.0,185.0,3.0
31109,2022-07-20 05:00:00,283.06,273.0,29.0,2.0,183.0,78.0,209.0,3.0
31110,2022-07-20 06:00:00,242.4,268.0,29.0,2.0,291.0,86.0,214.0,4.0
31111,2022-07-20 07:00:00,221.31,269.0,31.0,2.0,363.0,100.0,217.0,4.0
31112,2022-07-20 08:00:00,214.46,275.0,30.0,3.0,396.0,108.0,221.0,4.0
31113,2022-07-20 09:00:00,204.03,262.0,29.0,3.0,411.0,117.0,212.0,3.0
31114,2022-07-20 10:00:00,204.84,272.0,29.0,3.0,420.0,126.0,217.0,3.0
31115,2022-07-20 11:00:00,205.11,274.0,29.0,3.0,419.0,130.0,218.0,3.0
31116,2022-07-20 12:00:00,208.12,271.0,30.0,3.0,405.0,125.0,216.0,4.0
31117,2022-07-20 13:00:00,219.25,275.0,28.0,3.0,360.0,122.0,219.0,4.0
31118,2022-07-20 14:00:00,243.38,276.0,27.0,3.0,272.0,110.0,219.0,3.0
31119,2022-07-20 15:00:00,285.88,276.0,28.0,3.0,160.0,87.0,219.0,3.0
31120,2022-07-20 16:00:00,334.33,274.0,28.0,3.0,61.0,72.0,218.0,3.0
31121,2022-07-20 17:00:00,364.93,277.0,28.0,3.0,20.0,58.0,221.0,3.0
31122,2022-07-20 18:00:00,373.48,276.0,28.0,3.0,5.0,58.0,221.0,3.0
31123,2022-07-20 19:00:00,380.5,279.0,29.0,3.0,0.0,53.0,223.0,3.0
31124,2022-07-20 20:00:00,376.67,278.0,28.0,3.0,0.0,58.0,223.0,3.0
31125,2022-07-20 21:00:00,377.17,263.0,27.0,3.0,0.0,52.0,213.0,3.0
31126,2022-07-20 22:00:00,370.45,240.0,27.0,3.0,0.0,53.0,198.0,3.0
31127,2022-07-20 23:00:00,369.21,227.0,27.0,3.0,0.0,49.0,190.0,3.0
31128,2022-07-21 00:00:00,370.97,214.0,28.0,2.0,0.0,40.0,184.0,3.0
31129,2022-07-21 01:00:00,369.27,194.0,27.0,2.0,1.0,31.0,173.0,3.0
31130,2022-07-21 02:00:00,379.86,221.0,27.0,2.0,9.0,21.0,190.0,3.0
31131,2022-07-21 03:00:00,378.48,258.0,28.0,2.0,29.0,17.0,213.0,3.0
31132,2022-07-21 04:00:00,353.19,268.0,30.0,2.0,76.0,15.0,219.0,3.0
31133,2022-07-21 05:00:00,311.09,282.0,30.0,2.0,167.0,22.0,225.0,4.0
31134,2022-07-21 06:00:00,268.32,277.0,26.0,2.0,266.0,33.0,221.0,4.0
31135,2022-07-21 07:00:00,237.96,258.0,24.0,2.0,336.0,38.0,209.0,4.0
31136,2022-07-21 08:00:00,238.5,273.0,28.0,2.0,359.0,38.0,219.0,4.0
31137,2022-07-21 09:00:00,232.05,272.0,29.0,2.0,381.0,42.0,217.0,4.0
31138,2022-07-21 10:00:00,226.8,274.0,28.0,2.0,400.0,46.0,220.0,4.0
31139,2022-07-21 11:00:00,225.72,276.0,29.0,2.0,408.0,44.0,224.0,4.0
31140,2022-07-21 12:00:00,229.87,275.0,30.0,2.0,386.0,46.0,223.0,3.0
31141,2022-07-21 13:00:00,242.11,267.0,31.0,2.0,332.0,39.0,220.0,4.0
31142,2022-07-21 14:00:00,270.75,272.0,30.0,2.0,250.0,31.0,224.0,4.0
31143,2022-07-21 15:00:00,314.75,276.0,30.0,3.0,148.0,21.0,227.0,4.0
31144,2022-07-21 16:00:00,363.47,276.0,32.0,3.0,59.0,16.0,226.0,4.0
31145,2022-07-21 17:00:00,392.8,277.0,31.0,3.0,21.0,9.0,226.0,4.0
31146,2022-07-21 18:00:00,402.35,272.0,31.0,3.0,6.0,10.0,222.0,4.0
31147,2022-07-21 19:00:00,407.56,272.0,31.0,3.0,0.0,10.0,221.0,4.0
31148,2022-07-21 20:00:00,406.21,277.0,28.0,3.0,0.0,12.0,225.0,3.0
31149,2022-07-21 21:00:00,400.61,264.0,28.0,3.0,0.0,18.0,215.0,3.0
31150,2022-07-21 22:00:00,382.27,220.0,28.0,2.0,0.0,28.0,188.0,3.0
31151,2022-07-21 23:00:00,375.0,216.0,27.0,2.0,0.0,37.0,184.0,3.0
31152,2022-07-22 00:00:00,356.06,209.0,27.0,2.0,0.0,57.0,181.0,3.0
31153,2022-07-22 01:00:00,341.49,203.0,26.0,2.0,1.0,74.0,176.0,3.0
31154,2022-07-22 02:00:00,338.81,216.0,26.0,2.0,9.0,77.0,185.0,3.0
31155,2022-07-22 03:00:00,332.02,221.0,28.0,2.0,27.0,74.0,188.0,4.0
31156,2022-07-22 04:00:00,311.51,221.0,29.0,2.0,75.0,61.0,189.0,4.0
31157,2022-07-22 05:00:00,274.76,217.0,30.0,2.0,166.0,44.0,186.0,4.0
31158,2022-07-22 06:00:00,240.07,221.0,31.0,2.0,263.0,46.0,190.0,4.0
31159,2022-07-22 07:00:00,217.25,224.0,31.0,2.0,340.0,55.0,191.0,4.0
31160,2022-07-22 08:00:00,202.95,222.0,32.0,2.0,387.0,63.0,191.0,4.0
31161,2022-07-22 09:00:00,198.37,221.0,32.0,2.0,407.0,63.0,189.0,4.0
31162,2022-07-22 10:00:00,199.2,221.0,33.0,2.0,410.0,54.0,192.0,4.0
31163,2022-07-22 11:00:00,203.08,223.0,33.0,2.0,403.0,49.0,192.0,4.0
31164,2022-07-22 12:00:00,208.71,223.0,31.0,2.0,375.0,49.0,194.0,4.0
31165,2022-07-22 13:00:00,223.73,222.0,30.0,2.0,320.0,42.0,194.0,4.0
31166,2022-07-22 14:00:00,252.59,222.0,30.0,3.0,236.0,32.0,194.0,4.0
31167,2022-07-22 15:00:00,297.1,222.0,30.0,3.0,139.0,23.0,192.0,4.0
31168,2022-07-22 16:00:00,349.48,221.0,31.0,3.0,57.0,12.0,192.0,4.0
31169,2022-07-22 17:00:00,376.23,219.0,30.0,3.0,21.0,10.0,191.0,4.0
31170,2022-07-22 18:00:00,387.52,220.0,31.0,3.0,5.0,13.0,191.0,4.0
31171,2022-07-22 19:00:00,386.76,215.0,33.0,3.0,1.0,17.0,187.0,4.0
31172,2022-07-22 20:00:00,384.32,215.0,31.0,3.0,1.0,20.0,187.0,4.0
31173,2022-07-22 21:00:00,373.67,211.0,31.0,3.0,0.0,32.0,185.0,4.0
31174,2022-07-22 22:00:00,368.88,203.0,28.0,3.0,0.0,35.0,179.0,3.0
31175,2022-07-22 23:00:00,385.69,216.0,27.0,3.0,0.0,21.0,186.0,3.0
31176,2022-07-23 00:00:00,372.19,203.0,27.0,3.0,0.0,31.0,179.0,3.0
31177,2022-07-23 01:00:00,376.29,196.0,27.0,3.0,1.0,22.0,175.0,3.0
31178,2022-07-23 02:00:00,374.61,199.0,27.0,2.0,9.0,18.0,177.0,3.0
31179,2022-07-23 03:00:00,356.64,192.0,27.0,2.0,26.0,19.0,173.0,3.0
31180,2022-07-23 04:00:00,320.37,170.0,28.0,2.0,59.0,20.0,159.0,3.0
31181,2022-07-23 05:00:00,304.94,212.0,28.0,2.0,113.0,26.0,184.0,3.0
31182,2022-07-23 06:00:00,270.26,212.0,31.0,2.0,174.0,37.0,186.0,3.0
31183,2022-07-23 07:00:00,252.15,222.0,30.0,2.0,221.0,50.0,192.0,3.0
31184,2022-07-23 08:00:00,244.79,216.0,30.0,2.0,224.0,60.0,188.0,3.0
31185,2022-07-23 09:00:00,233.02,214.0,30.0,2.0,259.0,58.0,187.0,3.0
31186,2022-07-23 10:00:00,234.64,219.0,30.0,2.0,263.0,60.0,187.0,3.0
31187,2022-07-23 11:00:00,230.54,217.0,30.0,2.0,278.0,56.0,185.0,3.0
31188,2022-07-23 12:00:00,240.95,219.0,30.0,2.0,250.0,54.0,186.0,3.0
31189,2022-07-23 13:00:00,256.29,223.0,27.0,2.0,211.0,51.0,190.0,3.0
31190,2022-07-23 14:00:00,284.0,224.0,28.0,2.0,152.0,43.0,190.0,3.0
31191,2022-07-23 15:00:00,313.24,220.0,26.0,2.0,97.0,33.0,189.0,3.0
31192,2022-07-23 16:00:00,354.9,215.0,26.0,2.0,43.0,18.0,186.0,4.0
31193,2022-07-23 17:00:00,378.7,226.0,27.0,2.0,16.0,17.0,194.0,4.0
31194,2022-07-23 18:00:00,374.83,225.0,27.0,3.0,3.0,33.0,194.0,4.0
31195,2022-07-23 19:00:00,371.68,222.0,27.0,3.0,0.0,39.0,192.0,4.0
31196,2022-07-23 20:00:00,382.78,216.0,26.0,3.0,0.0,23.0,188.0,4.0
31197,2022-07-23 21:00:00,386.56,214.0,28.0,3.0,0.0,18.0,186.0,3.0
31198,2022-07-23 22:00:00,390.51,219.0,31.0,3.0,0.0,16.0,188.0,3.0
31199,2022-07-23 23:00:00,391.9,227.0,29.0,3.0,0.0,19.0,191.0,3.0
31200,2022-07-24 00:00:00,395.26,226.0,30.0,3.0,0.0,13.0,192.0,3.0
31201,2022-07-24 01:00:00,389.31,208.0,30.0,3.0,0.0,13.0,182.0,3.0
31202,2022-07-24 02:00:00,390.69,217.0,29.0,3.0,4.0,10.0,188.0,3.0
31203,2022-07-24 03:00:00,377.3,209.0,29.0,3.0,17.0,11.0,182.0,3.0
31204,2022-07-24 04:00:00,334.45,168.0,29.0,3.0,46.0,14.0,156.0,3.0
31205,2022-07-24 05:00:00,330.38,217.0,30.0,2.0,84.0,16.0,186.0,3.0
31206,2022-07-24 06:00:00,305.8,214.0,31.0,2.0,118.0,23.0,184.0,3.0
31207,2022-07-24 07:00:00,294.17,214.0,32.0,2.0,139.0,25.0,184.0,3.0
31208,2022-07-24 08:00:00,293.59,212.0,32.0,2.0,138.0,25.0,183.0,3.0
31209,2022-07-24 09:00:00,295.16,221.0,32.0,2.0,146.0,23.0,188.0,3.0
31210,2022-07-24 10:00:00,279.8,212.0,31.0,2.0,170.0,21.0,184.0,3.0
31211,2022-07-24 11:00:00,270.95,210.0,29.0,2.0,181.0,28.0,182.0,3.0
31212,2022-07-24 12:00:00,284.24,211.0,29.0,2.0,152.0,27.0,184.0,3.0
31213,2022-07-24 13:00:00,298.12,212.0,28.0,2.0,124.0,28.0,184.0,3.0
31214,2022-07-24 14:00:00,323.92,225.0,28.0,2.0,94.0,22.0,192.0,4.0
31215,2022-07-24 15:00:00,344.21,226.0,31.0,2.0,62.0,22.0,192.0,4.0
31216,2022-07-24 16:00:00,363.67,224.0,32.0,2.0,38.0,16.0,191.0,4.0
31217,2022-07-24 17:00:00,379.39,227.0,32.0,2.0,16.0,18.0,193.0,4.0
31218,2022-07-24 18:00:00,388.63,235.0,31.0,2.0,3.0,21.0,199.0,4.0
31219,2022-07-24 19:00:00,387.81,236.0,31.0,2.0,0.0,26.0,199.0,4.0
31220,2022-07-24 20:00:00,392.17,235.0,32.0,2.0,0.0,19.0,199.0,3.0
31221,2022-07-24 21:00:00,390.89,229.0,31.0,2.0,0.0,21.0,193.0,3.0
31222,2022-07-24 22:00:00,395.31,264.0,30.0,2.0,0.0,26.0,215.0,3.0
31223,2022-07-24 23:00:00,402.58,284.0,30.0,2.0,0.0,23.0,226.0,3.0
31224,2022-07-25 00:00:00,397.22,257.0,30.0,2.0,0.0,22.0,210.0,3.0
31225,2022-07-25 01:00:00,399.89,242.0,30.0,2.0,0.0,14.0,201.0,3.0
31226,2022-07-25 02:00:00,395.19,240.0,30.0,2.0,5.0,14.0,200.0,3.0
31227,2022-07-25 03:00:00,391.31,273.0,30.0,2.0,20.0,14.0,221.0,3.0
31228,2022-07-25 04:00:00,370.98,276.0,30.0,2.0,56.0,12.0,221.0,3.0
31229,2022-07-25 05:00:00,330.48,278.0,29.0,2.0,122.0,20.0,223.0,3.0
31230,2022-07-25 06:00:00,287.66,281.0,30.0,2.0,217.0,29.0,225.0,3.0
31231,2022-07-25 07:00:00,256.25,278.0,31.0,2.0,306.0,34.0,222.0,3.0
31232,2022-07-25 08:00:00,245.28,281.0,32.0,2.0,345.0,39.0,224.0,3.0
31233,2022-07-25 09:00:00,239.01,274.0,32.0,2.0,352.0,44.0,221.0,3.0
31234,2022-07-25 10:00:00,235.32,274.0,31.0,3.0,361.0,48.0,221.0,3.0
31235,2022-07-25 11:00:00,236.47,272.0,31.0,3.0,356.0,45.0,220.0,3.0
31236,2022-07-25 12:00:00,233.26,259.0,32.0,3.0,348.0,45.0,212.0,3.0
31237,2022-07-25 13:00:00,226.42,219.0,32.0,3.0,310.0,44.0,184.0,3.0
31238,2022-07-25 14:00:00,270.77,249.0,32.0,3.0,226.0,33.0,203.0,3.0
31239,2022-07-25 15:00:00,313.76,241.0,32.0,3.0,125.0,22.0,201.0,3.0
31240,2022-07-25 16:00:00,372.16,274.0,32.0,3.0,47.0,15.0,222.0,3.0
31241,2022-07-25 17:00:00,395.2,278.0,31.0,3.0,17.0,14.0,222.0,3.0
31242,2022-07-25 18:00:00,402.45,276.0,31.0,3.0,3.0,16.0,222.0,3.0
31243,2022-07-25 19:00:00,402.31,277.0,32.0,2.0,0.0,21.0,222.0,3.0
31244,2022-07-25 20:00:00,395.79,259.0,33.0,2.0,0.0,25.0,211.0,4.0
31245,2022-07-25 21:00:00,371.25,189.0,31.0,2.0,0.0,30.0,168.0,4.0
31246,2022-07-25 22:00:00,357.2,168.0,31.0,2.0,0.0,35.0,156.0,4.0
31247,2022-07-25 23:00:00,362.97,182.0,30.0,2.0,0.0,37.0,163.0,4.0
31248,2022-07-26 00:00:00,351.56,185.0,29.0,2.0,0.0,52.0,165.0,4.0
31249,2022-07-26 01:00:00,350.35,182.0,29.0,2.0,0.0,51.0,164.0,4.0
31250,2022-07-26 02:00:00,344.3,184.0,29.0,2.0,6.0,54.0,165.0,4.0
31251,2022-07-26 03:00:00,322.47,175.0,30.0,2.0,25.0,59.0,159.0,4.0
31252,2022-07-26 04:00:00,300.57,183.0,33.0,2.0,64.0,61.0,164.0,4.0
31253,2022-07-26 05:00:00,259.23,187.0,33.0,2.0,140.0,74.0,163.0,3.0
31254,2022-07-26 06:00:00,204.38,159.0,30.0,2.0,229.0,86.0,145.0,3.0
31255,2022-07-26 07:00:00,149.42,111.0,27.0,2.0,293.0,95.0,112.0,3.0
31256,2022-07-26 08:00:00,139.77,108.0,30.0,2.0,320.0,110.0,106.0,3.0
31257,2022-07-26 09:00:00,140.2,109.0,31.0,2.0,321.0,110.0,109.0,3.0
31258,2022-07-26 10:00:00,161.68,128.0,30.0,2.0,289.0,109.0,120.0,3.0
31259,2022-07-26 11:00:00,164.24,119.0,31.0,2.0,253.0,106.0,117.0,3.0
31260,2022-07-26 12:00:00,173.3,106.0,31.0,2.0,198.0,90.0,111.0,3.0
31261,2022-07-26 13:00:00,190.97,106.0,30.0,2.0,163.0,74.0,111.0,3.0
31262,2022-07-26 14:00:00,210.05,101.0,31.0,2.0,110.0,72.0,111.0,4.0
31263,2022-07-26 15:00:00,250.66,112.0,32.0,2.0,55.0,69.0,122.0,4.0
31264,2022-07-26 16:00:00,320.13,176.0,32.0,2.0,27.0,56.0,165.0,4.0
31265,2022-07-26 17:00:00,329.29,182.0,32.0,2.0,16.0,59.0,168.0,4.0
31266,2022-07-26 18:00:00,338.49,184.0,33.0,2.0,5.0,59.0,169.0,4.0
31267,2022-07-26 19:00:00,345.09,183.0,32.0,2.0,0.0,55.0,168.0,4.0
31268,2022-07-26 20:00:00,353.47,184.0,32.0,2.0,0.0,47.0,166.0,3.0
31269,2022-07-26 21:00:00,358.12,181.0,32.0,2.0,0.0,40.0,164.0,3.0
31270,2022-07-26 22:00:00,361.04,195.0,30.0,2.0,0.0,43.0,173.0,3.0
31271,2022-07-26 23:00:00,367.32,204.0,30.0,2.0,0.0,42.0,176.0,3.0
31272,2022-07-27 00:00:00,370.1,212.0,30.0,2.0,0.0,40.0,183.0,3.0
31273,2022-07-27 01:00:00,367.49,207.0,31.0,2.0,0.0,41.0,180.0,3.0
31274,2022-07-27 02:00:00,384.8,252.0,31.0,2.0,4.0,37.0,203.0,3.0
31275,2022-07-27 03:00:00,376.34,253.0,30.0,2.0,17.0,33.0,207.0,3.0
31276,2022-07-27 04:00:00,360.53,273.0,28.0,2.0,47.0,35.0,221.0,3.0
31277,2022-07-27 05:00:00,328.35,274.0,28.0,2.0,103.0,41.0,220.0,3.0
31278,2022-07-27 06:00:00,306.42,276.0,28.0,2.0,148.0,46.0,221.0,3.0
31279,2022-07-27 07:00:00,291.32,278.0,29.0,2.0,181.0,54.0,221.0,3.0
31280,2022-07-27 08:00:00,281.92,279.0,28.0,3.0,201.0,59.0,222.0,3.0
31281,2022-07-27 09:00:00,264.95,248.0,28.0,3.0,210.0,62.0,203.0,3.0
31282,2022-07-27 10:00:00,263.82,250.0,28.0,3.0,217.0,62.0,203.0,3.0
31283,2022-07-27 11:00:00,270.87,276.0,28.0,3.0,230.0,63.0,216.0,3.0
31284,2022-07-27 12:00:00,266.4,254.0,28.0,3.0,214.0,69.0,199.0,3.0
31285,2022-07-27 13:00:00,278.89,274.0,28.0,3.0,192.0,74.0,216.0,3.0
31286,2022-07-27 14:00:00,294.34,274.0,22.0,3.0,165.0,54.0,220.0,3.0
31287,2022-07-27 15:00:00,318.83,276.0,23.0,3.0,114.0,49.0,222.0,3.0
31288,2022-07-27 16:00:00,352.25,278.0,26.0,3.0,55.0,44.0,223.0,3.0
31289,2022-07-27 17:00:00,385.09,279.0,28.0,2.0,19.0,29.0,222.0,3.0
31290,2022-07-27 18:00:00,397.06,278.0,28.0,2.0,4.0,25.0,223.0,4.0
31291,2022-07-27 19:00:00,394.26,278.0,28.0,2.0,0.0,33.0,223.0,4.0
31292,2022-07-27 20:00:00,394.35,278.0,26.0,2.0,0.0,33.0,223.0,4.0
31293,2022-07-27 21:00:00,386.16,248.0,25.0,2.0,0.0,35.0,204.0,4.0
31294,2022-07-27 22:00:00,373.27,224.0,28.0,2.0,0.0,43.0,189.0,4.0
31295,2022-07-27 23:00:00,377.14,226.0,28.0,2.0,0.0,39.0,190.0,4.0
31296,2022-07-28 00:00:00,373.35,227.0,28.0,2.0,0.0,44.0,191.0,4.0
31297,2022-07-28 01:00:00,373.24,223.0,27.0,2.0,0.0,42.0,189.0,4.0
31298,2022-07-28 02:00:00,361.4,194.0,28.0,2.0,6.0,39.0,170.0,4.0
31299,2022-07-28 03:00:00,369.62,227.0,27.0,2.0,21.0,27.0,192.0,4.0
31300,2022-07-28 04:00:00,364.97,259.0,27.0,2.0,53.0,17.0,211.0,4.0
31301,2022-07-28 05:00:00,342.6,280.0,27.0,2.0,101.0,19.0,224.0,4.0
31302,2022-07-28 06:00:00,320.09,279.0,28.0,2.0,142.0,23.0,224.0,4.0
31303,2022-07-28 07:00:00,310.27,283.0,28.0,2.0,167.0,24.0,226.0,4.0
31304,2022-07-28 08:00:00,296.1,281.0,28.0,2.0,198.0,26.0,225.0,4.0
31305,2022-07-28 09:00:00,293.08,272.0,26.0,2.0,196.0,27.0,219.0,4.0
31306,2022-07-28 10:00:00,299.65,280.0,22.0,2.0,189.0,24.0,224.0,4.0
31307,2022-07-28 11:00:00,289.63,284.0,21.0,2.0,212.0,30.0,227.0,4.0
31308,2022-07-28 12:00:00,293.95,283.0,21.0,2.0,192.0,36.0,227.0,3.0
31309,2022-07-28 13:00:00,301.1,278.0,20.0,2.0,166.0,39.0,224.0,3.0
31310,2022-07-28 14:00:00,310.67,277.0,20.0,2.0,138.0,44.0,223.0,3.0
31311,2022-07-28 15:00:00,334.4,278.0,19.0,2.0,90.0,43.0,223.0,3.0
31312,2022-07-28 16:00:00,362.63,280.0,21.0,2.0,49.0,33.0,225.0,3.0
31313,2022-07-28 17:00:00,388.77,285.0,22.0,2.0,19.0,24.0,228.0,4.0
31314,2022-07-28 18:00:00,397.88,280.0,23.0,2.0,3.0,26.0,224.0,4.0
31315,2022-07-28 19:00:00,394.42,279.0,23.0,2.0,0.0,33.0,224.0,4.0
31316,2022-07-28 20:00:00,385.67,276.0,21.0,2.0,0.0,44.0,223.0,4.0
31317,2022-07-28 21:00:00,366.19,200.0,20.0,2.0,0.0,39.0,176.0,3.0
31318,2022-07-28 22:00:00,302.03,93.0,19.0,2.0,0.0,36.0,110.0,3.0
31319,2022-07-28 23:00:00,306.94,93.0,20.0,2.0,0.0,33.0,109.0,3.0
31320,2022-07-29 00:00:00,307.0,91.0,20.0,2.0,0.0,30.0,109.0,3.0
31321,2022-07-29 01:00:00,303.43,91.0,20.0,2.0,0.0,33.0,109.0,3.0
31322,2022-07-29 02:00:00,287.51,89.0,20.0,2.0,5.0,40.0,108.0,3.0
31323,2022-07-29 03:00:00,269.02,91.0,20.0,2.0,23.0,43.0,109.0,3.0
31324,2022-07-29 04:00:00,245.9,98.0,20.0,2.0,65.0,38.0,114.0,3.0
31325,2022-07-29 05:00:00,216.92,119.0,20.0,2.0,148.0,40.0,127.0,3.0
31326,2022-07-29 06:00:00,227.03,176.0,21.0,2.0,206.0,61.0,162.0,3.0
31327,2022-07-29 07:00:00,229.34,209.0,21.0,2.0,240.0,77.0,182.0,3.0
31328,2022-07-29 08:00:00,224.04,203.0,21.0,2.0,250.0,74.0,178.0,3.0
31329,2022-07-29 09:00:00,214.52,204.0,21.0,2.0,281.0,78.0,178.0,3.0
31330,2022-07-29 10:00:00,220.53,215.0,21.0,2.0,277.0,83.0,183.0,3.0
31331,2022-07-29 11:00:00,228.58,228.0,20.0,2.0,283.0,79.0,183.0,3.0
31332,2022-07-29 12:00:00,238.67,229.0,21.0,3.0,259.0,84.0,170.0,3.0
31333,2022-07-29 13:00:00,243.18,227.0,22.0,3.0,236.0,88.0,171.0,3.0
31334,2022-07-29 14:00:00,266.05,228.0,21.0,3.0,188.0,73.0,171.0,3.0
31335,2022-07-29 15:00:00,297.31,228.0,22.0,3.0,121.0,68.0,171.0,3.0
31336,2022-07-29 16:00:00,361.94,278.0,22.0,3.0,53.0,50.0,202.0,3.0
31337,2022-07-29 17:00:00,387.46,282.0,24.0,3.0,18.0,47.0,204.0,4.0
31338,2022-07-29 18:00:00,398.54,280.0,24.0,3.0,3.0,45.0,203.0,4.0
31339,2022-07-29 19:00:00,393.58,282.0,23.0,3.0,0.0,56.0,204.0,4.0
31340,2022-07-29 20:00:00,395.5,273.0,22.0,3.0,0.0,50.0,199.0,4.0
31341,2022-07-29 21:00:00,391.88,258.0,22.0,2.0,0.0,51.0,190.0,4.0
31342,2022-07-29 22:00:00,360.35,174.0,24.0,2.0,0.0,55.0,139.0,4.0
31343,2022-07-29 23:00:00,370.15,184.0,24.0,2.0,0.0,49.0,145.0,4.0
31344,2022-07-30 00:00:00,371.06,184.0,24.0,2.0,0.0,48.0,145.0,4.0
31345,2022-07-30 01:00:00,377.53,184.0,25.0,2.0,0.0,41.0,145.0,4.0
31346,2022-07-30 02:00:00,377.54,185.0,25.0,2.0,4.0,37.0,146.0,4.0
31347,2022-07-30 03:00:00,363.44,178.0,25.0,2.0,20.0,35.0,140.0,4.0
31348,2022-07-30 04:00:00,331.18,184.0,24.0,2.0,67.0,32.0,143.0,4.0
31349,2022-07-30 05:00:00,266.21,186.0,24.0,2.0,168.0,43.0,146.0,4.0
31350,2022-07-30 06:00:00,217.1,175.0,21.0,2.0,266.0,53.0,138.0,4.0
31351,2022-07-30 07:00:00,196.54,176.0,20.0,2.0,314.0,72.0,140.0,3.0
31352,2022-07-30 08:00:00,187.21,172.0,20.0,2.0,340.0,72.0,138.0,3.0
31353,2022-07-30 09:00:00,192.71,184.0,20.0,2.0,352.0,66.0,146.0,3.0
31354,2022-07-30 10:00:00,178.41,157.0,21.0,2.0,350.0,60.0,129.0,3.0
31355,2022-07-30 11:00:00,162.61,133.0,21.0,2.0,349.0,58.0,114.0,3.0
31356,2022-07-30 12:00:00,188.68,167.0,21.0,2.0,340.0,55.0,135.0,3.0
31357,2022-07-30 13:00:00,204.58,181.0,20.0,2.0,314.0,54.0,143.0,3.0
31358,2022-07-30 14:00:00,233.88,186.0,21.0,2.0,240.0,46.0,147.0,3.0
31359,2022-07-30 15:00:00,282.16,186.0,22.0,2.0,142.0,34.0,148.0,4.0
31360,2022-07-30 16:00:00,343.5,186.0,23.0,2.0,54.0,26.0,148.0,4.0
31361,2022-07-30 17:00:00,384.19,188.0,24.0,2.0,17.0,18.0,148.0,4.0
31362,2022-07-30 18:00:00,397.33,185.0,24.0,2.0,3.0,17.0,147.0,4.0
31363,2022-07-30 19:00:00,401.34,186.0,25.0,2.0,0.0,17.0,147.0,4.0
31364,2022-07-30 20:00:00,397.17,186.0,25.0,2.0,0.0,21.0,147.0,4.0
31365,2022-07-30 21:00:00,393.36,182.0,25.0,2.0,0.0,24.0,144.0,4.0
31366,2022-07-30 22:00:00,383.4,178.0,24.0,2.0,0.0,33.0,141.0,4.0
31367,2022-07-30 23:00:00,380.53,166.0,21.0,2.0,0.0,30.0,135.0,4.0
31368,2022-07-31 00:00:00,385.95,165.0,21.0,2.0,0.0,25.0,134.0,4.0
31369,2022-07-31 01:00:00,387.44,156.0,21.0,2.0,0.0,20.0,129.0,4.0
31370,2022-07-31 02:00:00,380.56,156.0,21.0,2.0,5.0,21.0,129.0,4.0
31371,2022-07-31 03:00:00,355.22,137.0,34.0,2.0,20.0,22.0,116.0,4.0
31372,2022-07-31 04:00:00,333.43,172.0,37.0,2.0,69.0,18.0,138.0,4.0
31373,2022-07-31 05:00:00,277.84,186.0,39.0,2.0,171.0,20.0,147.0,4.0
31374,2022-07-31 06:00:00,232.98,187.0,41.0,2.0,275.0,30.0,146.0,4.0
31375,2022-07-31 07:00:00,201.47,178.0,42.0,2.0,356.0,37.0,141.0,4.0
31376,2022-07-31 08:00:00,171.69,157.0,32.0,2.0,403.0,47.0,130.0,3.0
31377,2022-07-31 09:00:00,181.02,184.0,22.0,2.0,419.0,50.0,147.0,3.0
31378,2022-07-31 10:00:00,186.52,189.0,22.0,2.0,412.0,45.0,150.0,3.0
31379,2022-07-31 11:00:00,190.94,189.0,21.0,2.0,390.0,46.0,151.0,3.0
31380,2022-07-31 12:00:00,203.14,189.0,20.0,2.0,348.0,39.0,151.0,3.0
31381,2022-07-31 13:00:00,224.07,187.0,20.0,2.0,283.0,30.0,150.0,3.0
31382,2022-07-31 14:00:00,262.26,188.0,21.0,2.0,198.0,19.0,150.0,3.0
31383,2022-07-31 15:00:00,310.43,188.0,27.0,2.0,115.0,14.0,149.0,3.0
31384,2022-07-31 16:00:00,354.13,188.0,37.0,3.0,57.0,10.0,149.0,3.0
31385,2022-07-31 17:00:00,384.59,187.0,40.0,3.0,22.0,9.0,149.0,4.0
31386,2022-07-31 18:00:00,403.21,186.0,40.0,3.0,5.0,7.0,148.0,4.0
31387,2022-07-31 19:00:00,403.51,182.0,42.0,3.0,0.0,11.0,145.0,4.0
31388,2022-07-31 20:00:00,400.15,183.0,44.0,3.0,0.0,14.0,146.0,4.0
31389,2022-07-31 21:00:00,395.38,179.0,45.0,3.0,0.0,18.0,143.0,4.0
31390,2022-07-31 22:00:00,396.65,185.0,42.0,3.0,0.0,19.0,146.0,3.0
31391,2022-07-31 23:00:00,401.55,187.0,41.0,2.0,0.0,16.0,147.0,3.0
31392,2022-08-01 00:00:00,396.62,175.0,40.0,2.0,0.0,17.0,140.0,3.0
31393,2022-08-01 01:00:00,380.47,166.0,41.0,2.0,0.0,29.0,135.0,3.0
31394,2022-08-01 02:00:00,379.52,202.0,42.0,2.0,3.0,41.0,157.0,3.0
31395,2022-08-01 03:00:00,378.42,222.0,42.0,2.0,13.0,41.0,169.0,4.0
31396,2022-08-01 04:00:00,368.56,219.0,41.0,2.0,28.0,39.0,166.0,4.0
31397,2022-08-01 05:00:00,359.29,228.0,44.0,2.0,48.0,37.0,171.0,4.0
31398,2022-08-01 06:00:00,350.82,229.0,43.0,2.0,72.0,26.0,172.0,4.0
31399,2022-08-01 07:00:00,330.39,229.0,44.0,2.0,98.0,34.0,172.0,4.0
31400,2022-08-01 08:00:00,306.49,228.0,44.0,2.0,132.0,45.0,171.0,4.0
31401,2022-08-01 09:00:00,300.7,218.0,45.0,2.0,131.0,49.0,165.0,4.0
31402,2022-08-01 10:00:00,297.94,219.0,44.0,2.0,129.0,58.0,165.0,4.0
31403,2022-08-01 11:00:00,306.22,219.0,43.0,2.0,112.0,57.0,166.0,4.0
31404,2022-08-01 12:00:00,321.4,218.0,42.0,2.0,84.0,56.0,165.0,4.0
31405,2022-08-01 13:00:00,327.02,217.0,43.0,2.0,64.0,65.0,165.0,4.0
31406,2022-08-01 14:00:00,345.32,235.0,44.0,2.0,50.0,60.0,176.0,4.0
31407,2022-08-01 15:00:00,366.76,254.0,44.0,2.0,42.0,44.0,187.0,4.0
31408,2022-08-01 16:00:00,381.31,252.0,44.0,2.0,24.0,39.0,186.0,4.0
31409,2022-08-01 17:00:00,399.94,246.0,43.0,2.0,9.0,27.0,182.0,4.0
31410,2022-08-01 18:00:00,418.57,253.0,42.0,2.0,1.0,13.0,187.0,4.0
31411,2022-08-01 19:00:00,423.9,246.0,43.0,2.0,0.0,7.0,182.0,4.0
31412,2022-08-01 20:00:00,423.23,240.0,43.0,2.0,0.0,7.0,178.0,4.0
31413,2022-08-01 21:00:00,418.61,225.0,43.0,2.0,0.0,10.0,168.0,4.0
31414,2022-08-01 22:00:00,419.36,226.0,43.0,2.0,0.0,10.0,168.0,4.0
31415,2022-08-01 23:00:00,420.22,227.0,42.0,2.0,0.0,10.0,168.0,4.0
31416,2022-08-02 00:00:00,416.11,224.0,42.0,2.0,0.0,12.0,168.0,4.0
31417,2022-08-02 01:00:00,409.47,220.0,41.0,2.0,0.0,18.0,166.0,4.0
31418,2022-08-02 02:00:00,406.33,223.0,42.0,2.0,2.0,21.0,167.0,4.0
31419,2022-08-02 03:00:00,402.26,229.0,42.0,2.0,14.0,16.0,170.0,4.0
31420,2022-08-02 04:00:00,389.35,266.0,43.0,2.0,43.0,16.0,192.0,4.0
31421,2022-08-02 05:00:00,359.83,280.0,43.0,2.0,93.0,18.0,202.0,4.0
31422,2022-08-02 06:00:00,320.97,278.0,43.0,2.0,162.0,26.0,200.0,4.0
31423,2022-08-02 07:00:00,286.63,279.0,42.0,2.0,242.0,32.0,201.0,4.0
31424,2022-08-02 08:00:00,266.85,278.0,43.0,2.0,296.0,37.0,200.0,4.0
31425,2022-08-02 09:00:00,248.92,261.0,45.0,2.0,328.0,41.0,192.0,4.0
31426,2022-08-02 10:00:00,251.69,279.0,44.0,3.0,335.0,48.0,202.0,3.0
31427,2022-08-02 11:00:00,249.35,278.0,45.0,3.0,341.0,48.0,203.0,3.0
31428,2022-08-02 12:00:00,248.52,277.0,47.0,2.0,345.0,48.0,202.0,3.0
31429,2022-08-02 13:00:00,263.43,278.0,48.0,2.0,302.0,40.0,203.0,3.0
31430,2022-08-02 14:00:00,299.66,278.0,48.0,2.0,207.0,31.0,202.0,4.0
31431,2022-08-02 15:00:00,343.6,277.0,47.0,2.0,113.0,25.0,202.0,4.0
31432,2022-08-02 16:00:00,382.43,277.0,46.0,2.0,51.0,19.0,202.0,4.0
31433,2022-08-02 17:00:00,407.42,278.0,46.0,2.0,19.0,15.0,202.0,4.0
31434,2022-08-02 18:00:00,422.25,278.0,47.0,2.0,4.0,10.0,202.0,4.0
31435,2022-08-02 19:00:00,425.46,278.0,46.0,2.0,0.0,10.0,202.0,4.0
31436,2022-08-02 20:00:00,415.08,276.0,45.0,2.0,0.0,24.0,200.0,4.0
31437,2022-08-02 21:00:00,407.1,267.0,45.0,2.0,0.0,33.0,194.0,4.0
31438,2022-08-02 22:00:00,403.97,252.0,45.0,2.0,0.0,34.0,184.0,4.0
31439,2022-08-02 23:00:00,408.24,233.0,47.0,2.0,0.0,24.0,172.0,4.0
31440,2022-08-03 00:00:00,418.01,248.0,47.0,2.0,0.0,15.0,182.0,4.0
31441,2022-08-03 01:00:00,419.43,245.0,46.0,2.0,0.0,12.0,181.0,4.0
31442,2022-08-03 02:00:00,416.44,253.0,47.0,2.0,5.0,13.0,185.0,4.0
31443,2022-08-03 03:00:00,402.07,273.0,47.0,2.0,23.0,18.0,198.0,4.0
31444,2022-08-03 04:00:00,382.4,278.0,47.0,2.0,53.0,20.0,200.0,4.0
31445,2022-08-03 05:00:00,349.12,280.0,48.0,2.0,107.0,24.0,202.0,4.0
31446,2022-08-03 06:00:00,308.42,280.0,48.0,2.0,188.0,31.0,202.0,4.0
31447,2022-08-03 07:00:00,280.45,280.0,47.0,2.0,251.0,42.0,203.0,4.0
31448,2022-08-03 08:00:00,245.73,266.0,48.0,2.0,335.0,54.0,194.0,3.0
31449,2022-08-03 09:00:00,229.18,253.0,48.0,2.0,369.0,62.0,187.0,3.0
31450,2022-08-03 10:00:00,220.72,249.0,47.0,2.0,392.0,66.0,185.0,3.0
31451,2022-08-03 11:00:00,218.41,238.0,48.0,2.0,383.0,67.0,178.0,4.0
31452,2022-08-03 12:00:00,229.1,239.0,49.0,2.0,347.0,62.0,179.0,4.0
31453,2022-08-03 13:00:00,236.36,228.0,48.0,2.0,304.0,59.0,173.0,4.0
31454,2022-08-03 14:00:00,271.96,255.0,47.0,2.0,237.0,50.0,190.0,4.0
31455,2022-08-03 15:00:00,321.88,276.0,48.0,2.0,140.0,42.0,202.0,4.0
31456,2022-08-03 16:00:00,375.55,277.0,47.0,2.0,48.0,32.0,203.0,4.0
31457,2022-08-03 17:00:00,399.67,277.0,47.0,2.0,13.0,30.0,203.0,4.0
31458,2022-08-03 18:00:00,403.63,280.0,47.0,2.0,2.0,36.0,205.0,4.0
31459,2022-08-03 19:00:00,398.85,279.0,47.0,2.0,0.0,46.0,203.0,4.0
31460,2022-08-03 20:00:00,391.91,277.0,46.0,2.0,0.0,56.0,201.0,3.0
31461,2022-08-03 21:00:00,381.66,250.0,44.0,2.0,0.0,62.0,184.0,3.0
31462,2022-08-03 22:00:00,368.32,207.0,42.0,2.0,0.0,63.0,157.0,3.0
31463,2022-08-03 23:00:00,367.81,212.0,43.0,2.0,0.0,67.0,159.0,3.0
31464,2022-08-04 00:00:00,368.75,216.0,42.0,2.0,0.0,67.0,162.0,3.0
31465,2022-08-04 01:00:00,365.34,209.0,40.0,2.0,0.0,67.0,159.0,3.0
31466,2022-08-04 02:00:00,359.65,212.0,42.0,2.0,4.0,73.0,160.0,3.0
31467,2022-08-04 03:00:00,344.37,208.0,44.0,2.0,21.0,77.0,157.0,4.0
31468,2022-08-04 04:00:00,320.49,207.0,45.0,2.0,65.0,70.0,157.0,4.0
31469,2022-08-04 05:00:00,260.56,167.0,43.0,2.0,158.0,46.0,137.0,4.0
31470,2022-08-04 06:00:00,212.02,152.0,42.0,2.0,252.0,44.0,133.0,4.0
31471,2022-08-04 07:00:00,194.3,154.0,44.0,2.0,316.0,48.0,130.0,4.0
31472,2022-08-04 08:00:00,182.54,155.0,45.0,2.0,359.0,51.0,131.0,3.0
31473,2022-08-04 09:00:00,174.28,154.0,45.0,2.0,381.0,61.0,131.0,3.0
31474,2022-08-04 10:00:00,168.78,153.0,46.0,2.0,397.0,69.0,130.0,3.0
31475,2022-08-04 11:00:00,176.07,165.0,49.0,2.0,395.0,75.0,136.0,3.0
31476,2022-08-04 12:00:00,168.78,151.0,46.0,2.0,383.0,79.0,127.0,3.0
31477,2022-08-04 13:00:00,185.84,158.0,46.0,2.0,328.0,75.0,135.0,3.0
31478,2022-08-04 14:00:00,254.15,228.0,47.0,2.0,239.0,64.0,174.0,3.0
31479,2022-08-04 15:00:00,302.62,233.0,50.0,2.0,134.0,52.0,178.0,3.0
31480,2022-08-04 16:00:00,356.99,231.0,49.0,2.0,46.0,41.0,176.0,4.0
31481,2022-08-04 17:00:00,380.61,230.0,47.0,2.0,13.0,41.0,174.0,4.0
31482,2022-08-04 18:00:00,384.35,231.0,47.0,2.0,2.0,47.0,175.0,4.0
31483,2022-08-04 19:00:00,373.33,231.0,46.0,2.0,0.0,64.0,175.0,4.0
31484,2022-08-04 20:00:00,367.3,231.0,44.0,2.0,0.0,73.0,174.0,3.0
31485,2022-08-04 21:00:00,370.71,228.0,44.0,2.0,0.0,67.0,172.0,3.0
31486,2022-08-04 22:00:00,340.93,175.0,45.0,2.0,0.0,81.0,138.0,3.0
31487,2022-08-04 23:00:00,330.73,176.0,45.0,2.0,0.0,96.0,138.0,3.0
31488,2022-08-05 00:00:00,342.79,173.0,43.0,2.0,0.0,79.0,135.0,3.0
31489,2022-08-05 01:00:00,354.21,166.0,44.0,2.0,0.0,61.0,131.0,3.0
31490,2022-08-05 02:00:00,349.54,152.0,44.0,2.0,3.0,55.0,123.0,3.0
31491,2022-08-05 03:00:00,346.56,173.0,44.0,2.0,17.0,56.0,137.0,4.0
31492,2022-08-05 04:00:00,321.35,175.0,46.0,2.0,61.0,48.0,138.0,4.0
31493,2022-08-05 05:00:00,272.01,178.0,45.0,2.0,162.0,35.0,141.0,4.0
31494,2022-08-05 06:00:00,201.52,140.0,46.0,2.0,273.0,39.0,118.0,3.0
31495,2022-08-05 07:00:00,170.56,134.0,46.0,2.0,357.0,57.0,108.0,3.0
31496,2022-08-05 08:00:00,161.27,141.0,47.0,2.0,403.0,78.0,109.0,3.0
31497,2022-08-05 09:00:00,149.12,133.0,49.0,2.0,421.0,97.0,106.0,3.0
31498,2022-08-05 10:00:00,147.27,132.0,49.0,2.0,423.0,101.0,106.0,3.0
31499,2022-08-05 11:00:00,148.89,131.0,51.0,3.0,411.0,102.0,106.0,3.0
31500,2022-08-05 12:00:00,156.72,137.0,46.0,3.0,388.0,95.0,112.0,3.0
31501,2022-08-05 13:00:00,165.51,135.0,41.0,3.0,330.0,93.0,117.0,3.0
31502,2022-08-05 14:00:00,190.92,135.0,39.0,3.0,239.0,87.0,116.0,3.0
31503,2022-08-05 15:00:00,244.59,144.0,40.0,3.0,134.0,70.0,121.0,3.0
31504,2022-08-05 16:00:00,325.0,171.0,42.0,3.0,46.0,47.0,141.0,3.0
31505,2022-08-05 17:00:00,360.67,179.0,40.0,3.0,14.0,38.0,146.0,3.0
31506,2022-08-05 18:00:00,364.18,180.0,39.0,2.0,2.0,48.0,146.0,3.0
31507,2022-08-05 19:00:00,357.12,176.0,45.0,2.0,0.0,57.0,143.0,3.0
31508,2022-08-05 20:00:00,351.94,169.0,49.0,2.0,0.0,61.0,138.0,4.0
31509,2022-08-05 21:00:00,341.99,159.0,48.0,2.0,0.0,68.0,131.0,4.0
31510,2022-08-05 22:00:00,343.03,159.0,47.0,2.0,0.0,66.0,131.0,3.0
31511,2022-08-05 23:00:00,340.84,173.0,49.0,2.0,0.0,77.0,140.0,3.0
31512,2022-08-06 00:00:00,335.75,174.0,49.0,2.0,0.0,85.0,140.0,3.0
31513,2022-08-06 01:00:00,338.79,175.0,47.0,2.0,0.0,82.0,140.0,3.0
31514,2022-08-06 02:00:00,352.12,175.0,47.0,2.0,3.0,60.0,142.0,3.0
31515,2022-08-06 03:00:00,338.37,165.0,46.0,2.0,22.0,53.0,135.0,3.0
31516,2022-08-06 04:00:00,302.3,142.0,46.0,2.0,56.0,49.0,121.0,3.0
31517,2022-08-06 05:00:00,261.54,139.0,47.0,2.0,106.0,60.0,120.0,3.0
31518,2022-08-06 06:00:00,232.88,131.0,46.0,2.0,160.0,49.0,117.0,3.0
31519,2022-08-06 07:00:00,222.14,136.0,48.0,2.0,182.0,62.0,120.0,3.0
31520,2022-08-06 08:00:00,249.81,182.0,48.0,2.0,168.0,80.0,150.0,4.0
31521,2022-08-06 09:00:00,245.03,198.0,48.0,2.0,174.0,111.0,159.0,4.0
31522,2022-08-06 10:00:00,213.84,186.0,45.0,2.0,235.0,125.0,151.0,3.0
31523,2022-08-06 11:00:00,196.32,160.0,45.0,2.0,258.0,111.0,134.0,3.0
31524,2022-08-06 12:00:00,221.66,155.0,46.0,2.0,183.0,98.0,129.0,3.0
31525,2022-08-06 13:00:00,261.76,153.0,44.0,2.0,104.0,79.0,128.0,3.0
31526,2022-08-06 14:00:00,290.33,157.0,44.0,2.0,76.0,61.0,130.0,3.0
31527,2022-08-06 15:00:00,327.5,202.0,46.0,2.0,65.0,51.0,157.0,3.0
31528,2022-08-06 16:00:00,340.92,196.0,47.0,2.0,44.0,48.0,153.0,3.0
31529,2022-08-06 17:00:00,374.2,223.0,47.0,2.0,18.0,41.0,170.0,3.0
31530,2022-08-06 18:00:00,391.09,228.0,46.0,2.0,3.0,36.0,173.0,3.0
31531,2022-08-06 19:00:00,388.1,225.0,44.0,2.0,0.0,43.0,170.0,3.0
31532,2022-08-06 20:00:00,382.65,220.0,44.0,2.0,0.0,49.0,166.0,3.0
31533,2022-08-06 21:00:00,369.1,190.0,42.0,2.0,0.0,53.0,148.0,3.0
31534,2022-08-06 22:00:00,381.23,199.0,42.0,2.0,0.0,45.0,151.0,3.0
31535,2022-08-06 23:00:00,368.25,174.0,44.0,2.0,0.0,51.0,134.0,3.0
31536,2022-08-07 00:00:00,377.57,180.0,44.0,2.0,0.0,41.0,140.0,3.0
31537,2022-08-07 01:00:00,384.03,185.0,44.0,2.0,0.0,34.0,145.0,3.0
31538,2022-08-07 02:00:00,381.26,177.0,46.0,2.0,3.0,32.0,139.0,3.0
31539,2022-08-07 03:00:00,371.11,177.0,43.0,2.0,17.0,32.0,136.0,3.0
31540,2022-08-07 04:00:00,339.93,191.0,44.0,2.0,65.0,30.0,145.0,3.0
31541,2022-08-07 05:00:00,278.91,191.0,44.0,2.0,173.0,27.0,145.0,3.0
31542,2022-08-07 06:00:00,220.95,177.0,45.0,2.0,286.0,39.0,140.0,3.0
31543,2022-08-07 07:00:00,188.63,158.0,45.0,2.0,342.0,54.0,130.0,3.0
31544,2022-08-07 08:00:00,184.02,155.0,44.0,2.0,353.0,50.0,131.0,3.0
31545,2022-08-07 09:00:00,184.64,159.0,46.0,2.0,355.0,52.0,139.0,3.0
31546,2022-08-07 10:00:00,196.69,163.0,47.0,2.0,322.0,50.0,140.0,3.0
31547,2022-08-07 11:00:00,210.45,161.0,48.0,2.0,288.0,38.0,134.0,3.0
31548,2022-08-07 12:00:00,210.05,163.0,46.0,2.0,299.0,35.0,131.0,3.0
31549,2022-08-07 13:00:00,225.14,167.0,46.0,2.0,256.0,37.0,136.0,3.0
31550,2022-08-07 14:00:00,266.9,168.0,47.0,2.0,171.0,22.0,137.0,3.0
31551,2022-08-07 15:00:00,335.14,224.0,47.0,2.0,103.0,14.0,172.0,3.0
31552,2022-08-07 16:00:00,379.47,224.0,47.0,2.0,43.0,9.0,171.0,3.0
31553,2022-08-07 17:00:00,404.8,227.0,45.0,2.0,14.0,7.0,174.0,4.0
31554,2022-08-07 18:00:00,415.18,228.0,45.0,2.0,2.0,8.0,174.0,4.0
31555,2022-08-07 19:00:00,416.98,228.0,45.0,2.0,0.0,8.0,174.0,4.0
31556,2022-08-07 20:00:00,414.74,228.0,46.0,2.0,0.0,11.0,173.0,3.0
31557,2022-08-07 21:00:00,409.66,220.0,45.0,2.0,0.0,15.0,168.0,3.0
31558,2022-08-07 22:00:00,413.8,218.0,43.0,2.0,0.0,11.0,166.0,3.0
31559,2022-08-07 23:00:00,411.86,205.0,44.0,2.0,0.0,9.0,159.0,3.0
31560,2022-08-08 00:00:00,412.85,198.0,45.0,2.0,0.0,7.0,154.0,3.0
31561,2022-08-08 01:00:00,408.78,185.0,44.0,2.0,0.0,7.0,147.0,3.0
31562,2022-08-08 02:00:00,413.65,219.0,43.0,2.0,2.0,9.0,167.0,3.0
31563,2022-08-08 03:00:00,399.28,228.0,45.0,2.0,17.0,12.0,173.0,3.0
31564,2022-08-08 04:00:00,375.85,231.0,44.0,2.0,48.0,12.0,175.0,3.0
31565,2022-08-08 05:00:00,350.49,234.0,48.0,2.0,87.0,14.0,175.0,3.0
31566,2022-08-08 06:00:00,324.02,239.0,50.0,2.0,133.0,18.0,178.0,3.0
31567,2022-08-08 07:00:00,304.54,235.0,46.0,2.0,166.0,19.0,177.0,3.0
31568,2022-08-08 08:00:00,293.01,233.0,41.0,2.0,185.0,22.0,176.0,3.0
31569,2022-08-08 09:00:00,292.99,229.0,46.0,2.0,182.0,22.0,174.0,3.0
31570,2022-08-08 10:00:00,291.58,232.0,46.0,2.0,188.0,21.0,177.0,3.0
31571,2022-08-08 11:00:00,290.97,233.0,46.0,2.0,189.0,22.0,178.0,3.0
31572,2022-08-08 12:00:00,298.23,232.0,46.0,2.0,172.0,23.0,177.0,4.0
31573,2022-08-08 13:00:00,316.77,233.0,46.0,2.0,140.0,19.0,176.0,4.0
31574,2022-08-08 14:00:00,327.48,228.0,45.0,2.0,118.0,17.0,173.0,4.0
31575,2022-08-08 15:00:00,350.05,233.0,45.0,2.0,85.0,15.0,176.0,4.0
31576,2022-08-08 16:00:00,378.35,230.0,49.0,2.0,46.0,11.0,174.0,4.0
31577,2022-08-08 17:00:00,404.84,232.0,49.0,2.0,15.0,8.0,176.0,4.0
31578,2022-08-08 18:00:00,423.27,252.0,47.0,2.0,2.0,4.0,188.0,4.0
31579,2022-08-08 19:00:00,425.97,271.0,45.0,2.0,0.0,6.0,200.0,4.0
31580,2022-08-08 20:00:00,428.3,276.0,45.0,2.0,0.0,5.0,202.0,4.0
31581,2022-08-08 21:00:00,424.88,249.0,45.0,2.0,0.0,5.0,185.0,4.0
31582,2022-08-08 22:00:00,422.71,225.0,45.0,2.0,0.0,3.0,170.0,3.0
31583,2022-08-08 23:00:00,423.15,227.0,46.0,2.0,0.0,2.0,172.0,3.0
31584,2022-08-09 00:00:00,421.22,228.0,45.0,2.0,0.0,4.0,173.0,3.0
31585,2022-08-09 01:00:00,422.15,228.0,45.0,2.0,0.0,3.0,173.0,3.0
31586,2022-08-09 02:00:00,419.08,225.0,44.0,2.0,2.0,4.0,171.0,3.0
31587,2022-08-09 03:00:00,404.44,227.0,45.0,2.0,16.0,7.0,172.0,3.0
31588,2022-08-09 04:00:00,381.23,268.0,44.0,2.0,58.0,10.0,197.0,4.0
31589,2022-08-09 05:00:00,329.19,280.0,45.0,2.0,152.0,17.0,204.0,4.0
31590,2022-08-09 06:00:00,284.23,279.0,46.0,2.0,255.0,24.0,204.0,4.0
31591,2022-08-09 07:00:00,267.9,279.0,47.0,2.0,303.0,26.0,204.0,4.0
31592,2022-08-09 08:00:00,263.94,282.0,48.0,2.0,318.0,28.0,206.0,4.0
31593,2022-08-09 09:00:00,260.29,280.0,47.0,2.0,322.0,31.0,206.0,3.0
31594,2022-08-09 10:00:00,259.47,277.0,47.0,2.0,321.0,31.0,204.0,3.0
31595,2022-08-09 11:00:00,257.39,278.0,49.0,2.0,328.0,33.0,205.0,3.0
31596,2022-08-09 12:00:00,263.64,284.0,49.0,2.0,314.0,33.0,209.0,3.0
31597,2022-08-09 13:00:00,279.67,288.0,47.0,2.0,272.0,29.0,210.0,3.0
31598,2022-08-09 14:00:00,299.63,281.0,49.0,2.0,214.0,25.0,205.0,3.0
31599,2022-08-09 15:00:00,346.09,286.0,48.0,2.0,120.0,16.0,210.0,4.0
31600,2022-08-09 16:00:00,396.05,291.0,49.0,2.0,42.0,10.0,212.0,4.0
31601,2022-08-09 17:00:00,418.83,290.0,49.0,2.0,11.0,8.0,211.0,4.0
31602,2022-08-09 18:00:00,427.53,292.0,48.0,2.0,1.0,6.0,213.0,4.0
31603,2022-08-09 19:00:00,429.43,291.0,46.0,2.0,0.0,5.0,212.0,4.0
31604,2022-08-09 20:00:00,430.93,291.0,44.0,2.0,0.0,4.0,211.0,3.0
31605,2022-08-09 21:00:00,427.21,267.0,45.0,2.0,0.0,5.0,196.0,3.0
31606,2022-08-09 22:00:00,423.51,230.0,46.0,2.0,0.0,4.0,172.0,3.0
31607,2022-08-09 23:00:00,422.64,226.0,44.0,2.0,0.0,3.0,171.0,3.0
31608,2022-08-10 00:00:00,422.07,224.0,44.0,2.0,0.0,3.0,170.0,3.0
31609,2022-08-10 01:00:00,421.31,223.0,44.0,2.0,0.0,3.0,170.0,3.0
31610,2022-08-10 02:00:00,419.19,219.0,44.0,2.0,2.0,3.0,167.0,3.0
31611,2022-08-10 03:00:00,405.3,219.0,45.0,2.0,15.0,5.0,167.0,3.0
31612,2022-08-10 04:00:00,378.23,261.0,46.0,2.0,60.0,10.0,192.0,3.0
31613,2022-08-10 05:00:00,323.65,279.0,47.0,3.0,163.0,18.0,202.0,4.0
31614,2022-08-10 06:00:00,277.9,281.0,49.0,3.0,276.0,26.0,203.0,4.0
31615,2022-08-10 07:00:00,251.33,281.0,49.0,3.0,358.0,32.0,204.0,4.0
31616,2022-08-10 08:00:00,245.16,280.0,51.0,3.0,380.0,34.0,201.0,3.0
31617,2022-08-10 09:00:00,242.63,273.0,51.0,3.0,377.0,36.0,197.0,3.0
31618,2022-08-10 10:00:00,244.75,279.0,52.0,3.0,376.0,38.0,201.0,3.0
31619,2022-08-10 11:00:00,244.36,279.0,51.0,3.0,373.0,39.0,204.0,3.0
31620,2022-08-10 12:00:00,246.3,279.0,50.0,2.0,365.0,39.0,205.0,3.0
31621,2022-08-10 13:00:00,262.46,278.0,45.0,2.0,309.0,33.0,205.0,3.0
31622,2022-08-10 14:00:00,294.82,278.0,49.0,2.0,221.0,26.0,205.0,3.0
31623,2022-08-10 15:00:00,342.15,279.0,52.0,2.0,120.0,20.0,205.0,3.0
31624,2022-08-10 16:00:00,391.22,281.0,51.0,2.0,41.0,16.0,205.0,4.0
31625,2022-08-10 17:00:00,414.6,282.0,51.0,2.0,10.0,12.0,207.0,4.0
31626,2022-08-10 18:00:00,417.28,279.0,50.0,2.0,1.0,17.0,205.0,4.0
31627,2022-08-10 19:00:00,418.67,281.0,48.0,2.0,0.0,17.0,206.0,4.0
31628,2022-08-10 20:00:00,419.04,279.0,47.0,2.0,0.0,16.0,205.0,4.0
31629,2022-08-10 21:00:00,409.41,270.0,46.0,2.0,0.0,28.0,198.0,3.0
31630,2022-08-10 22:00:00,398.9,254.0,45.0,2.0,0.0,39.0,187.0,3.0
31631,2022-08-10 23:00:00,380.27,204.0,46.0,2.0,0.0,45.0,157.0,3.0
31632,2022-08-11 00:00:00,373.46,194.0,45.0,2.0,0.0,49.0,151.0,3.0
31633,2022-08-11 01:00:00,359.21,189.0,44.0,2.0,0.0,62.0,150.0,3.0
31634,2022-08-11 02:00:00,350.1,179.0,44.0,2.0,2.0,68.0,142.0,3.0
31635,2022-08-11 03:00:00,356.75,218.0,47.0,2.0,15.0,68.0,165.0,3.0
31636,2022-08-11 04:00:00,348.64,273.0,48.0,2.0,58.0,68.0,199.0,3.0
31637,2022-08-11 05:00:00,300.52,282.0,48.0,2.0,156.0,82.0,205.0,3.0
31638,2022-08-11 06:00:00,258.76,282.0,49.0,2.0,265.0,98.0,206.0,3.0
31639,2022-08-11 07:00:00,222.97,252.0,49.0,2.0,349.0,107.0,186.0,3.0
31640,2022-08-11 08:00:00,213.5,256.0,50.0,2.0,394.0,111.0,190.0,3.0
31641,2022-08-11 09:00:00,210.42,265.0,51.0,2.0,414.0,124.0,196.0,3.0
31642,2022-08-11 10:00:00,213.2,276.0,49.0,2.0,424.0,119.0,204.0,3.0
31643,2022-08-11 11:00:00,215.28,273.0,49.0,2.0,414.0,114.0,201.0,3.0
31644,2022-08-11 12:00:00,199.46,219.0,49.0,2.0,377.0,116.0,168.0,3.0
31645,2022-08-11 13:00:00,216.0,217.0,47.0,2.0,314.0,102.0,167.0,3.0
31646,2022-08-11 14:00:00,249.7,229.0,50.0,2.0,227.0,93.0,174.0,3.0
31647,2022-08-11 15:00:00,311.98,271.0,50.0,2.0,121.0,77.0,201.0,3.0
31648,2022-08-11 16:00:00,366.72,280.0,50.0,2.0,40.0,54.0,207.0,4.0
31649,2022-08-11 17:00:00,384.02,282.0,57.0,2.0,11.0,55.0,208.0,4.0
31650,2022-08-11 18:00:00,385.93,283.0,55.0,2.0,1.0,62.0,209.0,4.0
31651,2022-08-11 19:00:00,384.71,281.0,55.0,2.0,0.0,66.0,206.0,4.0
31652,2022-08-11 20:00:00,382.28,275.0,54.0,2.0,0.0,68.0,202.0,4.0
31653,2022-08-11 21:00:00,366.17,235.0,51.0,2.0,0.0,75.0,178.0,3.0
31654,2022-08-11 22:00:00,360.74,205.0,52.0,2.0,0.0,68.0,160.0,3.0
31655,2022-08-11 23:00:00,374.11,220.0,49.0,2.0,0.0,57.0,169.0,3.0
31656,2022-08-12 00:00:00,378.68,221.0,48.0,2.0,0.0,52.0,169.0,3.0
31657,2022-08-12 01:00:00,376.97,208.0,50.0,2.0,0.0,48.0,162.0,3.0
31658,2022-08-12 02:00:00,377.01,213.0,51.0,2.0,2.0,48.0,165.0,3.0
31659,2022-08-12 03:00:00,377.12,223.0,52.0,2.0,13.0,42.0,170.0,3.0
31660,2022-08-12 04:00:00,364.46,233.0,54.0,2.0,47.0,31.0,176.0,4.0
31661,2022-08-12 05:00:00,318.02,241.0,54.0,2.0,127.0,36.0,182.0,4.0
31662,2022-08-12 06:00:00,264.46,227.0,55.0,2.0,235.0,41.0,174.0,4.0
31663,2022-08-12 07:00:00,226.75,227.0,57.0,2.0,347.0,53.0,174.0,4.0
31664,2022-08-12 08:00:00,207.56,221.0,52.0,2.0,404.0,59.0,171.0,4.0
31665,2022-08-12 09:00:00,203.55,224.0,53.0,2.0,423.0,65.0,173.0,4.0
31666,2022-08-12 10:00:00,201.92,221.0,49.0,2.0,419.0,67.0,171.0,4.0
31667,2022-08-12 11:00:00,206.04,226.0,49.0,2.0,402.0,74.0,174.0,3.0
31668,2022-08-12 12:00:00,210.6,225.0,50.0,2.0,381.0,74.0,173.0,3.0
31669,2022-08-12 13:00:00,226.5,225.0,48.0,2.0,327.0,61.0,175.0,3.0
31670,2022-08-12 14:00:00,256.41,222.0,48.0,2.0,234.0,52.0,173.0,3.0
31671,2022-08-12 15:00:00,312.06,229.0,48.0,2.0,124.0,38.0,177.0,4.0
31672,2022-08-12 16:00:00,373.39,234.0,49.0,2.0,39.0,23.0,180.0,4.0
31673,2022-08-12 17:00:00,401.4,232.0,51.0,2.0,9.0,15.0,179.0,4.0
31674,2022-08-12 18:00:00,408.31,231.0,49.0,2.0,1.0,15.0,178.0,4.0
31675,2022-08-12 19:00:00,412.74,232.0,46.0,2.0,0.0,13.0,177.0,4.0
31676,2022-08-12 20:00:00,402.96,227.0,47.0,2.0,0.0,25.0,172.0,4.0
31677,2022-08-12 21:00:00,399.76,215.0,47.0,2.0,0.0,25.0,165.0,4.0
31678,2022-08-12 22:00:00,394.41,205.0,46.0,2.0,0.0,27.0,160.0,4.0
31679,2022-08-12 23:00:00,398.47,221.0,46.0,2.0,0.0,27.0,170.0,4.0
31680,2022-08-13 00:00:00,401.45,225.0,47.0,2.0,0.0,24.0,173.0,4.0
31681,2022-08-13 01:00:00,407.42,226.0,46.0,2.0,0.0,18.0,173.0,4.0
31682,2022-08-13 02:00:00,410.71,227.0,47.0,2.0,1.0,13.0,174.0,4.0
31683,2022-08-13 03:00:00,399.76,215.0,47.0,2.0,14.0,9.0,167.0,4.0
31684,2022-08-13 04:00:00,373.58,212.0,46.0,2.0,47.0,7.0,165.0,4.0
31685,2022-08-13 05:00:00,331.88,223.0,47.0,2.0,111.0,11.0,172.0,4.0
31686,2022-08-13 06:00:00,284.6,226.0,48.0,2.0,202.0,17.0,175.0,4.0
31687,2022-08-13 07:00:00,244.36,226.0,48.0,2.0,304.0,25.0,176.0,4.0
31688,2022-08-13 08:00:00,217.24,216.0,48.0,2.0,378.0,30.0,170.0,4.0
31689,2022-08-13 09:00:00,213.41,224.0,48.0,2.0,405.0,32.0,175.0,3.0
31690,2022-08-13 10:00:00,212.06,228.0,48.0,2.0,415.0,35.0,178.0,3.0
31691,2022-08-13 11:00:00,209.73,223.0,48.0,2.0,416.0,36.0,173.0,3.0
31692,2022-08-13 12:00:00,218.14,226.0,47.0,2.0,388.0,33.0,176.0,3.0
31693,2022-08-13 13:00:00,235.03,223.0,48.0,2.0,327.0,27.0,174.0,3.0
31694,2022-08-13 14:00:00,269.98,228.0,48.0,2.0,235.0,21.0,177.0,3.0
31695,2022-08-13 15:00:00,324.38,225.0,48.0,2.0,121.0,14.0,175.0,4.0
31696,2022-08-13 16:00:00,382.87,226.0,48.0,2.0,38.0,8.0,175.0,4.0
31697,2022-08-13 17:00:00,409.74,227.0,48.0,2.0,10.0,3.0,176.0,4.0
31698,2022-08-13 18:00:00,416.74,227.0,49.0,2.0,1.0,3.0,177.0,4.0
31699,2022-08-13 19:00:00,417.16,225.0,48.0,2.0,0.0,5.0,174.0,4.0
31700,2022-08-13 20:00:00,412.8,224.0,48.0,2.0,0.0,9.0,174.0,4.0
31701,2022-08-13 21:00:00,409.76,220.0,48.0,2.0,0.0,12.0,171.0,4.0
31702,2022-08-13 22:00:00,395.79,184.0,48.0,2.0,0.0,18.0,148.0,4.0
31703,2022-08-13 23:00:00,400.57,185.0,49.0,2.0,0.0,15.0,147.0,4.0
31704,2022-08-14 00:00:00,402.69,184.0,49.0,2.0,0.0,12.0,147.0,4.0
31705,2022-08-14 01:00:00,405.84,184.0,48.0,2.0,0.0,9.0,147.0,4.0
31706,2022-08-14 02:00:00,403.56,183.0,47.0,2.0,1.0,10.0,146.0,3.0
31707,2022-08-14 03:00:00,390.45,186.0,47.0,2.0,13.0,11.0,149.0,3.0
31708,2022-08-14 04:00:00,356.74,187.0,48.0,2.0,49.0,14.0,150.0,3.0
31709,2022-08-14 05:00:00,297.03,173.0,47.0,2.0,128.0,13.0,141.0,3.0
31710,2022-08-14 06:00:00,237.99,169.0,47.0,2.0,238.0,21.0,140.0,3.0
31711,2022-08-14 07:00:00,204.18,178.0,48.0,2.0,352.0,29.0,146.0,3.0
31712,2022-08-14 08:00:00,188.23,173.0,49.0,2.0,400.0,33.0,144.0,3.0
31713,2022-08-14 09:00:00,185.05,175.0,49.0,2.0,416.0,36.0,145.0,3.0
31714,2022-08-14 10:00:00,185.59,179.0,49.0,2.0,421.0,39.0,147.0,3.0
31715,2022-08-14 11:00:00,186.05,180.0,48.0,2.0,419.0,40.0,148.0,3.0
31716,2022-08-14 12:00:00,190.6,178.0,48.0,2.0,394.0,40.0,147.0,3.0
31717,2022-08-14 13:00:00,208.48,179.0,48.0,2.0,333.0,34.0,147.0,3.0
31718,2022-08-14 14:00:00,241.75,180.0,49.0,2.0,236.0,30.0,148.0,3.0
31719,2022-08-14 15:00:00,300.53,182.0,48.0,2.0,121.0,21.0,149.0,4.0
31720,2022-08-14 16:00:00,359.86,181.0,48.0,2.0,36.0,18.0,149.0,4.0
31721,2022-08-14 17:00:00,384.45,182.0,47.0,2.0,8.0,19.0,149.0,4.0
31722,2022-08-14 18:00:00,381.62,181.0,49.0,2.0,1.0,28.0,149.0,4.0
31723,2022-08-14 19:00:00,371.66,179.0,49.0,2.0,0.0,40.0,147.0,4.0
31724,2022-08-14 20:00:00,359.49,177.0,48.0,2.0,0.0,54.0,145.0,4.0
31725,2022-08-14 21:00:00,355.47,178.0,48.0,2.0,0.0,61.0,144.0,4.0
31726,2022-08-14 22:00:00,355.0,181.0,48.0,2.0,0.0,64.0,145.0,4.0
31727,2022-08-14 23:00:00,364.67,214.0,48.0,2.0,0.0,68.0,165.0,4.0
31728,2022-08-15 00:00:00,366.3,217.0,48.0,2.0,0.0,67.0,167.0,4.0
31729,2022-08-15 01:00:00,374.42,216.0,49.0,2.0,0.0,54.0,168.0,4.0
31730,2022-08-15 02:00:00,380.62,216.0,48.0,2.0,1.0,51.0,162.0,4.0
31731,2022-08-15 03:00:00,368.39,215.0,48.0,2.0,14.0,53.0,162.0,4.0
31732,2022-08-15 04:00:00,342.83,214.0,49.0,2.0,53.0,45.0,167.0,4.0
31733,2022-08-15 05:00:00,304.5,216.0,48.0,2.0,139.0,28.0,168.0,4.0
31734,2022-08-15 06:00:00,256.72,206.0,48.0,2.0,236.0,29.0,163.0,4.0
31735,2022-08-15 07:00:00,229.86,206.0,49.0,2.0,312.0,33.0,164.0,4.0
31736,2022-08-15 08:00:00,216.19,208.0,48.0,2.0,356.0,41.0,165.0,4.0
31737,2022-08-15 09:00:00,210.36,205.0,48.0,2.0,371.0,43.0,163.0,4.0
31738,2022-08-15 10:00:00,215.14,208.0,48.0,2.0,357.0,45.0,164.0,4.0
31739,2022-08-15 11:00:00,218.04,208.0,48.0,2.0,342.0,48.0,165.0,4.0
31740,2022-08-15 12:00:00,229.65,209.0,48.0,2.0,310.0,43.0,163.0,4.0
31741,2022-08-15 13:00:00,253.04,212.0,48.0,2.0,252.0,33.0,165.0,4.0
31742,2022-08-15 14:00:00,290.91,227.0,48.0,2.0,177.0,29.0,175.0,4.0
31743,2022-08-15 15:00:00,339.05,227.0,48.0,2.0,91.0,21.0,175.0,4.0
31744,2022-08-15 16:00:00,379.84,228.0,48.0,2.0,32.0,19.0,176.0,4.0
31745,2022-08-15 17:00:00,395.07,233.0,48.0,2.0,8.0,25.0,179.0,4.0
31746,2022-08-15 18:00:00,387.21,234.0,50.0,2.0,1.0,47.0,175.0,4.0
31747,2022-08-15 19:00:00,379.12,234.0,48.0,2.0,0.0,70.0,164.0,4.0
31748,2022-08-15 20:00:00,369.09,231.0,48.0,2.0,0.0,79.0,166.0,4.0
31749,2022-08-15 21:00:00,361.77,224.0,47.0,2.0,0.0,77.0,171.0,4.0
31750,2022-08-15 22:00:00,366.42,206.0,46.0,2.0,0.0,65.0,157.0,4.0
31751,2022-08-15 23:00:00,367.82,212.0,45.0,2.0,0.0,65.0,161.0,3.0
31752,2022-08-16 00:00:00,369.42,214.0,45.0,2.0,0.0,63.0,163.0,3.0
31753,2022-08-16 01:00:00,365.1,192.0,45.0,2.0,0.0,58.0,150.0,3.0
31754,2022-08-16 02:00:00,368.68,198.0,47.0,2.0,1.0,55.0,154.0,3.0
31755,2022-08-16 03:00:00,363.53,192.0,48.0,2.0,13.0,47.0,150.0,3.0
31756,2022-08-16 04:00:00,351.61,220.0,49.0,2.0,50.0,40.0,168.0,3.0
31757,2022-08-16 05:00:00,308.65,215.0,51.0,2.0,136.0,27.0,163.0,4.0
31758,2022-08-16 06:00:00,270.81,223.0,51.0,2.0,241.0,27.0,156.0,4.0
31759,2022-08-16 07:00:00,239.55,227.0,50.0,2.0,329.0,36.0,159.0,4.0
31760,2022-08-16 08:00:00,218.33,224.0,50.0,2.0,384.0,53.0,158.0,4.0
31761,2022-08-16 09:00:00,209.7,224.0,50.0,2.0,405.0,68.0,158.0,4.0
31762,2022-08-16 10:00:00,212.34,228.0,50.0,2.0,405.0,65.0,160.0,4.0
31763,2022-08-16 11:00:00,218.99,228.0,54.0,2.0,388.0,57.0,160.0,4.0
31764,2022-08-16 12:00:00,227.25,218.0,57.0,2.0,347.0,50.0,154.0,4.0
31765,2022-08-16 13:00:00,245.03,212.0,57.0,2.0,282.0,44.0,152.0,4.0
31766,2022-08-16 14:00:00,283.46,218.0,57.0,2.0,197.0,33.0,156.0,4.0
31767,2022-08-16 15:00:00,336.7,219.0,59.0,2.0,101.0,26.0,155.0,4.0
31768,2022-08-16 16:00:00,391.0,226.0,59.0,2.0,32.0,19.0,159.0,4.0
31769,2022-08-16 17:00:00,404.77,227.0,57.0,2.0,7.0,27.0,160.0,4.0
31770,2022-08-16 18:00:00,388.61,229.0,58.0,2.0,1.0,54.0,161.0,4.0
31771,2022-08-16 19:00:00,377.49,228.0,57.0,2.0,0.0,70.0,160.0,4.0
31772,2022-08-16 20:00:00,367.93,220.0,56.0,2.0,0.0,80.0,155.0,4.0
31773,2022-08-16 21:00:00,359.65,212.0,56.0,2.0,0.0,88.0,150.0,4.0
31774,2022-08-16 22:00:00,360.94,201.0,56.0,2.0,0.0,80.0,144.0,4.0
31775,2022-08-16 23:00:00,377.31,210.0,56.0,2.0,0.0,70.0,142.0,4.0
31776,2022-08-17 00:00:00,400.22,213.0,56.0,2.0,0.0,59.0,128.0,4.0
31777,2022-08-17 01:00:00,409.59,209.0,56.0,2.0,0.0,51.0,122.0,4.0
31778,2022-08-17 02:00:00,415.24,233.0,55.0,2.0,1.0,53.0,133.0,4.0
31779,2022-08-17 03:00:00,413.15,260.0,56.0,2.0,14.0,54.0,144.0,4.0
31780,2022-08-17 04:00:00,395.22,249.0,57.0,2.0,50.0,43.0,133.0,4.0
31781,2022-08-17 05:00:00,360.08,253.0,59.0,2.0,114.0,36.0,133.0,4.0
31782,2022-08-17 06:00:00,320.19,257.0,63.0,2.0,185.0,41.0,138.0,4.0
31783,2022-08-17 07:00:00,301.45,273.0,62.0,2.0,235.0,46.0,150.0,4.0
31784,2022-08-17 08:00:00,293.1,278.0,62.0,2.0,259.0,47.0,154.0,3.0
31785,2022-08-17 09:00:00,277.2,267.0,62.0,2.0,276.0,63.0,148.0,3.0
31786,2022-08-17 10:00:00,288.08,267.0,62.0,2.0,245.0,63.0,148.0,3.0
31787,2022-08-17 11:00:00,252.64,167.0,62.0,2.0,200.0,43.0,123.0,3.0
31788,2022-08-17 12:00:00,252.14,153.0,62.0,2.0,184.0,39.0,116.0,3.0
31789,2022-08-17 13:00:00,268.82,157.0,63.0,2.0,164.0,30.0,118.0,3.0
31790,2022-08-17 14:00:00,309.08,162.0,62.0,2.0,111.0,18.0,121.0,4.0
31791,2022-08-17 15:00:00,345.78,161.0,64.0,3.0,65.0,13.0,119.0,4.0
31792,2022-08-17 16:00:00,378.42,158.0,63.0,2.0,30.0,10.0,118.0,4.0
31793,2022-08-17 17:00:00,408.88,168.0,62.0,2.0,7.0,7.0,124.0,4.0
31794,2022-08-17 18:00:00,415.86,167.0,61.0,2.0,0.0,9.0,122.0,4.0
31795,2022-08-17 19:00:00,400.5,167.0,61.0,2.0,0.0,23.0,122.0,4.0
31796,2022-08-17 20:00:00,400.39,168.0,61.0,2.0,0.0,23.0,123.0,4.0
31797,2022-08-17 21:00:00,402.68,168.0,59.0,2.0,0.0,21.0,123.0,4.0
31798,2022-08-17 22:00:00,410.35,169.0,57.0,2.0,0.0,15.0,123.0,4.0
31799,2022-08-17 23:00:00,409.92,171.0,58.0,2.0,0.0,16.0,124.0,4.0
31800,2022-08-18 00:00:00,411.29,170.0,57.0,2.0,0.0,16.0,122.0,4.0
31801,2022-08-18 01:00:00,454.36,222.0,56.0,2.0,0.0,12.0,126.0,4.0
31802,2022-08-18 02:00:00,463.36,232.0,57.0,2.0,1.0,9.0,126.0,4.0
31803,2022-08-18 03:00:00,454.79,236.0,56.0,2.0,11.0,9.0,127.0,4.0
31804,2022-08-18 04:00:00,417.59,234.0,56.0,2.0,49.0,11.0,125.0,4.0
31805,2022-08-18 05:00:00,358.16,235.0,58.0,2.0,127.0,15.0,124.0,4.0
31806,2022-08-18 06:00:00,304.95,235.0,60.0,2.0,220.0,22.0,123.0,4.0
31807,2022-08-18 07:00:00,269.27,235.0,62.0,2.0,302.0,28.0,124.0,4.0
31808,2022-08-18 08:00:00,247.96,234.0,62.0,2.0,360.0,33.0,124.0,4.0
31809,2022-08-18 09:00:00,238.18,233.0,63.0,2.0,387.0,37.0,125.0,4.0
31810,2022-08-18 10:00:00,239.02,233.0,63.0,2.0,386.0,36.0,124.0,4.0
31811,2022-08-18 11:00:00,244.32,232.0,62.0,2.0,367.0,34.0,124.0,4.0
31812,2022-08-18 12:00:00,257.69,231.0,62.0,2.0,327.0,29.0,123.0,3.0
31813,2022-08-18 13:00:00,281.46,230.0,63.0,2.0,263.0,26.0,123.0,3.0
31814,2022-08-18 14:00:00,318.77,229.0,61.0,2.0,182.0,24.0,122.0,4.0
31815,2022-08-18 15:00:00,369.72,229.0,61.0,2.0,97.0,23.0,122.0,4.0
31816,2022-08-18 16:00:00,424.83,230.0,61.0,2.0,31.0,20.0,122.0,4.0
31817,2022-08-18 17:00:00,452.57,253.0,60.0,2.0,6.0,18.0,136.0,4.0
31818,2022-08-18 18:00:00,449.52,304.0,57.0,2.0,1.0,32.0,166.0,4.0
31819,2022-08-18 19:00:00,441.42,306.0,56.0,2.0,1.0,44.0,166.0,4.0
31820,2022-08-18 20:00:00,438.19,307.0,56.0,2.0,0.0,50.0,166.0,4.0
31821,2022-08-18 21:00:00,427.42,307.0,54.0,2.0,0.0,64.0,167.0,4.0
31822,2022-08-18 22:00:00,406.11,264.0,53.0,2.0,0.0,84.0,141.0,4.0
31823,2022-08-18 23:00:00,406.63,274.0,53.0,2.0,0.0,87.0,146.0,4.0
31824,2022-08-19 00:00:00,402.63,261.0,54.0,2.0,0.0,88.0,139.0,4.0
31825,2022-08-19 01:00:00,410.39,272.0,54.0,2.0,0.0,81.0,145.0,4.0
31826,2022-08-19 02:00:00,415.98,264.0,53.0,2.0,1.0,70.0,141.0,4.0
31827,2022-08-19 03:00:00,410.14,275.0,53.0,2.0,14.0,67.0,148.0,4.0
31828,2022-08-19 04:00:00,400.0,277.0,54.0,2.0,48.0,49.0,148.0,4.0
31829,2022-08-19 05:00:00,363.26,278.0,56.0,2.0,123.0,35.0,147.0,4.0
31830,2022-08-19 06:00:00,316.78,276.0,57.0,2.0,212.0,37.0,148.0,4.0
31831,2022-08-19 07:00:00,281.45,274.0,57.0,2.0,296.0,42.0,148.0,4.0
31832,2022-08-19 08:00:00,257.12,271.0,57.0,2.0,354.0,57.0,147.0,4.0
31833,2022-08-19 09:00:00,244.83,273.0,57.0,2.0,387.0,72.0,148.0,4.0
31834,2022-08-19 10:00:00,237.48,275.0,56.0,2.0,394.0,97.0,149.0,4.0
31835,2022-08-19 11:00:00,243.02,273.0,57.0,2.0,378.0,92.0,144.0,4.0
31836,2022-08-19 12:00:00,255.79,277.0,56.0,2.0,344.0,83.0,147.0,4.0
31837,2022-08-19 13:00:00,276.1,275.0,55.0,2.0,277.0,77.0,149.0,4.0
31838,2022-08-19 14:00:00,317.33,275.0,55.0,2.0,182.0,62.0,150.0,4.0
31839,2022-08-19 15:00:00,370.05,275.0,53.0,2.0,92.0,48.0,150.0,4.0
31840,2022-08-19 16:00:00,421.09,273.0,51.0,2.0,27.0,38.0,148.0,4.0
31841,2022-08-19 17:00:00,435.77,274.0,54.0,2.0,5.0,42.0,148.0,4.0
31842,2022-08-19 18:00:00,420.76,263.0,54.0,2.0,0.0,65.0,140.0,4.0
31843,2022-08-19 19:00:00,407.9,275.0,54.0,2.0,0.0,85.0,147.0,4.0
31844,2022-08-19 20:00:00,395.81,275.0,52.0,2.0,0.0,102.0,147.0,3.0
31845,2022-08-19 21:00:00,349.85,209.0,53.0,2.0,0.0,102.0,146.0,3.0
31846,2022-08-19 22:00:00,332.26,169.0,55.0,2.0,0.0,100.0,124.0,3.0
31847,2022-08-19 23:00:00,332.16,172.0,55.0,2.0,0.0,103.0,125.0,3.0
31848,2022-08-20 00:00:00,334.14,175.0,54.0,2.0,0.0,102.0,127.0,3.0
31849,2022-08-20 01:00:00,339.67,183.0,50.0,2.0,0.0,99.0,132.0,3.0
31850,2022-08-20 02:00:00,364.81,199.0,49.0,2.0,1.0,96.0,119.0,3.0
31851,2022-08-20 03:00:00,373.2,214.0,49.0,2.0,10.0,92.0,119.0,3.0
31852,2022-08-20 04:00:00,344.82,203.0,49.0,2.0,48.0,80.0,120.0,3.0
31853,2022-08-20 05:00:00,298.89,224.0,49.0,2.0,141.0,70.0,147.0,3.0
31854,2022-08-20 06:00:00,248.31,215.0,49.0,2.0,248.0,70.0,151.0,3.0
31855,2022-08-20 07:00:00,207.64,196.0,49.0,2.0,340.0,83.0,140.0,3.0
31856,2022-08-20 08:00:00,191.82,198.0,49.0,2.0,386.0,107.0,143.0,3.0
31857,2022-08-20 09:00:00,180.79,182.0,51.0,2.0,379.0,125.0,137.0,3.0
31858,2022-08-20 10:00:00,176.77,169.0,50.0,2.0,356.0,128.0,133.0,3.0
31859,2022-08-20 11:00:00,181.13,170.0,51.0,2.0,337.0,128.0,136.0,3.0
31860,2022-08-20 12:00:00,190.33,173.0,51.0,2.0,303.0,129.0,138.0,3.0
31861,2022-08-20 13:00:00,214.84,177.0,51.0,2.0,224.0,125.0,140.0,3.0
31862,2022-08-20 14:00:00,243.03,175.0,51.0,2.0,149.0,112.0,140.0,3.0
31863,2022-08-20 15:00:00,283.95,185.0,52.0,2.0,76.0,106.0,145.0,3.0
31864,2022-08-20 16:00:00,319.08,171.0,52.0,2.0,27.0,81.0,137.0,3.0
31865,2022-08-20 17:00:00,351.76,171.0,51.0,2.0,5.0,63.0,133.0,3.0
31866,2022-08-20 18:00:00,352.76,172.0,52.0,2.0,0.0,72.0,129.0,3.0
31867,2022-08-20 19:00:00,363.04,195.0,54.0,2.0,0.0,76.0,138.0,3.0
31868,2022-08-20 20:00:00,358.05,191.0,53.0,2.0,0.0,80.0,136.0,3.0
31869,2022-08-20 21:00:00,354.36,193.0,50.0,2.0,0.0,86.0,137.0,3.0
31870,2022-08-20 22:00:00,355.09,193.0,49.0,2.0,0.0,81.0,141.0,3.0
31871,2022-08-20 23:00:00,358.53,197.0,50.0,2.0,0.0,74.0,148.0,3.0
31872,2022-08-21 00:00:00,393.44,241.0,49.0,2.0,0.0,70.0,151.0,3.0
31873,2022-08-21 01:00:00,408.48,241.0,49.0,2.0,0.0,66.0,136.0,3.0
31874,2022-08-21 02:00:00,406.89,233.0,49.0,2.0,1.0,65.0,131.0,3.0
31875,2022-08-21 03:00:00,389.17,235.0,48.0,2.0,11.0,74.0,136.0,3.0
31876,2022-08-21 04:00:00,367.55,236.0,48.0,2.0,48.0,69.0,135.0,3.0
31877,2022-08-21 05:00:00,319.17,236.0,48.0,2.0,134.0,62.0,138.0,3.0
31878,2022-08-21 06:00:00,270.83,237.0,48.0,2.0,241.0,66.0,140.0,3.0
31879,2022-08-21 07:00:00,241.13,242.0,47.0,2.0,327.0,79.0,142.0,3.0
31880,2022-08-21 08:00:00,228.55,239.0,48.0,2.0,364.0,83.0,141.0,3.0
31881,2022-08-21 09:00:00,233.82,240.0,49.0,2.0,343.0,87.0,141.0,3.0
31882,2022-08-21 10:00:00,245.66,242.0,50.0,2.0,305.0,87.0,142.0,3.0
31883,2022-08-21 11:00:00,256.34,237.0,51.0,2.0,276.0,73.0,141.0,3.0
31884,2022-08-21 12:00:00,268.15,228.0,51.0,2.0,239.0,64.0,136.0,3.0
31885,2022-08-21 13:00:00,297.27,233.0,47.0,2.0,184.0,54.0,137.0,3.0
31886,2022-08-21 14:00:00,333.66,239.0,50.0,2.0,122.0,47.0,142.0,3.0
31887,2022-08-21 15:00:00,374.55,242.0,53.0,2.0,60.0,43.0,145.0,3.0
31888,2022-08-21 16:00:00,412.03,252.0,53.0,2.0,18.0,39.0,150.0,4.0
31889,2022-08-21 17:00:00,427.34,294.0,54.0,2.0,3.0,42.0,176.0,4.0
31890,2022-08-21 18:00:00,437.59,315.0,54.0,2.0,0.0,35.0,188.0,4.0
31891,2022-08-21 19:00:00,432.84,322.0,53.0,2.0,0.0,43.0,192.0,4.0
31892,2022-08-21 20:00:00,429.7,298.0,51.0,2.0,0.0,44.0,177.0,3.0
31893,2022-08-21 21:00:00,435.6,272.0,50.0,2.0,0.0,35.0,159.0,3.0
31894,2022-08-21 22:00:00,439.58,281.0,49.0,2.0,0.0,36.0,160.0,3.0
31895,2022-08-21 23:00:00,444.79,302.0,47.0,2.0,0.0,37.0,168.0,3.0
31896,2022-08-22 00:00:00,445.27,305.0,50.0,2.0,0.0,39.0,167.0,3.0
31897,2022-08-22 01:00:00,448.58,311.0,50.0,2.0,0.0,35.0,171.0,3.0
31898,2022-08-22 02:00:00,447.04,337.0,51.0,2.0,0.0,38.0,188.0,3.0
31899,2022-08-22 03:00:00,449.35,433.0,52.0,2.0,6.0,37.0,246.0,3.0
31900,2022-08-22 04:00:00,446.08,468.0,54.0,2.0,19.0,33.0,267.0,3.0
31901,2022-08-22 05:00:00,439.15,481.0,53.0,2.0,41.0,26.0,275.0,3.0
31902,2022-08-22 06:00:00,431.0,481.0,53.0,2.0,63.0,22.0,274.0,4.0
31903,2022-08-22 07:00:00,419.74,481.0,54.0,2.0,80.0,28.0,275.0,4.0
31904,2022-08-22 08:00:00,407.39,496.0,54.0,2.0,103.0,36.0,285.0,4.0
31905,2022-08-22 09:00:00,394.65,492.0,53.0,2.0,133.0,37.0,282.0,4.0
31906,2022-08-22 10:00:00,395.14,478.0,50.0,2.0,138.0,29.0,271.0,4.0
31907,2022-08-22 11:00:00,405.23,494.0,48.0,2.0,129.0,19.0,280.0,4.0
31908,2022-08-22 12:00:00,400.01,489.0,51.0,2.0,140.0,18.0,278.0,4.0
31909,2022-08-22 13:00:00,403.76,488.0,51.0,2.0,131.0,18.0,277.0,4.0
31910,2022-08-22 14:00:00,419.39,491.0,53.0,2.0,98.0,15.0,279.0,4.0
31911,2022-08-22 15:00:00,440.27,488.0,54.0,2.0,56.0,12.0,277.0,4.0
31912,2022-08-22 16:00:00,460.29,489.0,53.0,2.0,21.0,8.0,278.0,4.0
31913,2022-08-22 17:00:00,470.77,478.0,54.0,2.0,3.0,8.0,270.0,4.0
31914,2022-08-22 18:00:00,473.22,487.0,55.0,2.0,0.0,7.0,275.0,4.0
31915,2022-08-22 19:00:00,474.38,476.0,52.0,2.0,0.0,5.0,269.0,4.0
31916,2022-08-22 20:00:00,474.63,473.0,51.0,2.0,0.0,5.0,267.0,4.0
31917,2022-08-22 21:00:00,475.02,483.0,48.0,2.0,0.0,5.0,273.0,4.0
31918,2022-08-22 22:00:00,475.7,495.0,48.0,2.0,0.0,5.0,279.0,4.0
31919,2022-08-22 23:00:00,474.79,484.0,48.0,2.0,0.0,7.0,272.0,4.0
31920,2022-08-23 00:00:00,472.27,488.0,47.0,2.0,0.0,12.0,274.0,4.0
31921,2022-08-23 01:00:00,470.27,481.0,48.0,2.0,0.0,15.0,270.0,4.0
31922,2022-08-23 02:00:00,469.91,503.0,49.0,2.0,0.0,16.0,283.0,4.0
31923,2022-08-23 03:00:00,462.51,510.0,50.0,2.0,7.0,22.0,288.0,4.0
31924,2022-08-23 04:00:00,441.89,506.0,52.0,2.0,34.0,36.0,285.0,4.0
31925,2022-08-23 05:00:00,422.02,547.0,53.0,2.0,91.0,30.0,310.0,4.0
31926,2022-08-23 06:00:00,390.42,565.0,52.0,2.0,181.0,31.0,320.0,4.0
31927,2022-08-23 07:00:00,363.92,564.0,51.0,2.0,259.0,34.0,322.0,4.0
31928,2022-08-23 08:00:00,344.6,566.0,55.0,2.0,333.0,30.0,324.0,4.0
31929,2022-08-23 09:00:00,329.88,561.0,54.0,2.0,380.0,37.0,322.0,4.0
31930,2022-08-23 10:00:00,320.69,561.0,54.0,2.0,407.0,49.0,322.0,4.0
31931,2022-08-23 11:00:00,325.39,565.0,53.0,2.0,387.0,52.0,324.0,4.0
31932,2022-08-23 12:00:00,338.73,568.0,52.0,2.0,340.0,46.0,326.0,4.0
31933,2022-08-23 13:00:00,357.08,573.0,55.0,2.0,273.0,46.0,330.0,4.0
31934,2022-08-23 14:00:00,385.61,574.0,56.0,2.0,183.0,41.0,331.0,4.0
31935,2022-08-23 15:00:00,423.1,561.0,57.0,2.0,85.0,31.0,323.0,4.0
31936,2022-08-23 16:00:00,448.4,561.0,57.0,2.0,25.0,33.0,321.0,4.0
31937,2022-08-23 17:00:00,461.42,563.0,57.0,2.0,3.0,26.0,323.0,4.0
31938,2022-08-23 18:00:00,461.44,564.0,55.0,2.0,0.0,31.0,322.0,4.0
31939,2022-08-23 19:00:00,462.11,578.0,53.0,2.0,0.0,30.0,331.0,4.0
31940,2022-08-23 20:00:00,462.4,570.0,53.0,2.0,0.0,30.0,325.0,3.0
31941,2022-08-23 21:00:00,461.34,569.0,51.0,2.0,0.0,32.0,325.0,3.0
31942,2022-08-23 22:00:00,461.22,568.0,49.0,2.0,0.0,32.0,325.0,3.0
31943,2022-08-23 23:00:00,463.61,574.0,48.0,2.0,0.0,27.0,329.0,3.0
31944,2022-08-24 00:00:00,463.62,580.0,47.0,2.0,0.0,27.0,333.0,3.0
31945,2022-08-24 01:00:00,461.05,565.0,46.0,2.0,0.0,32.0,324.0,3.0
31946,2022-08-24 02:00:00,460.84,572.0,46.0,2.0,0.0,33.0,328.0,3.0
31947,2022-08-24 03:00:00,459.06,586.0,46.0,2.0,8.0,29.0,337.0,3.0
31948,2022-08-24 04:00:00,442.72,583.0,47.0,2.0,40.0,35.0,334.0,3.0
31949,2022-08-24 05:00:00,416.21,586.0,50.0,2.0,108.0,34.0,336.0,4.0
31950,2022-08-24 06:00:00,391.79,582.0,51.0,2.0,183.0,28.0,333.0,4.0
31951,2022-08-24 07:00:00,365.77,580.0,50.0,2.0,246.0,46.0,334.0,4.0
31952,2022-08-24 08:00:00,357.1,582.0,53.0,2.0,276.0,47.0,336.0,4.0
31953,2022-08-24 09:00:00,352.34,580.0,48.0,2.0,299.0,41.0,334.0,4.0
31954,2022-08-24 10:00:00,357.57,581.0,48.0,2.0,281.0,39.0,336.0,4.0
31955,2022-08-24 11:00:00,366.96,581.0,52.0,2.0,253.0,34.0,336.0,4.0
31956,2022-08-24 12:00:00,383.97,582.0,54.0,2.0,201.0,31.0,336.0,4.0
31957,2022-08-24 13:00:00,408.33,582.0,52.0,2.0,134.0,25.0,337.0,4.0
31958,2022-08-24 14:00:00,431.5,582.0,52.0,2.0,82.0,17.0,336.0,4.0
31959,2022-08-24 15:00:00,448.42,578.0,50.0,2.0,44.0,14.0,334.0,4.0
31960,2022-08-24 16:00:00,461.0,578.0,50.0,2.0,18.0,13.0,333.0,4.0
31961,2022-08-24 17:00:00,469.04,583.0,50.0,2.0,3.0,12.0,335.0,4.0
31962,2022-08-24 18:00:00,471.13,582.0,50.0,2.0,0.0,12.0,333.0,4.0
31963,2022-08-24 19:00:00,467.25,584.0,52.0,2.0,0.0,19.0,335.0,4.0
31964,2022-08-24 20:00:00,467.07,584.0,49.0,2.0,0.0,19.0,336.0,4.0
31965,2022-08-24 21:00:00,464.42,572.0,48.0,2.0,0.0,24.0,329.0,3.0
31966,2022-08-24 22:00:00,466.59,507.0,46.0,2.0,0.0,20.0,288.0,3.0
31967,2022-08-24 23:00:00,468.75,498.0,48.0,2.0,0.0,15.0,283.0,3.0
31968,2022-08-25 00:00:00,467.32,498.0,46.0,2.0,0.0,19.0,282.0,3.0
31969,2022-08-25 01:00:00,468.52,497.0,47.0,2.0,0.0,17.0,281.0,3.0
31970,2022-08-25 02:00:00,465.25,493.0,49.0,2.0,0.0,22.0,279.0,3.0
31971,2022-08-25 03:00:00,468.01,493.0,49.0,2.0,2.0,15.0,279.0,3.0
31972,2022-08-25 04:00:00,462.09,541.0,49.0,2.0,16.0,14.0,308.0,4.0
31973,2022-08-25 05:00:00,446.27,561.0,50.0,2.0,46.0,19.0,320.0,4.0
31974,2022-08-25 06:00:00,428.45,564.0,50.0,2.0,87.0,20.0,322.0,4.0
31975,2022-08-25 07:00:00,422.92,562.0,51.0,2.0,100.0,20.0,321.0,4.0
31976,2022-08-25 08:00:00,412.55,566.0,51.0,2.0,125.0,23.0,323.0,4.0
31977,2022-08-25 09:00:00,398.98,557.0,52.0,2.0,156.0,26.0,318.0,4.0
31978,2022-08-25 10:00:00,387.12,561.0,52.0,2.0,190.0,27.0,321.0,4.0
31979,2022-08-25 11:00:00,382.16,562.0,52.0,2.0,206.0,26.0,322.0,4.0
31980,2022-08-25 12:00:00,382.53,557.0,50.0,2.0,205.0,24.0,319.0,4.0
31981,2022-08-25 13:00:00,389.83,562.0,50.0,2.0,187.0,22.0,322.0,4.0
31982,2022-08-25 14:00:00,410.54,563.0,49.0,2.0,132.0,20.0,322.0,4.0
31983,2022-08-25 15:00:00,437.94,560.0,52.0,2.0,66.0,17.0,320.0,4.0
31984,2022-08-25 16:00:00,460.73,562.0,51.0,2.0,18.0,15.0,321.0,4.0
31985,2022-08-25 17:00:00,466.54,559.0,51.0,2.0,2.0,19.0,319.0,4.0
31986,2022-08-25 18:00:00,465.89,555.0,50.0,2.0,0.0,23.0,316.0,4.0
31987,2022-08-25 19:00:00,461.47,557.0,52.0,2.0,0.0,31.0,318.0,4.0
31988,2022-08-25 20:00:00,465.76,559.0,49.0,2.0,0.0,23.0,319.0,4.0
31989,2022-08-25 21:00:00,466.82,416.0,48.0,2.0,0.0,18.0,232.0,3.0
31990,2022-08-25 22:00:00,470.55,409.0,48.0,2.0,0.0,14.0,226.0,3.0
31991,2022-08-25 23:00:00,469.54,468.0,48.0,2.0,0.0,15.0,263.0,3.0
31992,2022-08-26 00:00:00,470.62,510.0,48.0,2.0,0.0,13.0,289.0,3.0
31993,2022-08-26 01:00:00,468.38,513.0,48.0,2.0,0.0,17.0,291.0,3.0
31994,2022-08-26 02:00:00,468.27,495.0,48.0,2.0,0.0,17.0,280.0,3.0
31995,2022-08-26 03:00:00,467.38,518.0,48.0,2.0,4.0,16.0,293.0,3.0
31996,2022-08-26 04:00:00,457.4,539.0,49.0,2.0,23.0,17.0,306.0,3.0
31997,2022-08-26 05:00:00,445.13,547.0,48.0,2.0,59.0,13.0,306.0,4.0
31998,2022-08-26 06:00:00,428.46,550.0,51.0,2.0,104.0,17.0,297.0,4.0
31999,2022-08-26 07:00:00,410.77,551.0,51.0,2.0,146.0,22.0,295.0,4.0
32000,2022-08-26 08:00:00,392.35,557.0,49.0,2.0,193.0,26.0,300.0,4.0
32001,2022-08-26 09:00:00,370.41,557.0,50.0,2.0,256.0,30.0,300.0,4.0
32002,2022-08-26 10:00:00,356.37,555.0,51.0,2.0,296.0,36.0,299.0,4.0
32003,2022-08-26 11:00:00,354.31,553.0,52.0,2.0,298.0,40.0,298.0,4.0
32004,2022-08-26 12:00:00,359.01,548.0,50.0,2.0,279.0,39.0,296.0,4.0
32005,2022-08-26 13:00:00,369.97,549.0,47.0,2.0,241.0,35.0,303.0,4.0
32006,2022-08-26 14:00:00,393.39,546.0,45.0,2.0,168.0,28.0,310.0,4.0
32007,2022-08-26 15:00:00,426.4,547.0,48.0,2.0,86.0,24.0,311.0,4.0
32008,2022-08-26 16:00:00,457.34,549.0,49.0,2.0,23.0,19.0,311.0,4.0
32009,2022-08-26 17:00:00,465.25,557.0,48.0,2.0,3.0,25.0,314.0,4.0
32010,2022-08-26 18:00:00,464.34,555.0,46.0,2.0,0.0,31.0,312.0,4.0
32011,2022-08-26 19:00:00,462.22,556.0,46.0,2.0,0.0,34.0,314.0,4.0
32012,2022-08-26 20:00:00,464.41,527.0,45.0,2.0,0.0,30.0,295.0,3.0
32013,2022-08-26 21:00:00,469.2,456.0,44.0,2.0,0.0,19.0,253.0,3.0
32014,2022-08-26 22:00:00,469.76,384.0,42.0,2.0,0.0,18.0,209.0,3.0
32015,2022-08-26 23:00:00,470.02,370.0,42.0,2.0,0.0,18.0,200.0,3.0
32016,2022-08-27 00:00:00,467.91,409.0,43.0,2.0,0.0,21.0,224.0,3.0
32017,2022-08-27 01:00:00,467.03,412.0,44.0,2.0,0.0,22.0,226.0,3.0
32018,2022-08-27 02:00:00,465.97,373.0,44.0,2.0,0.0,23.0,202.0,3.0
32019,2022-08-27 03:00:00,461.7,382.0,43.0,2.0,7.0,23.0,207.0,3.0
32020,2022-08-27 04:00:00,445.15,399.0,42.0,2.0,38.0,18.0,218.0,3.0
32021,2022-08-27 05:00:00,404.57,400.0,43.0,2.0,111.0,15.0,221.0,3.0
32022,2022-08-27 06:00:00,357.72,423.0,43.0,2.0,217.0,21.0,239.0,3.0
32023,2022-08-27 07:00:00,320.31,431.0,45.0,2.0,322.0,27.0,250.0,3.0
32024,2022-08-27 08:00:00,297.32,409.0,48.0,2.0,375.0,31.0,243.0,3.0
32025,2022-08-27 09:00:00,300.17,419.0,49.0,2.0,372.0,30.0,252.0,3.0
32026,2022-08-27 10:00:00,300.63,426.0,49.0,2.0,376.0,31.0,256.0,3.0
32027,2022-08-27 11:00:00,300.82,415.0,47.0,2.0,365.0,30.0,250.0,3.0
32028,2022-08-27 12:00:00,310.95,429.0,47.0,2.0,342.0,29.0,258.0,3.0
32029,2022-08-27 13:00:00,326.14,416.0,47.0,2.0,285.0,25.0,250.0,3.0
32030,2022-08-27 14:00:00,360.36,412.0,49.0,2.0,192.0,18.0,248.0,3.0
32031,2022-08-27 15:00:00,412.37,422.0,48.0,2.0,87.0,10.0,253.0,3.0
32032,2022-08-27 16:00:00,449.53,417.0,50.0,2.0,22.0,5.0,251.0,3.0
32033,2022-08-27 17:00:00,461.56,416.0,49.0,2.0,3.0,5.0,250.0,3.0
32034,2022-08-27 18:00:00,460.64,423.0,49.0,2.0,0.0,9.0,255.0,3.0
32035,2022-08-27 19:00:00,459.59,425.0,49.0,2.0,0.0,11.0,256.0,3.0
32036,2022-08-27 20:00:00,458.88,426.0,48.0,2.0,0.0,13.0,256.0,3.0
32037,2022-08-27 21:00:00,459.14,419.0,48.0,2.0,0.0,13.0,251.0,3.0
32038,2022-08-27 22:00:00,458.08,404.0,47.0,2.0,0.0,14.0,242.0,3.0
32039,2022-08-27 23:00:00,459.06,417.0,47.0,2.0,0.0,13.0,250.0,3.0
32040,2022-08-28 00:00:00,464.5,438.0,46.0,2.0,0.0,6.0,262.0,3.0
32041,2022-08-28 01:00:00,459.91,454.0,46.0,2.0,0.0,15.0,271.0,3.0
32042,2022-08-28 02:00:00,457.93,444.0,45.0,2.0,0.0,17.0,266.0,3.0
32043,2022-08-28 03:00:00,451.24,378.0,47.0,2.0,6.0,17.0,226.0,3.0
32044,2022-08-28 04:00:00,423.45,357.0,46.0,2.0,39.0,24.0,214.0,3.0
32045,2022-08-28 05:00:00,379.66,361.0,47.0,2.0,123.0,21.0,216.0,3.0
32046,2022-08-28 06:00:00,317.93,304.0,48.0,2.0,229.0,21.0,181.0,3.0
32047,2022-08-28 07:00:00,299.75,360.0,49.0,2.0,322.0,27.0,216.0,3.0
32048,2022-08-28 08:00:00,291.06,394.0,49.0,2.0,378.0,34.0,237.0,3.0
32049,2022-08-28 09:00:00,294.21,433.0,49.0,2.0,398.0,41.0,260.0,3.0
32050,2022-08-28 10:00:00,302.7,462.0,51.0,2.0,390.0,41.0,279.0,3.0
32051,2022-08-28 11:00:00,309.07,454.0,51.0,2.0,359.0,39.0,275.0,3.0
32052,2022-08-28 12:00:00,318.38,440.0,51.0,2.0,315.0,39.0,265.0,3.0
32053,2022-08-28 13:00:00,343.36,451.0,48.0,2.0,242.0,37.0,272.0,3.0
32054,2022-08-28 14:00:00,370.81,453.0,48.0,2.0,174.0,27.0,274.0,3.0
32055,2022-08-28 15:00:00,414.24,460.0,48.0,2.0,81.0,18.0,279.0,3.0
32056,2022-08-28 16:00:00,448.72,465.0,48.0,2.0,20.0,13.0,280.0,3.0
32057,2022-08-28 17:00:00,462.38,450.0,47.0,2.0,2.0,5.0,272.0,3.0
32058,2022-08-28 18:00:00,458.99,458.0,47.0,2.0,0.0,14.0,276.0,3.0
32059,2022-08-28 19:00:00,445.51,461.0,49.0,2.0,0.0,38.0,278.0,3.0
32060,2022-08-28 20:00:00,439.25,453.0,49.0,2.0,0.0,49.0,273.0,3.0
32061,2022-08-28 21:00:00,442.32,416.0,47.0,2.0,0.0,40.0,250.0,3.0
32062,2022-08-28 22:00:00,448.44,369.0,47.0,2.0,0.0,25.0,222.0,3.0
32063,2022-08-28 23:00:00,450.19,365.0,45.0,2.0,0.0,23.0,219.0,3.0
32064,2022-08-29 00:00:00,443.88,365.0,47.0,2.0,0.0,33.0,218.0,3.0
32065,2022-08-29 01:00:00,447.0,365.0,49.0,2.0,0.0,28.0,218.0,3.0
32066,2022-08-29 02:00:00,438.78,363.0,49.0,2.0,0.0,40.0,217.0,3.0
32067,2022-08-29 03:00:00,434.75,436.0,48.0,2.0,5.0,51.0,262.0,3.0
32068,2022-08-29 04:00:00,423.97,471.0,50.0,2.0,30.0,53.0,283.0,3.0
32069,2022-08-29 05:00:00,398.06,509.0,51.0,2.0,86.0,66.0,307.0,4.0
32070,2022-08-29 06:00:00,369.01,514.0,55.0,2.0,156.0,79.0,310.0,4.0
32071,2022-08-29 07:00:00,350.89,516.0,52.0,2.0,210.0,84.0,311.0,4.0
32072,2022-08-29 08:00:00,335.21,517.0,48.0,2.0,244.0,106.0,311.0,4.0
32073,2022-08-29 09:00:00,327.79,513.0,51.0,2.0,247.0,127.0,310.0,4.0
32074,2022-08-29 10:00:00,333.82,519.0,51.0,2.0,225.0,132.0,312.0,4.0
32075,2022-08-29 11:00:00,338.84,520.0,53.0,2.0,195.0,143.0,314.0,4.0
32076,2022-08-29 12:00:00,349.24,518.0,53.0,2.0,155.0,146.0,312.0,4.0
32077,2022-08-29 13:00:00,359.54,519.0,53.0,2.0,120.0,147.0,313.0,4.0
32078,2022-08-29 14:00:00,370.42,519.0,52.0,2.0,78.0,155.0,313.0,4.0
32079,2022-08-29 15:00:00,387.7,519.0,51.0,2.0,35.0,148.0,313.0,4.0
32080,2022-08-29 16:00:00,393.0,513.0,50.0,2.0,11.0,156.0,309.0,4.0
32081,2022-08-29 17:00:00,397.91,514.0,50.0,2.0,1.0,153.0,310.0,4.0
32082,2022-08-29 18:00:00,399.59,517.0,49.0,2.0,0.0,150.0,312.0,3.0
32083,2022-08-29 19:00:00,396.48,507.0,48.0,2.0,0.0,155.0,306.0,3.0
32084,2022-08-29 20:00:00,398.93,483.0,48.0,2.0,0.0,143.0,290.0,3.0
32085,2022-08-29 21:00:00,400.2,384.0,47.0,2.0,0.0,111.0,230.0,3.0
32086,2022-08-29 22:00:00,400.16,326.0,46.0,2.0,0.0,94.0,195.0,3.0
32087,2022-08-29 23:00:00,402.17,332.0,46.0,2.0,0.0,93.0,198.0,3.0
32088,2022-08-30 00:00:00,388.25,335.0,47.0,2.0,0.0,118.0,200.0,3.0
32089,2022-08-30 01:00:00,382.89,326.0,47.0,2.0,0.0,125.0,194.0,3.0
32090,2022-08-30 02:00:00,380.66,342.0,48.0,2.0,0.0,134.0,205.0,3.0
32091,2022-08-30 03:00:00,385.8,416.0,48.0,2.0,1.0,151.0,249.0,3.0
32092,2022-08-30 04:00:00,390.5,461.0,50.0,2.0,5.0,151.0,277.0,3.0
32093,2022-08-30 05:00:00,386.92,467.0,51.0,2.0,13.0,154.0,281.0,4.0
32094,2022-08-30 06:00:00,381.02,461.0,54.0,2.0,24.0,156.0,277.0,4.0
32095,2022-08-30 07:00:00,369.47,451.0,55.0,2.0,39.0,167.0,271.0,4.0
32096,2022-08-30 08:00:00,363.68,454.0,54.0,2.0,53.0,171.0,272.0,4.0
32097,2022-08-30 09:00:00,360.19,456.0,53.0,2.0,57.0,177.0,274.0,4.0
32098,2022-08-30 10:00:00,356.06,457.0,53.0,2.0,63.0,184.0,274.0,4.0
32099,2022-08-30 11:00:00,348.69,452.0,53.0,2.0,73.0,193.0,271.0,4.0
32100,2022-08-30 12:00:00,349.14,443.0,52.0,2.0,76.0,184.0,265.0,4.0
32101,2022-08-30 13:00:00,346.65,405.0,51.0,2.0,87.0,158.0,242.0,4.0
32102,2022-08-30 14:00:00,355.96,382.0,49.0,2.0,72.0,135.0,229.0,4.0
32103,2022-08-30 15:00:00,388.32,432.0,51.0,2.0,42.0,109.0,260.0,4.0
32104,2022-08-30 16:00:00,411.93,454.0,51.0,2.0,13.0,92.0,273.0,4.0
32105,2022-08-30 17:00:00,422.48,463.0,51.0,2.0,1.0,84.0,278.0,4.0
32106,2022-08-30 18:00:00,419.46,453.0,53.0,2.0,0.0,88.0,273.0,4.0
32107,2022-08-30 19:00:00,409.9,435.0,53.0,2.0,0.0,105.0,261.0,4.0
32108,2022-08-30 20:00:00,409.47,414.0,48.0,2.0,0.0,100.0,249.0,3.0
32109,2022-08-30 21:00:00,404.15,363.0,46.0,2.0,0.0,98.0,217.0,3.0
32110,2022-08-30 22:00:00,400.7,330.0,42.0,2.0,0.0,95.0,197.0,3.0
32111,2022-08-30 23:00:00,385.14,325.0,46.0,2.0,0.0,120.0,194.0,3.0
32112,2022-08-31 00:00:00,387.85,328.0,47.0,2.0,0.0,117.0,195.0,3.0
32113,2022-08-31 01:00:00,390.2,325.0,47.0,2.0,0.0,111.0,194.0,3.0
32114,2022-08-31 02:00:00,388.18,337.0,48.0,2.0,0.0,119.0,201.0,3.0
32115,2022-08-31 03:00:00,393.21,410.0,48.0,2.0,4.0,129.0,246.0,3.0
32116,2022-08-31 04:00:00,387.57,468.0,48.0,2.0,30.0,136.0,281.0,3.0
32117,2022-08-31 05:00:00,365.3,498.0,48.0,2.0,90.0,150.0,299.0,4.0
32118,2022-08-31 06:00:00,334.8,504.0,48.0,2.0,173.0,170.0,303.0,4.0
32119,2022-08-31 07:00:00,324.62,508.0,47.0,2.0,202.0,182.0,305.0,4.0
32120,2022-08-31 08:00:00,334.95,506.0,48.0,2.0,190.0,155.0,303.0,4.0
32121,2022-08-31 09:00:00,335.31,503.0,49.0,2.0,192.0,150.0,301.0,4.0
32122,2022-08-31 10:00:00,338.25,497.0,48.0,2.0,187.0,141.0,297.0,4.0
32123,2022-08-31 11:00:00,343.8,497.0,48.0,2.0,175.0,133.0,298.0,4.0
32124,2022-08-31 12:00:00,353.85,503.0,47.0,2.0,163.0,114.0,303.0,4.0
32125,2022-08-31 13:00:00,364.93,497.0,46.0,2.0,131.0,108.0,300.0,4.0
32126,2022-08-31 14:00:00,388.47,496.0,48.0,2.0,79.0,93.0,300.0,4.0
32127,2022-08-31 15:00:00,405.47,506.0,47.0,2.0,41.0,91.0,306.0,4.0
32128,2022-08-31 16:00:00,408.11,499.0,48.0,2.0,15.0,109.0,301.0,3.0
32129,2022-08-31 17:00:00,415.89,502.0,50.0,2.0,1.0,105.0,303.0,3.0
32130,2022-08-31 18:00:00,409.15,502.0,49.0,2.0,0.0,123.0,302.0,3.0
32131,2022-08-31 19:00:00,409.98,476.0,47.0,2.0,0.0,116.0,285.0,3.0
32132,2022-08-31 20:00:00,405.81,386.0,47.0,2.0,0.0,102.0,230.0,3.0
32133,2022-08-31 21:00:00,394.78,327.0,46.0,2.0,0.0,104.0,195.0,3.0
32134,2022-08-31 22:00:00,393.45,301.0,47.0,2.0,0.0,98.0,179.0,3.0
32135,2022-08-31 23:00:00,395.1,292.0,48.0,2.0,0.0,94.0,172.0,3.0
32136,2022-09-01 00:00:00,376.55,287.0,48.0,2.0,0.0,121.0,170.0,3.0
32137,2022-09-01 01:00:00,375.3,282.0,47.0,2.0,0.0,120.0,168.0,3.0
32138,2022-09-01 02:00:00,373.64,289.0,47.0,2.0,0.0,126.0,172.0,3.0
32139,2022-09-01 03:00:00,378.58,331.0,46.0,2.0,4.0,130.0,198.0,3.0
32140,2022-09-01 04:00:00,385.18,469.0,47.0,2.0,27.0,144.0,283.0,3.0
32141,2022-09-01 05:00:00,374.96,502.0,47.0,2.0,74.0,138.0,303.0,4.0
32142,2022-09-01 06:00:00,345.97,499.0,46.0,2.0,147.0,153.0,301.0,4.0
32143,2022-09-01 07:00:00,324.78,498.0,40.0,2.0,215.0,161.0,298.0,4.0
32144,2022-09-01 08:00:00,320.3,500.0,48.0,2.0,242.0,153.0,300.0,4.0
32145,2022-09-01 09:00:00,319.68,497.0,46.0,2.0,243.0,152.0,298.0,4.0
32146,2022-09-01 10:00:00,317.74,499.0,50.0,2.0,258.0,146.0,300.0,4.0
32147,2022-09-01 11:00:00,320.64,500.0,50.0,2.0,251.0,143.0,300.0,4.0
32148,2022-09-01 12:00:00,331.98,499.0,50.0,2.0,234.0,116.0,300.0,4.0
32149,2022-09-01 13:00:00,347.28,499.0,51.0,2.0,191.0,108.0,298.0,4.0
32150,2022-09-01 14:00:00,362.68,499.0,49.0,2.0,143.0,108.0,297.0,4.0
32151,2022-09-01 15:00:00,396.14,497.0,50.0,2.0,66.0,93.0,294.0,4.0
32152,2022-09-01 16:00:00,422.25,501.0,50.0,2.0,17.0,81.0,296.0,4.0
32153,2022-09-01 17:00:00,423.69,495.0,50.0,2.0,1.0,91.0,294.0,4.0
32154,2022-09-01 18:00:00,429.87,493.0,50.0,2.0,0.0,77.0,294.0,4.0
32155,2022-09-01 19:00:00,425.07,469.0,51.0,2.0,0.0,82.0,280.0,3.0
32156,2022-09-01 20:00:00,428.42,466.0,49.0,2.0,0.0,76.0,277.0,3.0
32157,2022-09-01 21:00:00,430.18,425.0,49.0,2.0,0.0,66.0,252.0,3.0
32158,2022-09-01 22:00:00,428.78,336.0,48.0,2.0,0.0,54.0,198.0,3.0
32159,2022-09-01 23:00:00,431.09,310.0,46.0,2.0,0.0,48.0,181.0,3.0
32160,2022-09-02 00:00:00,428.88,319.0,46.0,2.0,0.0,47.0,192.0,3.0
32161,2022-09-02 01:00:00,436.2,342.0,45.0,2.0,1.0,44.0,201.0,3.0
32162,2022-09-02 02:00:00,434.49,356.0,45.0,2.0,2.0,48.0,209.0,3.0
32163,2022-09-02 03:00:00,440.89,443.0,47.0,2.0,5.0,45.0,262.0,3.0
32164,2022-09-02 04:00:00,428.82,507.0,48.0,2.0,33.0,50.0,301.0,3.0
32165,2022-09-02 05:00:00,393.93,508.0,48.0,2.0,122.0,44.0,303.0,4.0
32166,2022-09-02 06:00:00,358.29,505.0,42.0,2.0,218.0,49.0,301.0,4.0
32167,2022-09-02 07:00:00,340.0,504.0,49.0,2.0,272.0,54.0,301.0,3.0
32168,2022-09-02 08:00:00,329.73,488.0,49.0,2.0,295.0,57.0,291.0,3.0
32169,2022-09-02 09:00:00,321.38,478.0,48.0,2.0,310.0,59.0,291.0,3.0
32170,2022-09-02 10:00:00,320.93,473.0,49.0,2.0,298.0,59.0,298.0,3.0
32171,2022-09-02 11:00:00,319.11,489.0,50.0,2.0,309.0,62.0,313.0,3.0
32172,2022-09-02 12:00:00,322.92,490.0,51.0,2.0,292.0,66.0,313.0,3.0
32173,2022-09-02 13:00:00,334.62,478.0,49.0,2.0,244.0,62.0,307.0,3.0
32174,2022-09-02 14:00:00,359.99,475.0,50.0,2.0,167.0,57.0,305.0,3.0
32175,2022-09-02 15:00:00,402.5,477.0,49.0,2.0,75.0,39.0,305.0,3.0
32176,2022-09-02 16:00:00,436.54,496.0,49.0,2.0,15.0,27.0,317.0,3.0
32177,2022-09-02 17:00:00,441.44,507.0,48.0,2.0,1.0,32.0,324.0,3.0
32178,2022-09-02 18:00:00,449.3,509.0,50.0,2.0,0.0,16.0,326.0,3.0
32179,2022-09-02 19:00:00,447.52,507.0,57.0,2.0,0.0,17.0,326.0,3.0
32180,2022-09-02 20:00:00,443.81,497.0,54.0,2.0,0.0,24.0,320.0,3.0
32181,2022-09-02 21:00:00,430.27,354.0,52.0,2.0,0.0,31.0,232.0,3.0
32182,2022-09-02 22:00:00,426.37,314.0,51.0,2.0,0.0,31.0,207.0,3.0
32183,2022-09-02 23:00:00,428.84,313.0,49.0,2.0,0.0,27.0,207.0,3.0
32184,2022-09-03 00:00:00,428.96,338.0,50.0,2.0,0.0,31.0,222.0,3.0
32185,2022-09-03 01:00:00,421.12,308.0,49.0,2.0,0.0,39.0,202.0,3.0
32186,2022-09-03 02:00:00,420.12,309.0,51.0,2.0,0.0,40.0,203.0,3.0
32187,2022-09-03 03:00:00,426.79,318.0,55.0,2.0,4.0,27.0,209.0,3.0
32188,2022-09-03 04:00:00,400.64,322.0,54.0,2.0,33.0,39.0,212.0,3.0
32189,2022-09-03 05:00:00,361.03,342.0,52.0,2.0,117.0,38.0,224.0,3.0
32190,2022-09-03 06:00:00,328.27,378.0,52.0,2.0,222.0,37.0,245.0,3.0
32191,2022-09-03 07:00:00,303.16,385.0,46.0,2.0,296.0,44.0,251.0,3.0
32192,2022-09-03 08:00:00,305.07,383.0,48.0,2.0,285.0,49.0,248.0,3.0
32193,2022-09-03 09:00:00,285.92,333.0,47.0,2.0,291.0,59.0,217.0,3.0
32194,2022-09-03 10:00:00,246.77,251.0,48.0,2.0,311.0,70.0,167.0,3.0
32195,2022-09-03 11:00:00,250.64,258.0,50.0,2.0,306.0,73.0,171.0,3.0
32196,2022-09-03 12:00:00,244.61,237.0,48.0,2.0,295.0,73.0,158.0,3.0
32197,2022-09-03 13:00:00,269.76,253.0,48.0,2.0,251.0,60.0,168.0,3.0
32198,2022-09-03 14:00:00,320.32,319.0,50.0,2.0,183.0,54.0,209.0,3.0
32199,2022-09-03 15:00:00,384.67,355.0,49.0,2.0,76.0,37.0,231.0,3.0
32200,2022-09-03 16:00:00,432.34,395.0,51.0,2.0,14.0,21.0,256.0,3.0
32201,2022-09-03 17:00:00,441.44,391.0,56.0,2.0,1.0,17.0,254.0,3.0
32202,2022-09-03 18:00:00,441.86,385.0,56.0,2.0,0.0,16.0,251.0,3.0
32203,2022-09-03 19:00:00,438.73,379.0,54.0,2.0,0.0,22.0,246.0,3.0
32204,2022-09-03 20:00:00,434.75,356.0,49.0,2.0,0.0,26.0,232.0,3.0
32205,2022-09-03 21:00:00,431.98,299.0,49.0,2.0,0.0,21.0,198.0,3.0
32206,2022-09-03 22:00:00,433.61,329.0,52.0,2.0,0.0,23.0,216.0,3.0
32207,2022-09-03 23:00:00,429.15,300.0,53.0,2.0,0.0,25.0,198.0,3.0
32208,2022-09-04 00:00:00,431.38,291.0,54.0,2.0,0.0,20.0,193.0,3.0
32209,2022-09-04 01:00:00,429.33,294.0,54.0,2.0,0.0,23.0,195.0,3.0
32210,2022-09-04 02:00:00,427.33,297.0,54.0,2.0,0.0,27.0,196.0,3.0
32211,2022-09-04 03:00:00,424.7,320.0,52.0,2.0,3.0,32.0,210.0,3.0
32212,2022-09-04 04:00:00,402.3,321.0,46.0,2.0,32.0,37.0,212.0,3.0
32213,2022-09-04 05:00:00,361.63,326.0,48.0,2.0,106.0,40.0,214.0,3.0
32214,2022-09-04 06:00:00,316.77,316.0,50.0,2.0,192.0,51.0,208.0,3.0
32215,2022-09-04 07:00:00,292.97,321.0,51.0,2.0,254.0,61.0,211.0,3.0
32216,2022-09-04 08:00:00,283.59,304.0,50.0,2.0,257.0,69.0,201.0,3.0
32217,2022-09-04 09:00:00,276.05,294.0,48.0,2.0,273.0,65.0,195.0,3.0
32218,2022-09-04 10:00:00,277.52,303.0,48.0,2.0,271.0,74.0,199.0,3.0
32219,2022-09-04 11:00:00,285.12,312.0,48.0,2.0,261.0,68.0,206.0,3.0
32220,2022-09-04 12:00:00,296.26,329.0,49.0,2.0,242.0,71.0,215.0,3.0
32221,2022-09-04 13:00:00,320.79,352.0,50.0,2.0,196.0,64.0,230.0,3.0
32222,2022-09-04 14:00:00,353.01,397.0,50.0,2.0,138.0,64.0,258.0,3.0
32223,2022-09-04 15:00:00,397.91,432.0,49.0,2.0,55.0,55.0,279.0,3.0
32224,2022-09-04 16:00:00,419.24,434.0,50.0,2.0,12.0,53.0,281.0,3.0
32225,2022-09-04 17:00:00,425.91,425.0,49.0,2.0,1.0,50.0,275.0,3.0
32226,2022-09-04 18:00:00,425.65,422.0,50.0,2.0,0.0,51.0,273.0,3.0
32227,2022-09-04 19:00:00,436.42,408.0,49.0,2.0,0.0,31.0,263.0,3.0
32228,2022-09-04 20:00:00,440.45,415.0,50.0,2.0,0.0,25.0,267.0,3.0
32229,2022-09-04 21:00:00,442.09,399.0,48.0,2.0,0.0,20.0,258.0,3.0
32230,2022-09-04 22:00:00,448.18,482.0,47.0,2.0,0.0,17.0,309.0,3.0
32231,2022-09-04 23:00:00,454.52,507.0,46.0,2.0,0.0,8.0,323.0,3.0
32232,2022-09-05 00:00:00,452.64,506.0,46.0,2.0,0.0,11.0,323.0,3.0
32233,2022-09-05 01:00:00,453.29,515.0,45.0,2.0,0.0,10.0,329.0,3.0
32234,2022-09-05 02:00:00,452.65,513.0,50.0,2.0,0.0,10.0,328.0,3.0
32235,2022-09-05 03:00:00,451.95,508.0,50.0,2.0,2.0,10.0,324.0,3.0
32236,2022-09-05 04:00:00,439.38,515.0,49.0,2.0,24.0,15.0,328.0,3.0
32237,2022-09-05 05:00:00,412.75,530.0,49.0,2.0,79.0,23.0,338.0,3.0
32238,2022-09-05 06:00:00,379.4,531.0,50.0,2.0,158.0,35.0,338.0,3.0
32239,2022-09-05 07:00:00,361.1,535.0,49.0,2.0,212.0,40.0,340.0,3.0
32240,2022-09-05 08:00:00,360.6,538.0,51.0,2.0,219.0,36.0,342.0,3.0
32241,2022-09-05 09:00:00,368.47,536.0,50.0,2.0,197.0,31.0,342.0,4.0
32242,2022-09-05 10:00:00,371.62,533.0,49.0,2.0,187.0,30.0,340.0,4.0
32243,2022-09-05 11:00:00,370.56,538.0,49.0,2.0,183.0,40.0,342.0,3.0
32244,2022-09-05 12:00:00,374.96,522.0,48.0,2.0,166.0,36.0,333.0,3.0
32245,2022-09-05 13:00:00,386.79,525.0,47.0,2.0,140.0,29.0,335.0,3.0
32246,2022-09-05 14:00:00,408.33,532.0,47.0,2.0,90.0,24.0,339.0,3.0
32247,2022-09-05 15:00:00,429.32,524.0,48.0,2.0,43.0,18.0,335.0,3.0
32248,2022-09-05 16:00:00,445.84,530.0,49.0,2.0,10.0,15.0,339.0,3.0
32249,2022-09-05 17:00:00,448.24,533.0,49.0,2.0,1.0,18.0,342.0,3.0
32250,2022-09-05 18:00:00,446.03,532.0,49.0,2.0,0.0,24.0,341.0,3.0
32251,2022-09-05 19:00:00,445.87,523.0,49.0,2.0,0.0,25.0,334.0,3.0
32252,2022-09-05 20:00:00,444.98,498.0,50.0,2.0,0.0,24.0,319.0,3.0
32253,2022-09-05 21:00:00,448.06,469.0,48.0,2.0,0.0,15.0,302.0,3.0
32254,2022-09-05 22:00:00,451.26,428.0,48.0,2.0,0.0,6.0,277.0,3.0
32255,2022-09-05 23:00:00,452.56,443.0,48.0,2.0,0.0,5.0,286.0,3.0
32256,2022-09-06 00:00:00,453.37,435.0,49.0,2.0,0.0,4.0,280.0,3.0
32257,2022-09-06 01:00:00,451.99,421.0,48.0,2.0,0.0,4.0,273.0,3.0
32258,2022-09-06 02:00:00,444.95,428.0,47.0,2.0,0.0,17.0,277.0,3.0
32259,2022-09-06 03:00:00,442.32,497.0,48.0,2.0,2.0,27.0,319.0,3.0
32260,2022-09-06 04:00:00,431.0,540.0,51.0,2.0,22.0,37.0,345.0,3.0
32261,2022-09-06 05:00:00,406.69,549.0,51.0,2.0,83.0,39.0,350.0,4.0
32262,2022-09-06 06:00:00,376.01,550.0,50.0,2.0,167.0,43.0,351.0,4.0
32263,2022-09-06 07:00:00,354.32,560.0,53.0,2.0,238.0,49.0,357.0,4.0
32264,2022-09-06 08:00:00,350.21,570.0,55.0,2.0,251.0,56.0,363.0,3.0
32265,2022-09-06 09:00:00,337.51,566.0,56.0,2.0,291.0,62.0,361.0,3.0
32266,2022-09-06 10:00:00,334.73,567.0,52.0,2.0,304.0,61.0,361.0,3.0
32267,2022-09-06 11:00:00,329.32,564.0,50.0,2.0,305.0,80.0,359.0,3.0
32268,2022-09-06 12:00:00,330.96,559.0,52.0,2.0,271.0,105.0,355.0,3.0
32269,2022-09-06 13:00:00,343.23,569.0,52.0,2.0,213.0,120.0,362.0,3.0
32270,2022-09-06 14:00:00,363.57,568.0,51.0,2.0,133.0,125.0,362.0,3.0
32271,2022-09-06 15:00:00,391.54,571.0,50.0,2.0,52.0,119.0,363.0,3.0
32272,2022-09-06 16:00:00,403.65,569.0,55.0,2.0,11.0,123.0,363.0,3.0
32273,2022-09-06 17:00:00,400.65,571.0,58.0,2.0,1.0,143.0,363.0,3.0
32274,2022-09-06 18:00:00,406.76,570.0,58.0,2.0,0.0,126.0,363.0,3.0
32275,2022-09-06 19:00:00,411.64,568.0,58.0,2.0,0.0,113.0,361.0,3.0
32276,2022-09-06 20:00:00,418.2,562.0,56.0,2.0,0.0,94.0,358.0,3.0
32277,2022-09-06 21:00:00,421.55,537.0,51.0,2.0,0.0,82.0,342.0,3.0
32278,2022-09-06 22:00:00,424.42,534.0,49.0,2.0,0.0,75.0,340.0,3.0
32279,2022-09-06 23:00:00,428.0,554.0,50.0,2.0,0.0,70.0,352.0,3.0
32280,2022-09-07 00:00:00,429.29,571.0,50.0,2.0,0.0,70.0,362.0,3.0
32281,2022-09-07 01:00:00,430.16,574.0,51.0,2.0,0.0,66.0,366.0,3.0
32282,2022-09-07 02:00:00,430.32,576.0,52.0,2.0,0.0,67.0,366.0,3.0
32283,2022-09-07 03:00:00,427.2,566.0,52.0,2.0,2.0,71.0,360.0,3.0
32284,2022-09-07 04:00:00,418.26,574.0,53.0,2.0,24.0,73.0,365.0,3.0
32285,2022-09-07 05:00:00,402.26,571.0,51.0,2.0,79.0,61.0,363.0,3.0
32286,2022-09-07 06:00:00,388.67,572.0,50.0,2.0,127.0,54.0,363.0,4.0
32287,2022-09-07 07:00:00,376.15,571.0,50.0,2.0,159.0,60.0,363.0,4.0
32288,2022-09-07 08:00:00,369.87,572.0,50.0,2.0,180.0,60.0,363.0,3.0
32289,2022-09-07 09:00:00,364.88,574.0,50.0,2.0,193.0,65.0,364.0,3.0
32290,2022-09-07 10:00:00,356.64,575.0,49.0,2.0,232.0,54.0,366.0,3.0
32291,2022-09-07 11:00:00,357.81,577.0,47.0,2.0,232.0,50.0,368.0,3.0
32292,2022-09-07 12:00:00,360.86,575.0,48.0,2.0,222.0,49.0,366.0,3.0
32293,2022-09-07 13:00:00,368.09,573.0,48.0,2.0,195.0,49.0,366.0,3.0
32294,2022-09-07 14:00:00,395.62,573.0,48.0,2.0,126.0,33.0,365.0,3.0
32295,2022-09-07 15:00:00,423.96,573.0,49.0,2.0,56.0,27.0,364.0,3.0
32296,2022-09-07 16:00:00,443.43,576.0,49.0,2.0,10.0,25.0,367.0,3.0
32297,2022-09-07 17:00:00,448.34,575.0,49.0,2.0,1.0,22.0,367.0,3.0
32298,2022-09-07 18:00:00,447.08,574.0,50.0,2.0,0.0,25.0,367.0,3.0
32299,2022-09-07 19:00:00,449.01,570.0,49.0,2.0,0.0,21.0,364.0,3.0
32300,2022-09-07 20:00:00,448.14,560.0,49.0,2.0,0.0,24.0,356.0,3.0
32301,2022-09-07 21:00:00,446.78,554.0,48.0,2.0,0.0,26.0,353.0,3.0
32302,2022-09-07 22:00:00,449.96,552.0,46.0,2.0,0.0,19.0,352.0,3.0
32303,2022-09-07 23:00:00,453.31,557.0,47.0,2.0,0.0,13.0,354.0,3.0
32304,2022-09-08 00:00:00,453.92,558.0,49.0,2.0,0.0,11.0,355.0,3.0
32305,2022-09-08 01:00:00,453.52,552.0,48.0,2.0,0.0,11.0,352.0,3.0
32306,2022-09-08 02:00:00,451.24,558.0,48.0,2.0,0.0,10.0,362.0,3.0
32307,2022-09-08 03:00:00,449.55,565.0,51.0,2.0,2.0,10.0,368.0,3.0
32308,2022-09-08 04:00:00,436.45,574.0,49.0,2.0,28.0,11.0,378.0,3.0
32309,2022-09-08 05:00:00,401.51,575.0,47.0,2.0,110.0,18.0,381.0,3.0
32310,2022-09-08 06:00:00,367.84,575.0,48.0,2.0,213.0,22.0,378.0,3.0
32311,2022-09-08 07:00:00,348.82,571.0,49.0,2.0,273.0,29.0,374.0,3.0
32312,2022-09-08 08:00:00,347.19,570.0,50.0,2.0,275.0,32.0,374.0,3.0
32313,2022-09-08 09:00:00,355.71,572.0,51.0,2.0,249.0,27.0,376.0,3.0
32314,2022-09-08 10:00:00,353.92,569.0,50.0,2.0,251.0,28.0,376.0,3.0
32315,2022-09-08 11:00:00,353.82,552.0,53.0,2.0,252.0,29.0,355.0,3.0
32316,2022-09-08 12:00:00,352.24,549.0,51.0,2.0,252.0,32.0,354.0,3.0
32317,2022-09-08 13:00:00,361.91,541.0,51.0,2.0,217.0,28.0,351.0,3.0
32318,2022-09-08 14:00:00,391.88,569.0,52.0,2.0,139.0,24.0,368.0,3.0
32319,2022-09-08 15:00:00,420.34,566.0,54.0,2.0,64.0,19.0,367.0,3.0
32320,2022-09-08 16:00:00,444.33,563.0,53.0,2.0,10.0,15.0,365.0,3.0
32321,2022-09-08 17:00:00,445.29,576.0,53.0,2.0,1.0,24.0,372.0,3.0
32322,2022-09-08 18:00:00,442.97,568.0,51.0,2.0,0.0,29.0,368.0,3.0
32323,2022-09-08 19:00:00,441.09,571.0,48.0,2.0,0.0,34.0,370.0,3.0
32324,2022-09-08 20:00:00,438.75,534.0,25.0,2.0,0.0,39.0,347.0,3.0
32325,2022-09-08 21:00:00,432.29,461.0,24.0,2.0,0.0,44.0,301.0,3.0
32326,2022-09-08 22:00:00,436.0,504.0,23.0,2.0,0.0,43.0,327.0,3.0
32327,2022-09-08 23:00:00,436.95,508.0,23.0,2.0,0.0,42.0,329.0,3.0
32328,2022-09-09 00:00:00,435.52,505.0,28.0,2.0,0.0,41.0,330.0,3.0
32329,2022-09-09 01:00:00,432.3,494.0,31.0,2.0,0.0,43.0,326.0,3.0
32330,2022-09-09 02:00:00,434.28,522.0,37.0,2.0,0.0,46.0,339.0,3.0
32331,2022-09-09 03:00:00,451.06,571.0,44.0,2.0,2.0,45.0,335.0,3.0
32332,2022-09-09 04:00:00,446.24,622.0,48.0,2.0,30.0,55.0,343.0,3.0
32333,2022-09-09 05:00:00,413.67,658.0,48.0,2.0,121.0,60.0,364.0,3.0
32334,2022-09-09 06:00:00,379.24,661.0,49.0,2.0,250.0,46.0,366.0,3.0
32335,2022-09-09 07:00:00,352.99,657.0,53.0,2.0,351.0,47.0,362.0,3.0
32336,2022-09-09 08:00:00,339.63,649.0,52.0,2.0,393.0,59.0,356.0,3.0
32337,2022-09-09 09:00:00,334.31,634.0,52.0,2.0,405.0,61.0,347.0,3.0
32338,2022-09-09 10:00:00,337.72,651.0,51.0,2.0,405.0,57.0,357.0,3.0
32339,2022-09-09 11:00:00,341.34,660.0,53.0,2.0,397.0,54.0,363.0,3.0
32340,2022-09-09 12:00:00,346.41,657.0,53.0,2.0,375.0,51.0,362.0,3.0
32341,2022-09-09 13:00:00,362.34,658.0,52.0,2.0,303.0,58.0,362.0,3.0
32342,2022-09-09 14:00:00,395.77,664.0,53.0,2.0,191.0,50.0,366.0,3.0
32343,2022-09-09 15:00:00,440.72,662.0,53.0,2.0,69.0,36.0,365.0,3.0
32344,2022-09-09 16:00:00,467.86,622.0,53.0,2.0,9.0,27.0,340.0,3.0
32345,2022-09-09 17:00:00,462.87,632.0,52.0,2.0,1.0,46.0,347.0,3.0
32346,2022-09-09 18:00:00,456.07,618.0,51.0,2.0,0.0,63.0,338.0,3.0
32347,2022-09-09 19:00:00,452.62,641.0,50.0,2.0,0.0,73.0,352.0,3.0
32348,2022-09-09 20:00:00,436.94,535.0,49.0,2.0,0.0,80.0,307.0,3.0
32349,2022-09-09 21:00:00,416.25,441.0,48.0,2.0,0.0,74.0,284.0,3.0
32350,2022-09-09 22:00:00,413.63,438.0,47.0,2.0,0.0,73.0,288.0,3.0
32351,2022-09-09 23:00:00,415.43,428.0,47.0,2.0,0.0,67.0,282.0,3.0
32352,2022-09-10 00:00:00,417.94,433.0,48.0,2.0,0.0,63.0,285.0,3.0
32353,2022-09-10 01:00:00,420.48,449.0,47.0,2.0,0.0,60.0,296.0,3.0
32354,2022-09-10 02:00:00,421.81,455.0,48.0,2.0,0.0,58.0,300.0,3.0
32355,2022-09-10 03:00:00,422.79,479.0,25.0,2.0,2.0,60.0,316.0,3.0
32356,2022-09-10 04:00:00,409.69,476.0,23.0,2.0,30.0,60.0,314.0,3.0
32357,2022-09-10 05:00:00,372.71,477.0,40.0,2.0,125.0,52.0,318.0,3.0
32358,2022-09-10 06:00:00,353.28,574.0,48.0,2.0,248.0,37.0,378.0,3.0
32359,2022-09-10 07:00:00,328.67,577.0,52.0,2.0,342.0,36.0,386.0,3.0
32360,2022-09-10 08:00:00,315.63,580.0,52.0,2.0,389.0,46.0,391.0,3.0
32361,2022-09-10 09:00:00,305.72,573.0,52.0,2.0,411.0,61.0,391.0,3.0
32362,2022-09-10 10:00:00,305.19,579.0,54.0,2.0,414.0,67.0,394.0,3.0
32363,2022-09-10 11:00:00,305.9,576.0,54.0,2.0,413.0,62.0,392.0,3.0
32364,2022-09-10 12:00:00,316.99,579.0,56.0,2.0,380.0,45.0,394.0,3.0
32365,2022-09-10 13:00:00,337.45,582.0,53.0,2.0,301.0,36.0,397.0,3.0
32366,2022-09-10 14:00:00,371.28,586.0,53.0,2.0,184.0,30.0,399.0,3.0
32367,2022-09-10 15:00:00,414.76,588.0,52.0,2.0,65.0,20.0,398.0,3.0
32368,2022-09-10 16:00:00,440.27,583.0,52.0,2.0,8.0,16.0,390.0,3.0
32369,2022-09-10 17:00:00,442.81,594.0,51.0,2.0,0.0,19.0,397.0,3.0
32370,2022-09-10 18:00:00,439.73,581.0,51.0,2.0,0.0,24.0,390.0,3.0
32371,2022-09-10 19:00:00,438.26,576.0,50.0,2.0,0.0,28.0,386.0,3.0
32372,2022-09-10 20:00:00,435.02,570.0,52.0,2.0,0.0,34.0,383.0,3.0
32373,2022-09-10 21:00:00,434.67,574.0,51.0,2.0,0.0,36.0,385.0,3.0
32374,2022-09-10 22:00:00,425.47,475.0,50.0,2.0,0.0,41.0,325.0,3.0
32375,2022-09-10 23:00:00,430.44,473.0,51.0,2.0,0.0,32.0,322.0,3.0
32376,2022-09-11 00:00:00,437.87,473.0,51.0,2.0,0.0,16.0,323.0,3.0
32377,2022-09-11 01:00:00,440.17,479.0,50.0,2.0,0.0,9.0,330.0,3.0
32378,2022-09-11 02:00:00,437.29,478.0,50.0,2.0,0.0,13.0,331.0,3.0
32379,2022-09-11 03:00:00,433.07,468.0,50.0,2.0,2.0,16.0,327.0,3.0
32380,2022-09-11 04:00:00,415.24,469.0,51.0,2.0,29.0,25.0,329.0,3.0
32381,2022-09-11 05:00:00,370.48,475.0,51.0,2.0,125.0,41.0,333.0,3.0
32382,2022-09-11 06:00:00,327.7,470.0,52.0,2.0,254.0,44.0,329.0,3.0
32383,2022-09-11 07:00:00,302.71,471.0,53.0,2.0,356.0,38.0,330.0,3.0
32384,2022-09-11 08:00:00,289.29,474.0,53.0,2.0,411.0,45.0,331.0,3.0
32385,2022-09-11 09:00:00,282.05,466.0,52.0,2.0,432.0,49.0,326.0,3.0
32386,2022-09-11 10:00:00,278.59,458.0,53.0,2.0,432.0,57.0,321.0,3.0
32387,2022-09-11 11:00:00,283.11,468.0,54.0,2.0,410.0,70.0,326.0,3.0
32388,2022-09-11 12:00:00,297.19,475.0,55.0,2.0,349.0,74.0,331.0,3.0
32389,2022-09-11 13:00:00,316.38,473.0,55.0,2.0,269.0,74.0,330.0,3.0
32390,2022-09-11 14:00:00,350.38,479.0,55.0,2.0,162.0,68.0,333.0,3.0
32391,2022-09-11 15:00:00,391.94,482.0,54.0,2.0,58.0,56.0,335.0,3.0
32392,2022-09-11 16:00:00,412.26,477.0,54.0,2.0,8.0,55.0,333.0,3.0
32393,2022-09-11 17:00:00,412.61,479.0,53.0,2.0,0.0,63.0,334.0,3.0
32394,2022-09-11 18:00:00,413.37,482.0,51.0,2.0,0.0,62.0,336.0,3.0
32395,2022-09-11 19:00:00,417.42,476.0,51.0,2.0,0.0,52.0,332.0,3.0
32396,2022-09-11 20:00:00,419.77,470.0,51.0,2.0,0.0,46.0,328.0,3.0
32397,2022-09-11 21:00:00,420.78,475.0,50.0,2.0,0.0,46.0,330.0,3.0
32398,2022-09-11 22:00:00,427.54,505.0,50.0,2.0,0.0,35.0,350.0,3.0
32399,2022-09-11 23:00:00,435.39,529.0,49.0,2.0,0.0,22.0,364.0,3.0
32400,2022-09-12 00:00:00,437.56,533.0,50.0,2.0,0.0,17.0,367.0,3.0
32401,2022-09-12 01:00:00,439.12,553.0,51.0,2.0,0.0,16.0,379.0,3.0
32402,2022-09-12 02:00:00,436.94,576.0,51.0,2.0,1.0,22.0,394.0,3.0
32403,2022-09-12 03:00:00,436.89,588.0,51.0,2.0,2.0,23.0,401.0,3.0
32404,2022-09-12 04:00:00,432.08,596.0,51.0,2.0,18.0,21.0,405.0,3.0
32405,2022-09-12 05:00:00,406.17,596.0,50.0,2.0,82.0,26.0,406.0,3.0
32406,2022-09-12 06:00:00,377.62,590.0,50.0,2.0,170.0,25.0,401.0,3.0
32407,2022-09-12 07:00:00,357.35,602.0,52.0,2.0,242.0,30.0,408.0,3.0
32408,2022-09-12 08:00:00,355.05,597.0,53.0,2.0,250.0,29.0,404.0,3.0
32409,2022-09-12 09:00:00,362.06,586.0,53.0,2.0,220.0,27.0,398.0,3.0
32410,2022-09-12 10:00:00,370.53,595.0,54.0,2.0,196.0,26.0,403.0,3.0
32411,2022-09-12 11:00:00,371.11,595.0,53.0,2.0,190.0,30.0,403.0,3.0
32412,2022-09-12 12:00:00,380.34,606.0,54.0,2.0,161.0,33.0,409.0,3.0
32413,2022-09-12 13:00:00,392.43,603.0,56.0,2.0,123.0,31.0,407.0,3.0
32414,2022-09-12 14:00:00,407.28,598.0,56.0,2.0,84.0,23.0,405.0,3.0
32415,2022-09-12 15:00:00,428.82,595.0,55.0,2.0,31.0,17.0,403.0,3.0
32416,2022-09-12 16:00:00,442.16,599.0,52.0,2.0,3.0,13.0,405.0,3.0
32417,2022-09-12 17:00:00,440.75,597.0,52.0,2.0,0.0,19.0,404.0,3.0
32418,2022-09-12 18:00:00,431.67,592.0,51.0,2.0,0.0,41.0,401.0,3.0
32419,2022-09-12 19:00:00,427.39,587.0,51.0,2.0,0.0,51.0,398.0,3.0
32420,2022-09-12 20:00:00,406.01,359.0,48.0,2.0,0.0,50.0,258.0,3.0
32421,2022-09-12 21:00:00,394.24,294.0,51.0,2.0,0.0,51.0,218.0,3.0
32422,2022-09-12 22:00:00,406.1,309.0,51.0,2.0,0.0,49.0,215.0,3.0
32423,2022-09-12 23:00:00,414.48,316.0,52.0,2.0,0.0,49.0,208.0,3.0
32424,2022-09-13 00:00:00,408.57,309.0,53.0,2.0,0.0,56.0,204.0,3.0
32425,2022-09-13 01:00:00,400.14,302.0,52.0,2.0,0.0,62.0,205.0,3.0
32426,2022-09-13 02:00:00,409.26,303.0,51.0,2.0,0.0,48.0,206.0,3.0
32427,2022-09-13 03:00:00,411.41,301.0,52.0,2.0,1.0,43.0,205.0,3.0
32428,2022-09-13 04:00:00,403.41,302.0,51.0,2.0,10.0,43.0,209.0,3.0
32429,2022-09-13 05:00:00,383.02,305.0,50.0,2.0,40.0,47.0,211.0,3.0
32430,2022-09-13 06:00:00,359.25,309.0,50.0,2.0,78.0,51.0,217.0,3.0
32431,2022-09-13 07:00:00,337.01,301.0,52.0,2.0,107.0,54.0,222.0,3.0
32432,2022-09-13 08:00:00,328.91,303.0,53.0,2.0,109.0,72.0,223.0,3.0
32433,2022-09-13 09:00:00,336.62,305.0,53.0,2.0,84.0,81.0,224.0,3.0
32434,2022-09-13 10:00:00,349.32,307.0,53.0,2.0,66.0,80.0,218.0,3.0
32435,2022-09-13 11:00:00,364.7,304.0,52.0,2.0,51.0,68.0,211.0,3.0
32436,2022-09-13 12:00:00,368.53,307.0,52.0,2.0,42.0,72.0,212.0,3.0
32437,2022-09-13 13:00:00,370.2,309.0,51.0,2.0,35.0,76.0,214.0,3.0
32438,2022-09-13 14:00:00,376.77,309.0,49.0,2.0,22.0,78.0,213.0,3.0
32439,2022-09-13 15:00:00,384.71,309.0,50.0,2.0,9.0,76.0,214.0,3.0
32440,2022-09-13 16:00:00,383.6,305.0,50.0,2.0,1.0,83.0,213.0,3.0
32441,2022-09-13 17:00:00,372.9,309.0,50.0,2.0,0.0,105.0,215.0,3.0
32442,2022-09-13 18:00:00,357.39,296.0,49.0,2.0,0.0,128.0,207.0,3.0
32443,2022-09-13 19:00:00,343.22,276.0,49.0,2.0,0.0,145.0,194.0,3.0
32444,2022-09-13 20:00:00,337.87,274.0,48.0,2.0,0.0,158.0,189.0,3.0
32445,2022-09-13 21:00:00,339.04,275.0,49.0,2.0,0.0,157.0,189.0,3.0
32446,2022-09-13 22:00:00,334.98,259.0,50.0,2.0,0.0,157.0,177.0,3.0
32447,2022-09-13 23:00:00,345.98,257.0,50.0,2.0,0.0,139.0,172.0,3.0
32448,2022-09-14 00:00:00,350.04,258.0,51.0,2.0,0.0,130.0,175.0,3.0
32449,2022-09-14 01:00:00,348.52,260.0,50.0,2.0,0.0,130.0,180.0,3.0
32450,2022-09-14 02:00:00,351.39,261.0,49.0,2.0,0.0,125.0,181.0,3.0
32451,2022-09-14 03:00:00,347.2,264.0,48.0,2.0,1.0,126.0,190.0,3.0
32452,2022-09-14 04:00:00,346.2,270.0,48.0,2.0,8.0,115.0,203.0,3.0
32453,2022-09-14 05:00:00,346.27,296.0,49.0,2.0,24.0,114.0,219.0,3.0
32454,2022-09-14 06:00:00,340.03,310.0,46.0,2.0,44.0,120.0,223.0,3.0
32455,2022-09-14 07:00:00,325.58,311.0,42.0,2.0,68.0,135.0,218.0,3.0
32456,2022-09-14 08:00:00,308.12,309.0,46.0,2.0,88.0,152.0,223.0,3.0
32457,2022-09-14 09:00:00,303.63,293.0,50.0,2.0,93.0,142.0,217.0,3.0
32458,2022-09-14 10:00:00,291.96,257.0,49.0,2.0,92.0,139.0,195.0,3.0
32459,2022-09-14 11:00:00,297.88,260.0,49.0,2.0,87.0,133.0,196.0,3.0
32460,2022-09-14 12:00:00,303.08,261.0,49.0,2.0,81.0,127.0,197.0,3.0
32461,2022-09-14 13:00:00,326.69,265.0,47.0,2.0,61.0,97.0,200.0,3.0
32462,2022-09-14 14:00:00,358.21,276.0,49.0,2.0,34.0,70.0,207.0,3.0
32463,2022-09-14 15:00:00,378.37,294.0,49.0,2.0,15.0,62.0,218.0,3.0
32464,2022-09-14 16:00:00,400.98,310.0,50.0,2.0,2.0,43.0,228.0,3.0
32465,2022-09-14 17:00:00,400.34,311.0,49.0,2.0,0.0,47.0,228.0,3.0
32466,2022-09-14 18:00:00,392.81,298.0,51.0,2.0,0.0,55.0,220.0,3.0
32467,2022-09-14 19:00:00,381.46,264.0,50.0,2.0,0.0,68.0,192.0,3.0
32468,2022-09-14 20:00:00,375.54,259.0,50.0,2.0,0.0,86.0,178.0,3.0
32469,2022-09-14 21:00:00,365.86,255.0,51.0,2.0,0.0,98.0,177.0,3.0
32470,2022-09-14 22:00:00,373.63,260.0,50.0,2.0,0.0,85.0,183.0,3.0
32471,2022-09-14 23:00:00,378.14,254.0,49.0,2.0,0.0,77.0,178.0,3.0
32472,2022-09-15 00:00:00,382.47,253.0,38.0,2.0,0.0,69.0,179.0,3.0
32473,2022-09-15 01:00:00,382.77,256.0,24.0,2.0,0.0,70.0,181.0,3.0
32474,2022-09-15 02:00:00,392.99,257.0,24.0,2.0,0.0,57.0,181.0,3.0
32475,2022-09-15 03:00:00,393.63,260.0,23.0,2.0,0.0,52.0,188.0,3.0
32476,2022-09-15 04:00:00,385.79,283.0,24.0,2.0,6.0,56.0,211.0,3.0
32477,2022-09-15 05:00:00,372.85,302.0,28.0,2.0,25.0,66.0,222.0,3.0
32478,2022-09-15 06:00:00,365.81,309.0,28.0,2.0,45.0,61.0,227.0,3.0
32479,2022-09-15 07:00:00,350.17,315.0,25.0,2.0,78.0,61.0,231.0,3.0
32480,2022-09-15 08:00:00,327.71,311.0,27.0,2.0,120.0,66.0,228.0,3.0
32481,2022-09-15 09:00:00,313.9,312.0,23.0,2.0,152.0,68.0,228.0,3.0
32482,2022-09-15 10:00:00,307.62,305.0,24.0,2.0,172.0,58.0,224.0,3.0
32483,2022-09-15 11:00:00,290.03,286.0,24.0,2.0,191.0,67.0,213.0,3.0
32484,2022-09-15 12:00:00,306.12,285.0,23.0,2.0,157.0,59.0,212.0,3.0
32485,2022-09-15 13:00:00,337.6,289.0,24.0,2.0,84.0,66.0,214.0,3.0
32486,2022-09-15 14:00:00,357.66,283.0,24.0,2.0,44.0,63.0,212.0,3.0
32487,2022-09-15 15:00:00,384.16,307.0,23.0,2.0,20.0,52.0,227.0,3.0
32488,2022-09-15 16:00:00,389.63,307.0,25.0,2.0,3.0,58.0,229.0,3.0
32489,2022-09-15 17:00:00,397.15,306.0,28.0,2.0,0.0,49.0,228.0,3.0
32490,2022-09-15 18:00:00,392.24,296.0,34.0,2.0,0.0,52.0,223.0,3.0
32491,2022-09-15 19:00:00,388.26,293.0,42.0,2.0,0.0,65.0,213.0,3.0
32492,2022-09-15 20:00:00,380.22,277.0,45.0,2.0,0.0,78.0,197.0,3.0
32493,2022-09-15 21:00:00,379.56,257.0,45.0,2.0,0.0,71.0,185.0,3.0
32494,2022-09-15 22:00:00,379.59,273.0,45.0,2.0,0.0,80.0,192.0,3.0
32495,2022-09-15 23:00:00,380.85,286.0,44.0,2.0,0.0,86.0,197.0,3.0
32496,2022-09-16 00:00:00,384.36,302.0,44.0,2.0,0.0,85.0,208.0,3.0
32497,2022-09-16 01:00:00,395.57,309.0,47.0,2.0,0.0,66.0,215.0,3.0
32498,2022-09-16 02:00:00,399.34,329.0,47.0,2.0,0.0,66.0,227.0,3.0
32499,2022-09-16 03:00:00,406.62,359.0,47.0,2.0,0.0,58.0,249.0,3.0
32500,2022-09-16 04:00:00,389.72,381.0,48.0,2.0,10.0,73.0,276.0,3.0
32501,2022-09-16 05:00:00,387.11,473.0,47.0,2.0,39.0,79.0,335.0,3.0
32502,2022-09-16 06:00:00,376.39,478.0,45.0,2.0,82.0,73.0,331.0,3.0
32503,2022-09-16 07:00:00,379.39,481.0,44.0,2.0,113.0,72.0,296.0,3.0
32504,2022-09-16 08:00:00,374.35,494.0,44.0,2.0,125.0,91.0,292.0,3.0
32505,2022-09-16 09:00:00,370.18,497.0,47.0,2.0,144.0,95.0,284.0,3.0
32506,2022-09-16 10:00:00,354.89,432.0,47.0,2.0,148.0,80.0,267.0,3.0
32507,2022-09-16 11:00:00,369.3,470.0,48.0,2.0,164.0,63.0,270.0,3.0
32508,2022-09-16 12:00:00,361.6,424.0,47.0,2.0,151.0,60.0,257.0,3.0
32509,2022-09-16 13:00:00,397.54,476.0,48.0,2.0,101.0,47.0,282.0,3.0
32510,2022-09-16 14:00:00,423.7,509.0,48.0,2.0,54.0,47.0,296.0,3.0
32511,2022-09-16 15:00:00,445.2,558.0,50.0,2.0,21.0,38.0,326.0,3.0
32512,2022-09-16 16:00:00,454.86,564.0,49.0,2.0,2.0,36.0,330.0,3.0
32513,2022-09-16 17:00:00,456.03,557.0,48.0,2.0,0.0,37.0,324.0,3.0
32514,2022-09-16 18:00:00,454.3,558.0,50.0,2.0,0.0,42.0,323.0,3.0
32515,2022-09-16 19:00:00,448.87,457.0,49.0,2.0,0.0,46.0,261.0,3.0
32516,2022-09-16 20:00:00,444.05,415.0,49.0,2.0,0.0,50.0,236.0,3.0
32517,2022-09-16 21:00:00,436.59,376.0,49.0,2.0,0.0,37.0,233.0,3.0
32518,2022-09-16 22:00:00,449.32,363.0,50.0,2.0,0.0,32.0,209.0,3.0
32519,2022-09-16 23:00:00,452.47,366.0,47.0,2.0,0.0,33.0,206.0,3.0
32520,2022-09-17 00:00:00,450.99,359.0,49.0,2.0,0.0,32.0,204.0,3.0
32521,2022-09-17 01:00:00,451.23,349.0,48.0,2.0,0.0,31.0,198.0,3.0
32522,2022-09-17 02:00:00,449.09,362.0,48.0,2.0,0.0,35.0,206.0,3.0
32523,2022-09-17 03:00:00,451.88,367.0,50.0,2.0,0.0,30.0,210.0,3.0
32524,2022-09-17 04:00:00,448.2,364.0,52.0,2.0,8.0,27.0,208.0,3.0
32525,2022-09-17 05:00:00,432.25,424.0,52.0,2.0,39.0,29.0,245.0,3.0
32526,2022-09-17 06:00:00,414.28,432.0,53.0,2.0,74.0,31.0,249.0,3.0
32527,2022-09-17 07:00:00,393.53,424.0,54.0,2.0,114.0,33.0,244.0,3.0
32528,2022-09-17 08:00:00,381.76,407.0,57.0,2.0,130.0,37.0,234.0,3.0
32529,2022-09-17 09:00:00,372.72,404.0,57.0,2.0,145.0,42.0,232.0,3.0
32530,2022-09-17 10:00:00,366.67,382.0,57.0,2.0,147.0,45.0,218.0,3.0
32531,2022-09-17 11:00:00,368.71,361.0,58.0,2.0,120.0,58.0,205.0,3.0
32532,2022-09-17 12:00:00,353.16,325.0,57.0,2.0,121.0,62.0,194.0,3.0
32533,2022-09-17 13:00:00,383.34,384.0,52.0,2.0,94.0,62.0,219.0,3.0
32534,2022-09-17 14:00:00,416.12,424.0,50.0,2.0,57.0,48.0,239.0,3.0
32535,2022-09-17 15:00:00,444.58,448.0,52.0,2.0,23.0,32.0,253.0,3.0
32536,2022-09-17 16:00:00,454.83,463.0,56.0,2.0,2.0,34.0,263.0,3.0
32537,2022-09-17 17:00:00,454.11,462.0,54.0,2.0,0.0,38.0,262.0,3.0
32538,2022-09-17 18:00:00,450.64,461.0,52.0,2.0,0.0,44.0,262.0,3.0
32539,2022-09-17 19:00:00,447.9,432.0,51.0,2.0,0.0,47.0,244.0,3.0
32540,2022-09-17 20:00:00,440.11,358.0,51.0,2.0,0.0,45.0,206.0,3.0
32541,2022-09-17 21:00:00,413.26,291.0,51.0,2.0,0.0,49.0,189.0,3.0
32542,2022-09-17 22:00:00,431.94,301.0,53.0,2.0,0.0,36.0,184.0,3.0
32543,2022-09-17 23:00:00,442.08,300.0,53.0,2.0,0.0,28.0,178.0,3.0
32544,2022-09-18 00:00:00,447.51,321.0,52.0,2.0,0.0,30.0,184.0,3.0
32545,2022-09-18 01:00:00,458.72,336.0,54.0,2.0,0.0,28.0,181.0,3.0
32546,2022-09-18 02:00:00,454.92,324.0,54.0,2.0,0.0,26.0,180.0,3.0
32547,2022-09-18 03:00:00,456.59,336.0,53.0,2.0,0.0,26.0,186.0,3.0
32548,2022-09-18 04:00:00,430.23,306.0,54.0,2.0,9.0,27.0,190.0,3.0
32549,2022-09-18 05:00:00,405.69,304.0,54.0,2.0,42.0,28.0,190.0,3.0
32550,2022-09-18 06:00:00,374.58,313.0,54.0,2.0,102.0,28.0,191.0,3.0
32551,2022-09-18 07:00:00,351.61,355.0,53.0,2.0,186.0,29.0,200.0,3.0
32552,2022-09-18 08:00:00,317.33,310.0,55.0,2.0,219.0,29.0,194.0,3.0
32553,2022-09-18 09:00:00,325.68,327.0,56.0,2.0,220.0,27.0,197.0,3.0
32554,2022-09-18 10:00:00,328.79,323.0,57.0,2.0,208.0,24.0,199.0,3.0
32555,2022-09-18 11:00:00,313.21,299.0,55.0,2.0,218.0,24.0,195.0,3.0
32556,2022-09-18 12:00:00,314.91,297.0,50.0,2.0,214.0,21.0,194.0,3.0
32557,2022-09-18 13:00:00,339.57,300.0,50.0,2.0,160.0,21.0,195.0,3.0
32558,2022-09-18 14:00:00,374.01,310.0,50.0,2.0,98.0,20.0,201.0,3.0
32559,2022-09-18 15:00:00,434.23,346.0,51.0,2.0,33.0,12.0,206.0,3.0
32560,2022-09-18 16:00:00,468.6,450.0,50.0,2.0,3.0,9.0,256.0,3.0
32561,2022-09-18 17:00:00,468.87,452.0,49.0,2.0,0.0,12.0,257.0,3.0
32562,2022-09-18 18:00:00,467.19,453.0,51.0,2.0,0.0,15.0,257.0,3.0
32563,2022-09-18 19:00:00,467.11,448.0,51.0,2.0,0.0,15.0,254.0,3.0
32564,2022-09-18 20:00:00,468.7,449.0,51.0,2.0,0.0,13.0,254.0,3.0
32565,2022-09-18 21:00:00,460.73,353.0,51.0,2.0,0.0,12.0,206.0,3.0
32566,2022-09-18 22:00:00,440.06,285.0,51.0,2.0,0.0,9.0,189.0,3.0
32567,2022-09-18 23:00:00,440.81,292.0,52.0,2.0,0.0,10.0,192.0,3.0
32568,2022-09-19 00:00:00,437.75,292.0,51.0,2.0,0.0,14.0,192.0,3.0
32569,2022-09-19 01:00:00,432.8,294.0,50.0,2.0,0.0,20.0,194.0,3.0
32570,2022-09-19 02:00:00,426.57,295.0,50.0,2.0,0.0,29.0,194.0,3.0
32571,2022-09-19 03:00:00,451.05,428.0,50.0,2.0,0.0,35.0,248.0,3.0
32572,2022-09-19 04:00:00,452.86,449.0,51.0,2.0,6.0,34.0,254.0,3.0
32573,2022-09-19 05:00:00,439.29,457.0,48.0,2.0,27.0,39.0,259.0,3.0
32574,2022-09-19 06:00:00,424.01,461.0,50.0,2.0,62.0,35.0,261.0,3.0
32575,2022-09-19 07:00:00,394.18,463.0,50.0,2.0,108.0,56.0,262.0,3.0
32576,2022-09-19 08:00:00,375.85,461.0,49.0,2.0,129.0,81.0,260.0,3.0
32577,2022-09-19 09:00:00,370.94,460.0,48.0,2.0,136.0,86.0,260.0,3.0
32578,2022-09-19 10:00:00,366.86,459.0,48.0,2.0,145.0,87.0,260.0,3.0
32579,2022-09-19 11:00:00,364.26,457.0,48.0,2.0,154.0,85.0,258.0,3.0
32580,2022-09-19 12:00:00,363.78,442.0,49.0,2.0,144.0,89.0,249.0,3.0
32581,2022-09-19 13:00:00,371.38,442.0,46.0,2.0,120.0,93.0,249.0,3.0
32582,2022-09-19 14:00:00,383.63,431.0,38.0,2.0,81.0,98.0,242.0,3.0
32583,2022-09-19 15:00:00,413.05,448.0,43.0,2.0,27.0,91.0,253.0,3.0
32584,2022-09-19 16:00:00,419.66,428.0,44.0,2.0,2.0,96.0,243.0,3.0
32585,2022-09-19 17:00:00,419.02,455.0,46.0,2.0,0.0,106.0,258.0,3.0
32586,2022-09-19 18:00:00,416.77,430.0,47.0,2.0,0.0,105.0,243.0,3.0
32587,2022-09-19 19:00:00,416.19,413.0,48.0,2.0,0.0,103.0,232.0,3.0
32588,2022-09-19 20:00:00,412.14,348.0,48.0,2.0,0.0,92.0,196.0,3.0
32589,2022-09-19 21:00:00,408.07,318.0,48.0,2.0,0.0,80.0,189.0,3.0
32590,2022-09-19 22:00:00,410.83,334.0,51.0,2.0,0.0,90.0,188.0,3.0
32591,2022-09-19 23:00:00,406.7,333.0,50.0,2.0,0.0,97.0,187.0,3.0
32592,2022-09-20 00:00:00,395.3,325.0,50.0,2.0,0.0,104.0,192.0,3.0
32593,2022-09-20 01:00:00,400.68,334.0,50.0,2.0,0.0,96.0,199.0,3.0
32594,2022-09-20 02:00:00,403.44,354.0,50.0,2.0,0.0,96.0,212.0,3.0
32595,2022-09-20 03:00:00,413.78,409.0,51.0,2.0,0.0,103.0,233.0,3.0
32596,2022-09-20 04:00:00,420.23,476.0,50.0,2.0,8.0,99.0,271.0,3.0
32597,2022-09-20 05:00:00,414.58,531.0,52.0,2.0,40.0,91.0,305.0,3.0
32598,2022-09-20 06:00:00,395.8,528.0,49.0,2.0,87.0,92.0,303.0,3.0
32599,2022-09-20 07:00:00,374.64,489.0,49.0,2.0,131.0,92.0,279.0,3.0
32600,2022-09-20 08:00:00,371.03,486.0,49.0,2.0,148.0,85.0,276.0,3.0
32601,2022-09-20 09:00:00,373.36,529.0,50.0,2.0,169.0,76.0,302.0,3.0
32602,2022-09-20 10:00:00,366.39,522.0,52.0,2.0,186.0,77.0,298.0,3.0
32603,2022-09-20 11:00:00,375.35,531.0,52.0,2.0,169.0,71.0,303.0,3.0
32604,2022-09-20 12:00:00,389.92,527.0,51.0,2.0,144.0,53.0,300.0,3.0
32605,2022-09-20 13:00:00,402.03,523.0,50.0,2.0,109.0,54.0,298.0,3.0
32606,2022-09-20 14:00:00,433.59,532.0,51.0,2.0,54.0,34.0,304.0,3.0
32607,2022-09-20 15:00:00,449.73,561.0,50.0,2.0,17.0,39.0,321.0,3.0
32608,2022-09-20 16:00:00,456.54,586.0,49.0,2.0,1.0,42.0,336.0,3.0
32609,2022-09-20 17:00:00,455.08,616.0,51.0,2.0,0.0,48.0,354.0,3.0
32610,2022-09-20 18:00:00,451.54,611.0,51.0,2.0,0.0,56.0,351.0,3.0
32611,2022-09-20 19:00:00,445.36,601.0,50.0,2.0,0.0,69.0,346.0,3.0
32612,2022-09-20 20:00:00,449.64,601.0,49.0,2.0,0.0,60.0,345.0,3.0
32613,2022-09-20 21:00:00,451.05,600.0,49.0,2.0,0.0,57.0,344.0,3.0
32614,2022-09-20 22:00:00,439.48,465.0,51.0,2.0,0.0,54.0,276.0,3.0
32615,2022-09-20 23:00:00,430.03,398.0,53.0,2.0,0.0,48.0,249.0,3.0
32616,2022-09-21 00:00:00,433.94,415.0,53.0,2.0,0.0,45.0,258.0,3.0
32617,2022-09-21 01:00:00,438.28,428.0,52.0,2.0,0.0,49.0,256.0,3.0
32618,2022-09-21 02:00:00,448.63,479.0,53.0,2.0,0.0,45.0,277.0,3.0
32619,2022-09-21 03:00:00,454.44,534.0,53.0,2.0,0.0,44.0,304.0,3.0
32620,2022-09-21 04:00:00,455.59,657.0,52.0,2.0,7.0,42.0,379.0,3.0
32621,2022-09-21 05:00:00,446.27,684.0,51.0,2.0,41.0,34.0,396.0,3.0
32622,2022-09-21 06:00:00,430.72,704.0,51.0,2.0,94.0,28.0,408.0,3.0
32623,2022-09-21 07:00:00,415.37,697.0,50.0,2.0,135.0,33.0,404.0,3.0
32624,2022-09-21 08:00:00,406.57,686.0,51.0,2.0,156.0,38.0,397.0,3.0
32625,2022-09-21 09:00:00,402.26,696.0,53.0,2.0,168.0,43.0,403.0,3.0
32626,2022-09-21 10:00:00,400.87,704.0,52.0,2.0,177.0,41.0,408.0,3.0
32627,2022-09-21 11:00:00,409.64,691.0,54.0,2.0,149.0,35.0,401.0,3.0
32628,2022-09-21 12:00:00,419.52,684.0,53.0,2.0,122.0,31.0,395.0,3.0
32629,2022-09-21 13:00:00,426.2,698.0,51.0,2.0,102.0,33.0,404.0,3.0
32630,2022-09-21 14:00:00,438.01,679.0,52.0,2.0,65.0,33.0,392.0,3.0
32631,2022-09-21 15:00:00,457.75,700.0,52.0,2.0,21.0,25.0,405.0,3.0
32632,2022-09-21 16:00:00,461.8,704.0,52.0,2.0,2.0,33.0,408.0,3.0
32633,2022-09-21 17:00:00,460.15,702.0,52.0,2.0,0.0,39.0,407.0,3.0
32634,2022-09-21 18:00:00,462.46,702.0,52.0,2.0,0.0,33.0,407.0,3.0
32635,2022-09-21 19:00:00,456.06,560.0,53.0,2.0,0.0,32.0,330.0,3.0
32636,2022-09-21 20:00:00,457.08,512.0,53.0,2.0,0.0,26.0,302.0,3.0
32637,2022-09-21 21:00:00,459.42,512.0,50.0,2.0,0.0,25.0,299.0,3.0
32638,2022-09-21 22:00:00,466.25,547.0,50.0,2.0,0.0,21.0,312.0,3.0
32639,2022-09-21 23:00:00,464.96,518.0,51.0,2.0,0.0,15.0,302.0,3.0
32640,2022-09-22 00:00:00,469.6,561.0,50.0,2.0,0.0,14.0,321.0,3.0
32641,2022-09-22 01:00:00,467.44,554.0,50.0,2.0,0.0,15.0,320.0,3.0
32642,2022-09-22 02:00:00,466.69,570.0,48.0,2.0,0.0,16.0,331.0,3.0
32643,2022-09-22 03:00:00,468.26,633.0,48.0,2.0,0.0,17.0,366.0,3.0
32644,2022-09-22 04:00:00,466.15,665.0,48.0,2.0,8.0,15.0,385.0,3.0
32645,2022-09-22 05:00:00,449.11,657.0,49.0,2.0,48.0,17.0,380.0,3.0
32646,2022-09-22 06:00:00,424.58,656.0,49.0,2.0,116.0,17.0,378.0,3.0
32647,2022-09-22 07:00:00,400.95,655.0,50.0,2.0,188.0,18.0,376.0,3.0
32648,2022-09-22 08:00:00,386.28,658.0,49.0,2.0,230.0,25.0,379.0,3.0
32649,2022-09-22 09:00:00,390.05,659.0,48.0,2.0,217.0,25.0,380.0,3.0
32650,2022-09-22 10:00:00,391.21,659.0,49.0,2.0,211.0,27.0,380.0,3.0
32651,2022-09-22 11:00:00,389.19,657.0,49.0,2.0,211.0,31.0,381.0,3.0
32652,2022-09-22 12:00:00,392.93,663.0,47.0,2.0,206.0,27.0,383.0,3.0
32653,2022-09-22 13:00:00,406.74,661.0,48.0,2.0,163.0,23.0,383.0,3.0
32654,2022-09-22 14:00:00,431.89,658.0,48.0,2.0,94.0,16.0,382.0,3.0
32655,2022-09-22 15:00:00,459.88,662.0,50.0,2.0,28.0,9.0,384.0,3.0
32656,2022-09-22 16:00:00,469.34,668.0,49.0,2.0,2.0,10.0,390.0,3.0
32657,2022-09-22 17:00:00,468.56,665.0,49.0,2.0,0.0,11.0,391.0,3.0
32658,2022-09-22 18:00:00,469.91,665.0,48.0,2.0,0.0,10.0,389.0,3.0
32659,2022-09-22 19:00:00,471.32,658.0,45.0,2.0,0.0,6.0,386.0,3.0
32660,2022-09-22 20:00:00,463.17,566.0,47.0,2.0,0.0,5.0,347.0,3.0
32661,2022-09-22 21:00:00,457.73,498.0,45.0,2.0,0.0,4.0,315.0,3.0
32662,2022-09-22 22:00:00,454.02,459.0,44.0,2.0,0.0,4.0,296.0,3.0
32663,2022-09-22 23:00:00,453.12,451.0,45.0,2.0,0.0,5.0,291.0,3.0
32664,2022-09-23 00:00:00,452.09,453.0,46.0,2.0,0.0,6.0,293.0,3.0
32665,2022-09-23 01:00:00,451.54,444.0,45.0,2.0,0.0,6.0,288.0,3.0
32666,2022-09-23 02:00:00,452.27,452.0,46.0,2.0,0.0,5.0,293.0,3.0
32667,2022-09-23 03:00:00,465.14,528.0,46.0,2.0,0.0,5.0,319.0,3.0
32668,2022-09-23 04:00:00,469.92,619.0,46.0,2.0,6.0,4.0,361.0,3.0
32669,2022-09-23 05:00:00,459.11,635.0,46.0,2.0,30.0,6.0,370.0,3.0
32670,2022-09-23 06:00:00,442.76,632.0,47.0,2.0,66.0,9.0,369.0,3.0
32671,2022-09-23 07:00:00,419.37,641.0,49.0,2.0,125.0,15.0,374.0,3.0
32672,2022-09-23 08:00:00,402.42,647.0,52.0,2.0,177.0,18.0,375.0,3.0
32673,2022-09-23 09:00:00,391.59,634.0,52.0,2.0,206.0,19.0,368.0,3.0
32674,2022-09-23 10:00:00,384.51,616.0,54.0,2.0,217.0,23.0,359.0,3.0
32675,2022-09-23 11:00:00,395.34,630.0,54.0,2.0,188.0,18.0,371.0,3.0
32676,2022-09-23 12:00:00,408.85,639.0,53.0,2.0,156.0,15.0,372.0,3.0
32677,2022-09-23 13:00:00,426.5,633.0,53.0,2.0,107.0,12.0,368.0,3.0
32678,2022-09-23 14:00:00,447.99,634.0,54.0,2.0,54.0,8.0,369.0,3.0
32679,2022-09-23 15:00:00,465.4,635.0,52.0,2.0,15.0,5.0,370.0,3.0
32680,2022-09-23 16:00:00,470.52,633.0,52.0,2.0,1.0,7.0,369.0,3.0
32681,2022-09-23 17:00:00,471.0,635.0,48.0,2.0,0.0,9.0,369.0,3.0
32682,2022-09-23 18:00:00,470.94,625.0,48.0,2.0,0.0,8.0,364.0,3.0
32683,2022-09-23 19:00:00,470.34,590.0,47.0,2.0,0.0,9.0,343.0,3.0
32684,2022-09-23 20:00:00,452.5,447.0,47.0,2.0,0.0,9.0,285.0,3.0
32685,2022-09-23 21:00:00,449.45,418.0,49.0,2.0,0.0,7.0,272.0,3.0
32686,2022-09-23 22:00:00,447.35,417.0,48.0,2.0,0.0,11.0,271.0,3.0
32687,2022-09-23 23:00:00,446.22,406.0,49.0,2.0,0.0,13.0,263.0,3.0
32688,2022-09-24 00:00:00,445.68,409.0,49.0,2.0,0.0,13.0,266.0,3.0
32689,2022-09-24 01:00:00,446.06,408.0,47.0,2.0,0.0,13.0,265.0,3.0
32690,2022-09-24 02:00:00,448.74,404.0,46.0,2.0,0.0,8.0,263.0,3.0
32691,2022-09-24 03:00:00,450.7,420.0,45.0,2.0,1.0,7.0,271.0,3.0
32692,2022-09-24 04:00:00,452.62,475.0,46.0,2.0,9.0,11.0,293.0,3.0
32693,2022-09-24 05:00:00,433.21,571.0,46.0,2.0,66.0,19.0,338.0,3.0
32694,2022-09-24 06:00:00,398.76,627.0,46.0,2.0,172.0,26.0,366.0,3.0
32695,2022-09-24 07:00:00,367.29,635.0,46.0,2.0,281.0,28.0,370.0,3.0
32696,2022-09-24 08:00:00,348.77,615.0,48.0,2.0,337.0,33.0,358.0,3.0
32697,2022-09-24 09:00:00,349.93,595.0,49.0,2.0,324.0,31.0,345.0,3.0
32698,2022-09-24 10:00:00,363.47,620.0,48.0,2.0,291.0,26.0,360.0,3.0
32699,2022-09-24 11:00:00,366.38,603.0,48.0,2.0,270.0,28.0,350.0,3.0
32700,2022-09-24 12:00:00,368.65,587.0,47.0,2.0,250.0,30.0,343.0,3.0
32701,2022-09-24 13:00:00,383.56,580.0,49.0,2.0,196.0,31.0,340.0,3.0
32702,2022-09-24 14:00:00,418.79,602.0,48.0,2.0,103.0,28.0,353.0,3.0
32703,2022-09-24 15:00:00,454.9,630.0,50.0,2.0,24.0,21.0,367.0,3.0
32704,2022-09-24 16:00:00,464.17,633.0,50.0,2.0,1.0,23.0,368.0,3.0
32705,2022-09-24 17:00:00,462.09,636.0,49.0,2.0,0.0,29.0,370.0,3.0
32706,2022-09-24 18:00:00,458.03,635.0,49.0,2.0,0.0,39.0,369.0,3.0
32707,2022-09-24 19:00:00,457.84,631.0,48.0,2.0,0.0,39.0,367.0,3.0
32708,2022-09-24 20:00:00,457.14,630.0,48.0,2.0,0.0,40.0,367.0,3.0
32709,2022-09-24 21:00:00,459.29,621.0,48.0,2.0,0.0,36.0,360.0,3.0
32710,2022-09-24 22:00:00,459.76,600.0,49.0,2.0,0.0,40.0,341.0,3.0
32711,2022-09-24 23:00:00,460.8,611.0,48.0,2.0,0.0,43.0,343.0,3.0
32712,2022-09-25 00:00:00,460.12,604.0,48.0,2.0,0.0,44.0,339.0,3.0
32713,2022-09-25 01:00:00,457.18,609.0,48.0,2.0,0.0,48.0,345.0,3.0
32714,2022-09-25 02:00:00,457.44,596.0,47.0,2.0,0.0,51.0,333.0,3.0
32715,2022-09-25 03:00:00,457.93,608.0,46.0,2.0,0.0,56.0,335.0,3.0
32716,2022-09-25 04:00:00,454.06,614.0,46.0,2.0,7.0,60.0,337.0,3.0
32717,2022-09-25 05:00:00,427.36,622.0,46.0,2.0,71.0,67.0,339.0,3.0
32718,2022-09-25 06:00:00,388.47,627.0,44.0,2.0,182.0,74.0,341.0,3.0
32719,2022-09-25 07:00:00,363.51,623.0,40.0,2.0,272.0,70.0,338.0,3.0
32720,2022-09-25 08:00:00,362.53,596.0,38.0,2.0,266.0,62.0,326.0,3.0
32721,2022-09-25 09:00:00,376.14,591.0,43.0,2.0,232.0,51.0,319.0,3.0
32722,2022-09-25 10:00:00,378.08,624.0,42.0,2.0,243.0,49.0,337.0,3.0
32723,2022-09-25 11:00:00,383.06,632.0,41.0,2.0,234.0,44.0,342.0,3.0
32724,2022-09-25 12:00:00,395.05,635.0,47.0,2.0,202.0,37.0,344.0,3.0
32725,2022-09-25 13:00:00,415.69,634.0,48.0,2.0,143.0,32.0,344.0,3.0
32726,2022-09-25 14:00:00,447.23,635.0,46.0,2.0,69.0,21.0,345.0,3.0
32727,2022-09-25 15:00:00,474.48,636.0,47.0,2.0,14.0,12.0,345.0,3.0
32728,2022-09-25 16:00:00,481.26,632.0,46.0,2.0,1.0,10.0,343.0,3.0
32729,2022-09-25 17:00:00,482.9,636.0,45.0,2.0,0.0,7.0,346.0,3.0
32730,2022-09-25 18:00:00,484.11,633.0,48.0,2.0,0.0,4.0,344.0,3.0
32731,2022-09-25 19:00:00,483.77,630.0,48.0,2.0,0.0,5.0,342.0,3.0
32732,2022-09-25 20:00:00,474.7,515.0,46.0,2.0,0.0,7.0,291.0,3.0
32733,2022-09-25 21:00:00,464.14,428.0,47.0,2.0,0.0,9.0,253.0,3.0
32734,2022-09-25 22:00:00,466.73,425.0,47.0,2.0,0.0,11.0,245.0,3.0
32735,2022-09-25 23:00:00,464.49,421.0,47.0,2.0,0.0,17.0,240.0,3.0
32736,2022-09-26 00:00:00,459.29,427.0,48.0,2.0,0.0,25.0,244.0,3.0
32737,2022-09-26 01:00:00,454.35,428.0,47.0,2.0,0.0,27.0,251.0,3.0
32738,2022-09-26 02:00:00,458.31,458.0,48.0,2.0,0.0,30.0,261.0,3.0
32739,2022-09-26 03:00:00,470.49,573.0,48.0,2.0,0.0,34.0,307.0,3.0
32740,2022-09-26 04:00:00,462.88,628.0,49.0,2.0,8.0,43.0,341.0,3.0
32741,2022-09-26 05:00:00,446.63,635.0,49.0,2.0,50.0,41.0,345.0,3.0
32742,2022-09-26 06:00:00,418.33,630.0,49.0,2.0,126.0,40.0,342.0,3.0
32743,2022-09-26 07:00:00,390.42,632.0,51.0,2.0,205.0,46.0,344.0,3.0
32744,2022-09-26 08:00:00,372.93,627.0,52.0,2.0,258.0,51.0,341.0,3.0
32745,2022-09-26 09:00:00,357.45,621.0,52.0,2.0,300.0,64.0,337.0,3.0
32746,2022-09-26 10:00:00,350.08,609.0,52.0,2.0,309.0,73.0,334.0,3.0
32747,2022-09-26 11:00:00,352.06,614.0,52.0,2.0,304.0,75.0,335.0,3.0
32748,2022-09-26 12:00:00,351.8,583.0,51.0,2.0,280.0,79.0,320.0,3.0
32749,2022-09-26 13:00:00,376.64,578.0,51.0,2.0,203.0,67.0,317.0,3.0
32750,2022-09-26 14:00:00,411.39,558.0,50.0,2.0,107.0,51.0,309.0,3.0
32751,2022-09-26 15:00:00,457.62,599.0,50.0,2.0,19.0,43.0,323.0,3.0
32752,2022-09-26 16:00:00,457.77,598.0,50.0,2.0,1.0,64.0,319.0,3.0
32753,2022-09-26 17:00:00,452.21,606.0,51.0,2.0,0.0,81.0,321.0,3.0
32754,2022-09-26 18:00:00,444.65,580.0,49.0,2.0,0.0,98.0,304.0,3.0
32755,2022-09-26 19:00:00,435.86,482.0,49.0,2.0,0.0,105.0,245.0,3.0
32756,2022-09-26 20:00:00,437.64,445.0,50.0,2.0,0.0,97.0,222.0,3.0
32757,2022-09-26 21:00:00,424.66,378.0,51.0,2.0,0.0,81.0,210.0,3.0
32758,2022-09-26 22:00:00,424.12,359.0,50.0,2.0,0.0,79.0,198.0,3.0
32759,2022-09-26 23:00:00,429.52,369.0,50.0,2.0,0.0,78.0,198.0,3.0
32760,2022-09-27 00:00:00,431.84,370.0,50.0,2.0,0.0,70.0,203.0,3.0
32761,2022-09-27 01:00:00,426.32,361.0,50.0,2.0,0.0,69.0,206.0,3.0
32762,2022-09-27 02:00:00,431.69,380.0,49.0,2.0,0.0,65.0,216.0,3.0
32763,2022-09-27 03:00:00,458.23,452.0,49.0,2.0,1.0,56.0,230.0,3.0
32764,2022-09-27 04:00:00,454.33,540.0,49.0,2.0,9.0,56.0,288.0,3.0
32765,2022-09-27 05:00:00,429.71,572.0,48.0,2.0,62.0,61.0,309.0,3.0
32766,2022-09-27 06:00:00,394.13,591.0,49.0,2.0,165.0,61.0,319.0,3.0
32767,2022-09-27 07:00:00,360.69,588.0,49.0,2.0,276.0,56.0,320.0,3.0
32768,2022-09-27 08:00:00,341.01,593.0,51.0,2.0,347.0,67.0,319.0,3.0
32769,2022-09-27 09:00:00,325.38,571.0,51.0,2.0,390.0,69.0,311.0,3.0
32770,2022-09-27 10:00:00,330.14,588.0,51.0,2.0,385.0,67.0,320.0,3.0
32771,2022-09-27 11:00:00,341.39,578.0,50.0,2.0,338.0,62.0,313.0,3.0
32772,2022-09-27 12:00:00,362.33,586.0,51.0,2.0,267.0,61.0,316.0,3.0
32773,2022-09-27 13:00:00,385.02,592.0,52.0,2.0,195.0,60.0,319.0,3.0
32774,2022-09-27 14:00:00,417.28,589.0,52.0,2.0,99.0,61.0,317.0,3.0
32775,2022-09-27 15:00:00,451.69,591.0,51.0,2.0,17.0,57.0,319.0,3.0
32776,2022-09-27 16:00:00,449.66,590.0,51.0,2.0,1.0,77.0,319.0,3.0
32777,2022-09-27 17:00:00,442.1,590.0,50.0,2.0,0.0,96.0,319.0,3.0
32778,2022-09-27 18:00:00,439.75,582.0,49.0,2.0,0.0,101.0,314.0,3.0
32779,2022-09-27 19:00:00,440.04,569.0,48.0,2.0,0.0,99.0,306.0,3.0
32780,2022-09-27 20:00:00,438.89,512.0,48.0,2.0,0.0,94.0,272.0,3.0
32781,2022-09-27 21:00:00,436.59,484.0,49.0,2.0,0.0,93.0,257.0,3.0
32782,2022-09-27 22:00:00,430.82,466.0,50.0,2.0,0.0,86.0,262.0,3.0
32783,2022-09-27 23:00:00,422.87,443.0,50.0,2.0,0.0,90.0,256.0,3.0
32784,2022-09-28 00:00:00,423.73,425.0,50.0,2.0,0.0,78.0,252.0,3.0
32785,2022-09-28 01:00:00,434.01,445.0,49.0,2.0,0.0,73.0,253.0,3.0
32786,2022-09-28 02:00:00,438.16,501.0,51.0,2.0,0.0,80.0,279.0,3.0
32787,2022-09-28 03:00:00,443.2,572.0,53.0,2.0,0.0,77.0,322.0,3.0
32788,2022-09-28 04:00:00,440.08,592.0,52.0,2.0,4.0,83.0,334.0,3.0
32789,2022-09-28 05:00:00,436.62,606.0,51.0,2.0,34.0,72.0,334.0,3.0
32790,2022-09-28 06:00:00,420.99,610.0,52.0,2.0,89.0,64.0,331.0,3.0
32791,2022-09-28 07:00:00,390.73,612.0,53.0,2.0,187.0,56.0,332.0,3.0
32792,2022-09-28 08:00:00,358.8,605.0,55.0,2.0,280.0,71.0,327.0,3.0
32793,2022-09-28 09:00:00,334.71,590.0,49.0,2.0,337.0,99.0,319.0,3.0
32794,2022-09-28 10:00:00,329.62,568.0,50.0,2.0,336.0,104.0,308.0,3.0
32795,2022-09-28 11:00:00,347.82,588.0,51.0,2.0,292.0,92.0,316.0,3.0
32796,2022-09-28 12:00:00,366.54,610.0,54.0,2.0,223.0,103.0,329.0,3.0
32797,2022-09-28 13:00:00,388.89,608.0,54.0,2.0,140.0,109.0,328.0,3.0
32798,2022-09-28 14:00:00,414.3,613.0,53.0,2.0,73.0,102.0,330.0,3.0
32799,2022-09-28 15:00:00,444.0,617.0,54.0,2.0,13.0,83.0,333.0,3.0
32800,2022-09-28 16:00:00,448.34,618.0,54.0,2.0,1.0,85.0,333.0,3.0
32801,2022-09-28 17:00:00,448.17,620.0,53.0,2.0,0.0,86.0,335.0,3.0
32802,2022-09-28 18:00:00,454.56,610.0,52.0,2.0,0.0,70.0,329.0,3.0
32803,2022-09-28 19:00:00,456.13,608.0,52.0,2.0,0.0,66.0,328.0,3.0
32804,2022-09-28 20:00:00,452.85,520.0,52.0,2.0,0.0,50.0,292.0,3.0
32805,2022-09-28 21:00:00,444.88,453.0,52.0,2.0,0.0,43.0,268.0,3.0
32806,2022-09-28 22:00:00,441.71,424.0,52.0,2.0,0.0,42.0,254.0,3.0
32807,2022-09-28 23:00:00,448.92,423.0,51.0,2.0,0.0,29.0,254.0,3.0
32808,2022-09-29 00:00:00,451.21,424.0,50.0,2.0,0.0,26.0,254.0,3.0
32809,2022-09-29 01:00:00,451.32,426.0,51.0,2.0,0.0,26.0,255.0,3.0
32810,2022-09-29 02:00:00,455.63,450.0,50.0,2.0,0.0,22.0,268.0,3.0
32811,2022-09-29 03:00:00,459.96,513.0,48.0,2.0,0.0,19.0,305.0,3.0
32812,2022-09-29 04:00:00,459.43,557.0,47.0,2.0,3.0,19.0,332.0,3.0
32813,2022-09-29 05:00:00,448.18,569.0,50.0,2.0,28.0,18.0,340.0,3.0
32814,2022-09-29 06:00:00,434.63,567.0,50.0,2.0,65.0,13.0,338.0,3.0
32815,2022-09-29 07:00:00,418.05,563.0,49.0,2.0,102.0,13.0,339.0,3.0
32816,2022-09-29 08:00:00,384.45,503.0,49.0,2.0,121.0,14.0,354.0,3.0
32817,2022-09-29 09:00:00,379.39,492.0,46.0,2.0,118.0,14.0,360.0,3.0
32818,2022-09-29 10:00:00,379.37,469.0,45.0,2.0,107.0,17.0,345.0,3.0
32819,2022-09-29 11:00:00,394.41,457.0,48.0,2.0,80.0,14.0,326.0,3.0
32820,2022-09-29 12:00:00,407.95,458.0,48.0,2.0,56.0,16.0,318.0,3.0
32821,2022-09-29 13:00:00,412.53,458.0,48.0,2.0,39.0,12.0,329.0,3.0
32822,2022-09-29 14:00:00,419.74,457.0,47.0,2.0,18.0,9.0,337.0,3.0
32823,2022-09-29 15:00:00,425.88,463.0,48.0,2.0,4.0,10.0,342.0,3.0
32824,2022-09-29 16:00:00,427.72,482.0,48.0,2.0,0.0,13.0,354.0,3.0
32825,2022-09-29 17:00:00,427.63,470.0,47.0,2.0,0.0,11.0,347.0,3.0
32826,2022-09-29 18:00:00,427.58,457.0,47.0,2.0,0.0,9.0,339.0,3.0
32827,2022-09-29 19:00:00,428.25,451.0,47.0,2.0,0.0,7.0,335.0,3.0
32828,2022-09-29 20:00:00,427.3,455.0,47.0,2.0,0.0,9.0,338.0,3.0
32829,2022-09-29 21:00:00,427.62,456.0,48.0,2.0,0.0,9.0,338.0,3.0
32830,2022-09-29 22:00:00,425.85,436.0,47.0,2.0,0.0,9.0,326.0,3.0
32831,2022-09-29 23:00:00,427.05,441.0,29.0,2.0,0.0,12.0,327.0,3.0
32832,2022-09-30 00:00:00,424.58,444.0,22.0,2.0,0.0,16.0,331.0,3.0
32833,2022-09-30 01:00:00,421.28,441.0,22.0,2.0,0.0,20.0,331.0,3.0
32834,2022-09-30 02:00:00,421.53,448.0,23.0,2.0,0.0,23.0,333.0,3.0
32835,2022-09-30 03:00:00,419.9,444.0,23.0,2.0,0.0,25.0,331.0,3.0
32836,2022-09-30 04:00:00,418.07,451.0,26.0,2.0,3.0,27.0,335.0,3.0
32837,2022-09-30 05:00:00,405.74,449.0,26.0,2.0,25.0,30.0,334.0,3.0
32838,2022-09-30 06:00:00,385.33,451.0,25.0,2.0,72.0,30.0,335.0,3.0
32839,2022-09-30 07:00:00,362.1,452.0,25.0,2.0,128.0,34.0,335.0,3.0
32840,2022-09-30 08:00:00,352.39,465.0,25.0,2.0,158.0,39.0,342.0,3.0
32841,2022-09-30 09:00:00,344.15,461.0,26.0,2.0,174.0,45.0,340.0,3.0
32842,2022-09-30 10:00:00,341.46,459.0,28.0,2.0,181.0,45.0,339.0,3.0
32843,2022-09-30 11:00:00,342.18,460.0,28.0,2.0,174.0,50.0,340.0,3.0
32844,2022-09-30 12:00:00,349.52,455.0,29.0,2.0,155.0,51.0,330.0,3.0
32845,2022-09-30 13:00:00,359.21,452.0,29.0,2.0,121.0,49.0,335.0,3.0
32846,2022-09-30 14:00:00,386.42,457.0,30.0,2.0,59.0,43.0,338.0,3.0
32847,2022-09-30 15:00:00,409.77,459.0,30.0,2.0,11.0,38.0,340.0,4.0
32848,2022-09-30 16:00:00,411.61,460.0,29.0,2.0,0.0,46.0,340.0,4.0
32849,2022-09-30 17:00:00,408.79,469.0,27.0,2.0,0.0,54.0,346.0,4.0
32850,2022-09-30 18:00:00,409.7,463.0,36.0,2.0,0.0,50.0,342.0,4.0
32851,2022-09-30 19:00:00,409.87,457.0,37.0,2.0,0.0,46.0,340.0,3.0
32852,2022-09-30 20:00:00,411.21,463.0,39.0,2.0,0.0,45.0,343.0,3.0
32853,2022-09-30 21:00:00,413.53,446.0,46.0,2.0,0.0,48.0,320.0,3.0
32854,2022-09-30 22:00:00,409.56,349.0,50.0,2.0,0.0,47.0,246.0,3.0
32855,2022-09-30 23:00:00,409.71,339.0,52.0,2.0,0.0,56.0,228.0,3.0
32856,2022-10-01 00:00:00,417.37,360.0,50.0,2.0,0.0,46.0,243.0,3.0
32857,2022-10-01 01:00:00,413.11,351.0,47.0,2.0,0.0,50.0,239.0,3.0
32858,2022-10-01 02:00:00,406.21,366.0,45.0,2.0,0.0,67.0,247.0,3.0
32859,2022-10-01 03:00:00,411.72,387.0,45.0,2.0,0.0,83.0,239.0,3.0
32860,2022-10-01 04:00:00,411.66,413.0,46.0,2.0,5.0,98.0,241.0,3.0
32861,2022-10-01 05:00:00,392.39,424.0,46.0,2.0,56.0,91.0,247.0,3.0
32862,2022-10-01 06:00:00,368.36,429.0,48.0,2.0,139.0,67.0,250.0,3.0
32863,2022-10-01 07:00:00,368.94,470.0,49.0,2.0,191.0,51.0,256.0,3.0
32864,2022-10-01 08:00:00,363.12,488.0,47.0,2.0,220.0,52.0,262.0,3.0
32865,2022-10-01 09:00:00,351.11,496.0,46.0,2.0,252.0,58.0,270.0,3.0
32866,2022-10-01 10:00:00,351.23,504.0,47.0,2.0,243.0,72.0,274.0,3.0
32867,2022-10-01 11:00:00,367.82,514.0,47.0,2.0,203.0,69.0,276.0,3.0
32868,2022-10-01 12:00:00,387.31,510.0,49.0,2.0,157.0,58.0,273.0,3.0
32869,2022-10-01 13:00:00,417.58,505.0,46.0,2.0,96.0,42.0,270.0,3.0
32870,2022-10-01 14:00:00,452.61,515.0,47.0,2.0,36.0,27.0,277.0,3.0
32871,2022-10-01 15:00:00,468.62,515.0,47.0,2.0,6.0,26.0,277.0,3.0
32872,2022-10-01 16:00:00,466.3,516.0,47.0,2.0,0.0,36.0,278.0,3.0
32873,2022-10-01 17:00:00,461.77,515.0,47.0,2.0,0.0,45.0,277.0,3.0
32874,2022-10-01 18:00:00,460.66,496.0,46.0,2.0,0.0,46.0,266.0,3.0
32875,2022-10-01 19:00:00,457.4,491.0,45.0,2.0,0.0,54.0,261.0,3.0
32876,2022-10-01 20:00:00,451.0,475.0,46.0,2.0,0.0,55.0,261.0,3.0
32877,2022-10-01 21:00:00,440.16,418.0,48.0,2.0,0.0,55.0,240.0,3.0
32878,2022-10-01 22:00:00,448.79,426.0,47.0,2.0,0.0,51.0,235.0,3.0
32879,2022-10-01 23:00:00,464.58,453.0,48.0,2.0,0.0,45.0,232.0,3.0
32880,2022-10-02 00:00:00,470.35,454.0,48.0,2.0,0.0,37.0,231.0,3.0
32881,2022-10-02 01:00:00,475.74,462.0,48.0,2.0,0.0,33.0,231.0,3.0
32882,2022-10-02 02:00:00,482.07,468.0,49.0,2.0,0.0,26.0,231.0,3.0
32883,2022-10-02 03:00:00,473.38,444.0,48.0,2.0,0.0,24.0,233.0,3.0
32884,2022-10-02 04:00:00,467.25,441.0,48.0,2.0,2.0,27.0,236.0,3.0
32885,2022-10-02 05:00:00,467.36,477.0,45.0,2.0,14.0,28.0,246.0,3.0
32886,2022-10-02 06:00:00,455.26,496.0,47.0,2.0,40.0,25.0,257.0,3.0
32887,2022-10-02 07:00:00,428.95,497.0,48.0,2.0,89.0,24.0,263.0,3.0
32888,2022-10-02 08:00:00,392.3,505.0,48.0,2.0,171.0,30.0,269.0,3.0
32889,2022-10-02 09:00:00,366.75,496.0,51.0,2.0,231.0,38.0,263.0,3.0
32890,2022-10-02 10:00:00,361.24,491.0,51.0,2.0,244.0,40.0,259.0,3.0
32891,2022-10-02 11:00:00,376.96,456.0,51.0,2.0,188.0,36.0,238.0,3.0
32892,2022-10-02 12:00:00,399.04,436.0,51.0,2.0,132.0,32.0,226.0,3.0
32893,2022-10-02 13:00:00,425.12,432.0,49.0,2.0,84.0,25.0,224.0,3.0
32894,2022-10-02 14:00:00,447.94,456.0,49.0,2.0,41.0,29.0,238.0,3.0
32895,2022-10-02 15:00:00,465.4,459.0,50.0,2.0,7.0,32.0,240.0,3.0
32896,2022-10-02 16:00:00,463.63,463.0,48.0,2.0,0.0,42.0,243.0,3.0
32897,2022-10-02 17:00:00,460.84,458.0,46.0,2.0,0.0,48.0,239.0,3.0
32898,2022-10-02 18:00:00,452.71,449.0,47.0,2.0,0.0,61.0,234.0,3.0
32899,2022-10-02 19:00:00,450.18,412.0,47.0,2.0,0.0,62.0,212.0,3.0
32900,2022-10-02 20:00:00,429.36,367.0,48.0,2.0,0.0,74.0,201.0,3.0
32901,2022-10-02 21:00:00,425.23,357.0,47.0,2.0,0.0,78.0,196.0,3.0
32902,2022-10-02 22:00:00,441.57,313.0,47.0,2.0,0.0,74.0,143.0,3.0
32903,2022-10-02 23:00:00,437.49,288.0,47.0,2.0,0.0,73.0,131.0,3.0
32904,2022-10-03 00:00:00,441.28,300.0,47.0,2.0,0.0,77.0,131.0,3.0
32905,2022-10-03 01:00:00,434.83,304.0,49.0,2.0,0.0,87.0,132.0,3.0
32906,2022-10-03 02:00:00,406.97,292.0,50.0,2.0,0.0,107.0,141.0,3.0
32907,2022-10-03 03:00:00,412.5,407.0,49.0,2.0,0.0,134.0,203.0,3.0
32908,2022-10-03 04:00:00,413.83,464.0,50.0,2.0,2.0,137.0,243.0,3.0
32909,2022-10-03 05:00:00,405.63,465.0,51.0,2.0,20.0,138.0,243.0,3.0
32910,2022-10-03 06:00:00,394.53,466.0,49.0,2.0,49.0,135.0,244.0,3.0
32911,2022-10-03 07:00:00,380.08,466.0,51.0,2.0,73.0,147.0,244.0,3.0
32912,2022-10-03 08:00:00,364.51,465.0,50.0,2.0,88.0,175.0,242.0,3.0
32913,2022-10-03 09:00:00,359.59,465.0,49.0,2.0,93.0,184.0,242.0,3.0
32914,2022-10-03 10:00:00,356.88,466.0,49.0,2.0,92.0,193.0,243.0,3.0
32915,2022-10-03 11:00:00,359.32,467.0,49.0,2.0,79.0,200.0,243.0,3.0
32916,2022-10-03 12:00:00,364.26,457.0,49.0,2.0,58.0,202.0,237.0,3.0
32917,2022-10-03 13:00:00,374.05,469.0,49.0,2.0,33.0,205.0,245.0,3.0
32918,2022-10-03 14:00:00,384.0,468.0,48.0,2.0,14.0,204.0,238.0,3.0
32919,2022-10-03 15:00:00,384.38,467.0,49.0,2.0,3.0,209.0,242.0,3.0
32920,2022-10-03 16:00:00,378.93,466.0,50.0,2.0,0.0,224.0,243.0,3.0
32921,2022-10-03 17:00:00,378.95,466.0,48.0,2.0,0.0,224.0,243.0,3.0
32922,2022-10-03 18:00:00,378.55,462.0,48.0,2.0,0.0,223.0,241.0,3.0
32923,2022-10-03 19:00:00,382.07,465.0,47.0,2.0,0.0,216.0,242.0,3.0
32924,2022-10-03 20:00:00,381.34,454.0,45.0,2.0,0.0,214.0,235.0,3.0
32925,2022-10-03 21:00:00,380.14,451.0,45.0,2.0,0.0,217.0,232.0,3.0
32926,2022-10-03 22:00:00,380.68,411.0,38.0,2.0,0.0,215.0,193.0,3.0
32927,2022-10-03 23:00:00,376.86,369.0,40.0,2.0,0.0,216.0,158.0,3.0
32928,2022-10-04 00:00:00,372.37,357.0,41.0,2.0,0.0,214.0,157.0,3.0
32929,2022-10-04 01:00:00,358.64,326.0,43.0,2.0,0.0,211.0,155.0,3.0
32930,2022-10-04 02:00:00,381.6,383.0,43.0,2.0,0.0,200.0,178.0,3.0
32931,2022-10-04 03:00:00,395.35,432.0,44.0,2.0,0.0,189.0,206.0,3.0
32932,2022-10-04 04:00:00,397.86,458.0,46.0,2.0,2.0,173.0,238.0,3.0
32933,2022-10-04 05:00:00,398.95,463.0,46.0,2.0,11.0,163.0,241.0,3.0
32934,2022-10-04 06:00:00,391.25,468.0,46.0,2.0,28.0,166.0,244.0,3.0
32935,2022-10-04 07:00:00,388.77,470.0,46.0,2.0,50.0,153.0,243.0,3.0
32936,2022-10-04 08:00:00,389.12,471.0,48.0,2.0,68.0,134.0,244.0,3.0
32937,2022-10-04 09:00:00,388.88,463.0,47.0,2.0,78.0,123.0,238.0,3.0
32938,2022-10-04 10:00:00,387.95,470.0,47.0,2.0,79.0,127.0,242.0,3.0
32939,2022-10-04 11:00:00,395.49,486.0,51.0,2.0,74.0,118.0,252.0,3.0
32940,2022-10-04 12:00:00,403.44,473.0,52.0,2.0,60.0,109.0,244.0,3.0
32941,2022-10-04 13:00:00,411.93,465.0,50.0,2.0,41.0,107.0,239.0,3.0
32942,2022-10-04 14:00:00,430.01,478.0,49.0,2.0,21.0,91.0,247.0,3.0
32943,2022-10-04 15:00:00,446.32,480.0,48.0,2.0,3.0,78.0,247.0,3.0
32944,2022-10-04 16:00:00,453.76,476.0,49.0,2.0,0.0,66.0,245.0,3.0
32945,2022-10-04 17:00:00,461.97,479.0,49.0,2.0,0.0,52.0,246.0,3.0
32946,2022-10-04 18:00:00,466.1,471.0,47.0,2.0,0.0,44.0,242.0,3.0
32947,2022-10-04 19:00:00,469.3,446.0,47.0,2.0,0.0,38.0,227.0,3.0
32948,2022-10-04 20:00:00,477.46,441.0,47.0,2.0,0.0,25.0,224.0,3.0
32949,2022-10-04 21:00:00,480.76,405.0,47.0,2.0,0.0,22.0,201.0,3.0
32950,2022-10-04 22:00:00,488.3,374.0,48.0,2.0,0.0,25.0,170.0,3.0
32951,2022-10-04 23:00:00,497.74,357.0,49.0,2.0,0.0,24.0,150.0,3.0
32952,2022-10-05 00:00:00,491.88,341.0,50.0,2.0,0.0,22.0,150.0,3.0
32953,2022-10-05 01:00:00,489.12,342.0,49.0,2.0,0.0,25.0,151.0,3.0
32954,2022-10-05 02:00:00,487.72,408.0,51.0,2.0,0.0,35.0,179.0,3.0
32955,2022-10-05 03:00:00,481.39,450.0,52.0,2.0,0.0,35.0,212.0,3.0
32956,2022-10-05 04:00:00,464.2,463.0,53.0,2.0,2.0,45.0,236.0,3.0
32957,2022-10-05 05:00:00,454.69,476.0,52.0,2.0,10.0,55.0,244.0,4.0
32958,2022-10-05 06:00:00,445.26,459.0,51.0,2.0,23.0,58.0,234.0,4.0
32959,2022-10-05 07:00:00,442.37,463.0,51.0,2.0,25.0,62.0,236.0,3.0
32960,2022-10-05 08:00:00,435.4,470.0,49.0,2.0,35.0,67.0,240.0,3.0
32961,2022-10-05 09:00:00,435.91,475.0,47.0,2.0,43.0,58.0,244.0,3.0
32962,2022-10-05 10:00:00,430.97,469.0,50.0,2.0,52.0,58.0,240.0,3.0
32963,2022-10-05 11:00:00,435.33,466.0,50.0,2.0,44.0,57.0,238.0,3.0
32964,2022-10-05 12:00:00,545.05,590.0,49.0,0.0,30.0,65.0,122.0,1.0
32965,2022-10-05 13:00:00,577.75,619.0,48.0,0.0,15.0,69.0,94.0,1.0
32966,2022-10-05 14:00:00,586.92,621.0,49.0,0.0,5.0,66.0,94.0,1.0
32967,2022-10-05 15:00:00,589.68,622.0,50.0,0.0,1.0,66.0,94.0,1.0
32968,2022-10-05 16:00:00,578.59,620.0,51.0,0.0,0.0,82.0,94.0,1.0
32969,2022-10-05 17:00:00,568.75,618.0,51.0,0.0,0.0,96.0,94.0,1.0
32970,2022-10-05 18:00:00,551.66,581.0,50.0,0.0,0.0,110.0,93.0,1.0
32971,2022-10-05 19:00:00,544.54,497.0,49.0,0.0,0.0,103.0,78.0,1.0
32972,2022-10-05 20:00:00,511.24,379.0,49.0,0.0,0.0,113.0,58.0,1.0
32973,2022-10-05 21:00:00,479.86,367.0,50.0,0.0,0.0,137.0,66.0,1.0
32974,2022-10-05 22:00:00,432.18,307.0,50.0,0.0,0.0,144.0,82.0,1.0
32975,2022-10-05 23:00:00,415.68,290.0,51.0,0.0,0.0,152.0,83.0,1.0
32976,2022-10-06 00:00:00,403.0,300.0,51.0,0.0,0.0,176.0,86.0,1.0
32977,2022-10-06 01:00:00,394.56,302.0,51.0,0.0,0.0,190.0,87.0,1.0
32978,2022-10-06 02:00:00,398.17,316.0,51.0,0.0,0.0,197.0,87.0,1.0
32979,2022-10-06 03:00:00,428.71,390.0,49.0,0.0,0.0,212.0,83.0,1.0
32980,2022-10-06 04:00:00,464.09,497.0,50.0,0.0,0.0,217.0,90.0,1.0
32981,2022-10-06 05:00:00,470.28,538.0,50.0,0.0,3.0,226.0,92.0,1.0
32982,2022-10-06 06:00:00,467.0,546.0,52.0,0.0,11.0,231.0,90.0,1.0
32983,2022-10-06 07:00:00,442.06,498.0,52.0,0.0,22.0,238.0,90.0,1.0
32984,2022-10-06 08:00:00,410.46,435.0,49.0,0.0,38.0,241.0,87.0,1.0
32985,2022-10-06 09:00:00,392.11,401.0,48.0,0.0,49.0,244.0,81.0,1.0
32986,2022-10-06 10:00:00,383.28,400.0,48.0,0.0,58.0,254.0,80.0,1.0
32987,2022-10-06 11:00:00,362.76,394.0,48.0,0.0,89.0,265.0,79.0,1.0
32988,2022-10-06 12:00:00,351.19,400.0,51.0,0.0,120.0,269.0,80.0,1.0
32989,2022-10-06 13:00:00,373.07,401.0,52.0,0.0,78.0,258.0,80.0,1.0
32990,2022-10-06 14:00:00,404.51,405.0,51.0,0.0,28.0,243.0,81.0,1.0
32991,2022-10-06 15:00:00,437.5,443.0,51.0,0.0,4.0,229.0,86.0,1.0
32992,2022-10-06 16:00:00,451.91,462.0,51.0,0.0,0.0,216.0,90.0,1.0
32993,2022-10-06 17:00:00,464.95,497.0,52.0,0.0,0.0,214.0,91.0,1.0
32994,2022-10-06 18:00:00,428.84,418.0,52.0,0.0,0.0,227.0,89.0,1.0
32995,2022-10-06 19:00:00,394.49,357.0,52.0,0.0,0.0,242.0,86.0,1.0
32996,2022-10-06 20:00:00,357.87,280.0,52.0,0.0,0.0,237.0,80.0,1.0
32997,2022-10-06 21:00:00,359.21,275.0,52.0,0.0,0.0,229.0,80.0,1.0
32998,2022-10-06 22:00:00,358.6,266.0,52.0,0.0,0.0,225.0,75.0,1.0
32999,2022-10-06 23:00:00,354.35,263.0,52.0,0.0,0.0,228.0,76.0,1.0
33000,2022-10-07 00:00:00,351.54,263.0,53.0,0.0,0.0,228.0,81.0,1.0
33001,2022-10-07 01:00:00,347.31,265.0,53.0,0.0,0.0,232.0,87.0,1.0
33002,2022-10-07 02:00:00,357.11,269.0,53.0,0.0,0.0,220.0,86.0,1.0
33003,2022-10-07 03:00:00,405.57,363.0,53.0,0.0,0.0,226.0,87.0,1.0
33004,2022-10-07 04:00:00,437.12,426.0,52.0,0.0,1.0,217.0,89.0,1.0
33005,2022-10-07 05:00:00,432.86,429.0,52.0,0.0,16.0,211.0,90.0,1.0
33006,2022-10-07 06:00:00,418.94,432.0,52.0,0.0,53.0,203.0,90.0,1.0
33007,2022-10-07 07:00:00,399.57,426.0,50.0,0.0,84.0,207.0,90.0,1.0
33008,2022-10-07 08:00:00,372.88,389.0,52.0,0.0,110.0,204.0,90.0,1.0
33009,2022-10-07 09:00:00,340.45,356.0,53.0,0.0,151.0,207.0,86.0,1.0
33010,2022-10-07 10:00:00,310.36,319.0,52.0,0.0,181.0,213.0,79.0,1.0
33011,2022-10-07 11:00:00,304.55,312.0,49.0,0.0,180.0,220.0,78.0,1.0
33012,2022-10-07 12:00:00,329.55,318.0,48.0,0.0,128.0,216.0,78.0,1.0
33013,2022-10-07 13:00:00,372.87,362.0,49.0,0.0,74.0,217.0,85.0,1.0
33014,2022-10-07 14:00:00,414.97,396.0,52.0,0.0,23.0,213.0,88.0,1.0
33015,2022-10-07 15:00:00,434.49,421.0,52.0,0.0,2.0,217.0,89.0,1.0
33016,2022-10-07 16:00:00,429.43,435.0,52.0,0.0,0.0,238.0,90.0,1.0
33017,2022-10-07 17:00:00,428.04,429.0,52.0,0.0,0.0,237.0,89.0,1.0
33018,2022-10-07 18:00:00,397.3,366.0,52.0,0.0,0.0,243.0,88.0,1.0
33019,2022-10-07 19:00:00,369.57,308.0,52.0,0.0,0.0,242.0,84.0,1.0
33020,2022-10-07 20:00:00,335.7,250.0,52.0,0.0,0.0,245.0,77.0,1.0
33021,2022-10-07 21:00:00,325.46,242.0,52.0,0.0,0.0,251.0,80.0,1.0
33022,2022-10-07 22:00:00,323.57,243.0,52.0,0.0,0.0,251.0,85.0,1.0
33023,2022-10-07 23:00:00,334.69,243.0,52.0,0.0,0.0,228.0,87.0,1.0
33024,2022-10-08 00:00:00,335.29,243.0,53.0,0.0,0.0,227.0,87.0,1.0
33025,2022-10-08 01:00:00,331.5,243.0,53.0,0.0,0.0,233.0,88.0,1.0
33026,2022-10-08 02:00:00,350.61,259.0,53.0,0.0,0.0,221.0,85.0,1.0
33027,2022-10-08 03:00:00,364.31,274.0,52.0,0.0,0.0,217.0,82.0,1.0
33028,2022-10-08 04:00:00,383.58,311.0,48.0,0.0,1.0,219.0,84.0,1.0
33029,2022-10-08 05:00:00,373.66,322.0,48.0,0.0,25.0,221.0,87.0,1.0
33030,2022-10-08 06:00:00,341.62,326.0,49.0,0.0,88.0,229.0,87.0,1.0
33031,2022-10-08 07:00:00,318.25,336.0,48.0,0.0,159.0,228.0,88.0,1.0
33032,2022-10-08 08:00:00,286.5,332.0,49.0,0.0,230.0,246.0,88.0,1.0
33033,2022-10-08 09:00:00,250.41,281.0,50.0,0.0,259.0,256.0,82.0,1.0
33034,2022-10-08 10:00:00,265.0,280.0,50.0,0.0,221.0,241.0,82.0,1.0
33035,2022-10-08 11:00:00,306.88,293.0,51.0,0.0,147.0,214.0,83.0,1.0
33036,2022-10-08 12:00:00,347.59,322.0,51.0,0.0,95.0,204.0,87.0,1.0
33037,2022-10-08 13:00:00,395.1,329.0,52.0,0.0,47.0,166.0,88.0,1.0
33038,2022-10-08 14:00:00,461.19,389.0,52.0,0.0,14.0,139.0,89.0,1.0
33039,2022-10-08 15:00:00,501.46,416.0,52.0,0.0,2.0,109.0,90.0,1.0
33040,2022-10-08 16:00:00,510.69,425.0,53.0,0.0,0.0,103.0,90.0,1.0
33041,2022-10-08 17:00:00,519.19,425.0,53.0,0.0,0.0,96.0,86.0,1.0
33042,2022-10-08 18:00:00,519.17,412.0,53.0,0.0,0.0,90.0,86.0,1.0
33043,2022-10-08 19:00:00,515.33,423.0,53.0,0.0,0.0,95.0,91.0,1.0
33044,2022-10-08 20:00:00,498.75,358.0,53.0,0.0,0.0,86.0,88.0,1.0
33045,2022-10-08 21:00:00,494.72,323.0,53.0,0.0,0.0,70.0,90.0,1.0
33046,2022-10-08 22:00:00,501.85,332.0,53.0,0.0,0.0,63.0,94.0,1.0
33047,2022-10-08 23:00:00,498.43,323.0,53.0,0.0,0.0,60.0,96.0,1.0
33048,2022-10-09 00:00:00,490.72,310.0,54.0,0.0,0.0,60.0,97.0,1.0
33049,2022-10-09 01:00:00,489.33,315.0,55.0,0.0,0.0,63.0,98.0,1.0
33050,2022-10-09 02:00:00,506.94,336.0,55.0,0.0,0.0,58.0,95.0,1.0
33051,2022-10-09 03:00:00,510.58,327.0,54.0,0.0,0.0,55.0,90.0,1.0
33052,2022-10-09 04:00:00,499.03,307.0,53.0,0.0,1.0,55.0,91.0,1.0
33053,2022-10-09 05:00:00,479.95,296.0,52.0,0.0,19.0,51.0,91.0,1.0
33054,2022-10-09 06:00:00,432.47,316.0,53.0,0.0,91.0,48.0,93.0,1.0
33055,2022-10-09 07:00:00,370.5,322.0,53.0,0.0,191.0,54.0,94.0,1.0
33056,2022-10-09 08:00:00,295.36,279.0,52.0,0.0,292.0,71.0,90.0,1.0
33057,2022-10-09 09:00:00,255.41,251.0,51.0,0.0,345.0,87.0,88.0,1.0
33058,2022-10-09 10:00:00,245.34,243.0,51.0,0.0,354.0,96.0,87.0,1.0
33059,2022-10-09 11:00:00,249.28,246.0,51.0,0.0,331.0,111.0,88.0,1.0
33060,2022-10-09 12:00:00,264.51,236.0,52.0,0.0,269.0,107.0,88.0,1.0
33061,2022-10-09 13:00:00,326.47,251.0,52.0,0.0,170.0,82.0,89.0,1.0
33062,2022-10-09 14:00:00,475.93,396.0,52.0,0.0,60.0,66.0,99.0,1.0
33063,2022-10-09 15:00:00,533.65,417.0,52.0,0.0,4.0,56.0,101.0,1.0
33064,2022-10-09 16:00:00,533.98,425.0,52.0,0.0,0.0,65.0,99.0,1.0
33065,2022-10-09 17:00:00,525.79,425.0,52.0,0.0,0.0,77.0,97.0,1.0
33066,2022-10-09 18:00:00,520.86,415.0,54.0,0.0,0.0,80.0,95.0,1.0
33067,2022-10-09 19:00:00,522.05,411.0,53.0,0.0,0.0,77.0,95.0,1.0
33068,2022-10-09 20:00:00,501.39,349.0,54.0,0.0,0.0,75.0,91.0,1.0
33069,2022-10-09 21:00:00,491.59,341.0,54.0,0.0,0.0,83.0,90.0,1.0
33070,2022-10-09 22:00:00,485.42,323.0,50.0,0.0,0.0,106.0,65.0,1.0
33071,2022-10-09 23:00:00,490.83,328.0,53.0,0.0,0.0,108.0,59.0,1.0
33072,2022-10-10 00:00:00,497.71,341.0,54.0,0.0,0.0,109.0,57.0,1.0
33073,2022-10-10 01:00:00,504.23,341.0,53.0,0.0,0.0,103.0,56.0,1.0
33074,2022-10-10 02:00:00,514.62,398.0,53.0,0.0,0.0,112.0,63.0,1.0
33075,2022-10-10 03:00:00,522.92,431.0,53.0,0.0,0.0,105.0,75.0,1.0
33076,2022-10-10 04:00:00,530.76,466.0,54.0,0.0,2.0,93.0,90.0,1.0
33077,2022-10-10 05:00:00,526.44,489.0,54.0,0.0,21.0,89.0,91.0,1.0
33078,2022-10-10 06:00:00,507.96,513.0,54.0,0.0,60.0,88.0,92.0,1.0
33079,2022-10-10 07:00:00,486.01,509.0,55.0,0.0,98.0,103.0,73.0,1.0
33080,2022-10-10 08:00:00,446.81,491.0,55.0,0.0,157.0,114.0,64.0,1.0
33081,2022-10-10 09:00:00,418.37,492.0,53.0,0.0,196.0,133.0,67.0,1.0
33082,2022-10-10 10:00:00,407.23,491.0,52.0,0.0,199.0,144.0,78.0,1.0
33083,2022-10-10 11:00:00,411.87,486.0,51.0,0.0,191.0,138.0,77.0,1.0
33084,2022-10-10 12:00:00,434.3,511.0,51.0,0.0,162.0,131.0,83.0,1.0
33085,2022-10-10 13:00:00,490.74,547.0,50.0,0.0,94.0,103.0,91.0,1.0
33086,2022-10-10 14:00:00,538.21,566.0,49.0,0.0,35.0,91.0,92.0,1.0
33087,2022-10-10 15:00:00,557.73,584.0,50.0,0.0,3.0,100.0,92.0,1.0
33088,2022-10-10 16:00:00,541.4,574.0,50.0,0.0,0.0,123.0,93.0,1.0
33089,2022-10-10 17:00:00,527.28,547.0,52.0,0.0,0.0,133.0,93.0,1.0
33090,2022-10-10 18:00:00,507.68,511.0,52.0,0.0,0.0,149.0,91.0,1.0
33091,2022-10-10 19:00:00,508.29,481.0,49.0,0.0,0.0,154.0,71.0,1.0
33092,2022-10-10 20:00:00,483.27,414.0,48.0,0.0,0.0,164.0,62.0,1.0
33093,2022-10-10 21:00:00,468.12,393.0,49.0,0.0,0.0,165.0,70.0,1.0
33094,2022-10-10 22:00:00,448.32,366.0,50.0,0.0,0.0,164.0,82.0,1.0
33095,2022-10-10 23:00:00,446.83,360.0,50.0,0.0,0.0,164.0,80.0,1.0
33096,2022-10-11 00:00:00,451.14,356.0,50.0,0.0,0.0,155.0,80.0,1.0
33097,2022-10-11 01:00:00,453.97,356.0,50.0,0.0,0.0,149.0,82.0,1.0
33098,2022-10-11 02:00:00,449.99,356.0,48.0,0.0,0.0,157.0,80.0,1.0
33099,2022-10-11 03:00:00,469.45,420.0,48.0,0.0,0.0,162.0,88.0,1.0
33100,2022-10-11 04:00:00,503.42,550.0,47.0,0.0,2.0,173.0,93.0,1.0
33101,2022-10-11 05:00:00,487.07,582.0,47.0,0.0,34.0,187.0,94.0,1.0
33102,2022-10-11 06:00:00,447.74,543.0,46.0,0.0,87.0,191.0,93.0,1.0
33103,2022-10-11 07:00:00,465.6,582.0,45.0,0.0,74.0,191.0,94.0,1.0
33104,2022-10-11 08:00:00,473.52,574.0,48.0,0.0,48.0,196.0,93.0,1.0
33105,2022-10-11 09:00:00,477.56,550.0,51.0,0.0,40.0,181.0,93.0,1.0
33106,2022-10-11 10:00:00,474.34,555.0,52.0,0.0,54.0,176.0,93.0,1.0
33107,2022-10-11 11:00:00,439.22,535.0,51.0,0.0,77.0,214.0,92.0,1.0
33108,2022-10-11 12:00:00,429.82,531.0,52.0,0.0,100.0,209.0,92.0,1.0
33109,2022-10-11 13:00:00,436.21,475.0,52.0,0.0,71.0,188.0,86.0,1.0
33110,2022-10-11 14:00:00,488.59,558.0,50.0,0.0,29.0,178.0,91.0,1.0
33111,2022-10-11 15:00:00,514.4,580.0,50.0,0.0,2.0,168.0,93.0,1.0
33112,2022-10-11 16:00:00,534.0,581.0,52.0,0.0,0.0,137.0,93.0,1.0
33113,2022-10-11 17:00:00,542.35,576.0,51.0,0.0,0.0,122.0,93.0,1.0
33114,2022-10-11 18:00:00,546.95,572.0,49.0,0.0,0.0,114.0,93.0,1.0
33115,2022-10-11 19:00:00,550.2,542.0,48.0,0.0,0.0,98.0,93.0,1.0
33116,2022-10-11 20:00:00,532.53,404.0,48.0,0.0,0.0,75.0,83.0,1.0
33117,2022-10-11 21:00:00,544.53,406.0,49.0,0.0,0.0,63.0,82.0,1.0
33118,2022-10-11 22:00:00,568.46,502.0,52.0,0.0,0.0,60.0,91.0,1.0
33119,2022-10-11 23:00:00,569.81,501.0,52.0,0.0,0.0,58.0,91.0,1.0
33120,2022-10-12 00:00:00,572.2,513.0,52.0,0.0,0.0,58.0,92.0,1.0
33121,2022-10-12 01:00:00,567.48,523.0,53.0,0.0,0.0,64.0,95.0,1.0
33122,2022-10-12 02:00:00,565.1,543.0,53.0,0.0,0.0,77.0,92.0,1.0
33123,2022-10-12 03:00:00,575.03,611.0,52.0,0.0,0.0,80.0,98.0,1.0
33124,2022-10-12 04:00:00,584.14,702.0,50.0,0.0,2.0,83.0,108.0,1.0
33125,2022-10-12 05:00:00,571.41,723.0,50.0,0.0,31.0,78.0,112.0,1.0
33126,2022-10-12 06:00:00,515.04,673.0,54.0,0.0,128.0,67.0,110.0,1.0
33127,2022-10-12 07:00:00,470.73,684.0,54.0,0.0,236.0,61.0,112.0,1.0
33128,2022-10-12 08:00:00,441.4,688.0,55.0,0.0,313.0,64.0,111.0,1.0
33129,2022-10-12 09:00:00,435.3,689.0,55.0,0.0,324.0,71.0,111.0,1.0
33130,2022-10-12 10:00:00,434.87,694.0,55.0,0.0,321.0,80.0,110.0,1.0
33131,2022-10-12 11:00:00,449.62,688.0,52.0,0.0,275.0,80.0,111.0,1.0
33132,2022-10-12 12:00:00,478.23,674.0,50.0,0.0,203.0,73.0,110.0,1.0
33133,2022-10-12 13:00:00,523.12,652.0,49.0,0.0,119.0,54.0,108.0,1.0
33134,2022-10-12 14:00:00,587.64,702.0,51.0,0.0,40.0,37.0,110.0,1.0
33135,2022-10-12 15:00:00,609.35,705.0,49.0,0.0,3.0,40.0,112.0,1.0
33136,2022-10-12 16:00:00,615.82,739.0,55.0,0.0,0.0,38.0,113.0,1.0
33137,2022-10-12 17:00:00,616.32,750.0,52.0,0.0,0.0,41.0,113.0,1.0
33138,2022-10-12 18:00:00,605.75,737.0,53.0,0.0,0.0,54.0,113.0,1.0
33139,2022-10-12 19:00:00,594.16,666.0,50.0,0.0,0.0,55.0,112.0,1.0
33140,2022-10-12 20:00:00,583.96,597.0,49.0,0.0,0.0,51.0,111.0,1.0
33141,2022-10-12 21:00:00,584.17,546.0,50.0,0.0,0.0,37.0,109.0,1.0
33142,2022-10-12 22:00:00,588.18,548.0,46.0,0.0,0.0,34.0,109.0,1.0
33143,2022-10-12 23:00:00,598.6,566.0,46.0,0.0,0.0,26.0,109.0,1.0
33144,2022-10-13 00:00:00,600.03,560.0,45.0,0.0,0.0,22.0,110.0,1.0
33145,2022-10-13 01:00:00,590.06,541.0,45.0,0.0,0.0,27.0,112.0,1.0
33146,2022-10-13 02:00:00,596.56,569.0,47.0,0.0,0.0,28.0,110.0,1.0
33147,2022-10-13 03:00:00,588.78,585.0,46.0,0.0,0.0,44.0,109.0,1.0
33148,2022-10-13 04:00:00,595.38,654.0,47.0,0.0,1.0,52.0,110.0,1.0
33149,2022-10-13 05:00:00,580.9,692.0,45.0,0.0,23.0,63.0,111.0,1.0
33150,2022-10-13 06:00:00,535.61,699.0,45.0,0.0,93.0,74.0,112.0,1.0
33151,2022-10-13 07:00:00,507.83,690.0,47.0,0.0,152.0,67.0,111.0,1.0
33152,2022-10-13 08:00:00,501.56,684.0,48.0,0.0,178.0,51.0,111.0,1.0
33153,2022-10-13 09:00:00,488.01,670.0,48.0,0.0,199.0,51.0,112.0,1.0
33154,2022-10-13 10:00:00,501.43,685.0,51.0,0.0,176.0,52.0,112.0,1.0
33155,2022-10-13 11:00:00,527.82,686.0,53.0,0.0,129.0,54.0,103.0,1.0
33156,2022-10-13 12:00:00,563.88,682.0,53.0,0.0,69.0,48.0,102.0,1.0
33157,2022-10-13 13:00:00,587.2,683.0,54.0,0.0,28.0,52.0,101.0,1.0
33158,2022-10-13 14:00:00,601.36,693.0,54.0,0.0,7.0,53.0,102.0,1.0
33159,2022-10-13 15:00:00,602.15,697.0,51.0,0.0,1.0,51.0,111.0,1.0
33160,2022-10-13 16:00:00,602.02,703.0,53.0,0.0,0.0,52.0,112.0,1.0
33161,2022-10-13 17:00:00,599.05,678.0,50.0,0.0,0.0,52.0,111.0,1.0
33162,2022-10-13 18:00:00,591.42,660.0,51.0,0.0,0.0,60.0,109.0,1.0
33163,2022-10-13 19:00:00,569.6,578.0,52.0,0.0,0.0,67.0,108.0,1.0
33164,2022-10-13 20:00:00,550.52,495.0,50.0,0.0,0.0,72.0,100.0,1.0
33165,2022-10-13 21:00:00,548.21,482.0,50.0,0.0,0.0,70.0,100.0,1.0
33166,2022-10-13 22:00:00,552.67,482.0,48.0,0.0,0.0,76.0,89.0,1.0
33167,2022-10-13 23:00:00,555.77,469.0,49.0,0.0,0.0,73.0,83.0,1.0
33168,2022-10-14 00:00:00,553.08,470.0,51.0,0.0,0.0,72.0,87.0,1.0
33169,2022-10-14 01:00:00,534.34,471.0,52.0,0.0,0.0,81.0,102.0,1.0
33170,2022-10-14 02:00:00,542.0,510.0,51.0,0.0,0.0,86.0,103.0,1.0
33171,2022-10-14 03:00:00,570.31,615.0,50.0,0.0,0.0,78.0,109.0,1.0
33172,2022-10-14 04:00:00,588.54,686.0,48.0,0.0,0.0,71.0,111.0,1.0
33173,2022-10-14 05:00:00,576.99,686.0,49.0,0.0,9.0,80.0,111.0,1.0
33174,2022-10-14 06:00:00,564.98,694.0,48.0,0.0,33.0,79.0,111.0,1.0
33175,2022-10-14 07:00:00,552.57,693.0,49.0,0.0,63.0,71.0,110.0,1.0
33176,2022-10-14 08:00:00,528.7,697.0,50.0,0.0,98.0,80.0,112.0,1.0
33177,2022-10-14 09:00:00,507.7,679.0,50.0,0.0,123.0,90.0,111.0,1.0
33178,2022-10-14 10:00:00,496.16,671.0,51.0,0.0,131.0,102.0,111.0,1.0
33179,2022-10-14 11:00:00,507.49,656.0,50.0,0.0,109.0,92.0,112.0,1.0
33180,2022-10-14 12:00:00,526.86,682.0,50.0,0.0,83.0,92.0,112.0,1.0
33181,2022-10-14 13:00:00,561.88,694.0,49.0,0.0,43.0,73.0,112.0,1.0
33182,2022-10-14 14:00:00,586.3,688.0,51.0,0.0,13.0,61.0,111.0,1.0
33183,2022-10-14 15:00:00,595.24,694.0,53.0,0.0,1.0,60.0,111.0,1.0
33184,2022-10-14 16:00:00,591.18,699.0,55.0,0.0,0.0,67.0,112.0,1.0
33185,2022-10-14 17:00:00,590.26,697.0,52.0,0.0,0.0,69.0,112.0,1.0
33186,2022-10-14 18:00:00,591.53,697.0,52.0,0.0,0.0,67.0,112.0,1.0
33187,2022-10-14 19:00:00,587.83,686.0,51.0,0.0,0.0,72.0,110.0,1.0
33188,2022-10-14 20:00:00,568.32,626.0,52.0,0.0,0.0,84.0,109.0,1.0
33189,2022-10-14 21:00:00,554.4,540.0,52.0,0.0,0.0,75.0,108.0,1.0
33190,2022-10-14 22:00:00,536.82,450.0,52.0,0.0,0.0,62.0,109.0,1.0
33191,2022-10-14 23:00:00,523.66,422.0,53.0,0.0,0.0,64.0,111.0,1.0
33192,2022-10-15 00:00:00,515.66,407.0,53.0,0.0,0.0,65.0,113.0,1.0
33193,2022-10-15 01:00:00,532.93,415.0,52.0,0.0,0.0,58.0,103.0,1.0
33194,2022-10-15 02:00:00,545.76,434.0,51.0,0.0,0.0,58.0,96.0,1.0
33195,2022-10-15 03:00:00,524.81,406.0,51.0,0.0,0.0,70.0,97.0,1.0
33196,2022-10-15 04:00:00,524.6,436.0,50.0,0.0,1.0,71.0,109.0,1.0
33197,2022-10-15 05:00:00,519.58,456.0,49.0,0.0,10.0,78.0,109.0,1.0
33198,2022-10-15 06:00:00,504.14,451.0,49.0,0.0,36.0,72.0,108.0,1.0
33199,2022-10-15 07:00:00,493.1,450.0,51.0,0.0,64.0,67.0,100.0,1.0
33200,2022-10-15 08:00:00,466.79,453.0,52.0,0.0,104.0,71.0,99.0,1.0
33201,2022-10-15 09:00:00,443.09,452.0,52.0,0.0,148.0,68.0,99.0,1.0
33202,2022-10-15 10:00:00,426.05,443.0,50.0,0.0,164.0,81.0,96.0,1.0
33203,2022-10-15 11:00:00,438.79,426.0,52.0,0.0,131.0,83.0,90.0,1.0
33204,2022-10-15 12:00:00,452.38,415.0,52.0,0.0,91.0,90.0,92.0,1.0
33205,2022-10-15 13:00:00,482.0,435.0,52.0,0.0,48.0,93.0,98.0,1.0
33206,2022-10-15 14:00:00,517.8,449.0,32.0,0.0,14.0,88.0,99.0,1.0
33207,2022-10-15 15:00:00,515.55,447.0,25.0,0.0,1.0,105.0,99.0,1.0
33208,2022-10-15 16:00:00,506.59,445.0,25.0,0.0,0.0,118.0,98.0,1.0
33209,2022-10-15 17:00:00,497.15,444.0,27.0,0.0,0.0,130.0,98.0,1.0
33210,2022-10-15 18:00:00,492.87,448.0,28.0,0.0,0.0,138.0,98.0,1.0
33211,2022-10-15 19:00:00,501.02,424.0,28.0,0.0,0.0,121.0,91.0,1.0
33212,2022-10-15 20:00:00,492.48,412.0,28.0,0.0,0.0,130.0,87.0,1.0
33213,2022-10-15 21:00:00,491.35,385.0,27.0,0.0,0.0,123.0,81.0,1.0
33214,2022-10-15 22:00:00,500.9,400.0,27.0,0.0,0.0,119.0,81.0,1.0
33215,2022-10-15 23:00:00,506.55,410.0,27.0,0.0,0.0,116.0,82.0,1.0
33216,2022-10-16 00:00:00,501.41,409.0,27.0,0.0,0.0,118.0,86.0,1.0
33217,2022-10-16 01:00:00,491.8,408.0,35.0,0.0,0.0,130.0,84.0,1.0
33218,2022-10-16 02:00:00,493.18,410.0,48.0,0.0,0.0,130.0,80.0,1.0
33219,2022-10-16 03:00:00,493.02,417.0,52.0,0.0,0.0,135.0,78.0,1.0
33220,2022-10-16 04:00:00,491.19,411.0,49.0,0.0,0.0,134.0,79.0,1.0
33221,2022-10-16 05:00:00,498.32,456.0,49.0,0.0,1.0,139.0,87.0,1.0
33222,2022-10-16 06:00:00,493.71,473.0,49.0,0.0,7.0,145.0,91.0,1.0
33223,2022-10-16 07:00:00,484.49,497.0,50.0,0.0,19.0,157.0,95.0,1.0
33224,2022-10-16 08:00:00,468.02,446.0,50.0,0.0,28.0,146.0,94.0,1.0
33225,2022-10-16 09:00:00,458.54,442.0,51.0,0.0,37.0,148.0,96.0,1.0
33226,2022-10-16 10:00:00,448.23,442.0,50.0,0.0,51.0,150.0,98.0,1.0
33227,2022-10-16 11:00:00,432.7,415.0,50.0,0.0,42.0,169.0,96.0,1.0
33228,2022-10-16 12:00:00,422.74,395.0,52.0,0.0,24.0,190.0,95.0,1.0
33229,2022-10-16 13:00:00,442.92,422.0,51.0,0.0,10.0,189.0,95.0,1.0
33230,2022-10-16 14:00:00,474.53,493.0,49.0,0.0,3.0,184.0,99.0,1.0
33231,2022-10-16 15:00:00,474.35,503.0,46.0,0.0,0.0,192.0,101.0,1.0
33232,2022-10-16 16:00:00,474.48,501.0,44.0,0.0,0.0,187.0,105.0,1.0
33233,2022-10-16 17:00:00,457.27,475.0,51.0,0.0,0.0,200.0,105.0,1.0
33234,2022-10-16 18:00:00,451.45,452.0,51.0,0.0,0.0,198.0,102.0,1.0
33235,2022-10-16 19:00:00,425.47,405.0,52.0,0.0,0.0,217.0,95.0,1.0
33236,2022-10-16 20:00:00,421.07,395.0,52.0,0.0,0.0,232.0,80.0,1.0
33237,2022-10-16 21:00:00,412.47,394.0,52.0,0.0,0.0,247.0,80.0,1.0
33238,2022-10-16 22:00:00,405.1,380.0,50.0,0.0,0.0,250.0,79.0,1.0
33239,2022-10-16 23:00:00,398.79,359.0,50.0,0.0,0.0,247.0,75.0,1.0
33240,2022-10-17 00:00:00,409.04,372.0,48.0,0.0,0.0,236.0,79.0,1.0
33241,2022-10-17 01:00:00,398.39,353.0,54.0,0.0,0.0,236.0,81.0,1.0
33242,2022-10-17 02:00:00,410.33,372.0,55.0,0.0,0.0,233.0,79.0,1.0
33243,2022-10-17 03:00:00,457.84,512.0,53.0,0.0,0.0,244.0,84.0,1.0
33244,2022-10-17 04:00:00,456.94,525.0,55.0,0.0,0.0,249.0,89.0,1.0
33245,2022-10-17 05:00:00,449.09,516.0,54.0,0.0,7.0,252.0,89.0,1.0
33246,2022-10-17 06:00:00,440.63,525.0,55.0,0.0,30.0,252.0,90.0,1.0
33247,2022-10-17 07:00:00,424.17,531.0,53.0,0.0,70.0,254.0,90.0,1.0
33248,2022-10-17 08:00:00,376.74,429.0,53.0,0.0,98.0,255.0,83.0,1.0
33249,2022-10-17 09:00:00,376.59,459.0,48.0,0.0,131.0,249.0,87.0,1.0
33250,2022-10-17 10:00:00,384.27,485.0,46.0,0.0,146.0,242.0,85.0,1.0
33251,2022-10-17 11:00:00,369.72,439.0,47.0,0.0,146.0,238.0,80.0,1.0
33252,2022-10-17 12:00:00,410.63,493.0,49.0,0.0,129.0,197.0,89.0,1.0
33253,2022-10-17 13:00:00,475.0,574.0,48.0,0.0,75.0,160.0,99.0,1.0
33254,2022-10-17 14:00:00,533.65,594.0,49.0,0.0,17.0,121.0,99.0,1.0
33255,2022-10-17 15:00:00,555.99,606.0,49.0,0.0,1.0,106.0,99.0,1.0
33256,2022-10-17 16:00:00,561.31,598.0,49.0,0.0,0.0,94.0,101.0,1.0
33257,2022-10-17 17:00:00,555.04,574.0,54.0,0.0,0.0,93.0,101.0,1.0
33258,2022-10-17 18:00:00,567.46,577.0,54.0,0.0,0.0,78.0,99.0,1.0
33259,2022-10-17 19:00:00,566.95,522.0,54.0,0.0,0.0,61.0,98.0,1.0
33260,2022-10-17 20:00:00,563.55,470.0,52.0,0.0,0.0,54.0,92.0,1.0
33261,2022-10-17 21:00:00,555.98,427.0,53.0,0.0,0.0,51.0,88.0,1.0
33262,2022-10-17 22:00:00,579.75,438.0,53.0,0.0,0.0,33.0,84.0,1.0
33263,2022-10-17 23:00:00,581.62,437.0,55.0,0.0,0.0,30.0,84.0,1.0
33264,2022-10-18 00:00:00,582.21,439.0,55.0,0.0,0.0,23.0,91.0,1.0
33265,2022-10-18 01:00:00,580.82,444.0,55.0,0.0,0.0,18.0,99.0,1.0
33266,2022-10-18 02:00:00,584.86,460.0,51.0,0.0,0.0,15.0,104.0,1.0
33267,2022-10-18 03:00:00,606.23,565.0,52.0,0.0,0.0,7.0,116.0,1.0
33268,2022-10-18 04:00:00,609.77,610.0,54.0,0.0,0.0,4.0,125.0,1.0
33269,2022-10-18 05:00:00,608.59,608.0,49.0,0.0,2.0,5.0,125.0,1.0
33270,2022-10-18 06:00:00,597.99,608.0,49.0,0.0,13.0,9.0,124.0,1.0
33271,2022-10-18 07:00:00,568.65,577.0,52.0,0.0,40.0,11.0,125.0,1.0
33272,2022-10-18 08:00:00,545.78,575.0,52.0,0.0,66.0,18.0,125.0,1.0
33273,2022-10-18 09:00:00,537.35,594.0,52.0,0.0,80.0,25.0,125.0,1.0
33274,2022-10-18 10:00:00,534.09,601.0,53.0,0.0,84.0,29.0,125.0,1.0
33275,2022-10-18 11:00:00,538.74,610.0,53.0,0.0,74.0,35.0,125.0,1.0
33276,2022-10-18 12:00:00,544.19,610.0,53.0,0.0,55.0,45.0,125.0,1.0
33277,2022-10-18 13:00:00,559.52,611.0,53.0,1.0,27.0,48.0,125.0,1.0
33278,2022-10-18 14:00:00,561.15,604.0,53.0,1.0,8.0,62.0,125.0,1.0
33279,2022-10-18 15:00:00,562.99,611.0,52.0,1.0,0.0,69.0,126.0,1.0
33280,2022-10-18 16:00:00,564.92,606.0,53.0,1.0,0.0,66.0,124.0,1.0
33281,2022-10-18 17:00:00,568.47,609.0,55.0,1.0,0.0,61.0,124.0,1.0
33282,2022-10-18 18:00:00,562.9,583.0,53.0,0.0,0.0,62.0,124.0,1.0
33283,2022-10-18 19:00:00,557.5,562.0,54.0,0.0,0.0,63.0,123.0,1.0
33284,2022-10-18 20:00:00,528.56,502.0,53.0,0.0,0.0,82.0,122.0,1.0
33285,2022-10-18 21:00:00,513.77,448.0,53.0,0.0,0.0,87.0,113.0,1.0
33286,2022-10-18 22:00:00,494.0,387.0,54.0,0.0,0.0,85.0,110.0,1.0
33287,2022-10-18 23:00:00,499.2,392.0,50.0,0.0,0.0,83.0,109.0,1.0
33288,2022-10-19 00:00:00,476.13,384.0,50.0,0.0,0.0,108.0,110.0,1.0
33289,2022-10-19 01:00:00,467.07,381.0,49.0,0.0,0.0,117.0,112.0,1.0
33290,2022-10-19 02:00:00,474.99,411.0,49.0,0.0,0.0,121.0,115.0,1.0
33291,2022-10-19 03:00:00,512.08,541.0,47.0,0.0,0.0,126.0,123.0,1.0
33292,2022-10-19 04:00:00,513.1,600.0,46.0,0.0,0.0,151.0,125.0,1.0
33293,2022-10-19 05:00:00,515.43,644.0,45.0,0.0,12.0,155.0,126.0,1.0
33294,2022-10-19 06:00:00,494.51,662.0,46.0,0.0,64.0,154.0,126.0,1.0
33295,2022-10-19 07:00:00,459.83,643.0,46.0,0.0,118.0,168.0,125.0,1.0
33296,2022-10-19 08:00:00,451.28,642.0,47.0,0.0,136.0,170.0,125.0,1.0
33297,2022-10-19 09:00:00,439.14,608.0,48.0,0.0,168.0,145.0,124.0,1.0
33298,2022-10-19 10:00:00,417.84,568.0,48.0,0.0,203.0,134.0,123.0,1.0
33299,2022-10-19 11:00:00,430.26,605.0,50.0,0.0,211.0,123.0,123.0,1.0
33300,2022-10-19 12:00:00,446.21,572.0,50.0,0.0,170.0,101.0,123.0,1.0
33301,2022-10-19 13:00:00,506.77,602.0,48.0,0.0,94.0,70.0,124.0,1.0
33302,2022-10-19 14:00:00,568.85,661.0,49.0,0.0,20.0,59.0,126.0,1.0
33303,2022-10-19 15:00:00,570.52,665.0,48.0,0.0,1.0,78.0,125.0,1.0
33304,2022-10-19 16:00:00,567.34,645.0,49.0,0.0,0.0,77.0,125.0,1.0
33305,2022-10-19 17:00:00,571.05,621.0,44.0,0.0,0.0,66.0,124.0,1.0
33306,2022-10-19 18:00:00,568.8,609.0,45.0,0.0,0.0,66.0,123.0,1.0
33307,2022-10-19 19:00:00,564.04,578.0,46.0,0.0,0.0,61.0,124.0,1.0
33308,2022-10-19 20:00:00,553.86,512.0,47.0,0.0,0.0,54.0,121.0,1.0
33309,2022-10-19 21:00:00,558.78,492.0,45.0,0.0,0.0,46.0,116.0,1.0
33310,2022-10-19 22:00:00,567.78,514.0,46.0,0.0,0.0,47.0,111.0,1.0
33311,2022-10-19 23:00:00,556.89,491.0,48.0,0.0,0.0,58.0,105.0,1.0
33312,2022-10-20 00:00:00,539.12,470.0,53.0,0.0,0.0,68.0,108.0,1.0
33313,2022-10-20 01:00:00,541.21,494.0,53.0,0.0,0.0,77.0,106.0,1.0
33314,2022-10-20 02:00:00,561.74,531.0,54.0,0.0,0.0,67.0,102.0,1.0
33315,2022-10-20 03:00:00,582.51,605.0,53.0,0.0,0.0,65.0,100.0,1.0
33316,2022-10-20 04:00:00,579.22,604.0,54.0,0.0,0.0,69.0,100.0,1.0
33317,2022-10-20 05:00:00,578.44,610.0,54.0,0.0,8.0,63.0,101.0,1.0
33318,2022-10-20 06:00:00,566.7,610.0,55.0,0.0,34.0,54.0,101.0,1.0
33319,2022-10-20 07:00:00,542.33,604.0,55.0,0.0,73.0,51.0,101.0,1.0
33320,2022-10-20 08:00:00,514.6,610.0,57.0,0.0,120.0,54.0,101.0,1.0
33321,2022-10-20 09:00:00,506.97,608.0,54.0,0.0,136.0,52.0,101.0,1.0
33322,2022-10-20 10:00:00,500.68,608.0,50.0,0.0,147.0,54.0,101.0,1.0
33323,2022-10-20 11:00:00,507.16,604.0,49.0,0.0,135.0,52.0,101.0,1.0
33324,2022-10-20 12:00:00,528.06,601.0,47.0,0.0,100.0,50.0,100.0,1.0
33325,2022-10-20 13:00:00,574.73,601.0,47.0,0.0,44.0,32.0,101.0,1.0
33326,2022-10-20 14:00:00,610.29,617.0,49.0,0.0,9.0,22.0,101.0,1.0
33327,2022-10-20 15:00:00,617.58,618.0,51.0,0.0,1.0,20.0,101.0,1.0
33328,2022-10-20 16:00:00,621.24,612.0,51.0,0.0,0.0,14.0,102.0,1.0
33329,2022-10-20 17:00:00,622.21,613.0,51.0,0.0,0.0,13.0,102.0,1.0
33330,2022-10-20 18:00:00,620.96,606.0,51.0,0.0,0.0,13.0,102.0,1.0
33331,2022-10-20 19:00:00,621.47,607.0,50.0,0.0,0.0,13.0,102.0,1.0
33332,2022-10-20 20:00:00,615.79,609.0,49.0,0.0,0.0,20.0,103.0,1.0
33333,2022-10-20 21:00:00,619.27,609.0,48.0,0.0,0.0,18.0,101.0,1.0
33334,2022-10-20 22:00:00,613.55,592.0,51.0,0.0,0.0,17.0,104.0,1.0
33335,2022-10-20 23:00:00,607.26,608.0,56.0,0.0,0.0,20.0,111.0,1.0
33336,2022-10-21 00:00:00,586.1,528.0,56.0,0.0,0.0,24.0,112.0,1.0
33337,2022-10-21 01:00:00,575.71,507.0,54.0,0.0,0.0,33.0,110.0,1.0
33338,2022-10-21 02:00:00,583.84,554.0,55.0,0.0,0.0,42.0,105.0,1.0
33339,2022-10-21 03:00:00,602.95,634.0,52.0,0.0,0.0,42.0,103.0,1.0
33340,2022-10-21 04:00:00,616.14,694.0,55.0,0.0,0.0,37.0,103.0,1.0
33341,2022-10-21 05:00:00,617.17,703.0,54.0,0.0,3.0,34.0,104.0,1.0
33342,2022-10-21 06:00:00,612.48,701.0,55.0,0.0,16.0,27.0,104.0,1.0
33343,2022-10-21 07:00:00,602.49,701.0,55.0,0.0,40.0,17.0,105.0,1.0
33344,2022-10-21 08:00:00,594.2,703.0,56.0,0.0,56.0,14.0,105.0,1.0
33345,2022-10-21 09:00:00,578.88,696.0,52.0,0.0,79.0,15.0,105.0,1.0
33346,2022-10-21 10:00:00,574.44,695.0,52.0,0.0,88.0,14.0,104.0,1.0
33347,2022-10-21 11:00:00,581.59,703.0,54.0,0.0,79.0,13.0,104.0,1.0
33348,2022-10-21 12:00:00,593.91,696.0,52.0,0.0,58.0,13.0,104.0,1.0
33349,2022-10-21 13:00:00,615.31,700.0,49.0,0.0,31.0,10.0,104.0,1.0
33350,2022-10-21 14:00:00,634.3,696.0,50.0,0.0,6.0,7.0,104.0,1.0
33351,2022-10-21 15:00:00,634.87,697.0,51.0,0.0,0.0,11.0,105.0,1.0
33352,2022-10-21 16:00:00,633.86,698.0,50.0,0.0,0.0,12.0,106.0,1.0
33353,2022-10-21 17:00:00,630.35,694.0,50.0,0.0,0.0,16.0,106.0,1.0
33354,2022-10-21 18:00:00,629.93,696.0,50.0,0.0,0.0,17.0,106.0,1.0
33355,2022-10-21 19:00:00,627.76,696.0,50.0,0.0,0.0,19.0,107.0,1.0
33356,2022-10-21 20:00:00,627.09,701.0,50.0,0.0,0.0,21.0,107.0,1.0
33357,2022-10-21 21:00:00,596.77,528.0,51.0,0.0,0.0,22.0,103.0,1.0
33358,2022-10-21 22:00:00,595.84,519.0,50.0,0.0,0.0,22.0,102.0,1.0
33359,2022-10-21 23:00:00,581.69,490.0,50.0,0.0,0.0,26.0,106.0,1.0
33360,2022-10-22 00:00:00,567.35,486.0,49.0,0.0,0.0,37.0,111.0,1.0
33361,2022-10-22 01:00:00,556.6,459.0,50.0,0.0,0.0,41.0,110.0,1.0
33362,2022-10-22 02:00:00,557.09,445.0,48.0,0.0,0.0,41.0,105.0,1.0
33363,2022-10-22 03:00:00,563.61,472.0,48.0,0.0,0.0,46.0,102.0,1.0
33364,2022-10-22 04:00:00,546.75,443.0,49.0,0.0,0.0,56.0,101.0,1.0
33365,2022-10-22 05:00:00,557.71,526.0,47.0,0.0,7.0,65.0,103.0,1.0
33366,2022-10-22 06:00:00,527.94,558.0,48.0,0.0,58.0,69.0,104.0,1.0
33367,2022-10-22 07:00:00,477.26,534.0,47.0,0.0,146.0,56.0,104.0,1.0
33368,2022-10-22 08:00:00,452.06,535.0,48.0,0.0,208.0,44.0,104.0,1.0
33369,2022-10-22 09:00:00,385.14,432.0,50.0,0.0,269.0,49.0,101.0,1.0
33370,2022-10-22 10:00:00,354.92,391.0,50.0,0.0,300.0,52.0,97.0,1.0
33371,2022-10-22 11:00:00,378.28,393.0,50.0,0.0,254.0,43.0,99.0,1.0
33372,2022-10-22 12:00:00,447.08,466.0,49.0,0.0,187.0,30.0,101.0,1.0
33373,2022-10-22 13:00:00,532.95,538.0,50.0,0.0,87.0,24.0,103.0,1.0
33374,2022-10-22 14:00:00,590.24,540.0,49.0,0.0,10.0,24.0,103.0,1.0
33375,2022-10-22 15:00:00,589.09,542.0,49.0,0.0,0.0,35.0,104.0,1.0
33376,2022-10-22 16:00:00,576.22,543.0,48.0,0.0,0.0,52.0,104.0,1.0
33377,2022-10-22 17:00:00,576.5,543.0,47.0,0.0,0.0,51.0,105.0,1.0
33378,2022-10-22 18:00:00,566.88,546.0,49.0,0.0,0.0,64.0,105.0,1.0
33379,2022-10-22 19:00:00,562.69,544.0,49.0,0.0,0.0,72.0,102.0,1.0
33380,2022-10-22 20:00:00,571.94,529.0,48.0,0.0,0.0,57.0,100.0,1.0
33381,2022-10-22 21:00:00,537.91,397.0,48.0,0.0,0.0,52.0,97.0,1.0
33382,2022-10-22 22:00:00,526.45,334.0,48.0,0.0,0.0,35.0,99.0,1.0
33383,2022-10-22 23:00:00,521.2,332.0,49.0,0.0,0.0,34.0,104.0,1.0
33384,2022-10-23 00:00:00,503.88,287.0,49.0,0.0,0.0,31.0,102.0,1.0
33385,2022-10-23 01:00:00,504.06,278.0,50.0,0.0,0.0,27.0,101.0,1.0
33386,2022-10-23 02:00:00,512.77,279.0,49.0,0.0,0.0,26.0,95.0,1.0
33387,2022-10-23 03:00:00,517.91,280.0,49.0,0.0,0.0,26.0,91.0,1.0
33388,2022-10-23 04:00:00,528.42,298.0,49.0,0.0,0.0,24.0,92.0,1.0
33389,2022-10-23 05:00:00,535.35,318.0,47.0,0.0,2.0,21.0,96.0,1.0
33390,2022-10-23 06:00:00,523.9,304.0,48.0,0.0,9.0,20.0,94.0,1.0
33391,2022-10-23 07:00:00,519.35,336.0,48.0,0.0,22.0,22.0,98.0,1.0
33392,2022-10-23 08:00:00,508.16,348.0,50.0,0.0,32.0,28.0,99.0,1.0
33393,2022-10-23 09:00:00,497.87,346.0,48.0,0.0,36.0,35.0,99.0,1.0
33394,2022-10-23 10:00:00,495.64,345.0,48.0,0.0,43.0,30.0,99.0,1.0
33395,2022-10-23 11:00:00,467.44,308.0,48.0,0.0,46.0,43.0,94.0,1.0
33396,2022-10-23 12:00:00,455.15,291.0,49.0,0.0,42.0,54.0,90.0,1.0
33397,2022-10-23 13:00:00,473.45,323.0,49.0,0.0,24.0,65.0,96.0,1.0
33398,2022-10-23 14:00:00,503.06,330.0,48.0,0.0,6.0,53.0,97.0,1.0
33399,2022-10-23 15:00:00,540.38,398.0,47.0,0.0,0.0,47.0,100.0,1.0
33400,2022-10-23 16:00:00,530.92,399.0,47.0,0.0,0.0,58.0,100.0,1.0
33401,2022-10-23 17:00:00,526.79,398.0,48.0,0.0,0.0,62.0,100.0,1.0
33402,2022-10-23 18:00:00,533.29,395.0,49.0,0.0,0.0,53.0,100.0,1.0
33403,2022-10-23 19:00:00,533.33,381.0,49.0,0.0,0.0,51.0,96.0,1.0
33404,2022-10-23 20:00:00,520.49,332.0,48.0,0.0,0.0,48.0,91.0,1.0
33405,2022-10-23 21:00:00,522.79,332.0,47.0,0.0,0.0,47.0,90.0,1.0
33406,2022-10-23 22:00:00,520.05,301.0,45.0,0.0,0.0,36.0,90.0,1.0
33407,2022-10-23 23:00:00,526.77,304.0,46.0,0.0,0.0,28.0,93.0,1.0
33408,2022-10-24 00:00:00,529.84,311.0,47.0,0.0,0.0,23.0,98.0,1.0
33409,2022-10-24 01:00:00,540.68,329.0,46.0,0.0,0.0,19.0,100.0,1.0
33410,2022-10-24 02:00:00,564.71,361.0,46.0,0.0,0.0,12.0,97.0,1.0
33411,2022-10-24 03:00:00,612.04,533.0,45.0,0.0,0.0,12.0,99.0,1.0
33412,2022-10-24 04:00:00,623.41,595.0,45.0,0.0,1.0,10.0,101.0,1.0
33413,2022-10-24 05:00:00,624.28,644.0,44.0,0.0,10.0,10.0,102.0,1.0
33414,2022-10-24 06:00:00,571.84,650.0,45.0,0.0,80.0,16.0,102.0,1.0
33415,2022-10-24 07:00:00,521.28,669.0,43.0,0.0,169.0,23.0,102.0,1.0
33416,2022-10-24 08:00:00,480.07,678.0,46.0,0.0,252.0,30.0,103.0,1.0
33417,2022-10-24 09:00:00,459.86,678.0,50.0,0.0,295.0,35.0,103.0,1.0
33418,2022-10-24 10:00:00,459.48,675.0,50.0,0.0,292.0,36.0,104.0,1.0
33419,2022-10-24 11:00:00,484.29,676.0,51.0,0.0,239.0,30.0,104.0,1.0
33420,2022-10-24 12:00:00,533.79,692.0,50.0,0.0,150.0,23.0,105.0,1.0
33421,2022-10-24 13:00:00,589.59,686.0,49.0,0.0,60.0,16.0,104.0,1.0
33422,2022-10-24 14:00:00,625.75,681.0,49.0,0.0,7.0,15.0,104.0,1.0
33423,2022-10-24 15:00:00,628.69,705.0,49.0,0.0,0.0,22.0,105.0,1.0
33424,2022-10-24 16:00:00,621.72,683.0,49.0,0.0,0.0,28.0,104.0,1.0
33425,2022-10-24 17:00:00,621.13,682.0,48.0,0.0,0.0,30.0,103.0,1.0
33426,2022-10-24 18:00:00,612.84,640.0,47.0,0.0,0.0,33.0,102.0,1.0
33427,2022-10-24 19:00:00,599.55,577.0,48.0,0.0,0.0,34.0,102.0,1.0
33428,2022-10-24 20:00:00,577.16,490.0,48.0,0.0,0.0,38.0,100.0,1.0
33429,2022-10-24 21:00:00,560.01,431.0,47.0,0.0,0.0,43.0,95.0,1.0
33430,2022-10-24 22:00:00,559.99,486.0,46.0,0.0,0.0,56.0,102.0,1.0
33431,2022-10-24 23:00:00,548.48,476.0,48.0,0.0,0.0,63.0,105.0,1.0
33432,2022-10-25 00:00:00,548.68,481.0,47.0,0.0,0.0,63.0,107.0,1.0
33433,2022-10-25 01:00:00,555.64,503.0,48.0,0.0,0.0,65.0,104.0,1.0
33434,2022-10-25 02:00:00,557.36,544.0,50.0,0.0,0.0,79.0,102.0,1.0
33435,2022-10-25 03:00:00,561.79,584.0,50.0,0.0,0.0,89.0,100.0,1.0
33436,2022-10-25 04:00:00,590.65,751.0,49.0,0.0,0.0,91.0,106.0,1.0
33437,2022-10-25 05:00:00,602.23,777.0,48.0,0.0,1.0,77.0,107.0,1.0
33438,2022-10-25 06:00:00,598.81,783.0,49.0,0.0,7.0,77.0,108.0,1.0
33439,2022-10-25 07:00:00,596.53,781.0,50.0,0.0,14.0,74.0,107.0,1.0
33440,2022-10-25 08:00:00,598.28,781.0,50.0,0.0,19.0,66.0,107.0,1.0
33441,2022-10-25 09:00:00,597.67,780.0,52.0,0.0,19.0,67.0,106.0,1.0
33442,2022-10-25 10:00:00,609.41,783.0,52.0,0.0,11.0,56.0,106.0,1.0
33443,2022-10-25 11:00:00,602.95,779.0,54.0,0.0,16.0,59.0,107.0,1.0
33444,2022-10-25 12:00:00,603.4,765.0,53.0,0.0,12.0,59.0,107.0,1.0
33445,2022-10-25 13:00:00,608.21,775.0,52.0,0.0,6.0,60.0,107.0,1.0
33446,2022-10-25 14:00:00,614.69,763.0,51.0,0.0,1.0,52.0,107.0,1.0
33447,2022-10-25 15:00:00,620.42,779.0,50.0,0.0,0.0,48.0,107.0,1.0
33448,2022-10-25 16:00:00,620.14,785.0,52.0,0.0,0.0,50.0,106.0,1.0
33449,2022-10-25 17:00:00,622.76,784.0,51.0,0.0,0.0,46.0,106.0,1.0
33450,2022-10-25 18:00:00,608.16,689.0,51.0,0.0,0.0,48.0,104.0,1.0
33451,2022-10-25 19:00:00,597.21,612.0,52.0,0.0,0.0,44.0,103.0,1.0
33452,2022-10-25 20:00:00,581.92,528.0,51.0,0.0,0.0,42.0,101.0,1.0
33453,2022-10-25 21:00:00,578.28,504.0,51.0,0.0,0.0,39.0,101.0,1.0
33454,2022-10-25 22:00:00,554.13,408.0,50.0,0.0,0.0,40.0,95.0,1.0
33455,2022-10-25 23:00:00,537.91,392.0,51.0,0.0,0.0,48.0,98.0,1.0
33456,2022-10-26 00:00:00,538.34,398.0,51.0,0.0,0.0,46.0,102.0,1.0
33457,2022-10-26 01:00:00,530.56,393.0,53.0,0.0,0.0,55.0,99.0,1.0
33458,2022-10-26 02:00:00,542.24,412.0,52.0,0.0,0.0,54.0,95.0,1.0
33459,2022-10-26 03:00:00,571.89,524.0,52.0,0.0,0.0,54.0,100.0,1.0
33460,2022-10-26 04:00:00,584.68,614.0,52.0,0.0,0.0,66.0,99.0,1.0
33461,2022-10-26 05:00:00,591.14,613.0,51.0,0.0,1.0,67.0,88.0,1.0
33462,2022-10-26 06:00:00,581.45,588.0,51.0,0.0,12.0,66.0,84.0,1.0
33463,2022-10-26 07:00:00,569.16,586.0,50.0,0.0,27.0,61.0,91.0,1.0
33464,2022-10-26 08:00:00,560.32,577.0,49.0,0.0,37.0,59.0,93.0,1.0
33465,2022-10-26 09:00:00,554.76,590.0,52.0,0.0,56.0,49.0,96.0,1.0
33466,2022-10-26 10:00:00,569.19,627.0,52.0,0.0,50.0,45.0,97.0,1.0
33467,2022-10-26 11:00:00,581.0,637.0,53.0,0.0,35.0,45.0,97.0,1.0
33468,2022-10-26 12:00:00,586.95,641.0,54.0,0.0,25.0,48.0,96.0,1.0
33469,2022-10-26 13:00:00,587.03,621.0,54.0,0.0,12.0,54.0,97.0,1.0
33470,2022-10-26 14:00:00,586.44,592.0,52.0,0.0,2.0,58.0,96.0,1.0
33471,2022-10-26 15:00:00,591.48,630.0,52.0,0.0,0.0,64.0,96.0,1.0
33472,2022-10-26 16:00:00,583.72,626.0,52.0,0.0,0.0,73.0,97.0,1.0
33473,2022-10-26 17:00:00,581.08,633.0,52.0,0.0,0.0,75.0,101.0,1.0
33474,2022-10-26 18:00:00,578.99,621.0,53.0,0.0,0.0,74.0,101.0,1.0
33475,2022-10-26 19:00:00,568.97,616.0,51.0,0.0,0.0,87.0,102.0,1.0
33476,2022-10-26 20:00:00,546.29,531.0,52.0,0.0,0.0,90.0,101.0,1.0
33477,2022-10-26 21:00:00,547.06,485.0,52.0,0.0,0.0,72.0,100.0,1.0
33478,2022-10-26 22:00:00,541.02,416.0,52.0,0.0,0.0,57.0,95.0,1.0
33479,2022-10-26 23:00:00,545.13,389.0,51.0,0.0,0.0,49.0,88.0,1.0
33480,2022-10-27 00:00:00,539.19,371.0,51.0,0.0,0.0,49.0,87.0,1.0
33481,2022-10-27 01:00:00,535.07,367.0,53.0,0.0,0.0,47.0,91.0,1.0
33482,2022-10-27 02:00:00,530.64,374.0,52.0,0.0,0.0,54.0,92.0,1.0
33483,2022-10-27 03:00:00,549.46,420.0,52.0,0.0,0.0,47.0,97.0,1.0
33484,2022-10-27 04:00:00,574.14,509.0,50.0,0.0,0.0,47.0,100.0,1.0
33485,2022-10-27 05:00:00,582.67,543.0,50.0,0.0,2.0,43.0,102.0,1.0
33486,2022-10-27 06:00:00,575.37,546.0,51.0,0.0,13.0,38.0,106.0,1.0
33487,2022-10-27 07:00:00,565.61,545.0,53.0,0.0,29.0,34.0,106.0,1.0
33488,2022-10-27 08:00:00,566.37,547.0,52.0,0.0,36.0,28.0,105.0,1.0
33489,2022-10-27 09:00:00,555.76,537.0,52.0,0.0,40.0,36.0,104.0,1.0
33490,2022-10-27 10:00:00,541.15,512.0,51.0,0.0,40.0,49.0,102.0,1.0
33491,2022-10-27 11:00:00,538.12,534.0,52.0,0.0,33.0,66.0,105.0,1.0
33492,2022-10-27 12:00:00,532.13,527.0,55.0,0.0,23.0,81.0,105.0,1.0
33493,2022-10-27 13:00:00,517.51,482.0,56.0,0.0,10.0,98.0,102.0,1.0
33494,2022-10-27 14:00:00,538.8,495.0,52.0,0.0,1.0,83.0,103.0,1.0
33495,2022-10-27 15:00:00,544.6,498.0,50.0,0.0,0.0,81.0,100.0,1.0
33496,2022-10-27 16:00:00,526.43,496.0,51.0,0.0,0.0,105.0,100.0,1.0
33497,2022-10-27 17:00:00,525.38,500.0,52.0,0.0,0.0,108.0,100.0,1.0
33498,2022-10-27 18:00:00,527.26,498.0,50.0,0.0,0.0,104.0,101.0,1.0
33499,2022-10-27 19:00:00,525.85,471.0,50.0,0.0,0.0,99.0,96.0,1.0
33500,2022-10-27 20:00:00,529.54,471.0,50.0,0.0,0.0,93.0,97.0,1.0
33501,2022-10-27 21:00:00,521.77,439.0,50.0,0.0,0.0,91.0,95.0,1.0
33502,2022-10-27 22:00:00,504.95,384.0,49.0,0.0,0.0,92.0,89.0,1.0
33503,2022-10-27 23:00:00,506.6,380.0,49.0,0.0,0.0,88.0,89.0,1.0
33504,2022-10-28 00:00:00,508.54,379.0,46.0,0.0,0.0,84.0,91.0,1.0
33505,2022-10-28 01:00:00,508.17,386.0,42.0,0.0,0.0,85.0,95.0,1.0
33506,2022-10-28 02:00:00,514.24,390.0,41.0,0.0,0.0,83.0,92.0,1.0
33507,2022-10-28 03:00:00,542.83,449.0,43.0,0.0,0.0,71.0,95.0,1.0
33508,2022-10-28 04:00:00,539.33,481.0,41.0,0.0,0.0,86.0,98.0,1.0
33509,2022-10-28 05:00:00,530.18,475.0,43.0,0.0,1.0,93.0,99.0,1.0
33510,2022-10-28 06:00:00,522.9,456.0,44.0,0.0,7.0,89.0,98.0,1.0
33511,2022-10-28 07:00:00,523.79,477.0,45.0,0.0,17.0,86.0,99.0,1.0
33512,2022-10-28 08:00:00,520.66,498.0,45.0,0.0,27.0,89.0,100.0,1.0
33513,2022-10-28 09:00:00,523.5,498.0,48.0,0.0,30.0,80.0,101.0,1.0
33514,2022-10-28 10:00:00,517.98,481.0,52.0,0.0,23.0,88.0,99.0,1.0
33515,2022-10-28 11:00:00,505.84,463.0,55.0,0.0,23.0,96.0,99.0,1.0
33516,2022-10-28 12:00:00,519.27,477.0,53.0,0.0,21.0,86.0,99.0,1.0
33517,2022-10-28 13:00:00,540.61,506.0,52.0,0.0,10.0,79.0,100.0,1.0
33518,2022-10-28 14:00:00,539.23,494.0,52.0,0.0,1.0,85.0,100.0,1.0
33519,2022-10-28 15:00:00,532.06,495.0,53.0,0.0,0.0,97.0,99.0,1.0
33520,2022-10-28 16:00:00,512.2,474.0,52.0,0.0,0.0,116.0,99.0,1.0
33521,2022-10-28 17:00:00,498.57,442.0,54.0,0.0,0.0,121.0,97.0,1.0
33522,2022-10-28 18:00:00,505.95,413.0,54.0,0.0,0.0,98.0,95.0,1.0
33523,2022-10-28 19:00:00,506.72,427.0,54.0,0.0,0.0,109.0,90.0,1.0
33524,2022-10-28 20:00:00,477.77,353.0,52.0,0.0,0.0,110.0,87.0,1.0
33525,2022-10-28 21:00:00,509.65,385.0,52.0,0.0,0.0,84.0,91.0,1.0
33526,2022-10-28 22:00:00,470.22,274.0,52.0,0.0,0.0,75.0,83.0,1.0
33527,2022-10-28 23:00:00,479.65,289.0,53.0,0.0,0.0,72.0,85.0,1.0
33528,2022-10-29 00:00:00,472.75,279.0,54.0,0.0,0.0,71.0,87.0,1.0
33529,2022-10-29 01:00:00,467.17,276.0,54.0,0.0,0.0,72.0,90.0,1.0
33530,2022-10-29 02:00:00,474.5,287.0,54.0,0.0,0.0,70.0,91.0,1.0
33531,2022-10-29 03:00:00,445.74,262.0,53.0,0.0,0.0,87.0,89.0,1.0
33532,2022-10-29 04:00:00,438.72,257.0,48.0,0.0,0.0,90.0,91.0,1.0
33533,2022-10-29 05:00:00,432.84,280.0,48.0,0.0,1.0,113.0,91.0,1.0
33534,2022-10-29 06:00:00,460.45,320.0,48.0,0.0,4.0,115.0,80.0,1.0
33535,2022-10-29 07:00:00,421.33,304.0,47.0,0.0,8.0,149.0,82.0,1.0
33536,2022-10-29 08:00:00,415.98,312.0,49.0,0.0,11.0,160.0,82.0,1.0
33537,2022-10-29 09:00:00,397.8,302.0,49.0,0.0,12.0,179.0,81.0,1.0
33538,2022-10-29 10:00:00,352.55,270.0,47.0,0.0,19.0,224.0,72.0,1.0
33539,2022-10-29 11:00:00,346.93,268.0,49.0,0.0,27.0,228.0,68.0,1.0
33540,2022-10-29 12:00:00,353.31,278.0,50.0,0.0,25.0,229.0,69.0,1.0
33541,2022-10-29 13:00:00,345.46,259.0,50.0,0.0,13.0,235.0,67.0,1.0
33542,2022-10-29 14:00:00,341.02,246.0,48.0,0.0,2.0,240.0,65.0,1.0
33543,2022-10-29 15:00:00,385.63,328.0,47.0,0.0,0.0,243.0,74.0,1.0
33544,2022-10-29 16:00:00,389.43,333.0,47.0,0.0,0.0,238.0,77.0,1.0
33545,2022-10-29 17:00:00,380.15,301.0,48.0,0.0,0.0,226.0,74.0,1.0
33546,2022-10-29 18:00:00,380.15,288.0,48.0,0.0,0.0,216.0,71.0,1.0
33547,2022-10-29 19:00:00,347.71,239.0,46.0,0.0,0.0,225.0,62.0,1.0
33548,2022-10-29 20:00:00,352.87,248.0,46.0,0.0,0.0,226.0,63.0,1.0
33549,2022-10-29 21:00:00,352.1,240.0,46.0,0.0,0.0,222.0,59.0,1.0
33550,2022-10-29 22:00:00,352.63,239.0,46.0,0.0,0.0,224.0,55.0,1.0
33551,2022-10-29 23:00:00,357.69,239.0,46.0,0.0,0.0,217.0,54.0,1.0
33552,2022-10-30 00:00:00,362.22,477.0,93.0,0.0,0.0,415.0,112.0,2.0
33553,2022-10-30 01:00:00,418.82,351.5,60.5,0.0,0.0,193.75,86.0,1.25
33554,2022-10-30 02:00:00,362.92,239.0,47.0,0.0,0.0,196.0,67.0,1.0
33555,2022-10-30 03:00:00,363.52,238.0,47.0,0.0,0.0,195.0,66.0,1.0
33556,2022-10-30 04:00:00,356.52,240.0,47.0,0.0,0.0,207.0,67.0,1.0
33557,2022-10-30 05:00:00,355.86,240.0,46.0,0.0,2.0,205.0,68.0,1.0
33558,2022-10-30 06:00:00,381.45,279.0,46.0,0.0,15.0,189.0,72.0,1.0
33559,2022-10-30 07:00:00,382.02,289.0,46.0,0.0,38.0,173.0,74.0,1.0
33560,2022-10-30 08:00:00,336.88,253.0,46.0,0.0,77.0,177.0,69.0,1.0
33561,2022-10-30 09:00:00,315.1,233.0,47.0,0.0,82.0,189.0,67.0,1.0
33562,2022-10-30 10:00:00,316.54,233.0,46.0,0.0,66.0,202.0,67.0,1.0
33563,2022-10-30 11:00:00,327.34,237.0,46.0,0.0,47.0,207.0,66.0,1.0
33564,2022-10-30 12:00:00,327.84,243.0,46.0,0.0,37.0,223.0,67.0,1.0
33565,2022-10-30 13:00:00,374.36,298.0,44.0,0.0,19.0,212.0,76.0,1.0
33566,2022-10-30 14:00:00,404.48,294.0,45.0,0.0,3.0,179.0,73.0,1.0
33567,2022-10-30 15:00:00,489.66,438.0,45.0,0.0,0.0,152.0,79.0,1.0
33568,2022-10-30 16:00:00,515.92,479.0,45.0,0.0,0.0,133.0,81.0,1.0
33569,2022-10-30 17:00:00,512.41,483.0,45.0,0.0,0.0,140.0,81.0,1.0
33570,2022-10-30 18:00:00,508.16,483.0,46.0,0.0,0.0,146.0,81.0,1.0
33571,2022-10-30 19:00:00,504.49,482.0,46.0,0.0,0.0,152.0,80.0,1.0
33572,2022-10-30 20:00:00,507.31,479.0,47.0,0.0,0.0,152.0,74.0,1.0
33573,2022-10-30 21:00:00,488.14,416.0,49.0,0.0,0.0,149.0,71.0,1.0
33574,2022-10-30 22:00:00,490.53,408.0,46.0,0.0,0.0,145.0,68.0,1.0
33575,2022-10-30 23:00:00,501.75,405.0,48.0,0.0,0.0,124.0,72.0,1.0
33576,2022-10-31 00:00:00,518.71,412.0,48.0,0.0,0.0,106.0,72.0,1.0
33577,2022-10-31 01:00:00,528.53,414.0,48.0,0.0,0.0,92.0,75.0,1.0
33578,2022-10-31 02:00:00,543.89,416.0,48.0,0.0,0.0,72.0,78.0,1.0
33579,2022-10-31 03:00:00,574.93,455.0,49.0,0.0,0.0,55.0,74.0,1.0
33580,2022-10-31 04:00:00,594.79,488.0,49.0,0.0,0.0,41.0,76.0,1.0
33581,2022-10-31 05:00:00,600.67,480.0,45.0,0.0,5.0,30.0,75.0,1.0
33582,2022-10-31 06:00:00,560.38,477.0,44.0,0.0,57.0,22.0,76.0,1.0
33583,2022-10-31 07:00:00,472.93,454.0,45.0,0.0,166.0,24.0,76.0,1.0
33584,2022-10-31 08:00:00,414.82,442.0,48.0,0.0,254.0,34.0,75.0,1.0
33585,2022-10-31 09:00:00,389.94,431.0,49.0,0.0,296.0,38.0,73.0,1.0
33586,2022-10-31 10:00:00,385.27,422.0,49.0,0.0,297.0,38.0,74.0,1.0
33587,2022-10-31 11:00:00,409.62,427.0,48.0,0.0,242.0,43.0,76.0,1.0
33588,2022-10-31 12:00:00,481.12,457.0,48.0,0.0,143.0,32.0,79.0,1.0
33589,2022-10-31 13:00:00,567.93,485.0,46.0,0.0,43.0,25.0,80.0,1.0
33590,2022-10-31 14:00:00,596.11,485.0,43.0,0.0,3.0,35.0,79.0,1.0
33591,2022-10-31 15:00:00,594.01,484.0,43.0,0.0,0.0,40.0,79.0,1.0
33592,2022-10-31 16:00:00,577.93,484.0,43.0,0.0,0.0,58.0,79.0,1.0
33593,2022-10-31 17:00:00,571.08,475.0,43.0,0.0,0.0,64.0,78.0,1.0
33594,2022-10-31 18:00:00,559.01,452.0,43.0,0.0,0.0,71.0,77.0,1.0
33595,2022-10-31 19:00:00,561.12,456.0,43.0,0.0,0.0,69.0,78.0,1.0
33596,2022-10-31 20:00:00,559.48,420.0,43.0,0.0,0.0,59.0,77.0,1.0
33597,2022-10-31 21:00:00,558.73,427.0,41.0,0.0,0.0,62.0,78.0,1.0
33598,2022-10-31 22:00:00,556.9,427.0,41.0,0.0,0.0,64.0,78.0,1.0
33599,2022-10-31 23:00:00,568.02,422.0,42.0,0.0,0.0,50.0,78.0,1.0
33600,2022-11-01 00:00:00,568.76,424.0,36.0,0.0,0.0,53.0,77.0,1.0
33601,2022-11-01 01:00:00,574.44,428.0,26.0,0.0,0.0,51.0,78.0,1.0
33602,2022-11-01 02:00:00,578.35,431.0,26.0,0.0,0.0,47.0,79.0,1.0
33603,2022-11-01 03:00:00,585.4,444.0,31.0,0.0,0.0,45.0,76.0,1.0
33604,2022-11-01 04:00:00,599.75,496.0,30.0,0.0,0.0,45.0,76.0,1.0
33605,2022-11-01 05:00:00,627.68,630.0,31.0,0.0,1.0,36.0,83.0,1.0
33606,2022-11-01 06:00:00,629.54,642.0,29.0,0.0,6.0,32.0,83.0,1.0
33607,2022-11-01 07:00:00,630.97,685.0,29.0,0.0,16.0,28.0,84.0,1.0
33608,2022-11-01 08:00:00,623.87,675.0,30.0,0.0,27.0,24.0,84.0,1.0
33609,2022-11-01 09:00:00,605.98,675.0,27.0,0.0,38.0,39.0,84.0,1.0
33610,2022-11-01 10:00:00,616.98,669.0,25.0,0.0,33.0,28.0,84.0,1.0
33611,2022-11-01 11:00:00,625.38,687.0,24.0,0.0,29.0,25.0,84.0,1.0
33612,2022-11-01 12:00:00,634.79,690.0,24.0,0.0,19.0,23.0,84.0,1.0
33613,2022-11-01 13:00:00,644.37,665.0,24.0,0.0,8.0,18.0,83.0,1.0
33614,2022-11-01 14:00:00,653.66,676.0,25.0,0.0,1.0,14.0,84.0,1.0
33615,2022-11-01 15:00:00,656.49,686.0,25.0,0.0,0.0,14.0,83.0,2.0
33616,2022-11-01 16:00:00,657.23,689.0,24.0,0.0,0.0,14.0,83.0,2.0
33617,2022-11-01 17:00:00,654.46,689.0,25.0,0.0,0.0,16.0,84.0,2.0
33618,2022-11-01 18:00:00,658.65,691.0,23.0,0.0,0.0,13.0,83.0,2.0
33619,2022-11-01 19:00:00,655.64,692.0,23.0,0.0,0.0,16.0,84.0,1.0
33620,2022-11-01 20:00:00,654.87,670.0,24.0,0.0,0.0,14.0,83.0,1.0
33621,2022-11-01 21:00:00,647.29,602.0,25.0,0.0,0.0,13.0,81.0,1.0
33622,2022-11-01 22:00:00,628.61,483.0,24.0,0.0,0.0,11.0,80.0,1.0
33623,2022-11-01 23:00:00,630.75,447.0,23.0,0.0,0.0,7.0,75.0,1.0
33624,2022-11-02 00:00:00,634.62,451.0,24.0,0.0,0.0,8.0,71.0,1.0
33625,2022-11-02 01:00:00,632.08,449.0,26.0,0.0,0.0,8.0,72.0,1.0
33626,2022-11-02 02:00:00,627.99,448.0,27.0,0.0,0.0,7.0,76.0,1.0
33627,2022-11-02 03:00:00,631.64,459.0,27.0,0.0,0.0,7.0,75.0,1.0
33628,2022-11-02 04:00:00,649.86,548.0,25.0,0.0,0.0,5.0,77.0,1.0
33629,2022-11-02 05:00:00,653.34,615.0,26.0,0.0,1.0,7.0,81.0,1.0
33630,2022-11-02 06:00:00,649.0,639.0,26.0,0.0,8.0,9.0,81.0,1.0
33631,2022-11-02 07:00:00,638.58,644.0,27.0,0.0,19.0,10.0,82.0,1.0
33632,2022-11-02 08:00:00,636.5,639.0,26.0,0.0,29.0,9.0,75.0,1.0
33633,2022-11-02 09:00:00,631.81,638.0,25.0,0.0,37.0,10.0,72.0,1.0
33634,2022-11-02 10:00:00,629.23,637.0,25.0,0.0,37.0,13.0,72.0,1.0
33635,2022-11-02 11:00:00,628.9,637.0,26.0,0.0,28.0,12.0,82.0,1.0
33636,2022-11-02 12:00:00,633.24,636.0,27.0,0.0,13.0,12.0,91.0,1.0
33637,2022-11-02 13:00:00,645.47,638.0,26.0,0.0,4.0,13.0,85.0,1.0
33638,2022-11-02 14:00:00,650.13,635.0,26.0,0.0,1.0,11.0,84.0,1.0
33639,2022-11-02 15:00:00,644.51,646.0,25.0,0.0,0.0,14.0,91.0,1.0
33640,2022-11-02 16:00:00,638.45,639.0,37.0,0.0,0.0,16.0,90.0,1.0
33641,2022-11-02 17:00:00,633.54,637.0,41.0,0.0,0.0,20.0,90.0,1.0
33642,2022-11-02 18:00:00,627.04,607.0,43.0,0.0,0.0,21.0,90.0,1.0
33643,2022-11-02 19:00:00,623.88,582.0,44.0,0.0,0.0,19.0,90.0,1.0
33644,2022-11-02 20:00:00,609.58,508.0,44.0,0.0,0.0,20.0,88.0,1.0
33645,2022-11-02 21:00:00,603.12,479.0,48.0,0.0,0.0,20.0,86.0,1.0
33646,2022-11-02 22:00:00,604.32,466.0,49.0,0.0,0.0,19.0,82.0,1.0
33647,2022-11-02 23:00:00,602.69,436.0,46.0,0.0,0.0,18.0,78.0,1.0
33648,2022-11-03 00:00:00,600.29,425.0,47.0,0.0,0.0,18.0,77.0,1.0
33649,2022-11-03 01:00:00,601.91,427.0,47.0,0.0,0.0,16.0,78.0,1.0
33650,2022-11-03 02:00:00,601.55,459.0,49.0,0.0,0.0,16.0,86.0,1.0
33651,2022-11-03 03:00:00,625.7,567.0,48.0,0.0,0.0,13.0,89.0,1.0
33652,2022-11-03 04:00:00,628.71,593.0,48.0,0.0,0.0,14.0,90.0,1.0
33653,2022-11-03 05:00:00,633.96,622.0,47.0,0.0,1.0,13.0,90.0,1.0
33654,2022-11-03 06:00:00,632.82,630.0,47.0,0.0,6.0,11.0,90.0,1.0
33655,2022-11-03 07:00:00,621.56,629.0,47.0,0.0,18.0,13.0,90.0,1.0
33656,2022-11-03 08:00:00,613.64,621.0,48.0,0.0,28.0,11.0,90.0,1.0
33657,2022-11-03 09:00:00,606.79,613.0,48.0,0.0,34.0,12.0,90.0,1.0
33658,2022-11-03 10:00:00,603.59,559.0,46.0,0.0,29.0,9.0,89.0,1.0
33659,2022-11-03 11:00:00,615.62,603.0,46.0,0.0,24.0,9.0,90.0,1.0
33660,2022-11-03 12:00:00,629.12,629.0,48.0,0.0,13.0,8.0,90.0,1.0
33661,2022-11-03 13:00:00,649.62,731.0,49.0,0.0,5.0,6.0,92.0,1.0
33662,2022-11-03 14:00:00,653.26,734.0,48.0,0.0,0.0,6.0,93.0,1.0
33663,2022-11-03 15:00:00,651.54,708.0,48.0,0.0,0.0,5.0,92.0,1.0
33664,2022-11-03 16:00:00,654.86,735.0,48.0,0.0,0.0,4.0,93.0,1.0
33665,2022-11-03 17:00:00,652.54,722.0,48.0,0.0,0.0,5.0,93.0,1.0
33666,2022-11-03 18:00:00,648.3,689.0,48.0,0.0,0.0,5.0,93.0,1.0
33667,2022-11-03 19:00:00,644.22,654.0,48.0,0.0,0.0,5.0,92.0,1.0
33668,2022-11-03 20:00:00,620.29,517.0,48.0,0.0,0.0,7.0,90.0,1.0
33669,2022-11-03 21:00:00,620.85,500.0,47.0,0.0,0.0,5.0,88.0,1.0
33670,2022-11-03 22:00:00,618.99,474.0,47.0,0.0,0.0,6.0,83.0,1.0
33671,2022-11-03 23:00:00,616.03,446.0,48.0,0.0,0.0,6.0,79.0,1.0
33672,2022-11-04 00:00:00,616.06,441.0,50.0,0.0,0.0,5.0,78.0,1.0
33673,2022-11-04 01:00:00,613.15,443.0,48.0,0.0,0.0,8.0,79.0,1.0
33674,2022-11-04 02:00:00,612.73,458.0,48.0,0.0,0.0,8.0,83.0,1.0
33675,2022-11-04 03:00:00,613.24,445.0,49.0,0.0,0.0,7.0,80.0,1.0
33676,2022-11-04 04:00:00,615.3,472.0,50.0,0.0,0.0,7.0,84.0,1.0
33677,2022-11-04 05:00:00,638.26,635.0,50.0,0.0,1.0,9.0,90.0,1.0
33678,2022-11-04 06:00:00,631.19,629.0,49.0,0.0,7.0,11.0,90.0,1.0
33679,2022-11-04 07:00:00,622.3,655.0,49.0,0.0,22.0,12.0,91.0,1.0
33680,2022-11-04 08:00:00,612.61,657.0,48.0,0.0,36.0,12.0,91.0,1.0
33681,2022-11-04 09:00:00,610.39,664.0,50.0,0.0,41.0,13.0,89.0,1.0
33682,2022-11-04 10:00:00,616.52,668.0,51.0,0.0,37.0,9.0,89.0,1.0
33683,2022-11-04 11:00:00,623.86,671.0,50.0,0.0,27.0,9.0,90.0,1.0
33684,2022-11-04 12:00:00,627.74,654.0,48.0,0.0,17.0,11.0,90.0,1.0
33685,2022-11-04 13:00:00,632.07,653.0,46.0,0.0,6.0,16.0,91.0,1.0
33686,2022-11-04 14:00:00,630.36,654.0,47.0,0.0,1.0,23.0,91.0,1.0
33687,2022-11-04 15:00:00,623.56,660.0,50.0,0.0,0.0,33.0,91.0,1.0
33688,2022-11-04 16:00:00,621.19,652.0,51.0,0.0,0.0,35.0,90.0,1.0
33689,2022-11-04 17:00:00,615.11,624.0,50.0,0.0,0.0,37.0,90.0,1.0
33690,2022-11-04 18:00:00,606.52,580.0,48.0,0.0,0.0,39.0,89.0,1.0
33691,2022-11-04 19:00:00,611.38,599.0,47.0,0.0,0.0,38.0,89.0,1.0
33692,2022-11-04 20:00:00,603.34,567.0,47.0,0.0,0.0,40.0,89.0,1.0
33693,2022-11-04 21:00:00,606.28,597.0,47.0,0.0,0.0,43.0,90.0,1.0
33694,2022-11-04 22:00:00,558.46,381.0,46.0,0.0,0.0,41.0,81.0,1.0
33695,2022-11-04 23:00:00,541.42,320.0,45.0,0.0,0.0,38.0,77.0,1.0
33696,2022-11-05 00:00:00,545.11,346.0,45.0,0.0,0.0,42.0,80.0,1.0
33697,2022-11-05 01:00:00,531.9,320.0,47.0,0.0,0.0,45.0,78.0,1.0
33698,2022-11-05 02:00:00,530.86,324.0,46.0,0.0,0.0,46.0,80.0,1.0
33699,2022-11-05 03:00:00,547.57,370.0,45.0,0.0,0.0,45.0,84.0,1.0
33700,2022-11-05 04:00:00,541.33,371.0,44.0,0.0,0.0,51.0,85.0,1.0
33701,2022-11-05 05:00:00,552.37,403.0,44.0,0.0,1.0,51.0,85.0,1.0
33702,2022-11-05 06:00:00,550.18,410.0,44.0,0.0,6.0,52.0,84.0,1.0
33703,2022-11-05 07:00:00,522.71,418.0,44.0,0.0,18.0,73.0,86.0,1.0
33704,2022-11-05 08:00:00,499.4,412.0,43.0,0.0,35.0,83.0,86.0,1.0
33705,2022-11-05 09:00:00,472.79,396.0,45.0,0.0,43.0,102.0,86.0,1.0
33706,2022-11-05 10:00:00,486.29,415.0,45.0,0.0,36.0,101.0,86.0,1.0
33707,2022-11-05 11:00:00,479.27,403.0,45.0,0.0,27.0,113.0,86.0,1.0
33708,2022-11-05 12:00:00,491.52,410.0,45.0,0.0,16.0,111.0,86.0,1.0
33709,2022-11-05 13:00:00,499.83,416.0,45.0,0.0,5.0,114.0,86.0,1.0
33710,2022-11-05 14:00:00,506.87,414.0,44.0,0.0,0.0,109.0,86.0,1.0
33711,2022-11-05 15:00:00,497.22,407.0,44.0,0.0,0.0,118.0,86.0,1.0
33712,2022-11-05 16:00:00,484.15,404.0,44.0,0.0,0.0,134.0,86.0,1.0
33713,2022-11-05 17:00:00,483.7,406.0,43.0,0.0,0.0,135.0,87.0,1.0
33714,2022-11-05 18:00:00,478.3,405.0,43.0,0.0,0.0,142.0,87.0,1.0
33715,2022-11-05 19:00:00,471.92,412.0,45.0,0.0,0.0,155.0,87.0,1.0
33716,2022-11-05 20:00:00,465.16,401.0,46.0,0.0,0.0,159.0,86.0,1.0
33717,2022-11-05 21:00:00,460.87,392.0,44.0,0.0,0.0,160.0,86.0,1.0
33718,2022-11-05 22:00:00,443.61,351.0,46.0,0.0,0.0,160.0,83.0,1.0
33719,2022-11-05 23:00:00,454.61,350.0,45.0,0.0,0.0,144.0,83.0,1.0
33720,2022-11-06 00:00:00,457.15,322.0,45.0,0.0,0.0,127.0,78.0,1.0
33721,2022-11-06 01:00:00,472.72,311.0,47.0,0.0,0.0,102.0,77.0,1.0
33722,2022-11-06 02:00:00,477.77,305.0,46.0,0.0,0.0,94.0,76.0,1.0
33723,2022-11-06 03:00:00,487.55,309.0,45.0,0.0,0.0,94.0,68.0,1.0
33724,2022-11-06 04:00:00,482.57,308.0,44.0,0.0,0.0,100.0,67.0,1.0
33725,2022-11-06 05:00:00,472.57,310.0,45.0,0.0,0.0,102.0,77.0,1.0
33726,2022-11-06 06:00:00,499.61,391.0,46.0,0.0,3.0,105.0,84.0,1.0
33727,2022-11-06 07:00:00,490.04,380.0,47.0,0.0,16.0,97.0,85.0,1.0
33728,2022-11-06 08:00:00,492.48,417.0,47.0,0.0,33.0,96.0,86.0,1.0
33729,2022-11-06 09:00:00,452.61,360.0,48.0,0.0,46.0,109.0,81.0,1.0
33730,2022-11-06 10:00:00,454.3,393.0,47.0,0.0,47.0,126.0,83.0,1.0
33731,2022-11-06 11:00:00,424.75,314.0,48.0,0.0,38.0,127.0,77.0,1.0
33732,2022-11-06 12:00:00,465.92,380.0,49.0,0.0,23.0,124.0,83.0,1.0
33733,2022-11-06 13:00:00,493.24,412.0,48.0,0.0,7.0,117.0,87.0,1.0
33734,2022-11-06 14:00:00,492.63,416.0,48.0,0.0,1.0,126.0,87.0,1.0
33735,2022-11-06 15:00:00,484.96,420.0,48.0,0.0,0.0,140.0,87.0,1.0
33736,2022-11-06 16:00:00,459.2,379.0,49.0,0.0,0.0,155.0,84.0,1.0
33737,2022-11-06 17:00:00,450.18,384.0,48.0,0.0,0.0,173.0,83.0,1.0
33738,2022-11-06 18:00:00,434.89,377.0,48.0,0.0,0.0,192.0,83.0,1.0
33739,2022-11-06 19:00:00,399.18,310.0,50.0,0.0,0.0,200.0,77.0,1.0
33740,2022-11-06 20:00:00,389.56,305.0,50.0,0.0,0.0,211.0,77.0,1.0
33741,2022-11-06 21:00:00,386.77,296.0,49.0,0.0,0.0,208.0,76.0,1.0
33742,2022-11-06 22:00:00,384.34,295.0,49.0,0.0,0.0,210.0,77.0,1.0
33743,2022-11-06 23:00:00,403.44,313.0,49.0,0.0,0.0,205.0,68.0,1.0
33744,2022-11-07 00:00:00,410.34,315.0,49.0,0.0,0.0,204.0,60.0,1.0
33745,2022-11-07 01:00:00,441.21,348.0,48.0,0.0,0.0,183.0,61.0,1.0
33746,2022-11-07 02:00:00,464.21,390.0,48.0,0.0,0.0,175.0,64.0,1.0
33747,2022-11-07 03:00:00,465.58,390.0,48.0,0.0,0.0,174.0,63.0,1.0
33748,2022-11-07 04:00:00,528.93,584.0,44.0,0.0,0.0,165.0,77.0,1.0
33749,2022-11-07 05:00:00,552.89,691.0,45.0,0.0,0.0,152.0,92.0,1.0
33750,2022-11-07 06:00:00,547.97,719.0,47.0,0.0,5.0,165.0,93.0,1.0
33751,2022-11-07 07:00:00,526.58,693.0,48.0,0.0,13.0,188.0,92.0,1.0
33752,2022-11-07 08:00:00,515.65,691.0,48.0,0.0,27.0,198.0,89.0,1.0
33753,2022-11-07 09:00:00,511.68,718.0,49.0,0.0,49.0,198.0,88.0,1.0
33754,2022-11-07 10:00:00,500.7,721.0,48.0,0.0,72.0,196.0,93.0,1.0
33755,2022-11-07 11:00:00,502.02,719.0,48.0,0.0,76.0,188.0,93.0,1.0
33756,2022-11-07 12:00:00,527.75,715.0,46.0,0.0,45.0,163.0,93.0,1.0
33757,2022-11-07 13:00:00,542.86,714.0,46.0,0.0,13.0,165.0,93.0,1.0
33758,2022-11-07 14:00:00,559.38,720.0,48.0,0.0,1.0,149.0,92.0,1.0
33759,2022-11-07 15:00:00,556.63,720.0,48.0,0.0,0.0,155.0,92.0,1.0
33760,2022-11-07 16:00:00,555.7,729.0,48.0,0.0,0.0,160.0,92.0,1.0
33761,2022-11-07 17:00:00,543.68,717.0,48.0,0.0,0.0,178.0,92.0,1.0
33762,2022-11-07 18:00:00,540.91,717.0,49.0,0.0,0.0,183.0,92.0,1.0
33763,2022-11-07 19:00:00,538.69,709.0,49.0,0.0,0.0,185.0,91.0,1.0
33764,2022-11-07 20:00:00,535.44,683.0,47.0,0.0,0.0,180.0,92.0,1.0
33765,2022-11-07 21:00:00,493.38,516.0,48.0,0.0,0.0,182.0,85.0,1.0
33766,2022-11-07 22:00:00,483.76,459.0,48.0,0.0,0.0,173.0,78.0,1.0
33767,2022-11-07 23:00:00,480.75,474.0,50.0,0.0,0.0,184.0,80.0,1.0
33768,2022-11-08 00:00:00,485.08,497.0,50.0,0.0,0.0,188.0,82.0,1.0
33769,2022-11-08 01:00:00,484.49,497.0,50.0,0.0,0.0,188.0,83.0,1.0
33770,2022-11-08 02:00:00,480.34,469.0,49.0,0.0,0.0,181.0,81.0,1.0
33771,2022-11-08 03:00:00,478.32,460.0,49.0,0.0,0.0,181.0,79.0,1.0
33772,2022-11-08 04:00:00,517.12,625.0,48.0,0.0,0.0,193.0,87.0,1.0
33773,2022-11-08 05:00:00,537.46,717.0,48.0,0.0,0.0,191.0,91.0,1.0
33774,2022-11-08 06:00:00,528.85,726.0,48.0,0.0,4.0,207.0,92.0,1.0
33775,2022-11-08 07:00:00,517.22,703.0,46.0,0.0,13.0,213.0,91.0,1.0
33776,2022-11-08 08:00:00,532.59,718.0,48.0,0.0,27.0,175.0,90.0,1.0
33777,2022-11-08 09:00:00,532.87,720.0,49.0,0.0,41.0,160.0,91.0,1.0
33778,2022-11-08 10:00:00,539.95,718.0,53.0,0.0,45.0,142.0,89.0,1.0
33779,2022-11-08 11:00:00,553.28,716.0,53.0,0.0,41.0,118.0,91.0,1.0
33780,2022-11-08 12:00:00,563.59,692.0,50.0,0.0,28.0,105.0,91.0,1.0
33781,2022-11-08 13:00:00,585.44,717.0,51.0,0.0,9.0,94.0,92.0,1.0
33782,2022-11-08 14:00:00,603.17,726.0,51.0,0.0,1.0,76.0,92.0,1.0
33783,2022-11-08 15:00:00,610.78,726.0,49.0,0.0,0.0,66.0,92.0,1.0
33784,2022-11-08 16:00:00,613.49,724.0,50.0,0.0,0.0,62.0,91.0,1.0
33785,2022-11-08 17:00:00,627.33,714.0,51.0,0.0,0.0,38.0,92.0,1.0
33786,2022-11-08 18:00:00,630.5,695.0,50.0,0.0,0.0,31.0,91.0,1.0
33787,2022-11-08 19:00:00,626.63,698.0,50.0,0.0,0.0,37.0,91.0,1.0
33788,2022-11-08 20:00:00,629.23,701.0,50.0,0.0,0.0,34.0,91.0,1.0
33789,2022-11-08 21:00:00,619.68,666.0,49.0,0.0,0.0,40.0,91.0,1.0
33790,2022-11-08 22:00:00,576.35,485.0,49.0,0.0,0.0,58.0,79.0,1.0
33791,2022-11-08 23:00:00,574.59,522.0,49.0,0.0,0.0,70.0,81.0,1.0
33792,2022-11-09 00:00:00,574.02,524.0,50.0,0.0,0.0,71.0,81.0,1.0
33793,2022-11-09 01:00:00,553.67,497.0,52.0,0.0,0.0,90.0,78.0,1.0
33794,2022-11-09 02:00:00,551.31,525.0,51.0,0.0,0.0,99.0,83.0,1.0
33795,2022-11-09 03:00:00,541.66,522.0,52.0,0.0,0.0,112.0,82.0,1.0
33796,2022-11-09 04:00:00,563.56,667.0,51.0,0.0,0.0,125.0,90.0,1.0
33797,2022-11-09 05:00:00,566.1,722.0,50.0,0.0,0.0,138.0,92.0,1.0
33798,2022-11-09 06:00:00,553.54,720.0,50.0,0.0,3.0,158.0,91.0,1.0
33799,2022-11-09 07:00:00,546.93,714.0,47.0,0.0,10.0,162.0,91.0,1.0
33800,2022-11-09 08:00:00,541.87,705.0,50.0,0.0,17.0,162.0,89.0,1.0
33801,2022-11-09 09:00:00,537.88,706.0,50.0,0.0,20.0,165.0,91.0,1.0
33802,2022-11-09 10:00:00,540.79,695.0,50.0,0.0,26.0,148.0,92.0,1.0
33803,2022-11-09 11:00:00,548.67,718.0,51.0,0.0,23.0,144.0,93.0,1.0
33804,2022-11-09 12:00:00,561.69,712.0,51.0,0.0,14.0,128.0,92.0,1.0
33805,2022-11-09 13:00:00,562.81,692.0,51.0,0.0,5.0,128.0,92.0,1.0
33806,2022-11-09 14:00:00,567.08,684.0,51.0,0.0,0.0,124.0,91.0,2.0
33807,2022-11-09 15:00:00,570.28,719.0,49.0,0.0,0.0,130.0,92.0,2.0
33808,2022-11-09 16:00:00,569.52,721.0,49.0,0.0,0.0,132.0,92.0,2.0
33809,2022-11-09 17:00:00,568.16,710.0,48.0,0.0,0.0,132.0,91.0,1.0
33810,2022-11-09 18:00:00,574.01,714.0,46.0,0.0,0.0,123.0,92.0,1.0
33811,2022-11-09 19:00:00,576.32,696.0,47.0,0.0,0.0,113.0,92.0,1.0
33812,2022-11-09 20:00:00,558.65,659.0,49.0,0.0,0.0,129.0,92.0,1.0
33813,2022-11-09 21:00:00,538.28,559.0,49.0,0.0,0.0,127.0,88.0,1.0
33814,2022-11-09 22:00:00,521.62,459.0,58.0,0.0,0.0,114.0,79.0,1.0
33815,2022-11-09 23:00:00,536.29,459.0,63.0,0.0,0.0,96.0,76.0,1.0
33816,2022-11-10 00:00:00,546.91,461.0,67.0,0.0,0.0,89.0,69.0,1.0
33817,2022-11-10 01:00:00,549.83,508.0,71.0,0.0,0.0,91.0,80.0,1.0
33818,2022-11-10 02:00:00,554.32,563.0,72.0,0.0,0.0,93.0,92.0,1.0
33819,2022-11-10 03:00:00,554.79,564.0,71.0,0.0,0.0,92.0,93.0,1.0
33820,2022-11-10 04:00:00,581.09,677.0,70.0,0.0,0.0,91.0,92.0,1.0
33821,2022-11-10 05:00:00,602.63,747.0,70.0,0.0,0.0,75.0,93.0,1.0
33822,2022-11-10 06:00:00,594.83,745.0,71.0,0.0,2.0,85.0,93.0,1.0
33823,2022-11-10 07:00:00,590.1,700.0,55.0,0.0,10.0,79.0,92.0,1.0
33824,2022-11-10 08:00:00,596.03,722.0,49.0,0.0,19.0,68.0,93.0,1.0
33825,2022-11-10 09:00:00,595.45,716.0,55.0,0.0,24.0,60.0,93.0,1.0
33826,2022-11-10 10:00:00,605.94,757.0,55.0,0.0,25.0,52.0,94.0,1.0
33827,2022-11-10 11:00:00,611.82,763.0,55.0,0.0,20.0,48.0,95.0,1.0
33828,2022-11-10 12:00:00,608.11,727.0,55.0,0.0,14.0,52.0,94.0,1.0
33829,2022-11-10 13:00:00,623.57,757.0,53.0,0.0,5.0,45.0,94.0,1.0
33830,2022-11-10 14:00:00,633.79,754.0,53.0,0.0,1.0,33.0,94.0,1.0
33831,2022-11-10 15:00:00,629.04,739.0,48.0,0.0,0.0,41.0,93.0,1.0
33832,2022-11-10 16:00:00,615.52,697.0,49.0,0.0,0.0,52.0,92.0,1.0
33833,2022-11-10 17:00:00,610.22,731.0,67.0,0.0,0.0,60.0,93.0,1.0
33834,2022-11-10 18:00:00,604.3,728.0,71.0,0.0,0.0,68.0,92.0,1.0
33835,2022-11-10 19:00:00,588.89,710.0,68.0,0.0,0.0,88.0,93.0,1.0
33836,2022-11-10 20:00:00,580.93,634.0,70.0,0.0,0.0,79.0,91.0,1.0
33837,2022-11-10 21:00:00,564.61,533.0,71.0,0.0,0.0,71.0,89.0,1.0
33838,2022-11-10 22:00:00,530.12,448.0,74.0,0.0,0.0,89.0,83.0,1.0
33839,2022-11-10 23:00:00,516.02,442.0,71.0,0.0,0.0,111.0,78.0,1.0
33840,2022-11-11 00:00:00,500.58,416.0,68.0,0.0,0.0,129.0,69.0,1.0
33841,2022-11-11 01:00:00,476.65,383.0,71.0,0.0,0.0,146.0,66.0,1.0
33842,2022-11-11 02:00:00,464.26,383.0,70.0,0.0,0.0,162.0,68.0,1.0
33843,2022-11-11 03:00:00,452.98,380.0,70.0,0.0,0.0,179.0,66.0,1.0
33844,2022-11-11 04:00:00,444.39,400.0,68.0,0.0,0.0,205.0,68.0,1.0
33845,2022-11-11 05:00:00,439.83,435.0,69.0,0.0,0.0,225.0,81.0,1.0
33846,2022-11-11 06:00:00,471.86,569.0,68.0,0.0,1.0,241.0,91.0,1.0
33847,2022-11-11 07:00:00,484.98,607.0,65.0,0.0,5.0,232.0,92.0,1.0
33848,2022-11-11 08:00:00,489.97,602.0,61.0,0.0,9.0,218.0,90.0,1.0
33849,2022-11-11 09:00:00,484.95,576.0,67.0,0.0,13.0,208.0,90.0,1.0
33850,2022-11-11 10:00:00,461.51,518.0,72.0,0.0,10.0,223.0,88.0,1.0
33851,2022-11-11 11:00:00,476.54,574.0,61.0,0.0,7.0,231.0,90.0,1.0
33852,2022-11-11 12:00:00,482.06,575.0,59.0,0.0,5.0,223.0,90.0,1.0
33853,2022-11-11 13:00:00,493.76,577.0,61.0,0.0,1.0,204.0,91.0,1.0
33854,2022-11-11 14:00:00,510.97,609.0,65.0,0.0,0.0,183.0,96.0,1.0
33855,2022-11-11 15:00:00,524.63,616.0,66.0,0.0,0.0,163.0,94.0,1.0
33856,2022-11-11 16:00:00,528.58,611.0,62.0,0.0,0.0,156.0,93.0,1.0
33857,2022-11-11 17:00:00,515.96,566.0,63.0,0.0,0.0,161.0,89.0,1.0
33858,2022-11-11 18:00:00,508.96,540.0,64.0,0.0,0.0,160.0,89.0,1.0
33859,2022-11-11 19:00:00,488.57,488.0,63.0,0.0,0.0,168.0,88.0,1.0
33860,2022-11-11 20:00:00,472.9,432.0,62.0,0.0,0.0,162.0,87.0,1.0
33861,2022-11-11 21:00:00,448.81,360.0,62.0,0.0,0.0,153.0,86.0,1.0
33862,2022-11-11 22:00:00,419.37,314.0,63.0,0.0,0.0,163.0,85.0,1.0
33863,2022-11-11 23:00:00,396.82,287.0,61.0,0.0,0.0,176.0,83.0,1.0
33864,2022-11-12 00:00:00,385.13,265.0,62.0,0.0,0.0,179.0,77.0,1.0
33865,2022-11-12 01:00:00,378.59,253.0,62.0,0.0,0.0,181.0,73.0,1.0
33866,2022-11-12 02:00:00,374.66,254.0,62.0,0.0,0.0,188.0,73.0,1.0
33867,2022-11-12 03:00:00,371.09,263.0,63.0,0.0,0.0,203.0,73.0,1.0
33868,2022-11-12 04:00:00,374.09,289.0,61.0,0.0,0.0,221.0,77.0,1.0
33869,2022-11-12 05:00:00,389.99,322.0,58.0,0.0,0.0,225.0,78.0,1.0
33870,2022-11-12 06:00:00,409.99,366.0,60.0,0.0,2.0,230.0,75.0,1.0
33871,2022-11-12 07:00:00,411.54,380.0,61.0,0.0,11.0,231.0,74.0,1.0
33872,2022-11-12 08:00:00,392.61,373.0,61.0,0.0,38.0,237.0,71.0,1.0
33873,2022-11-12 09:00:00,356.72,353.0,62.0,0.0,90.0,245.0,67.0,1.0
33874,2022-11-12 10:00:00,320.81,310.0,64.0,0.0,143.0,228.0,64.0,1.0
33875,2022-11-12 11:00:00,336.67,346.0,63.0,0.0,158.0,213.0,71.0,1.0
33876,2022-11-12 12:00:00,392.06,387.0,65.0,0.0,88.0,194.0,78.0,1.0
33877,2022-11-12 13:00:00,436.85,432.0,58.0,0.0,19.0,209.0,83.0,1.0
33878,2022-11-12 14:00:00,475.9,473.0,61.0,0.0,1.0,180.0,88.0,1.0
33879,2022-11-12 15:00:00,478.36,477.0,62.0,0.0,0.0,179.0,88.0,1.0
33880,2022-11-12 16:00:00,477.15,479.0,63.0,0.0,0.0,183.0,87.0,1.0
33881,2022-11-12 17:00:00,469.45,481.0,61.0,0.0,0.0,200.0,85.0,1.0
33882,2022-11-12 18:00:00,463.82,480.0,63.0,0.0,0.0,212.0,82.0,1.0
33883,2022-11-12 19:00:00,464.56,461.0,61.0,0.0,0.0,202.0,79.0,1.0
33884,2022-11-12 20:00:00,423.03,366.0,63.0,0.0,0.0,208.0,76.0,1.0
33885,2022-11-12 21:00:00,413.74,343.0,61.0,0.0,0.0,205.0,76.0,1.0
33886,2022-11-12 22:00:00,392.74,290.0,63.0,0.0,0.0,197.0,71.0,1.0
33887,2022-11-12 23:00:00,394.44,285.0,58.0,0.0,0.0,200.0,61.0,1.0
33888,2022-11-13 00:00:00,404.41,285.0,59.0,0.0,0.0,192.0,54.0,1.0
33889,2022-11-13 01:00:00,416.34,286.0,58.0,0.0,0.0,171.0,59.0,1.0
33890,2022-11-13 02:00:00,418.09,288.0,60.0,0.0,0.0,154.0,75.0,1.0
33891,2022-11-13 03:00:00,440.14,318.0,59.0,0.0,0.0,147.0,75.0,1.0
33892,2022-11-13 04:00:00,471.98,367.0,61.0,0.0,0.0,134.0,77.0,1.0
33893,2022-11-13 05:00:00,490.77,393.0,60.0,0.0,1.0,124.0,76.0,1.0
33894,2022-11-13 06:00:00,502.04,425.0,59.0,0.0,16.0,110.0,77.0,1.0
33895,2022-11-13 07:00:00,473.34,444.0,60.0,0.0,89.0,90.0,77.0,1.0
33896,2022-11-13 08:00:00,444.18,460.0,62.0,0.0,166.0,73.0,78.0,1.0
33897,2022-11-13 09:00:00,415.91,449.0,62.0,0.0,218.0,70.0,77.0,1.0
33898,2022-11-13 10:00:00,418.07,451.0,63.0,0.0,216.0,66.0,80.0,1.0
33899,2022-11-13 11:00:00,448.64,460.0,60.0,0.0,166.0,60.0,83.0,1.0
33900,2022-11-13 12:00:00,515.28,495.0,61.0,0.0,79.0,52.0,87.0,1.0
33901,2022-11-13 13:00:00,574.17,549.0,61.0,0.0,16.0,51.0,89.0,1.0
33902,2022-11-13 14:00:00,579.93,534.0,63.0,0.0,1.0,54.0,88.0,1.0
33903,2022-11-13 15:00:00,582.77,539.0,60.0,0.0,0.0,53.0,89.0,1.0
33904,2022-11-13 16:00:00,581.28,534.0,61.0,0.0,0.0,54.0,88.0,1.0
33905,2022-11-13 17:00:00,588.35,540.0,58.0,0.0,0.0,46.0,90.0,1.0
33906,2022-11-13 18:00:00,600.51,541.0,59.0,0.0,0.0,34.0,87.0,1.0
33907,2022-11-13 19:00:00,607.99,535.0,58.0,0.0,0.0,27.0,84.0,1.0
33908,2022-11-13 20:00:00,606.21,485.0,59.0,0.0,0.0,17.0,83.0,1.0
33909,2022-11-13 21:00:00,607.47,468.0,60.0,0.0,0.0,12.0,82.0,1.0
33910,2022-11-13 22:00:00,596.61,417.0,61.0,0.0,0.0,10.0,81.0,1.0
33911,2022-11-13 23:00:00,602.78,450.0,63.0,0.0,0.0,11.0,82.0,1.0
33912,2022-11-14 00:00:00,594.97,424.0,65.0,0.0,0.0,11.0,82.0,1.0
33913,2022-11-14 01:00:00,584.57,384.0,66.0,0.0,0.0,12.0,79.0,1.0
33914,2022-11-14 02:00:00,576.19,379.0,64.0,0.0,0.0,16.0,82.0,1.0
33915,2022-11-14 03:00:00,583.39,411.0,64.0,0.0,0.0,17.0,84.0,1.0
33916,2022-11-14 04:00:00,609.33,529.0,63.0,0.0,0.0,18.0,88.0,1.0
33917,2022-11-14 05:00:00,607.08,537.0,62.0,0.0,0.0,21.0,90.0,1.0
33918,2022-11-14 06:00:00,601.38,538.0,62.0,0.0,5.0,23.0,90.0,1.0
33919,2022-11-14 07:00:00,586.96,537.0,63.0,0.0,23.0,23.0,89.0,1.0
33920,2022-11-14 08:00:00,576.77,541.0,61.0,0.0,38.0,24.0,88.0,1.0
33921,2022-11-14 09:00:00,574.23,540.0,61.0,0.0,42.0,23.0,88.0,1.0
33922,2022-11-14 10:00:00,577.23,540.0,64.0,0.0,40.0,19.0,89.0,1.0
33923,2022-11-14 11:00:00,587.7,537.0,47.0,0.0,31.0,20.0,89.0,1.0
33924,2022-11-14 12:00:00,600.87,536.0,44.0,0.0,16.0,20.0,89.0,1.0
33925,2022-11-14 13:00:00,609.06,538.0,44.0,0.0,4.0,23.0,89.0,1.0
33926,2022-11-14 14:00:00,610.51,535.0,43.0,0.0,0.0,26.0,88.0,1.0
33927,2022-11-14 15:00:00,606.92,537.0,42.0,0.0,0.0,31.0,88.0,1.0
33928,2022-11-14 16:00:00,607.04,540.0,41.0,0.0,0.0,33.0,87.0,1.0
33929,2022-11-14 17:00:00,600.4,538.0,39.0,0.0,0.0,40.0,88.0,1.0
33930,2022-11-14 18:00:00,597.02,538.0,39.0,0.0,0.0,44.0,88.0,1.0
33931,2022-11-14 19:00:00,589.18,539.0,41.0,0.0,0.0,53.0,88.0,1.0
33932,2022-11-14 20:00:00,587.6,531.0,48.0,0.0,0.0,51.0,87.0,1.0
33933,2022-11-14 21:00:00,564.8,466.0,64.0,0.0,0.0,53.0,86.0,1.0
33934,2022-11-14 22:00:00,566.03,444.0,64.0,0.0,0.0,48.0,82.0,1.0
33935,2022-11-14 23:00:00,577.79,478.0,66.0,0.0,0.0,46.0,81.0,1.0
33936,2022-11-15 00:00:00,556.16,444.0,68.0,0.0,0.0,58.0,82.0,1.0
33937,2022-11-15 01:00:00,546.87,419.0,66.0,0.0,0.0,60.0,82.0,1.0
33938,2022-11-15 02:00:00,540.3,470.0,64.0,0.0,0.0,83.0,88.0,1.0
33939,2022-11-15 03:00:00,551.03,508.0,63.0,0.0,0.0,85.0,87.0,1.0
33940,2022-11-15 04:00:00,564.6,526.0,64.0,0.0,0.0,73.0,87.0,1.0
33941,2022-11-15 05:00:00,556.04,539.0,65.0,0.0,0.0,89.0,87.0,1.0
33942,2022-11-15 06:00:00,553.58,544.0,66.0,0.0,1.0,92.0,88.0,1.0
33943,2022-11-15 07:00:00,538.7,542.0,63.0,1.0,8.0,106.0,88.0,1.0
33944,2022-11-15 08:00:00,515.29,538.0,66.0,0.0,16.0,133.0,88.0,1.0
33945,2022-11-15 09:00:00,502.66,545.0,65.0,0.0,23.0,151.0,88.0,1.0
33946,2022-11-15 10:00:00,501.1,544.0,62.0,0.0,22.0,155.0,88.0,1.0
33947,2022-11-15 11:00:00,495.44,546.0,70.0,0.0,18.0,167.0,89.0,1.0
33948,2022-11-15 12:00:00,499.06,544.0,68.0,0.0,10.0,169.0,88.0,1.0
33949,2022-11-15 13:00:00,511.88,542.0,68.0,0.0,2.0,154.0,88.0,1.0
33950,2022-11-15 14:00:00,517.69,539.0,68.0,0.0,0.0,145.0,88.0,1.0
33951,2022-11-15 15:00:00,513.1,540.0,68.0,0.0,0.0,153.0,88.0,1.0
33952,2022-11-15 16:00:00,518.07,544.0,67.0,0.0,0.0,147.0,88.0,1.0
33953,2022-11-15 17:00:00,519.33,537.0,59.0,0.0,0.0,145.0,87.0,1.0
33954,2022-11-15 18:00:00,530.18,545.0,64.0,0.0,0.0,129.0,88.0,1.0
33955,2022-11-15 19:00:00,536.78,534.0,68.0,0.0,0.0,113.0,88.0,1.0
33956,2022-11-15 20:00:00,544.79,531.0,68.0,0.0,0.0,103.0,85.0,1.0
33957,2022-11-15 21:00:00,549.04,507.0,67.0,0.0,0.0,92.0,81.0,1.0
33958,2022-11-15 22:00:00,572.97,525.0,66.0,0.0,0.0,66.0,82.0,1.0
33959,2022-11-15 23:00:00,580.49,541.0,67.0,0.0,0.0,57.0,86.0,1.0
33960,2022-11-16 00:00:00,582.83,530.0,66.0,0.0,0.0,52.0,85.0,1.0
33961,2022-11-16 01:00:00,575.37,489.0,67.0,0.0,0.0,49.0,84.0,1.0
33962,2022-11-16 02:00:00,587.38,520.0,67.0,0.0,0.0,39.0,89.0,1.0
33963,2022-11-16 03:00:00,593.93,529.0,66.0,0.0,0.0,35.0,88.0,1.0
33964,2022-11-16 04:00:00,604.74,544.0,66.0,0.0,0.0,26.0,88.0,1.0
33965,2022-11-16 05:00:00,606.53,543.0,65.0,0.0,0.0,24.0,88.0,1.0
33966,2022-11-16 06:00:00,603.93,545.0,64.0,0.0,4.0,24.0,88.0,1.0
33967,2022-11-16 07:00:00,587.94,536.0,67.0,0.0,19.0,25.0,88.0,1.0
33968,2022-11-16 08:00:00,584.91,547.0,70.0,0.0,37.0,23.0,78.0,1.0
33969,2022-11-16 09:00:00,570.57,547.0,70.0,0.0,51.0,21.0,85.0,1.0
33970,2022-11-16 10:00:00,567.4,546.0,70.0,0.0,59.0,16.0,86.0,1.0
33971,2022-11-16 11:00:00,576.62,544.0,67.0,0.0,49.0,13.0,87.0,1.0
33972,2022-11-16 12:00:00,589.54,542.0,69.0,0.0,28.0,16.0,87.0,1.0
33973,2022-11-16 13:00:00,605.8,530.0,69.0,0.0,5.0,15.0,88.0,1.0
33974,2022-11-16 14:00:00,610.15,527.0,67.0,0.0,0.0,15.0,88.0,1.0
33975,2022-11-16 15:00:00,610.38,533.0,65.0,0.0,0.0,17.0,88.0,1.0
33976,2022-11-16 16:00:00,609.99,545.0,66.0,0.0,0.0,20.0,88.0,1.0
33977,2022-11-16 17:00:00,611.13,548.0,67.0,0.0,0.0,19.0,88.0,1.0
33978,2022-11-16 18:00:00,615.28,539.0,67.0,0.0,0.0,13.0,87.0,1.0
33979,2022-11-16 19:00:00,617.35,538.0,68.0,0.0,0.0,10.0,87.0,1.0
33980,2022-11-16 20:00:00,612.89,515.0,67.0,0.0,0.0,9.0,88.0,1.0
33981,2022-11-16 21:00:00,612.63,508.0,66.0,0.0,0.0,8.0,88.0,1.0
33982,2022-11-16 22:00:00,604.52,476.0,68.0,0.0,0.0,8.0,88.0,1.0
33983,2022-11-16 23:00:00,616.85,539.0,70.0,0.0,0.0,9.0,88.0,1.0
33984,2022-11-17 00:00:00,603.1,540.0,71.0,0.0,0.0,25.0,88.0,1.0
33985,2022-11-17 01:00:00,588.28,516.0,69.0,0.0,0.0,37.0,88.0,1.0
33986,2022-11-17 02:00:00,595.85,522.0,68.0,0.0,0.0,27.0,91.0,1.0
33987,2022-11-17 03:00:00,594.09,536.0,68.0,0.0,0.0,36.0,88.0,1.0
33988,2022-11-17 04:00:00,591.01,538.0,69.0,0.0,0.0,39.0,89.0,1.0
33989,2022-11-17 05:00:00,591.01,538.0,69.0,0.0,0.0,39.0,89.0,1.0
33990,2022-11-17 06:00:00,582.36,537.0,68.0,0.0,1.0,49.0,89.0,1.0
33991,2022-11-17 07:00:00,582.85,537.0,69.0,0.0,6.0,43.0,89.0,1.0
33992,2022-11-17 08:00:00,585.59,542.0,69.0,0.0,14.0,50.0,72.0,1.0
33993,2022-11-17 09:00:00,557.99,542.0,69.0,0.0,27.0,60.0,86.0,1.0
33994,2022-11-17 10:00:00,550.28,542.0,69.0,0.0,31.0,64.0,89.0,1.0
33995,2022-11-17 11:00:00,547.38,544.0,69.0,0.0,28.0,71.0,90.0,1.0
33996,2022-11-17 12:00:00,543.32,544.0,69.0,0.0,15.0,92.0,88.0,1.0
33997,2022-11-17 13:00:00,541.86,542.0,67.0,0.0,3.0,105.0,89.0,1.0
33998,2022-11-17 14:00:00,533.17,540.0,68.0,0.0,0.0,120.0,89.0,1.0
33999,2022-11-17 15:00:00,531.77,528.0,68.0,0.0,0.0,119.0,87.0,1.0
34000,2022-11-17 16:00:00,541.11,540.0,68.0,0.0,0.0,118.0,79.0,1.0
34001,2022-11-17 17:00:00,543.4,546.0,68.0,0.0,0.0,110.0,86.0,1.0
34002,2022-11-17 18:00:00,535.14,542.0,61.0,0.0,0.0,120.0,89.0,1.0
34003,2022-11-17 19:00:00,536.31,520.0,45.0,0.0,0.0,117.0,86.0,1.0
34004,2022-11-17 20:00:00,542.18,525.0,44.0,0.0,0.0,109.0,88.0,1.0
34005,2022-11-17 21:00:00,527.71,509.0,44.0,0.0,0.0,123.0,88.0,1.0
34006,2022-11-17 22:00:00,520.59,458.0,44.0,0.0,0.0,114.0,84.0,1.0
34007,2022-11-17 23:00:00,546.55,533.0,44.0,0.0,0.0,106.0,88.0,1.0
34008,2022-11-18 00:00:00,551.19,566.0,44.0,0.0,0.0,112.0,88.0,1.0
34009,2022-11-18 01:00:00,580.03,553.0,43.0,0.0,0.0,68.0,88.0,1.0
34010,2022-11-18 02:00:00,597.83,590.0,42.0,0.0,0.0,52.0,92.0,1.0
34011,2022-11-18 03:00:00,592.58,601.0,42.0,0.0,0.0,64.0,90.0,1.0
34012,2022-11-18 04:00:00,581.26,583.0,42.0,0.0,0.0,76.0,88.0,1.0
34013,2022-11-18 05:00:00,595.14,594.0,41.0,0.0,0.0,60.0,89.0,1.0
34014,2022-11-18 06:00:00,601.26,603.0,42.0,0.0,2.0,51.0,90.0,1.0
34015,2022-11-18 07:00:00,594.6,600.0,42.0,0.0,16.0,46.0,89.0,1.0
34016,2022-11-18 08:00:00,582.75,604.0,43.0,0.0,36.0,42.0,90.0,1.0
34017,2022-11-18 09:00:00,560.64,596.0,44.0,0.0,39.0,68.0,90.0,1.0
34018,2022-11-18 10:00:00,553.23,599.0,42.0,0.0,38.0,82.0,90.0,1.0
34019,2022-11-18 11:00:00,563.38,598.0,40.0,0.0,24.0,81.0,90.0,1.0
34020,2022-11-18 12:00:00,549.25,602.0,43.0,1.0,13.0,114.0,89.0,1.0
34021,2022-11-18 13:00:00,547.36,590.0,44.0,0.0,3.0,124.0,88.0,1.0
34022,2022-11-18 14:00:00,553.18,597.0,43.0,0.0,0.0,120.0,89.0,1.0
34023,2022-11-18 15:00:00,534.93,601.0,42.0,0.0,0.0,151.0,89.0,1.0
34024,2022-11-18 16:00:00,529.46,603.0,42.0,0.0,0.0,160.0,90.0,1.0
34025,2022-11-18 17:00:00,528.02,602.0,42.0,0.0,0.0,162.0,90.0,1.0
34026,2022-11-18 18:00:00,529.17,601.0,54.0,0.0,0.0,158.0,88.0,1.0
34027,2022-11-18 19:00:00,519.6,591.0,54.0,0.0,0.0,169.0,89.0,1.0
34028,2022-11-18 20:00:00,517.24,602.0,55.0,0.0,0.0,177.0,90.0,1.0
34029,2022-11-18 21:00:00,523.42,587.0,56.0,0.0,0.0,160.0,89.0,1.0
34030,2022-11-18 22:00:00,515.99,590.0,57.0,0.0,0.0,173.0,90.0,1.0
34031,2022-11-18 23:00:00,507.63,577.0,59.0,0.0,0.0,183.0,88.0,1.0
34032,2022-11-19 00:00:00,519.39,581.0,60.0,0.0,0.0,164.0,88.0,1.0
34033,2022-11-19 01:00:00,549.72,581.0,59.0,0.0,0.0,113.0,90.0,1.0
34034,2022-11-19 02:00:00,538.92,491.0,59.0,0.0,0.0,94.0,89.0,1.0
34035,2022-11-19 03:00:00,534.19,496.0,61.0,0.0,0.0,103.0,88.0,1.0
34036,2022-11-19 04:00:00,549.04,567.0,58.0,0.0,0.0,111.0,88.0,1.0
34037,2022-11-19 05:00:00,572.29,598.0,57.0,0.0,0.0,88.0,88.0,1.0
34038,2022-11-19 06:00:00,591.07,603.0,57.0,0.0,1.0,60.0,90.0,1.0
34039,2022-11-19 07:00:00,589.13,602.0,58.0,0.0,5.0,58.0,90.0,1.0
34040,2022-11-19 08:00:00,572.95,597.0,59.0,0.0,14.0,70.0,90.0,1.0
34041,2022-11-19 09:00:00,567.96,602.0,59.0,0.0,23.0,69.0,91.0,1.0
34042,2022-11-19 10:00:00,573.57,607.0,60.0,0.0,13.0,72.0,91.0,1.0
34043,2022-11-19 11:00:00,580.35,598.0,61.0,0.0,9.0,62.0,92.0,1.0
34044,2022-11-19 12:00:00,587.67,601.0,60.0,0.0,3.0,59.0,92.0,1.0
34045,2022-11-19 13:00:00,588.83,610.0,60.0,0.0,1.0,63.0,91.0,1.0
34046,2022-11-19 14:00:00,588.98,600.0,57.0,0.0,0.0,61.0,92.0,1.0
34047,2022-11-19 15:00:00,593.23,602.0,59.0,0.0,0.0,56.0,91.0,1.0
34048,2022-11-19 16:00:00,603.28,600.0,59.0,0.0,0.0,43.0,90.0,1.0
34049,2022-11-19 17:00:00,607.39,603.0,60.0,0.0,0.0,38.0,90.0,1.0
34050,2022-11-19 18:00:00,605.24,592.0,60.0,0.0,0.0,38.0,90.0,1.0
34051,2022-11-19 19:00:00,604.47,592.0,60.0,0.0,0.0,38.0,91.0,1.0
34052,2022-11-19 20:00:00,608.08,597.0,59.0,0.0,0.0,36.0,90.0,1.0
34053,2022-11-19 21:00:00,598.58,582.0,60.0,0.0,0.0,44.0,90.0,1.0
34054,2022-11-19 22:00:00,602.66,616.0,59.0,0.0,0.0,47.0,91.0,1.0
34055,2022-11-19 23:00:00,599.57,569.0,58.0,0.0,0.0,41.0,89.0,1.0
34056,2022-11-20 00:00:00,599.08,589.0,58.0,0.0,0.0,47.0,89.0,1.0
34057,2022-11-20 01:00:00,588.45,576.0,59.0,0.0,0.0,56.0,90.0,1.0
34058,2022-11-20 02:00:00,592.12,579.0,59.0,0.0,0.0,50.0,92.0,1.0
34059,2022-11-20 03:00:00,594.95,573.0,58.0,0.0,0.0,47.0,90.0,1.0
34060,2022-11-20 04:00:00,604.2,593.0,59.0,0.0,0.0,40.0,90.0,1.0
34061,2022-11-20 05:00:00,601.42,593.0,58.0,0.0,0.0,44.0,90.0,1.0
34062,2022-11-20 06:00:00,592.52,572.0,55.0,0.0,0.0,52.0,89.0,1.0
34063,2022-11-20 07:00:00,587.35,532.0,55.0,0.0,1.0,46.0,89.0,1.0
34064,2022-11-20 08:00:00,589.45,572.0,55.0,0.0,3.0,52.0,90.0,1.0
34065,2022-11-20 09:00:00,586.3,588.0,52.0,0.0,6.0,58.0,91.0,1.0
34066,2022-11-20 10:00:00,580.69,589.0,52.0,0.0,8.0,64.0,91.0,1.0
34067,2022-11-20 11:00:00,585.13,586.0,52.0,0.0,6.0,60.0,90.0,1.0
34068,2022-11-20 12:00:00,579.83,584.0,51.0,0.0,3.0,70.0,90.0,1.0
34069,2022-11-20 13:00:00,567.34,550.0,54.0,0.0,1.0,79.0,88.0,1.0
34070,2022-11-20 14:00:00,549.82,544.0,52.0,0.0,0.0,102.0,89.0,1.0
34071,2022-11-20 15:00:00,542.24,534.0,52.0,0.0,0.0,109.0,89.0,1.0
34072,2022-11-20 16:00:00,538.31,528.0,56.0,0.0,0.0,111.0,89.0,1.0
34073,2022-11-20 17:00:00,546.89,563.0,57.0,0.0,0.0,112.0,89.0,1.0
34074,2022-11-20 18:00:00,538.04,544.0,56.0,0.0,0.0,118.0,89.0,1.0
34075,2022-11-20 19:00:00,544.34,523.0,57.0,0.0,0.0,100.0,89.0,1.0
34076,2022-11-20 20:00:00,538.11,520.0,56.0,0.0,0.0,108.0,89.0,1.0
34077,2022-11-20 21:00:00,545.66,515.0,57.0,0.0,0.0,96.0,88.0,1.0
34078,2022-11-20 22:00:00,540.7,498.0,54.0,0.0,0.0,97.0,88.0,1.0
34079,2022-11-20 23:00:00,537.76,489.0,55.0,0.0,0.0,102.0,83.0,1.0
34080,2022-11-21 00:00:00,541.23,527.0,54.0,0.0,0.0,108.0,88.0,1.0
34081,2022-11-21 01:00:00,538.16,517.0,55.0,0.0,0.0,108.0,88.0,1.0
34082,2022-11-21 02:00:00,536.2,523.0,56.0,0.0,0.0,111.0,90.0,1.0
34083,2022-11-21 03:00:00,539.0,546.0,54.0,0.0,0.0,117.0,90.0,1.0
34084,2022-11-21 04:00:00,547.92,567.0,57.0,0.0,0.0,112.0,89.0,1.0
34085,2022-11-21 05:00:00,554.93,588.0,58.0,0.0,0.0,108.0,90.0,1.0
34086,2022-11-21 06:00:00,568.61,586.0,58.0,0.0,0.0,86.0,91.0,1.0
34087,2022-11-21 07:00:00,566.07,585.0,59.0,0.0,2.0,87.0,91.0,1.0
34088,2022-11-21 08:00:00,562.44,584.0,56.0,0.0,4.0,91.0,91.0,1.0
34089,2022-11-21 09:00:00,561.14,589.0,58.0,0.0,8.0,90.0,91.0,1.0
34090,2022-11-21 10:00:00,563.99,583.0,60.0,0.0,8.0,83.0,91.0,1.0
34091,2022-11-21 11:00:00,563.93,576.0,59.0,0.0,6.0,83.0,91.0,1.0
34092,2022-11-21 12:00:00,571.65,570.0,59.0,0.0,2.0,74.0,91.0,1.0
34093,2022-11-21 13:00:00,571.4,570.0,60.0,0.0,1.0,75.0,91.0,1.0
34094,2022-11-21 14:00:00,579.77,579.0,58.0,0.0,0.0,68.0,91.0,1.0
34095,2022-11-21 15:00:00,582.59,569.0,61.0,0.0,0.0,59.0,92.0,1.0
34096,2022-11-21 16:00:00,592.32,572.0,61.0,0.0,0.0,48.0,91.0,1.0
34097,2022-11-21 17:00:00,594.55,586.0,61.0,0.0,0.0,49.0,91.0,1.0
34098,2022-11-21 18:00:00,594.38,565.0,62.0,0.0,0.0,43.0,91.0,1.0
34099,2022-11-21 19:00:00,599.43,589.0,62.0,0.0,0.0,43.0,91.0,1.0
34100,2022-11-21 20:00:00,599.32,581.0,62.0,0.0,0.0,41.0,91.0,1.0
34101,2022-11-21 21:00:00,600.62,576.0,62.0,0.0,0.0,39.0,90.0,1.0
34102,2022-11-21 22:00:00,598.28,570.0,63.0,0.0,0.0,40.0,90.0,1.0
34103,2022-11-21 23:00:00,599.65,563.0,64.0,0.0,0.0,35.0,91.0,1.0
34104,2022-11-22 00:00:00,605.92,576.0,55.0,0.0,0.0,36.0,89.0,1.0
34105,2022-11-22 01:00:00,607.6,580.0,42.0,0.0,0.0,40.0,89.0,1.0
34106,2022-11-22 02:00:00,607.0,581.0,42.0,0.0,0.0,38.0,92.0,1.0
34107,2022-11-22 03:00:00,614.7,577.0,41.0,0.0,0.0,30.0,90.0,1.0
34108,2022-11-22 04:00:00,613.87,577.0,41.0,0.0,0.0,30.0,91.0,1.0
34109,2022-11-22 05:00:00,618.05,577.0,41.0,0.0,0.0,25.0,91.0,1.0
34110,2022-11-22 06:00:00,623.83,578.0,42.0,0.0,0.0,18.0,91.0,1.0
34111,2022-11-22 07:00:00,625.39,578.0,40.0,0.0,2.0,15.0,91.0,1.0
34112,2022-11-22 08:00:00,613.27,579.0,39.0,0.0,6.0,26.0,91.0,1.0
34113,2022-11-22 09:00:00,605.51,577.0,39.0,0.0,9.0,32.0,91.0,1.0
34114,2022-11-22 10:00:00,609.35,575.0,41.0,0.0,11.0,24.0,91.0,1.0
34115,2022-11-22 11:00:00,602.24,585.0,42.0,0.0,10.0,35.0,92.0,1.0
34116,2022-11-22 12:00:00,595.77,573.0,42.0,0.0,6.0,45.0,91.0,1.0
34117,2022-11-22 13:00:00,609.85,575.0,42.0,0.0,1.0,33.0,91.0,1.0
34118,2022-11-22 14:00:00,599.05,581.0,42.0,0.0,0.0,49.0,91.0,1.0
34119,2022-11-22 15:00:00,601.23,618.0,42.0,0.0,0.0,57.0,90.0,1.0
34120,2022-11-22 16:00:00,596.83,646.0,41.0,0.0,0.0,70.0,91.0,1.0
34121,2022-11-22 17:00:00,587.42,644.0,41.0,0.0,0.0,83.0,91.0,1.0
34122,2022-11-22 18:00:00,614.88,672.0,39.0,0.0,0.0,51.0,92.0,1.0
34123,2022-11-22 19:00:00,615.01,660.0,39.0,0.0,0.0,48.0,92.0,1.0
34124,2022-11-22 20:00:00,623.0,659.0,39.0,0.0,0.0,37.0,92.0,1.0
34125,2022-11-22 21:00:00,621.57,611.0,42.0,0.0,0.0,29.0,90.0,1.0
34126,2022-11-22 22:00:00,616.92,604.0,40.0,0.0,0.0,34.0,90.0,1.0
34127,2022-11-22 23:00:00,613.46,590.0,40.0,0.0,0.0,34.0,91.0,1.0
34128,2022-11-23 00:00:00,616.55,608.0,41.0,0.0,0.0,34.0,91.0,1.0
34129,2022-11-23 01:00:00,602.64,551.0,41.0,0.0,0.0,39.0,89.0,1.0
34130,2022-11-23 02:00:00,596.07,580.0,54.0,0.0,0.0,48.0,91.0,1.0
34131,2022-11-23 03:00:00,608.58,619.0,56.0,0.0,0.0,40.0,92.0,1.0
34132,2022-11-23 04:00:00,610.94,635.0,58.0,0.0,0.0,40.0,92.0,1.0
34133,2022-11-23 05:00:00,617.27,663.0,63.0,0.0,0.0,37.0,91.0,1.0
34134,2022-11-23 06:00:00,616.45,677.0,64.0,0.0,0.0,39.0,93.0,1.0
34135,2022-11-23 07:00:00,619.09,673.0,45.0,0.0,2.0,41.0,92.0,1.0
34136,2022-11-23 08:00:00,633.06,676.0,42.0,0.0,5.0,38.0,75.0,1.0
34137,2022-11-23 09:00:00,617.78,679.0,43.0,0.0,8.0,40.0,91.0,1.0
34138,2022-11-23 10:00:00,620.75,668.0,44.0,0.0,9.0,31.0,92.0,1.0
34139,2022-11-23 11:00:00,620.48,669.0,43.0,0.0,7.0,35.0,91.0,1.0
34140,2022-11-23 12:00:00,633.04,670.0,44.0,0.0,3.0,21.0,92.0,1.0
34141,2022-11-23 13:00:00,636.48,674.0,59.0,0.0,0.0,13.0,93.0,1.0
34142,2022-11-23 14:00:00,638.18,681.0,64.0,0.0,0.0,10.0,93.0,1.0
34143,2022-11-23 15:00:00,632.65,664.0,64.0,0.0,0.0,14.0,93.0,1.0
34144,2022-11-23 16:00:00,624.71,663.0,65.0,0.0,0.0,24.0,93.0,1.0
34145,2022-11-23 17:00:00,623.28,666.0,64.0,0.0,0.0,27.0,93.0,1.0
34146,2022-11-23 18:00:00,622.2,672.0,66.0,0.0,0.0,29.0,93.0,1.0
34147,2022-11-23 19:00:00,623.05,661.0,67.0,0.0,0.0,25.0,93.0,1.0
34148,2022-11-23 20:00:00,626.1,669.0,66.0,0.0,0.0,23.0,93.0,1.0
34149,2022-11-23 21:00:00,616.95,599.0,67.0,0.0,0.0,20.0,92.0,1.0
34150,2022-11-23 22:00:00,618.54,571.0,66.0,0.0,0.0,14.0,90.0,1.0
34151,2022-11-23 23:00:00,630.8,663.0,67.0,0.0,0.0,14.0,94.0,1.0
34152,2022-11-24 00:00:00,634.12,691.0,65.0,0.0,0.0,16.0,94.0,1.0
34153,2022-11-24 01:00:00,634.26,689.0,66.0,0.0,0.0,15.0,94.0,1.0
34154,2022-11-24 02:00:00,632.94,690.0,66.0,0.0,0.0,14.0,97.0,1.0
34155,2022-11-24 03:00:00,633.26,683.0,64.0,0.0,0.0,15.0,95.0,1.0
34156,2022-11-24 04:00:00,633.7,686.0,64.0,0.0,0.0,16.0,94.0,1.0
34157,2022-11-24 05:00:00,638.52,742.0,62.0,0.0,0.0,19.0,96.0,1.0
34158,2022-11-24 06:00:00,642.01,759.0,67.0,0.0,0.0,16.0,95.0,1.0
34159,2022-11-24 07:00:00,643.03,757.0,65.0,0.0,2.0,13.0,95.0,1.0
34160,2022-11-24 08:00:00,644.64,774.0,69.0,0.0,4.0,9.0,96.0,1.0
34161,2022-11-24 09:00:00,641.53,766.0,67.0,0.0,7.0,10.0,96.0,1.0
34162,2022-11-24 10:00:00,644.22,788.0,67.0,0.0,7.0,10.0,96.0,1.0
34163,2022-11-24 11:00:00,646.84,817.0,65.0,0.0,6.0,12.0,97.0,1.0
34164,2022-11-24 12:00:00,658.68,917.0,66.0,0.0,2.0,11.0,99.0,1.0
34165,2022-11-24 13:00:00,663.53,966.0,64.0,0.0,0.0,12.0,100.0,1.0
34166,2022-11-24 14:00:00,665.27,994.0,64.0,0.0,0.0,13.0,100.0,1.0
34167,2022-11-24 15:00:00,665.17,1024.0,65.0,0.0,0.0,16.0,101.0,1.0
34168,2022-11-24 16:00:00,662.51,1022.0,64.0,0.0,0.0,21.0,101.0,1.0
34169,2022-11-24 17:00:00,664.09,1025.0,63.0,0.0,0.0,19.0,101.0,1.0
34170,2022-11-24 18:00:00,664.72,1047.0,63.0,0.0,0.0,21.0,101.0,1.0
34171,2022-11-24 19:00:00,660.6,973.0,62.0,0.0,0.0,19.0,100.0,1.0
34172,2022-11-24 20:00:00,659.73,963.0,62.0,0.0,0.0,20.0,99.0,1.0
34173,2022-11-24 21:00:00,659.48,963.0,63.0,0.0,0.0,20.0,99.0,1.0
34174,2022-11-24 22:00:00,656.66,950.0,65.0,0.0,0.0,23.0,98.0,1.0
34175,2022-11-24 23:00:00,655.23,947.0,65.0,0.0,0.0,25.0,98.0,1.0
34176,2022-11-25 00:00:00,654.08,947.0,65.0,0.0,0.0,26.0,99.0,1.0
34177,2022-11-25 01:00:00,652.13,948.0,64.0,0.0,0.0,30.0,99.0,1.0
34178,2022-11-25 02:00:00,651.6,945.0,65.0,0.0,0.0,29.0,100.0,1.0
34179,2022-11-25 03:00:00,653.63,943.0,63.0,0.0,0.0,27.0,99.0,1.0
34180,2022-11-25 04:00:00,648.51,935.0,62.0,0.0,0.0,36.0,98.0,1.0
34181,2022-11-25 05:00:00,650.28,1004.0,61.0,0.0,0.0,44.0,99.0,1.0
34182,2022-11-25 06:00:00,650.01,1018.0,63.0,0.0,0.0,46.0,99.0,1.0
34183,2022-11-25 07:00:00,651.39,1025.0,62.0,0.0,2.0,43.0,99.0,1.0
34184,2022-11-25 08:00:00,649.55,1017.0,60.0,0.0,4.0,44.0,99.0,1.0
34185,2022-11-25 09:00:00,648.25,1016.0,56.0,0.0,5.0,47.0,99.0,1.0
34186,2022-11-25 10:00:00,650.06,1021.0,57.0,0.0,5.0,44.0,99.0,1.0
34187,2022-11-25 11:00:00,648.97,1019.0,61.0,0.0,3.0,46.0,99.0,1.0
34188,2022-11-25 12:00:00,652.62,1019.0,59.0,0.0,2.0,41.0,99.0,1.0
34189,2022-11-25 13:00:00,654.21,1018.0,61.0,0.0,0.0,39.0,99.0,1.0
34190,2022-11-25 14:00:00,655.43,1017.0,60.0,0.0,0.0,37.0,99.0,1.0
34191,2022-11-25 15:00:00,655.86,1022.0,60.0,0.0,0.0,37.0,99.0,1.0
34192,2022-11-25 16:00:00,654.45,1027.0,61.0,0.0,0.0,40.0,99.0,1.0
34193,2022-11-25 17:00:00,656.21,1028.0,63.0,0.0,0.0,36.0,99.0,1.0
34194,2022-11-25 18:00:00,658.52,1030.0,63.0,0.0,0.0,32.0,99.0,1.0
34195,2022-11-25 19:00:00,656.96,1027.0,64.0,0.0,0.0,33.0,100.0,1.0
34196,2022-11-25 20:00:00,655.83,1020.0,64.0,0.0,0.0,34.0,100.0,1.0
34197,2022-11-25 21:00:00,655.92,1012.0,63.0,0.0,0.0,33.0,100.0,1.0
34198,2022-11-25 22:00:00,658.73,1000.0,63.0,0.0,0.0,27.0,99.0,1.0
34199,2022-11-25 23:00:00,652.2,883.0,62.0,0.0,0.0,22.0,97.0,1.0
34200,2022-11-26 00:00:00,651.94,877.0,63.0,0.0,0.0,22.0,96.0,1.0
34201,2022-11-26 01:00:00,652.41,879.0,62.0,0.0,0.0,22.0,96.0,1.0
34202,2022-11-26 02:00:00,651.18,885.0,62.0,0.0,0.0,22.0,99.0,1.0
34203,2022-11-26 03:00:00,651.18,885.0,62.0,0.0,0.0,21.0,100.0,1.0
34204,2022-11-26 04:00:00,654.41,884.0,61.0,0.0,0.0,17.0,99.0,1.0
34205,2022-11-26 05:00:00,653.85,873.0,59.0,0.0,0.0,18.0,98.0,1.0
34206,2022-11-26 06:00:00,655.91,882.0,57.0,0.0,0.0,16.0,99.0,1.0
34207,2022-11-26 07:00:00,654.72,879.0,58.0,0.0,2.0,15.0,99.0,1.0
34208,2022-11-26 08:00:00,654.13,882.0,59.0,0.0,4.0,15.0,98.0,1.0
34209,2022-11-26 09:00:00,653.8,876.0,58.0,0.0,6.0,13.0,98.0,1.0
34210,2022-11-26 10:00:00,653.57,886.0,58.0,0.0,6.0,14.0,99.0,1.0
34211,2022-11-26 11:00:00,656.13,887.0,58.0,0.0,4.0,13.0,98.0,1.0
34212,2022-11-26 12:00:00,657.02,887.0,57.0,0.0,2.0,14.0,98.0,1.0
34213,2022-11-26 13:00:00,659.48,883.0,58.0,0.0,0.0,12.0,97.0,1.0
34214,2022-11-26 14:00:00,659.68,883.0,55.0,0.0,0.0,13.0,97.0,1.0
34215,2022-11-26 15:00:00,658.23,881.0,55.0,0.0,0.0,15.0,97.0,1.0
34216,2022-11-26 16:00:00,659.04,880.0,54.0,0.0,0.0,14.0,97.0,1.0
34217,2022-11-26 17:00:00,659.41,881.0,53.0,0.0,0.0,14.0,97.0,1.0
34218,2022-11-26 18:00:00,659.67,880.0,54.0,0.0,0.0,13.0,97.0,1.0
34219,2022-11-26 19:00:00,658.3,876.0,53.0,0.0,0.0,16.0,96.0,1.0
34220,2022-11-26 20:00:00,658.75,877.0,54.0,0.0,0.0,15.0,96.0,1.0
34221,2022-11-26 21:00:00,658.72,871.0,52.0,0.0,0.0,15.0,96.0,1.0
34222,2022-11-26 22:00:00,656.65,853.0,53.0,0.0,0.0,15.0,96.0,1.0
34223,2022-11-26 23:00:00,664.86,951.0,54.0,0.0,0.0,17.0,95.0,1.0
34224,2022-11-27 00:00:00,664.69,925.0,53.0,0.0,0.0,13.0,96.0,1.0
34225,2022-11-27 01:00:00,657.87,868.0,54.0,0.0,0.0,15.0,96.0,1.0
34226,2022-11-27 02:00:00,655.28,871.0,53.0,0.0,0.0,18.0,98.0,1.0
34227,2022-11-27 03:00:00,661.37,942.0,53.0,0.0,0.0,19.0,98.0,1.0
34228,2022-11-27 04:00:00,660.44,942.0,52.0,0.0,0.0,20.0,99.0,1.0
34229,2022-11-27 05:00:00,662.01,953.0,52.0,0.0,0.0,19.0,99.0,1.0
34230,2022-11-27 06:00:00,661.13,946.0,53.0,0.0,0.0,19.0,99.0,1.0
34231,2022-11-27 07:00:00,661.83,954.0,53.0,0.0,1.0,18.0,99.0,1.0
34232,2022-11-27 08:00:00,662.06,952.0,56.0,0.0,1.0,16.0,99.0,1.0
34233,2022-11-27 09:00:00,662.23,954.0,56.0,0.0,2.0,15.0,99.0,1.0
34234,2022-11-27 10:00:00,664.33,964.0,58.0,0.0,2.0,12.0,99.0,1.0
34235,2022-11-27 11:00:00,663.75,961.0,57.0,0.0,2.0,13.0,99.0,1.0
34236,2022-11-27 12:00:00,664.75,959.0,57.0,0.0,1.0,12.0,99.0,1.0
34237,2022-11-27 13:00:00,663.99,957.0,57.0,0.0,0.0,14.0,99.0,1.0
34238,2022-11-27 14:00:00,662.35,941.0,58.0,0.0,0.0,14.0,99.0,1.0
34239,2022-11-27 15:00:00,646.82,785.0,59.0,0.0,0.0,17.0,95.0,1.0
34240,2022-11-27 16:00:00,645.87,811.0,59.0,0.0,0.0,22.0,96.0,1.0
34241,2022-11-27 17:00:00,651.42,865.0,58.0,0.0,0.0,22.0,97.0,1.0
34242,2022-11-27 18:00:00,651.36,855.0,59.0,0.0,0.0,20.0,97.0,1.0
34243,2022-11-27 19:00:00,642.09,791.0,57.0,0.0,0.0,26.0,95.0,1.0
34244,2022-11-27 20:00:00,643.55,800.0,58.0,0.0,0.0,25.0,95.0,1.0
34245,2022-11-27 21:00:00,641.33,784.0,59.0,0.0,0.0,26.0,94.0,1.0
34246,2022-11-27 22:00:00,642.0,784.0,59.0,0.0,0.0,25.0,94.0,1.0
34247,2022-11-27 23:00:00,644.92,786.0,59.0,0.0,0.0,21.0,94.0,1.0
34248,2022-11-28 00:00:00,642.45,790.0,60.0,0.0,0.0,25.0,94.0,1.0
34249,2022-11-28 01:00:00,644.3,792.0,59.0,0.0,0.0,24.0,93.0,1.0
34250,2022-11-28 02:00:00,644.54,794.0,59.0,0.0,0.0,21.0,96.0,1.0
34251,2022-11-28 03:00:00,643.89,795.0,57.0,0.0,0.0,25.0,94.0,1.0
34252,2022-11-28 04:00:00,646.16,803.0,57.0,0.0,0.0,22.0,95.0,1.0
34253,2022-11-28 05:00:00,646.2,792.0,57.0,0.0,0.0,21.0,94.0,1.0
34254,2022-11-28 06:00:00,647.39,794.0,56.0,0.0,0.0,20.0,94.0,1.0
34255,2022-11-28 07:00:00,646.13,793.0,60.0,0.0,1.0,19.0,94.0,1.0
34256,2022-11-28 08:00:00,640.89,785.0,61.0,0.0,2.0,24.0,94.0,1.0
34257,2022-11-28 09:00:00,641.87,793.0,61.0,0.0,2.0,24.0,94.0,1.0
34258,2022-11-28 10:00:00,640.07,789.0,61.0,0.0,2.0,26.0,94.0,1.0
34259,2022-11-28 11:00:00,638.11,799.0,56.0,0.0,2.0,32.0,95.0,1.0
34260,2022-11-28 12:00:00,641.9,798.0,56.0,0.0,1.0,27.0,95.0,1.0
34261,2022-11-28 13:00:00,641.86,790.0,55.0,0.0,0.0,28.0,94.0,1.0
34262,2022-11-28 14:00:00,639.73,791.0,56.0,0.0,0.0,31.0,94.0,1.0
34263,2022-11-28 15:00:00,635.49,797.0,60.0,0.0,0.0,37.0,94.0,1.0
34264,2022-11-28 16:00:00,636.11,796.0,62.0,0.0,0.0,35.0,94.0,1.0
34265,2022-11-28 17:00:00,637.13,796.0,63.0,0.0,0.0,32.0,95.0,1.0
34266,2022-11-28 18:00:00,634.86,784.0,61.0,0.0,0.0,34.0,95.0,1.0
34267,2022-11-28 19:00:00,635.86,794.0,62.0,0.0,0.0,34.0,95.0,1.0
34268,2022-11-28 20:00:00,633.55,794.0,61.0,0.0,0.0,38.0,95.0,1.0
34269,2022-11-28 21:00:00,633.16,788.0,62.0,0.0,0.0,37.0,95.0,1.0
34270,2022-11-28 22:00:00,632.76,794.0,64.0,0.0,0.0,38.0,95.0,1.0
34271,2022-11-28 23:00:00,618.67,682.0,64.0,0.0,0.0,38.0,92.0,1.0
34272,2022-11-29 00:00:00,617.48,666.0,64.0,0.0,0.0,37.0,91.0,1.0
34273,2022-11-29 01:00:00,614.56,653.0,64.0,0.0,0.0,38.0,91.0,1.0
34274,2022-11-29 02:00:00,607.44,642.0,67.0,0.0,0.0,42.0,93.0,1.0
34275,2022-11-29 03:00:00,608.59,646.0,68.0,0.0,0.0,43.0,91.0,1.0
34276,2022-11-29 04:00:00,606.29,653.0,68.0,0.0,0.0,47.0,92.0,1.0
34277,2022-11-29 05:00:00,611.67,676.0,68.0,0.0,0.0,45.0,92.0,1.0
34278,2022-11-29 06:00:00,622.67,773.0,70.0,0.0,0.0,48.0,94.0,1.0
34279,2022-11-29 07:00:00,625.36,788.0,70.0,0.0,1.0,45.0,95.0,1.0
34280,2022-11-29 08:00:00,629.26,791.0,71.0,0.0,4.0,42.0,89.0,1.0
34281,2022-11-29 09:00:00,624.87,813.0,68.0,0.0,7.0,47.0,94.0,1.0
34282,2022-11-29 10:00:00,624.75,801.0,67.0,0.0,7.0,44.0,95.0,1.0
34283,2022-11-29 11:00:00,629.11,800.0,64.0,0.0,6.0,39.0,95.0,1.0
34284,2022-11-29 12:00:00,636.43,805.0,65.0,0.0,3.0,31.0,95.0,1.0
34285,2022-11-29 13:00:00,638.31,810.0,65.0,0.0,1.0,31.0,95.0,1.0
34286,2022-11-29 14:00:00,640.66,793.0,63.0,0.0,0.0,27.0,94.0,1.0
34287,2022-11-29 15:00:00,635.48,780.0,64.0,0.0,0.0,32.0,94.0,1.0
34288,2022-11-29 16:00:00,634.54,790.0,65.0,0.0,0.0,35.0,94.0,1.0
34289,2022-11-29 17:00:00,634.8,784.0,66.0,0.0,0.0,32.0,95.0,1.0
34290,2022-11-29 18:00:00,639.51,789.0,63.0,0.0,0.0,27.0,95.0,1.0
34291,2022-11-29 19:00:00,640.3,803.0,64.0,0.0,0.0,28.0,95.0,1.0
34292,2022-11-29 20:00:00,639.99,773.0,66.0,0.0,0.0,23.0,94.0,1.0
34293,2022-11-29 21:00:00,628.95,700.0,65.0,0.0,0.0,26.0,93.0,1.0
34294,2022-11-29 22:00:00,635.37,726.0,63.0,0.0,0.0,23.0,93.0,1.0
34295,2022-11-29 23:00:00,624.4,650.0,64.0,0.0,0.0,23.0,92.0,1.0
34296,2022-11-30 00:00:00,627.37,643.0,63.0,0.0,0.0,19.0,91.0,1.0
34297,2022-11-30 01:00:00,628.44,642.0,64.0,0.0,0.0,17.0,91.0,1.0
34298,2022-11-30 02:00:00,622.74,629.0,63.0,0.0,0.0,20.0,93.0,1.0
34299,2022-11-30 03:00:00,624.44,641.0,64.0,0.0,0.0,21.0,92.0,1.0
34300,2022-11-30 04:00:00,630.49,689.0,64.0,0.0,0.0,23.0,92.0,1.0
34301,2022-11-30 05:00:00,635.13,712.0,62.0,0.0,0.0,21.0,93.0,1.0
34302,2022-11-30 06:00:00,644.36,763.0,63.0,0.0,0.0,17.0,93.0,1.0
34303,2022-11-30 07:00:00,644.9,781.0,64.0,0.0,1.0,18.0,93.0,1.0
34304,2022-11-30 08:00:00,649.1,793.0,66.0,0.0,2.0,12.0,93.0,1.0
34305,2022-11-30 09:00:00,648.04,793.0,65.0,0.0,4.0,11.0,94.0,1.0
34306,2022-11-30 10:00:00,650.07,799.0,65.0,0.0,4.0,9.0,94.0,1.0
34307,2022-11-30 11:00:00,653.07,800.0,62.0,0.0,3.0,7.0,94.0,1.0
34308,2022-11-30 12:00:00,654.58,798.0,63.0,0.0,1.0,6.0,94.0,1.0
34309,2022-11-30 13:00:00,654.83,794.0,63.0,0.0,0.0,6.0,94.0,1.0
34310,2022-11-30 14:00:00,653.02,790.0,63.0,0.0,0.0,8.0,94.0,1.0
34311,2022-11-30 15:00:00,651.29,792.0,65.0,0.0,0.0,11.0,93.0,1.0
34312,2022-11-30 16:00:00,651.07,796.0,65.0,0.0,0.0,12.0,93.0,1.0
34313,2022-11-30 17:00:00,650.66,789.0,66.0,0.0,0.0,11.0,93.0,1.0
34314,2022-11-30 18:00:00,652.83,791.0,64.0,0.0,0.0,9.0,93.0,1.0
34315,2022-11-30 19:00:00,653.24,792.0,63.0,0.0,0.0,9.0,93.0,1.0
34316,2022-11-30 20:00:00,654.58,798.0,63.0,0.0,0.0,8.0,93.0,1.0
34317,2022-11-30 21:00:00,652.65,792.0,65.0,0.0,0.0,9.0,93.0,1.0
34318,2022-11-30 22:00:00,653.48,796.0,66.0,0.0,0.0,8.0,93.0,1.0
34319,2022-11-30 23:00:00,653.97,797.0,67.0,0.0,0.0,7.0,93.0,1.0
34320,2022-12-01 00:00:00,654.53,787.0,66.0,0.0,0.0,6.0,92.0,1.0
34321,2022-12-01 01:00:00,658.67,786.0,52.0,0.0,0.0,6.0,92.0,1.0
34322,2022-12-01 02:00:00,662.82,799.0,34.0,0.0,0.0,7.0,95.0,1.0
34323,2022-12-01 03:00:00,663.11,798.0,35.0,0.0,0.0,8.0,93.0,1.0
34324,2022-12-01 04:00:00,660.41,791.0,39.0,0.0,0.0,9.0,93.0,1.0
34325,2022-12-01 05:00:00,659.68,785.0,37.0,0.0,0.0,10.0,93.0,1.0
34326,2022-12-01 06:00:00,658.46,799.0,39.0,0.0,0.0,12.0,94.0,1.0
34327,2022-12-01 07:00:00,655.77,797.0,38.0,0.0,1.0,15.0,94.0,1.0
34328,2022-12-01 08:00:00,651.63,791.0,38.0,0.0,4.0,17.0,94.0,1.0
34329,2022-12-01 09:00:00,648.54,793.0,40.0,1.0,7.0,18.0,93.0,1.0
34330,2022-12-01 10:00:00,649.36,806.0,40.0,1.0,9.0,15.0,95.0,1.0
34331,2022-12-01 11:00:00,643.34,785.0,50.0,1.0,7.0,19.0,94.0,1.0
34332,2022-12-01 12:00:00,639.02,795.0,58.0,1.0,3.0,28.0,94.0,1.0
34333,2022-12-01 13:00:00,630.65,797.0,59.0,1.0,0.0,43.0,95.0,1.0
34334,2022-12-01 14:00:00,623.05,780.0,60.0,0.0,0.0,54.0,93.0,1.0
34335,2022-12-01 15:00:00,617.6,776.0,62.0,0.0,0.0,61.0,93.0,1.0
34336,2022-12-01 16:00:00,616.21,787.0,64.0,0.0,0.0,65.0,93.0,1.0
34337,2022-12-01 17:00:00,614.89,782.0,64.0,0.0,0.0,68.0,91.0,1.0
34338,2022-12-01 18:00:00,618.17,780.0,62.0,0.0,0.0,64.0,90.0,1.0
34339,2022-12-01 19:00:00,625.6,796.0,61.0,0.0,0.0,53.0,93.0,1.0
34340,2022-12-01 20:00:00,624.45,781.0,60.0,0.0,0.0,52.0,93.0,1.0
34341,2022-12-01 21:00:00,629.49,789.0,57.0,0.0,0.0,47.0,93.0,1.0
34342,2022-12-01 22:00:00,646.7,785.0,22.0,0.0,0.0,35.0,93.0,1.0
34343,2022-12-01 23:00:00,645.45,782.0,18.0,0.0,0.0,40.0,91.0,1.0
34344,2022-12-02 00:00:00,641.26,778.0,33.0,0.0,0.0,40.0,90.0,1.0
34345,2022-12-02 01:00:00,641.52,773.0,37.0,0.0,0.0,37.0,90.0,1.0
34346,2022-12-02 02:00:00,634.87,776.0,38.0,0.0,0.0,44.0,93.0,1.0
34347,2022-12-02 03:00:00,630.35,770.0,37.0,0.0,0.0,52.0,91.0,1.0
34348,2022-12-02 04:00:00,624.23,775.0,38.0,0.0,0.0,61.0,92.0,1.0
34349,2022-12-02 05:00:00,622.46,776.0,33.0,0.0,0.0,66.0,92.0,1.0
34350,2022-12-02 06:00:00,624.54,777.0,33.0,0.0,0.0,63.0,92.0,1.0
34351,2022-12-02 07:00:00,621.75,771.0,33.0,0.0,3.0,63.0,92.0,1.0
34352,2022-12-02 08:00:00,618.65,763.0,33.0,0.0,11.0,58.0,92.0,1.0
34353,2022-12-02 09:00:00,618.4,743.0,35.0,0.0,17.0,48.0,91.0,1.0
34354,2022-12-02 10:00:00,625.62,742.0,35.0,0.0,17.0,37.0,91.0,1.0
34355,2022-12-02 11:00:00,632.87,744.0,37.0,0.0,12.0,30.0,92.0,1.0
34356,2022-12-02 12:00:00,631.89,737.0,37.0,0.0,4.0,38.0,92.0,1.0
34357,2022-12-02 13:00:00,624.03,744.0,32.0,0.0,1.0,55.0,93.0,1.0
34358,2022-12-02 14:00:00,619.43,748.0,29.0,0.0,0.0,66.0,92.0,1.0
34359,2022-12-02 15:00:00,616.63,734.0,29.0,0.0,0.0,68.0,91.0,1.0
34360,2022-12-02 16:00:00,634.01,746.0,34.0,0.0,0.0,42.0,92.0,1.0
34361,2022-12-02 17:00:00,644.45,741.0,37.0,0.0,0.0,25.0,92.0,1.0
34362,2022-12-02 18:00:00,647.49,748.0,37.0,0.0,0.0,22.0,92.0,1.0
34363,2022-12-02 19:00:00,644.27,746.0,35.0,0.0,0.0,27.0,92.0,1.0
34364,2022-12-02 20:00:00,638.7,734.0,34.0,0.0,0.0,33.0,92.0,1.0
34365,2022-12-02 21:00:00,641.97,727.0,32.0,0.0,0.0,27.0,93.0,1.0
34366,2022-12-02 22:00:00,645.79,733.0,34.0,0.0,0.0,22.0,93.0,1.0
34367,2022-12-02 23:00:00,638.05,629.0,36.0,0.0,0.0,14.0,91.0,1.0
34368,2022-12-03 00:00:00,629.71,570.0,36.0,0.0,0.0,15.0,88.0,1.0
34369,2022-12-03 01:00:00,624.62,571.0,36.0,0.0,0.0,20.0,89.0,1.0
34370,2022-12-03 02:00:00,622.59,574.0,36.0,0.0,0.0,20.0,92.0,1.0
34371,2022-12-03 03:00:00,627.14,576.0,34.0,0.0,0.0,18.0,90.0,1.0
34372,2022-12-03 04:00:00,628.02,576.0,34.0,0.0,0.0,17.0,90.0,1.0
34373,2022-12-03 05:00:00,627.47,575.0,35.0,0.0,0.0,17.0,90.0,1.0
34374,2022-12-03 06:00:00,626.8,578.0,36.0,0.0,0.0,18.0,90.0,1.0
34375,2022-12-03 07:00:00,627.74,570.0,39.0,0.0,1.0,14.0,89.0,1.0
34376,2022-12-03 08:00:00,623.94,573.0,39.0,0.0,4.0,15.0,90.0,1.0
34377,2022-12-03 09:00:00,620.57,576.0,38.0,0.0,6.0,19.0,89.0,1.0
34378,2022-12-03 10:00:00,615.95,574.0,38.0,0.0,6.0,23.0,90.0,1.0
34379,2022-12-03 11:00:00,620.46,579.0,40.0,0.0,4.0,19.0,91.0,1.0
34380,2022-12-03 12:00:00,621.96,578.0,40.0,0.0,2.0,19.0,91.0,1.0
34381,2022-12-03 13:00:00,622.79,576.0,39.0,0.0,0.0,20.0,91.0,1.0
34382,2022-12-03 14:00:00,620.82,555.0,38.0,0.0,0.0,19.0,90.0,1.0
34383,2022-12-03 15:00:00,616.43,567.0,40.0,0.0,0.0,25.0,91.0,1.0
34384,2022-12-03 16:00:00,621.13,570.0,38.0,0.0,0.0,21.0,91.0,1.0
34385,2022-12-03 17:00:00,621.32,571.0,38.0,0.0,0.0,20.0,92.0,1.0
34386,2022-12-03 18:00:00,618.16,568.0,38.0,0.0,0.0,23.0,92.0,1.0
34387,2022-12-03 19:00:00,625.25,580.0,39.0,0.0,0.0,16.0,93.0,1.0
34388,2022-12-03 20:00:00,620.37,559.0,39.0,0.0,0.0,18.0,92.0,1.0
34389,2022-12-03 21:00:00,624.85,576.0,38.0,0.0,0.0,17.0,92.0,1.0
34390,2022-12-03 22:00:00,624.18,554.0,38.0,0.0,0.0,14.0,91.0,1.0
34391,2022-12-03 23:00:00,615.88,507.0,39.0,0.0,0.0,13.0,90.0,1.0
34392,2022-12-04 00:00:00,623.18,528.0,39.0,0.0,0.0,12.0,88.0,1.0
34393,2022-12-04 01:00:00,624.13,540.0,38.0,0.0,0.0,12.0,90.0,1.0
34394,2022-12-04 02:00:00,617.75,539.0,40.0,0.0,0.0,16.0,92.0,1.0
34395,2022-12-04 03:00:00,621.29,535.0,38.0,0.0,0.0,14.0,90.0,1.0
34396,2022-12-04 04:00:00,619.69,522.0,40.0,0.0,0.0,13.0,89.0,1.0
34397,2022-12-04 05:00:00,627.69,565.0,39.0,0.0,0.0,11.0,92.0,1.0
34398,2022-12-04 06:00:00,631.56,615.0,41.0,0.0,0.0,15.0,93.0,1.0
34399,2022-12-04 07:00:00,633.41,632.0,39.0,0.0,0.0,17.0,93.0,1.0
34400,2022-12-04 08:00:00,632.43,638.0,40.0,0.0,1.0,18.0,93.0,1.0
34401,2022-12-04 09:00:00,632.59,639.0,40.0,0.0,2.0,17.0,93.0,1.0
34402,2022-12-04 10:00:00,637.33,654.0,40.0,0.0,2.0,14.0,93.0,1.0
34403,2022-12-04 11:00:00,633.54,647.0,41.0,0.0,1.0,17.0,94.0,1.0
34404,2022-12-04 12:00:00,635.13,650.0,40.0,0.0,0.0,18.0,93.0,1.0
34405,2022-12-04 13:00:00,633.54,652.0,41.0,0.0,0.0,19.0,94.0,1.0
34406,2022-12-04 14:00:00,633.58,651.0,38.0,0.0,0.0,20.0,94.0,1.0
34407,2022-12-04 15:00:00,631.51,652.0,40.0,0.0,0.0,22.0,94.0,1.0
34408,2022-12-04 16:00:00,629.44,617.0,41.0,0.0,0.0,18.0,93.0,1.0
34409,2022-12-04 17:00:00,631.08,615.0,40.0,0.0,0.0,18.0,91.0,1.0
34410,2022-12-04 18:00:00,632.21,609.0,41.0,0.0,0.0,15.0,91.0,1.0
34411,2022-12-04 19:00:00,635.24,618.0,39.0,0.0,0.0,13.0,92.0,1.0
34412,2022-12-04 20:00:00,635.9,614.0,40.0,0.0,0.0,11.0,92.0,1.0
34413,2022-12-04 21:00:00,630.79,586.0,41.0,0.0,0.0,12.0,91.0,1.0
34414,2022-12-04 22:00:00,624.97,548.0,40.0,0.0,0.0,12.0,90.0,1.0
34415,2022-12-04 23:00:00,651.22,701.0,37.0,0.0,0.0,7.0,94.0,1.0
34416,2022-12-05 00:00:00,656.03,758.0,39.0,0.0,0.0,9.0,94.0,1.0
34417,2022-12-05 01:00:00,656.12,756.0,38.0,0.0,0.0,10.0,93.0,1.0
34418,2022-12-05 02:00:00,649.81,724.0,41.0,0.0,0.0,10.0,95.0,1.0
34419,2022-12-05 03:00:00,651.68,733.0,41.0,0.0,0.0,10.0,94.0,1.0
34420,2022-12-05 04:00:00,658.46,801.0,42.0,0.0,0.0,9.0,96.0,1.0
34421,2022-12-05 05:00:00,659.96,800.0,39.0,0.0,0.0,8.0,96.0,1.0
34422,2022-12-05 06:00:00,660.81,811.0,40.0,0.0,0.0,8.0,96.0,1.0
34423,2022-12-05 07:00:00,658.02,807.0,41.0,0.0,0.0,11.0,96.0,1.0
34424,2022-12-05 08:00:00,657.78,802.0,40.0,0.0,1.0,10.0,96.0,1.0
34425,2022-12-05 09:00:00,657.85,799.0,41.0,0.0,2.0,9.0,95.0,1.0
34426,2022-12-05 10:00:00,659.26,802.0,42.0,0.0,2.0,7.0,95.0,1.0
34427,2022-12-05 11:00:00,658.05,800.0,43.0,0.0,1.0,8.0,96.0,1.0
34428,2022-12-05 12:00:00,659.04,800.0,42.0,0.0,1.0,8.0,95.0,1.0
34429,2022-12-05 13:00:00,656.7,802.0,39.0,0.0,0.0,14.0,95.0,1.0
34430,2022-12-05 14:00:00,652.22,804.0,41.0,0.0,0.0,19.0,96.0,1.0
34431,2022-12-05 15:00:00,648.29,805.0,41.0,0.0,0.0,25.0,96.0,1.0
34432,2022-12-05 16:00:00,648.06,803.0,41.0,0.0,0.0,25.0,96.0,1.0
34433,2022-12-05 17:00:00,648.62,802.0,41.0,0.0,0.0,24.0,96.0,1.0
34434,2022-12-05 18:00:00,645.7,800.0,41.0,0.0,0.0,28.0,96.0,1.0
34435,2022-12-05 19:00:00,646.09,792.0,41.0,0.0,0.0,26.0,96.0,1.0
34436,2022-12-05 20:00:00,646.06,795.0,40.0,0.0,0.0,27.0,96.0,1.0
34437,2022-12-05 21:00:00,646.42,798.0,40.0,0.0,0.0,27.0,96.0,1.0
34438,2022-12-05 22:00:00,642.9,802.0,40.0,0.0,0.0,33.0,96.0,1.0
34439,2022-12-05 23:00:00,640.8,854.0,42.0,1.0,0.0,43.0,97.0,1.0
34440,2022-12-06 00:00:00,636.73,861.0,42.0,0.0,0.0,52.0,97.0,1.0
34441,2022-12-06 01:00:00,632.3,862.0,41.0,1.0,0.0,59.0,97.0,1.0
34442,2022-12-06 02:00:00,632.66,863.0,40.0,0.0,0.0,59.0,98.0,1.0
34443,2022-12-06 03:00:00,632.21,865.0,38.0,0.0,0.0,62.0,97.0,1.0
34444,2022-12-06 04:00:00,634.95,868.0,38.0,0.0,0.0,59.0,96.0,1.0
34445,2022-12-06 05:00:00,637.95,868.0,38.0,0.0,0.0,53.0,97.0,1.0
34446,2022-12-06 06:00:00,637.98,860.0,39.0,0.0,0.0,53.0,95.0,1.0
34447,2022-12-06 07:00:00,636.53,867.0,36.0,0.0,0.0,58.0,95.0,1.0
34448,2022-12-06 08:00:00,633.87,869.0,38.0,0.0,1.0,59.0,97.0,1.0
34449,2022-12-06 09:00:00,636.88,873.0,35.0,0.0,1.0,57.0,96.0,1.0
34450,2022-12-06 10:00:00,642.93,880.0,38.0,0.0,1.0,48.0,95.0,1.0
34451,2022-12-06 11:00:00,641.99,877.0,38.0,0.0,1.0,49.0,95.0,1.0
34452,2022-12-06 12:00:00,638.93,884.0,39.0,0.0,0.0,55.0,96.0,1.0
34453,2022-12-06 13:00:00,635.92,855.0,40.0,0.0,0.0,54.0,96.0,1.0
34454,2022-12-06 14:00:00,643.41,882.0,37.0,0.0,0.0,49.0,95.0,1.0
34455,2022-12-06 15:00:00,640.14,869.0,37.0,0.0,0.0,51.0,96.0,1.0
34456,2022-12-06 16:00:00,640.04,878.0,39.0,0.0,0.0,53.0,95.0,1.0
34457,2022-12-06 17:00:00,640.28,877.0,40.0,0.0,0.0,51.0,96.0,1.0
34458,2022-12-06 18:00:00,640.05,875.0,40.0,0.0,0.0,52.0,95.0,1.0
34459,2022-12-06 19:00:00,641.76,878.0,37.0,0.0,0.0,51.0,95.0,1.0
34460,2022-12-06 20:00:00,642.14,876.0,37.0,0.0,0.0,49.0,96.0,1.0
34461,2022-12-06 21:00:00,639.41,871.0,36.0,0.0,0.0,53.0,96.0,1.0
34462,2022-12-06 22:00:00,640.75,869.0,37.0,0.0,0.0,51.0,95.0,1.0
34463,2022-12-06 23:00:00,642.76,862.0,38.0,0.0,0.0,45.0,96.0,1.0
34464,2022-12-07 00:00:00,646.98,860.0,40.0,0.0,0.0,39.0,94.0,1.0
34465,2022-12-07 01:00:00,643.47,862.0,40.0,0.0,0.0,45.0,94.0,1.0
34466,2022-12-07 02:00:00,637.14,858.0,39.0,0.0,0.0,53.0,96.0,1.0
34467,2022-12-07 03:00:00,640.78,860.0,40.0,0.0,0.0,49.0,94.0,1.0
34468,2022-12-07 04:00:00,640.93,859.0,39.0,0.0,0.0,48.0,95.0,1.0
34469,2022-12-07 05:00:00,643.0,861.0,39.0,0.0,0.0,46.0,94.0,1.0
34470,2022-12-07 06:00:00,640.34,857.0,38.0,0.0,0.0,49.0,95.0,1.0
34471,2022-12-07 07:00:00,640.97,871.0,37.0,0.0,0.0,51.0,95.0,1.0
34472,2022-12-07 08:00:00,643.9,839.0,38.0,0.0,1.0,39.0,95.0,1.0
34473,2022-12-07 09:00:00,649.23,850.0,37.0,0.0,1.0,33.0,95.0,1.0
34474,2022-12-07 10:00:00,650.12,849.0,38.0,0.0,1.0,31.0,95.0,1.0
34475,2022-12-07 11:00:00,651.45,852.0,39.0,0.0,1.0,29.0,95.0,1.0
34476,2022-12-07 12:00:00,650.51,850.0,37.0,1.0,0.0,32.0,94.0,1.0
34477,2022-12-07 13:00:00,644.88,850.0,39.0,1.0,0.0,39.0,95.0,1.0
34478,2022-12-07 14:00:00,638.96,839.0,40.0,1.0,0.0,46.0,95.0,1.0
34479,2022-12-07 15:00:00,641.17,841.0,42.0,0.0,0.0,43.0,95.0,1.0
34480,2022-12-07 16:00:00,640.52,847.0,40.0,0.0,0.0,45.0,96.0,1.0
34481,2022-12-07 17:00:00,639.94,842.0,40.0,0.0,0.0,45.0,96.0,1.0
34482,2022-12-07 18:00:00,640.28,848.0,39.0,0.0,0.0,48.0,94.0,1.0
34483,2022-12-07 19:00:00,640.2,842.0,39.0,0.0,0.0,47.0,94.0,1.0
34484,2022-12-07 20:00:00,638.83,841.0,39.0,0.0,0.0,49.0,94.0,1.0
34485,2022-12-07 21:00:00,635.75,839.0,38.0,0.0,0.0,54.0,94.0,1.0
34486,2022-12-07 22:00:00,628.51,771.0,37.0,0.0,0.0,53.0,93.0,1.0
34487,2022-12-07 23:00:00,628.11,751.0,38.0,0.0,0.0,49.0,93.0,1.0
34488,2022-12-08 00:00:00,624.34,727.0,39.0,0.0,0.0,51.0,91.0,1.0
34489,2022-12-08 01:00:00,624.73,725.0,39.0,0.0,0.0,50.0,91.0,1.0
34490,2022-12-08 02:00:00,636.48,831.0,41.0,0.0,0.0,48.0,96.0,1.0
34491,2022-12-08 03:00:00,646.23,893.0,40.0,0.0,0.0,44.0,96.0,1.0
34492,2022-12-08 04:00:00,641.99,873.0,41.0,0.0,0.0,49.0,94.0,1.0
34493,2022-12-08 05:00:00,644.13,918.0,40.0,0.0,0.0,54.0,94.0,1.0
34494,2022-12-08 06:00:00,651.33,946.0,41.0,0.0,0.0,43.0,97.0,1.0
34495,2022-12-08 07:00:00,651.24,957.0,41.0,0.0,0.0,46.0,96.0,1.0
34496,2022-12-08 08:00:00,654.53,1005.0,41.0,0.0,1.0,46.0,97.0,1.0
34497,2022-12-08 09:00:00,655.21,1044.0,41.0,0.0,1.0,50.0,98.0,1.0
34498,2022-12-08 10:00:00,657.48,1075.0,40.0,0.0,2.0,48.0,100.0,1.0
34499,2022-12-08 11:00:00,657.06,1069.0,42.0,0.0,1.0,49.0,99.0,1.0
34500,2022-12-08 12:00:00,657.72,1100.0,41.0,0.0,1.0,53.0,99.0,1.0
34501,2022-12-08 13:00:00,659.47,1100.0,40.0,0.0,0.0,51.0,99.0,1.0
34502,2022-12-08 14:00:00,657.29,1101.0,41.0,0.0,0.0,54.0,100.0,1.0
34503,2022-12-08 15:00:00,660.83,1094.0,41.0,0.0,0.0,47.0,99.0,1.0
34504,2022-12-08 16:00:00,642.2,1107.0,40.0,0.0,0.0,86.0,100.0,1.0
34505,2022-12-08 17:00:00,638.37,1107.0,40.0,0.0,0.0,94.0,100.0,1.0
34506,2022-12-08 18:00:00,633.74,1108.0,40.0,0.0,0.0,104.0,100.0,1.0
34507,2022-12-08 19:00:00,639.96,1111.0,41.0,0.0,0.0,91.0,100.0,1.0
34508,2022-12-08 20:00:00,650.95,1116.0,39.0,0.0,0.0,70.0,100.0,1.0
34509,2022-12-08 21:00:00,657.26,1117.0,40.0,0.0,0.0,57.0,100.0,1.0
34510,2022-12-08 22:00:00,656.63,1109.0,40.0,0.0,0.0,57.0,100.0,1.0
34511,2022-12-08 23:00:00,660.42,1046.0,40.0,0.0,0.0,41.0,99.0,1.0
34512,2022-12-09 00:00:00,664.14,1032.0,38.0,0.0,0.0,34.0,98.0,1.0
34513,2022-12-09 01:00:00,663.56,1037.0,42.0,0.0,0.0,34.0,98.0,1.0
34514,2022-12-09 02:00:00,662.72,1038.0,39.0,0.0,0.0,34.0,101.0,1.0
34515,2022-12-09 03:00:00,663.97,1046.0,41.0,0.0,0.0,34.0,99.0,1.0
34516,2022-12-09 04:00:00,667.1,1048.0,40.0,0.0,0.0,30.0,98.0,1.0
34517,2022-12-09 05:00:00,667.04,1048.0,38.0,0.0,0.0,31.0,98.0,1.0
34518,2022-12-09 06:00:00,664.38,1052.0,39.0,0.0,0.0,35.0,99.0,1.0
34519,2022-12-09 07:00:00,666.71,1047.0,39.0,0.0,0.0,30.0,99.0,1.0
34520,2022-12-09 08:00:00,667.95,1048.0,41.0,0.0,1.0,26.0,99.0,1.0
34521,2022-12-09 09:00:00,666.71,1039.0,41.0,0.0,2.0,26.0,99.0,1.0
34522,2022-12-09 10:00:00,667.97,1045.0,40.0,0.0,2.0,25.0,99.0,1.0
34523,2022-12-09 11:00:00,669.42,1039.0,39.0,0.0,2.0,22.0,99.0,1.0
34524,2022-12-09 12:00:00,658.33,869.0,39.0,0.0,1.0,21.0,95.0,1.0
34525,2022-12-09 13:00:00,650.51,772.0,39.0,0.0,0.0,21.0,92.0,1.0
34526,2022-12-09 14:00:00,643.53,775.0,38.0,0.0,0.0,30.0,94.0,1.0
34527,2022-12-09 15:00:00,640.02,791.0,36.0,0.0,0.0,39.0,94.0,1.0
34528,2022-12-09 16:00:00,628.33,827.0,37.0,0.0,0.0,64.0,94.0,1.0
34529,2022-12-09 17:00:00,613.39,834.0,36.0,0.0,0.0,91.0,94.0,1.0
34530,2022-12-09 18:00:00,609.69,838.0,37.0,0.0,0.0,97.0,95.0,1.0
34531,2022-12-09 19:00:00,602.71,836.0,34.0,0.0,0.0,111.0,94.0,1.0
34532,2022-12-09 20:00:00,606.85,827.0,35.0,0.0,0.0,101.0,94.0,1.0
34533,2022-12-09 21:00:00,601.79,835.0,35.0,0.0,0.0,112.0,94.0,1.0
34534,2022-12-09 22:00:00,598.43,820.0,35.0,0.0,0.0,114.0,94.0,1.0
34535,2022-12-09 23:00:00,597.62,817.0,34.0,0.0,0.0,115.0,94.0,1.0
34536,2022-12-10 00:00:00,589.93,815.0,32.0,0.0,0.0,130.0,93.0,1.0
34537,2022-12-10 01:00:00,588.9,824.0,36.0,0.0,0.0,132.0,94.0,1.0
34538,2022-12-10 02:00:00,597.96,828.0,35.0,0.0,0.0,116.0,95.0,1.0
34539,2022-12-10 03:00:00,600.2,822.0,36.0,0.0,0.0,111.0,94.0,1.0
34540,2022-12-10 04:00:00,596.09,823.0,35.0,0.0,0.0,119.0,94.0,1.0
34541,2022-12-10 05:00:00,603.77,827.0,36.0,0.0,0.0,106.0,94.0,1.0
34542,2022-12-10 06:00:00,604.12,827.0,37.0,0.0,0.0,105.0,94.0,1.0
34543,2022-12-10 07:00:00,603.11,834.0,36.0,0.0,1.0,109.0,93.0,1.0
34544,2022-12-10 08:00:00,598.58,841.0,36.0,0.0,2.0,118.0,93.0,1.0
34545,2022-12-10 09:00:00,601.34,841.0,36.0,0.0,3.0,111.0,94.0,1.0
34546,2022-12-10 10:00:00,601.26,839.0,35.0,0.0,4.0,110.0,94.0,1.0
34547,2022-12-10 11:00:00,607.59,837.0,33.0,0.0,3.0,100.0,94.0,1.0
34548,2022-12-10 12:00:00,614.61,837.0,35.0,0.0,1.0,88.0,95.0,1.0
34549,2022-12-10 13:00:00,623.14,840.0,33.0,0.0,0.0,78.0,93.0,1.0
34550,2022-12-10 14:00:00,625.42,841.0,34.0,0.0,0.0,72.0,95.0,1.0
34551,2022-12-10 15:00:00,622.88,839.0,36.0,0.0,0.0,75.0,95.0,1.0
34552,2022-12-10 16:00:00,626.86,842.0,36.0,0.0,0.0,69.0,95.0,1.0
34553,2022-12-10 17:00:00,628.54,839.0,35.0,0.0,0.0,66.0,95.0,1.0
34554,2022-12-10 18:00:00,633.67,841.0,35.0,0.0,0.0,59.0,94.0,1.0
34555,2022-12-10 19:00:00,637.39,844.0,34.0,0.0,0.0,54.0,94.0,1.0
34556,2022-12-10 20:00:00,638.42,840.0,33.0,0.0,0.0,53.0,93.0,1.0
34557,2022-12-10 21:00:00,640.46,836.0,33.0,0.0,0.0,50.0,92.0,1.0
34558,2022-12-10 22:00:00,633.04,759.0,34.0,0.0,0.0,48.0,90.0,1.0
34559,2022-12-10 23:00:00,593.54,520.0,34.0,0.0,0.0,47.0,86.0,1.0
34560,2022-12-11 00:00:00,594.13,518.0,36.0,0.0,0.0,45.0,86.0,1.0
34561,2022-12-11 01:00:00,596.44,519.0,35.0,0.0,0.0,43.0,86.0,1.0
34562,2022-12-11 02:00:00,594.73,520.0,33.0,0.0,0.0,42.0,90.0,1.0
34563,2022-12-11 03:00:00,598.02,522.0,35.0,0.0,0.0,40.0,88.0,1.0
34564,2022-12-11 04:00:00,604.42,523.0,35.0,0.0,0.0,33.0,88.0,1.0
34565,2022-12-11 05:00:00,607.45,523.0,34.0,0.0,0.0,30.0,88.0,1.0
34566,2022-12-11 06:00:00,607.45,523.0,34.0,0.0,0.0,29.0,89.0,1.0
34567,2022-12-11 07:00:00,614.31,527.0,35.0,0.0,0.0,22.0,89.0,1.0
34568,2022-12-11 08:00:00,615.28,523.0,35.0,0.0,1.0,20.0,88.0,1.0
34569,2022-12-11 09:00:00,621.69,527.0,35.0,0.0,1.0,14.0,88.0,1.0
34570,2022-12-11 10:00:00,622.73,523.0,35.0,0.0,1.0,12.0,88.0,1.0
34571,2022-12-11 11:00:00,614.96,519.0,36.0,0.0,1.0,19.0,88.0,1.0
34572,2022-12-11 12:00:00,613.59,522.0,34.0,0.0,0.0,24.0,87.0,1.0
34573,2022-12-11 13:00:00,619.36,523.0,34.0,0.0,0.0,20.0,85.0,1.0
34574,2022-12-11 14:00:00,615.37,526.0,34.0,0.0,0.0,22.0,88.0,1.0
34575,2022-12-11 15:00:00,612.63,526.0,34.0,0.0,0.0,25.0,88.0,1.0
34576,2022-12-11 16:00:00,601.35,525.0,35.0,0.0,0.0,39.0,86.0,1.0
34577,2022-12-11 17:00:00,582.81,519.0,35.0,0.0,0.0,60.0,85.0,1.0
34578,2022-12-11 18:00:00,572.77,518.0,32.0,0.0,0.0,72.0,86.0,1.0
34579,2022-12-11 19:00:00,566.88,515.0,33.0,0.0,0.0,78.0,86.0,1.0
34580,2022-12-11 20:00:00,559.88,518.0,30.0,0.0,0.0,89.0,86.0,1.0
34581,2022-12-11 21:00:00,523.81,499.0,31.0,0.0,0.0,130.0,86.0,1.0
34582,2022-12-11 22:00:00,520.02,529.0,32.0,0.0,0.0,149.0,86.0,1.0
34583,2022-12-11 23:00:00,558.84,681.0,36.0,0.0,0.0,145.0,88.0,1.0
34584,2022-12-12 00:00:00,568.94,753.0,34.0,0.0,0.0,152.0,89.0,1.0
34585,2022-12-12 01:00:00,569.84,754.0,36.0,0.0,0.0,150.0,89.0,1.0
34586,2022-12-12 02:00:00,567.29,756.0,34.0,0.0,0.0,153.0,92.0,1.0
34587,2022-12-12 03:00:00,566.59,761.0,34.0,0.0,0.0,157.0,91.0,1.0
34588,2022-12-12 04:00:00,568.96,775.0,35.0,0.0,0.0,156.0,92.0,1.0
34589,2022-12-12 05:00:00,563.35,761.0,34.0,0.0,0.0,162.0,92.0,1.0
34590,2022-12-12 06:00:00,551.21,758.0,37.0,0.0,0.0,183.0,92.0,1.0
34591,2022-12-12 07:00:00,535.31,757.0,35.0,0.0,0.0,214.0,93.0,1.0
34592,2022-12-12 08:00:00,537.3,770.0,36.0,0.0,1.0,214.0,93.0,1.0
34593,2022-12-12 09:00:00,534.25,770.0,34.0,0.0,1.0,221.0,93.0,1.0
34594,2022-12-12 10:00:00,538.19,764.0,35.0,0.0,1.0,211.0,92.0,1.0
34595,2022-12-12 11:00:00,531.52,755.0,35.0,0.0,1.0,221.0,92.0,1.0
34596,2022-12-12 12:00:00,529.35,760.0,34.0,0.0,0.0,229.0,92.0,1.0
34597,2022-12-12 13:00:00,527.63,769.0,36.0,0.0,0.0,237.0,91.0,1.0
34598,2022-12-12 14:00:00,540.22,784.0,35.0,0.0,0.0,216.0,92.0,1.0
34599,2022-12-12 15:00:00,547.74,787.0,34.0,0.0,0.0,202.0,92.0,1.0
34600,2022-12-12 16:00:00,553.3,784.0,33.0,0.0,0.0,191.0,91.0,1.0
34601,2022-12-12 17:00:00,565.46,783.0,33.0,0.0,0.0,167.0,91.0,1.0
34602,2022-12-12 18:00:00,575.68,802.0,33.0,0.0,0.0,153.0,92.0,1.0
34603,2022-12-12 19:00:00,588.33,805.0,32.0,0.0,0.0,131.0,92.0,1.0
34604,2022-12-12 20:00:00,630.02,804.0,31.0,0.0,0.0,61.0,92.0,1.0
34605,2022-12-12 21:00:00,646.99,780.0,33.0,0.0,0.0,30.0,92.0,1.0
34606,2022-12-12 22:00:00,654.97,779.0,34.0,0.0,0.0,19.0,91.0,1.0
34607,2022-12-12 23:00:00,655.26,769.0,34.0,0.0,0.0,17.0,91.0,1.0
34608,2022-12-13 00:00:00,655.6,772.0,34.0,0.0,0.0,19.0,89.0,1.0
34609,2022-12-13 01:00:00,652.62,777.0,34.0,0.0,0.0,23.0,90.0,1.0
34610,2022-12-13 02:00:00,647.45,746.0,34.0,0.0,0.0,24.0,91.0,1.0
34611,2022-12-13 03:00:00,644.73,744.0,35.0,0.0,0.0,26.0,92.0,1.0
34612,2022-12-13 04:00:00,646.05,756.0,38.0,0.0,0.0,25.0,92.0,1.0
34613,2022-12-13 05:00:00,646.58,766.0,38.0,0.0,0.0,26.0,92.0,1.0
34614,2022-12-13 06:00:00,646.9,780.0,38.0,0.0,0.0,27.0,93.0,1.0
34615,2022-12-13 07:00:00,645.5,779.0,40.0,0.0,0.0,28.0,93.0,1.0
34616,2022-12-13 08:00:00,643.94,783.0,40.0,0.0,1.0,30.0,93.0,1.0
34617,2022-12-13 09:00:00,646.91,785.0,40.0,0.0,1.0,27.0,92.0,1.0
34618,2022-12-13 10:00:00,646.19,775.0,36.0,0.0,1.0,28.0,92.0,1.0
34619,2022-12-13 11:00:00,645.71,788.0,36.0,0.0,1.0,31.0,92.0,1.0
34620,2022-12-13 12:00:00,636.08,781.0,36.0,0.0,0.0,46.0,91.0,1.0
34621,2022-12-13 13:00:00,625.37,784.0,36.0,0.0,0.0,63.0,91.0,1.0
34622,2022-12-13 14:00:00,619.36,782.0,36.0,0.0,0.0,71.0,92.0,1.0
34623,2022-12-13 15:00:00,612.35,781.0,36.0,0.0,0.0,82.0,92.0,1.0
34624,2022-12-13 16:00:00,602.85,780.0,37.0,0.0,0.0,97.0,92.0,1.0
34625,2022-12-13 17:00:00,591.41,781.0,39.0,0.0,0.0,116.0,92.0,1.0
34626,2022-12-13 18:00:00,593.54,787.0,39.0,0.0,0.0,114.0,92.0,1.0
34627,2022-12-13 19:00:00,586.16,779.0,38.0,0.0,0.0,125.0,92.0,1.0
34628,2022-12-13 20:00:00,598.87,770.0,37.0,0.0,0.0,100.0,93.0,1.0
34629,2022-12-13 21:00:00,613.1,771.0,37.0,0.0,0.0,78.0,92.0,1.0
34630,2022-12-13 22:00:00,610.11,784.0,37.0,0.0,0.0,86.0,92.0,1.0
34631,2022-12-13 23:00:00,602.6,832.0,37.0,0.0,0.0,109.0,94.0,1.0
34632,2022-12-14 00:00:00,593.32,799.0,41.0,0.0,0.0,117.0,92.0,1.0
34633,2022-12-14 01:00:00,584.1,766.0,40.0,0.0,0.0,124.0,92.0,1.0
34634,2022-12-14 02:00:00,593.59,765.0,33.0,0.0,0.0,109.0,93.0,1.0
34635,2022-12-14 03:00:00,600.04,812.0,35.0,0.0,0.0,111.0,92.0,1.0
34636,2022-12-14 04:00:00,609.34,809.0,33.0,0.0,0.0,95.0,92.0,1.0
34637,2022-12-14 05:00:00,613.9,810.0,32.0,0.0,0.0,88.0,92.0,1.0
34638,2022-12-14 06:00:00,624.8,803.0,36.0,0.0,0.0,67.0,92.0,1.0
34639,2022-12-14 07:00:00,616.8,817.0,39.0,0.0,1.0,80.0,93.0,1.0
34640,2022-12-14 08:00:00,613.29,850.0,41.0,0.0,2.0,90.0,95.0,1.0
34641,2022-12-14 09:00:00,619.74,858.0,40.0,0.0,2.0,81.0,95.0,1.0
34642,2022-12-14 10:00:00,610.53,862.0,38.0,0.0,2.0,99.0,95.0,1.0
34643,2022-12-14 11:00:00,606.92,859.0,40.0,0.0,2.0,104.0,95.0,1.0
34644,2022-12-14 12:00:00,601.88,857.0,34.0,0.0,1.0,117.0,94.0,1.0
34645,2022-12-14 13:00:00,591.06,858.0,38.0,0.0,0.0,138.0,93.0,1.0
34646,2022-12-14 14:00:00,582.64,857.0,38.0,0.0,0.0,153.0,94.0,1.0
34647,2022-12-14 15:00:00,582.67,856.0,37.0,0.0,0.0,154.0,93.0,1.0
34648,2022-12-14 16:00:00,574.77,857.0,37.0,0.0,0.0,170.0,93.0,1.0
34649,2022-12-14 17:00:00,559.27,801.0,37.0,0.0,0.0,183.0,92.0,1.0
34650,2022-12-14 18:00:00,557.95,860.0,37.0,0.0,0.0,204.0,95.0,1.0
34651,2022-12-14 19:00:00,552.38,874.0,41.0,0.0,0.0,221.0,94.0,1.0
34652,2022-12-14 20:00:00,548.6,871.0,42.0,0.0,0.0,228.0,94.0,1.0
34653,2022-12-14 21:00:00,551.12,864.0,35.0,0.0,0.0,224.0,92.0,1.0
34654,2022-12-14 22:00:00,550.24,851.0,35.0,0.0,0.0,224.0,89.0,1.0
34655,2022-12-14 23:00:00,558.56,859.0,35.0,0.0,0.0,208.0,90.0,1.0
34656,2022-12-15 00:00:00,554.76,863.0,40.0,0.0,0.0,218.0,88.0,1.0
34657,2022-12-15 01:00:00,554.19,848.0,42.0,0.0,0.0,213.0,88.0,1.0
34658,2022-12-15 02:00:00,555.75,858.0,43.0,0.0,0.0,210.0,91.0,1.0
34659,2022-12-15 03:00:00,559.27,868.0,46.0,0.0,0.0,208.0,88.0,1.0
34660,2022-12-15 04:00:00,569.93,865.0,47.0,0.0,0.0,185.0,87.0,1.0
34661,2022-12-15 05:00:00,579.48,853.0,49.0,0.0,0.0,163.0,85.0,1.0
34662,2022-12-15 06:00:00,582.67,854.0,49.0,0.0,0.0,156.0,86.0,1.0
34663,2022-12-15 07:00:00,588.58,851.0,48.0,0.0,1.0,142.0,87.0,1.0
34664,2022-12-15 08:00:00,603.04,851.0,40.0,0.0,2.0,116.0,88.0,1.0
34665,2022-12-15 09:00:00,613.75,856.0,30.0,0.0,3.0,101.0,88.0,1.0
34666,2022-12-15 10:00:00,622.53,857.0,30.0,0.0,3.0,86.0,88.0,1.0
34667,2022-12-15 11:00:00,633.23,857.0,30.0,0.0,2.0,69.0,88.0,1.0
34668,2022-12-15 12:00:00,635.07,855.0,29.0,0.0,1.0,67.0,88.0,1.0
34669,2022-12-15 13:00:00,635.3,851.0,31.0,0.0,0.0,68.0,86.0,1.0
34670,2022-12-15 14:00:00,647.66,849.0,33.0,0.0,0.0,48.0,85.0,1.0
34671,2022-12-15 15:00:00,650.99,839.0,31.0,0.0,0.0,41.0,86.0,1.0
34672,2022-12-15 16:00:00,653.35,827.0,32.0,0.0,0.0,35.0,86.0,1.0
34673,2022-12-15 17:00:00,659.04,817.0,32.0,0.0,0.0,25.0,86.0,1.0
34674,2022-12-15 18:00:00,664.01,836.0,31.0,0.0,0.0,21.0,86.0,1.0
34675,2022-12-15 19:00:00,664.29,842.0,32.0,0.0,0.0,20.0,87.0,1.0
34676,2022-12-15 20:00:00,667.69,842.0,32.0,0.0,0.0,14.0,88.0,1.0
34677,2022-12-15 21:00:00,668.74,832.0,30.0,0.0,0.0,12.0,88.0,1.0
34678,2022-12-15 22:00:00,670.69,838.0,30.0,0.0,0.0,10.0,88.0,1.0
34679,2022-12-15 23:00:00,671.8,835.0,30.0,0.0,0.0,9.0,87.0,1.0
34680,2022-12-16 00:00:00,672.29,843.0,33.0,0.0,0.0,8.0,87.0,1.0
34681,2022-12-16 01:00:00,672.83,844.0,36.0,0.0,0.0,6.0,87.0,1.0
34682,2022-12-16 02:00:00,670.36,843.0,37.0,0.0,0.0,6.0,90.0,1.0
34683,2022-12-16 03:00:00,671.6,843.0,33.0,0.0,0.0,8.0,88.0,1.0
34684,2022-12-16 04:00:00,672.58,847.0,31.0,0.0,0.0,9.0,87.0,1.0
34685,2022-12-16 05:00:00,668.68,842.0,31.0,0.0,0.0,14.0,87.0,1.0
34686,2022-12-16 06:00:00,661.99,846.0,32.0,0.0,0.0,24.0,87.0,1.0
34687,2022-12-16 07:00:00,654.14,844.0,31.0,0.0,0.0,35.0,88.0,1.0
34688,2022-12-16 08:00:00,654.95,842.0,32.0,0.0,1.0,32.0,88.0,1.0
34689,2022-12-16 09:00:00,659.87,844.0,34.0,0.0,2.0,23.0,88.0,1.0
34690,2022-12-16 10:00:00,660.75,849.0,35.0,0.0,2.0,22.0,88.0,1.0
34691,2022-12-16 11:00:00,663.81,847.0,33.0,0.0,1.0,19.0,88.0,1.0
34692,2022-12-16 12:00:00,662.64,851.0,36.0,0.0,0.0,21.0,88.0,1.0
34693,2022-12-16 13:00:00,662.57,851.0,34.0,0.0,0.0,22.0,88.0,1.0
34694,2022-12-16 14:00:00,659.63,851.0,35.0,0.0,0.0,24.0,90.0,1.0
34695,2022-12-16 15:00:00,657.62,847.0,36.0,0.0,0.0,23.0,93.0,1.0
34696,2022-12-16 16:00:00,657.7,845.0,35.0,0.0,0.0,23.0,93.0,1.0
34697,2022-12-16 17:00:00,658.05,842.0,35.0,0.0,0.0,21.0,94.0,1.0
34698,2022-12-16 18:00:00,658.68,849.0,33.0,0.0,0.0,22.0,94.0,1.0
34699,2022-12-16 19:00:00,661.03,846.0,33.0,0.0,0.0,19.0,93.0,1.0
34700,2022-12-16 20:00:00,662.57,848.0,33.0,0.0,0.0,17.0,93.0,1.0
34701,2022-12-16 21:00:00,663.99,845.0,34.0,0.0,0.0,13.0,94.0,1.0
34702,2022-12-16 22:00:00,663.47,826.0,34.0,0.0,0.0,12.0,93.0,1.0
34703,2022-12-16 23:00:00,653.72,697.0,35.0,0.0,0.0,7.0,91.0,1.0
34704,2022-12-17 00:00:00,654.75,697.0,32.0,0.0,0.0,8.0,90.0,1.0
34705,2022-12-17 01:00:00,652.45,694.0,33.0,0.0,0.0,9.0,91.0,1.0
34706,2022-12-17 02:00:00,652.73,697.0,31.0,0.0,0.0,8.0,93.0,1.0
34707,2022-12-17 03:00:00,653.64,698.0,31.0,0.0,0.0,9.0,91.0,1.0
34708,2022-12-17 04:00:00,653.9,700.0,31.0,0.0,0.0,9.0,91.0,1.0
34709,2022-12-17 05:00:00,651.16,691.0,31.0,0.0,0.0,11.0,91.0,1.0
34710,2022-12-17 06:00:00,648.8,696.0,33.0,0.0,0.0,14.0,91.0,1.0
34711,2022-12-17 07:00:00,649.26,697.0,32.0,0.0,0.0,14.0,91.0,1.0
34712,2022-12-17 08:00:00,650.11,695.0,31.0,0.0,1.0,12.0,91.0,1.0
34713,2022-12-17 09:00:00,649.91,696.0,32.0,0.0,2.0,11.0,91.0,1.0
34714,2022-12-17 10:00:00,648.53,694.0,33.0,0.0,2.0,12.0,91.0,1.0
34715,2022-12-17 11:00:00,643.29,696.0,31.0,0.0,1.0,21.0,91.0,1.0
34716,2022-12-17 12:00:00,640.98,695.0,33.0,0.0,1.0,23.0,91.0,1.0
34717,2022-12-17 13:00:00,634.28,695.0,40.0,0.0,0.0,30.0,91.0,1.0
34718,2022-12-17 14:00:00,628.96,689.0,40.0,0.0,0.0,36.0,91.0,1.0
34719,2022-12-17 15:00:00,625.71,699.0,39.0,0.0,0.0,43.0,91.0,1.0
34720,2022-12-17 16:00:00,616.44,695.0,42.0,0.0,0.0,54.0,91.0,1.0
34721,2022-12-17 17:00:00,612.11,694.0,42.0,0.0,0.0,60.0,91.0,1.0
34722,2022-12-17 18:00:00,602.0,692.0,43.0,0.0,0.0,75.0,90.0,1.0
34723,2022-12-17 19:00:00,593.96,690.0,50.0,0.0,0.0,83.0,91.0,1.0
34724,2022-12-17 20:00:00,588.05,694.0,51.0,0.0,0.0,93.0,91.0,1.0
34725,2022-12-17 21:00:00,579.01,683.0,54.0,0.0,0.0,103.0,91.0,1.0
34726,2022-12-17 22:00:00,580.51,677.0,56.0,0.0,0.0,98.0,91.0,1.0
34727,2022-12-17 23:00:00,564.8,595.0,57.0,0.0,0.0,97.0,89.0,1.0
34728,2022-12-18 00:00:00,559.04,583.0,55.0,0.0,0.0,103.0,88.0,1.0
34729,2022-12-18 01:00:00,555.54,586.0,53.0,0.0,0.0,109.0,89.0,1.0
34730,2022-12-18 02:00:00,541.27,561.0,53.0,0.0,0.0,120.0,90.0,1.0
34731,2022-12-18 03:00:00,525.95,525.0,53.0,0.0,0.0,130.0,88.0,1.0
34732,2022-12-18 04:00:00,543.88,587.0,51.0,0.0,0.0,128.0,89.0,1.0
34733,2022-12-18 05:00:00,552.93,587.0,51.0,0.0,0.0,115.0,88.0,1.0
34734,2022-12-18 06:00:00,563.13,603.0,52.0,0.0,0.0,104.0,89.0,1.0
34735,2022-12-18 07:00:00,561.38,604.0,52.0,0.0,0.0,107.0,89.0,1.0
34736,2022-12-18 08:00:00,561.78,602.0,54.0,0.0,1.0,104.0,89.0,1.0
34737,2022-12-18 09:00:00,559.73,611.0,55.0,0.0,2.0,109.0,89.0,1.0
34738,2022-12-18 10:00:00,536.87,604.0,55.0,0.0,3.0,142.0,89.0,1.0
34739,2022-12-18 11:00:00,510.35,575.0,56.0,0.0,2.0,174.0,90.0,1.0
34740,2022-12-18 12:00:00,493.55,548.0,56.0,0.0,1.0,191.0,90.0,1.0
34741,2022-12-18 13:00:00,476.51,482.0,58.0,0.0,0.0,187.0,87.0,1.0
34742,2022-12-18 14:00:00,500.42,546.0,59.0,0.0,0.0,178.0,90.0,1.0
34743,2022-12-18 15:00:00,504.35,553.0,58.0,0.0,0.0,175.0,90.0,1.0
34744,2022-12-18 16:00:00,499.84,556.0,56.0,0.0,0.0,185.0,90.0,1.0
34745,2022-12-18 17:00:00,503.67,563.0,59.0,0.0,0.0,181.0,90.0,1.0
34746,2022-12-18 18:00:00,493.87,563.0,58.0,0.0,0.0,199.0,90.0,1.0
34747,2022-12-18 19:00:00,484.52,518.0,58.0,0.0,0.0,193.0,88.0,1.0
34748,2022-12-18 20:00:00,477.4,511.0,52.0,0.0,0.0,204.0,87.0,1.0
34749,2022-12-18 21:00:00,458.62,481.0,38.0,0.0,0.0,223.0,86.0,1.0
34750,2022-12-18 22:00:00,442.81,439.0,35.0,0.0,0.0,228.0,81.0,1.0
34751,2022-12-18 23:00:00,478.71,502.0,36.0,0.0,0.0,202.0,85.0,1.0
34752,2022-12-19 00:00:00,472.16,473.0,35.0,0.0,0.0,196.0,85.0,1.0
34753,2022-12-19 01:00:00,472.84,463.0,34.0,0.0,0.0,190.0,84.0,1.0
34754,2022-12-19 02:00:00,513.2,545.0,33.0,0.0,0.0,166.0,87.0,1.0
34755,2022-12-19 03:00:00,527.13,554.0,33.0,0.0,0.0,153.0,82.0,1.0
34756,2022-12-19 04:00:00,572.46,698.0,33.0,0.0,0.0,129.0,88.0,1.0
34757,2022-12-19 05:00:00,603.56,862.0,32.0,0.0,0.0,117.0,94.0,1.0
34758,2022-12-19 06:00:00,598.9,864.0,35.0,0.0,0.0,125.0,94.0,1.0
34759,2022-12-19 07:00:00,606.63,869.0,35.0,0.0,2.0,108.0,96.0,1.0
34760,2022-12-19 08:00:00,606.89,859.0,35.0,0.0,5.0,103.0,95.0,1.0
34761,2022-12-19 09:00:00,608.43,837.0,42.0,0.0,7.0,90.0,95.0,1.0
34762,2022-12-19 10:00:00,604.66,843.0,40.0,0.0,6.0,100.0,95.0,1.0
34763,2022-12-19 11:00:00,597.38,817.0,43.0,0.0,4.0,107.0,95.0,1.0
34764,2022-12-19 12:00:00,596.85,824.0,40.0,0.0,1.0,114.0,95.0,1.0
34765,2022-12-19 13:00:00,596.76,829.0,23.0,0.0,0.0,123.0,95.0,1.0
34766,2022-12-19 14:00:00,590.94,821.0,21.0,0.0,0.0,132.0,95.0,1.0
34767,2022-12-19 15:00:00,588.39,830.0,19.0,0.0,0.0,140.0,95.0,1.0
34768,2022-12-19 16:00:00,577.39,830.0,32.0,0.0,0.0,157.0,94.0,1.0
34769,2022-12-19 17:00:00,582.09,827.0,35.0,0.0,0.0,145.0,95.0,1.0
34770,2022-12-19 18:00:00,609.21,842.0,34.0,0.0,0.0,100.0,95.0,1.0
34771,2022-12-19 19:00:00,630.52,846.0,33.0,0.0,0.0,66.0,94.0,1.0
34772,2022-12-19 20:00:00,637.48,850.0,34.0,0.0,0.0,55.0,94.0,1.0
34773,2022-12-19 21:00:00,636.95,836.0,32.0,0.0,0.0,54.0,94.0,1.0
34774,2022-12-19 22:00:00,613.46,637.0,33.0,0.0,0.0,55.0,84.0,1.0
34775,2022-12-19 23:00:00,632.08,806.0,29.0,0.0,0.0,59.0,92.0,1.0
34776,2022-12-20 00:00:00,620.89,756.0,28.0,0.0,0.0,68.0,90.0,1.0
34777,2022-12-20 01:00:00,609.65,700.0,32.0,0.0,0.0,71.0,89.0,1.0
34778,2022-12-20 02:00:00,602.37,642.0,31.0,0.0,0.0,67.0,89.0,1.0
34779,2022-12-20 03:00:00,604.06,637.0,32.0,0.0,0.0,65.0,87.0,1.0
34780,2022-12-20 04:00:00,603.81,669.0,31.0,0.0,0.0,74.0,87.0,1.0
34781,2022-12-20 05:00:00,634.33,843.0,31.0,0.0,0.0,61.0,93.0,1.0
34782,2022-12-20 06:00:00,638.11,854.0,31.0,0.0,0.0,57.0,93.0,1.0
34783,2022-12-20 07:00:00,638.11,854.0,31.0,0.0,2.0,55.0,93.0,1.0
34784,2022-12-20 08:00:00,639.49,853.0,30.0,0.0,6.0,49.0,93.0,1.0
34785,2022-12-20 09:00:00,633.09,850.0,32.0,0.0,11.0,53.0,93.0,1.0
34786,2022-12-20 10:00:00,625.9,825.0,31.0,0.0,12.0,60.0,92.0,1.0
34787,2022-12-20 11:00:00,624.45,839.0,32.0,0.0,8.0,68.0,93.0,1.0
34788,2022-12-20 12:00:00,624.17,846.0,32.0,0.0,3.0,75.0,93.0,1.0
34789,2022-12-20 13:00:00,624.24,853.0,33.0,0.0,0.0,79.0,93.0,1.0
34790,2022-12-20 14:00:00,621.56,855.0,33.0,0.0,0.0,84.0,93.0,1.0
34791,2022-12-20 15:00:00,614.53,844.0,32.0,0.0,0.0,94.0,93.0,1.0
34792,2022-12-20 16:00:00,611.3,839.0,33.0,0.0,0.0,98.0,93.0,1.0
34793,2022-12-20 17:00:00,603.88,814.0,32.0,0.0,0.0,105.0,93.0,1.0
34794,2022-12-20 18:00:00,592.09,816.0,33.0,0.0,0.0,126.0,93.0,1.0
34795,2022-12-20 19:00:00,598.7,819.0,33.0,0.0,0.0,116.0,92.0,1.0
34796,2022-12-20 20:00:00,596.78,780.0,35.0,0.0,0.0,109.0,91.0,1.0
34797,2022-12-20 21:00:00,606.32,817.0,36.0,0.0,0.0,101.0,92.0,1.0
34798,2022-12-20 22:00:00,598.02,804.0,36.0,0.0,0.0,112.0,92.0,1.0
34799,2022-12-20 23:00:00,563.43,601.0,37.0,0.0,0.0,111.0,86.0,1.0
34800,2022-12-21 00:00:00,562.34,623.0,38.0,0.0,0.0,118.0,88.0,1.0
34801,2022-12-21 01:00:00,553.94,627.0,40.0,0.0,0.0,131.0,89.0,1.0
34802,2022-12-21 02:00:00,550.25,628.0,41.0,0.0,0.0,135.0,91.0,1.0
34803,2022-12-21 03:00:00,542.5,626.0,41.0,0.0,0.0,148.0,90.0,1.0
34804,2022-12-21 04:00:00,540.49,612.0,40.0,0.0,0.0,147.0,89.0,1.0
34805,2022-12-21 05:00:00,547.57,633.0,42.0,0.0,0.0,142.0,90.0,1.0
34806,2022-12-21 06:00:00,580.56,787.0,42.0,0.0,0.0,129.0,99.0,1.0
34807,2022-12-21 07:00:00,584.96,857.0,42.0,0.0,1.0,135.0,105.0,1.0
34808,2022-12-21 08:00:00,573.67,842.0,38.0,0.0,5.0,145.0,110.0,1.0
34809,2022-12-21 09:00:00,576.07,858.0,39.0,0.0,8.0,141.0,111.0,1.0
34810,2022-12-21 10:00:00,580.75,860.0,37.0,0.0,8.0,133.0,111.0,1.0
34811,2022-12-21 11:00:00,586.77,855.0,39.0,0.0,6.0,121.0,111.0,1.0
34812,2022-12-21 12:00:00,594.13,865.0,41.0,0.0,3.0,115.0,108.0,1.0
34813,2022-12-21 13:00:00,594.47,866.0,40.0,0.0,1.0,122.0,103.0,1.0
34814,2022-12-21 14:00:00,589.23,861.0,39.0,0.0,0.0,136.0,99.0,1.0
34815,2022-12-21 15:00:00,593.38,863.0,38.0,0.0,0.0,133.0,95.0,1.0
34816,2022-12-21 16:00:00,591.82,860.0,41.0,0.0,0.0,135.0,94.0,1.0
34817,2022-12-21 17:00:00,581.91,858.0,40.0,0.0,0.0,153.0,95.0,1.0
34818,2022-12-21 18:00:00,586.86,856.0,42.0,0.0,0.0,143.0,94.0,1.0
34819,2022-12-21 19:00:00,589.85,853.0,43.0,0.0,0.0,135.0,95.0,1.0
34820,2022-12-21 20:00:00,584.82,854.0,43.0,0.0,0.0,144.0,96.0,1.0
34821,2022-12-21 21:00:00,591.09,856.0,39.0,0.0,0.0,135.0,95.0,1.0
34822,2022-12-21 22:00:00,585.53,753.0,39.0,0.0,0.0,117.0,93.0,1.0
34823,2022-12-21 23:00:00,537.76,584.0,43.0,0.0,0.0,140.0,88.0,1.0
34824,2022-12-22 00:00:00,535.16,575.0,41.0,0.0,0.0,143.0,86.0,1.0
34825,2022-12-22 01:00:00,540.1,571.0,43.0,0.0,0.0,133.0,86.0,1.0
34826,2022-12-22 02:00:00,542.7,571.0,43.0,0.0,0.0,126.0,89.0,1.0
34827,2022-12-22 03:00:00,542.0,569.0,47.0,0.0,0.0,127.0,87.0,1.0
34828,2022-12-22 04:00:00,534.55,551.0,47.0,0.0,0.0,132.0,86.0,1.0
34829,2022-12-22 05:00:00,556.44,617.0,47.0,0.0,0.0,123.0,87.0,1.0
34830,2022-12-22 06:00:00,571.17,652.0,47.0,0.0,0.0,111.0,88.0,1.0
34831,2022-12-22 07:00:00,570.54,660.0,46.0,0.0,2.0,113.0,88.0,1.0
34832,2022-12-22 08:00:00,563.04,670.0,42.0,0.0,10.0,122.0,88.0,1.0
34833,2022-12-22 09:00:00,557.3,672.0,43.0,0.0,14.0,127.0,89.0,1.0
34834,2022-12-22 10:00:00,559.8,668.0,44.0,0.0,16.0,119.0,89.0,1.0
34835,2022-12-22 11:00:00,562.53,665.0,51.0,0.0,11.0,116.0,89.0,1.0
34836,2022-12-22 12:00:00,563.13,668.0,57.0,0.0,4.0,119.0,91.0,1.0
34837,2022-12-22 13:00:00,567.94,659.0,57.0,0.0,1.0,112.0,90.0,1.0
34838,2022-12-22 14:00:00,573.89,669.0,59.0,0.0,0.0,105.0,91.0,1.0
34839,2022-12-22 15:00:00,571.6,671.0,60.0,0.0,0.0,109.0,91.0,1.0
34840,2022-12-22 16:00:00,572.27,663.0,58.0,0.0,0.0,112.0,85.0,1.0
34841,2022-12-22 17:00:00,562.06,664.0,64.0,0.0,0.0,121.0,91.0,1.0
34842,2022-12-22 18:00:00,568.23,642.0,65.0,0.0,0.0,103.0,91.0,1.0
34843,2022-12-22 19:00:00,569.5,651.0,65.0,0.0,0.0,104.0,91.0,1.0
34844,2022-12-22 20:00:00,567.65,657.0,65.0,0.0,0.0,110.0,90.0,1.0
34845,2022-12-22 21:00:00,567.64,654.0,65.0,0.0,0.0,108.0,91.0,1.0
34846,2022-12-22 22:00:00,553.84,528.0,65.0,0.0,0.0,87.0,88.0,1.0
34847,2022-12-22 23:00:00,565.71,508.0,65.0,0.0,0.0,64.0,88.0,1.0
34848,2022-12-23 00:00:00,568.51,491.0,67.0,0.0,0.0,56.0,86.0,1.0
34849,2022-12-23 01:00:00,565.53,455.0,65.0,0.0,0.0,50.0,84.0,1.0
34850,2022-12-23 02:00:00,569.02,465.0,66.0,0.0,0.0,47.0,86.0,1.0
34851,2022-12-23 03:00:00,575.28,476.0,64.0,0.0,0.0,45.0,85.0,1.0
34852,2022-12-23 04:00:00,586.08,529.0,65.0,0.0,0.0,48.0,85.0,1.0
34853,2022-12-23 05:00:00,597.91,566.0,64.0,0.0,0.0,43.0,86.0,1.0
34854,2022-12-23 06:00:00,599.11,600.0,63.0,0.0,0.0,49.0,88.0,1.0
34855,2022-12-23 07:00:00,580.78,600.0,61.0,0.0,2.0,72.0,89.0,1.0
34856,2022-12-23 08:00:00,569.28,601.0,61.0,0.0,10.0,81.0,89.0,1.0
34857,2022-12-23 09:00:00,558.26,601.0,57.0,0.0,18.0,91.0,89.0,1.0
34858,2022-12-23 10:00:00,550.25,598.0,58.0,0.0,23.0,97.0,89.0,1.0
34859,2022-12-23 11:00:00,550.71,592.0,58.0,0.0,14.0,104.0,88.0,1.0
34860,2022-12-23 12:00:00,556.55,592.0,58.0,0.0,5.0,104.0,88.0,1.0
34861,2022-12-23 13:00:00,556.8,615.0,61.0,0.0,1.0,115.0,88.0,1.0
34862,2022-12-23 14:00:00,562.71,651.0,65.0,0.0,0.0,117.0,89.0,1.0
34863,2022-12-23 15:00:00,560.23,661.0,64.0,0.0,0.0,125.0,89.0,1.0
34864,2022-12-23 16:00:00,561.26,664.0,65.0,0.0,0.0,124.0,89.0,1.0
34865,2022-12-23 17:00:00,540.21,627.0,64.0,0.0,0.0,146.0,89.0,1.0
34866,2022-12-23 18:00:00,510.4,589.0,66.0,0.0,0.0,180.0,90.0,1.0
34867,2022-12-23 19:00:00,502.75,560.0,67.0,0.0,0.0,181.0,88.0,1.0
34868,2022-12-23 20:00:00,523.56,575.0,64.0,0.0,0.0,153.0,88.0,1.0
34869,2022-12-23 21:00:00,525.23,486.0,62.0,0.0,0.0,112.0,87.0,1.0
34870,2022-12-23 22:00:00,487.74,387.0,63.0,0.0,0.0,123.0,78.0,1.0
34871,2022-12-23 23:00:00,505.0,391.0,62.0,0.0,0.0,103.0,78.0,1.0
34872,2022-12-24 00:00:00,499.73,394.0,63.0,0.0,0.0,111.0,78.0,1.0
34873,2022-12-24 01:00:00,493.6,387.0,64.0,0.0,0.0,115.0,78.0,1.0
34874,2022-12-24 02:00:00,510.71,383.0,62.0,0.0,0.0,98.0,72.0,1.0
34875,2022-12-24 03:00:00,524.7,390.0,61.0,1.0,0.0,90.0,66.0,1.0
34876,2022-12-24 04:00:00,527.88,384.0,60.0,1.0,0.0,79.0,71.0,1.0
34877,2022-12-24 05:00:00,518.77,383.0,60.0,1.0,0.0,82.0,78.0,1.0
34878,2022-12-24 06:00:00,527.86,391.0,57.0,1.0,1.0,73.0,80.0,1.0
34879,2022-12-24 07:00:00,561.68,494.0,57.0,1.0,5.0,64.0,85.0,1.0
34880,2022-12-24 08:00:00,563.23,597.0,60.0,1.0,31.0,67.0,89.0,1.0
34881,2022-12-24 09:00:00,537.55,596.0,60.0,1.0,77.0,60.0,90.0,1.0
34882,2022-12-24 10:00:00,524.89,593.0,60.0,1.0,98.0,60.0,89.0,1.0
34883,2022-12-24 11:00:00,521.11,546.0,60.0,1.0,76.0,69.0,87.0,1.0
34884,2022-12-24 12:00:00,565.14,587.0,62.0,0.0,26.0,67.0,88.0,1.0
34885,2022-12-24 13:00:00,574.0,595.0,67.0,0.0,2.0,77.0,90.0,1.0
34886,2022-12-24 14:00:00,574.2,597.0,68.0,0.0,0.0,80.0,89.0,1.0
34887,2022-12-24 15:00:00,579.69,602.0,67.0,0.0,0.0,74.0,89.0,1.0
34888,2022-12-24 16:00:00,572.46,602.0,60.0,0.0,0.0,86.0,90.0,1.0
34889,2022-12-24 17:00:00,565.62,586.0,59.0,0.0,0.0,91.0,90.0,1.0
34890,2022-12-24 18:00:00,567.05,557.0,62.0,0.0,0.0,79.0,89.0,1.0
34891,2022-12-24 19:00:00,556.37,492.0,63.0,0.0,0.0,72.0,87.0,1.0
34892,2022-12-24 20:00:00,559.07,471.0,63.0,0.0,0.0,63.0,85.0,1.0
34893,2022-12-24 21:00:00,548.61,438.0,67.0,0.0,0.0,62.0,85.0,1.0
34894,2022-12-24 22:00:00,529.86,382.0,63.0,0.0,0.0,63.0,84.0,1.0
34895,2022-12-24 23:00:00,514.93,342.0,60.0,0.0,0.0,66.0,80.0,1.0
34896,2022-12-25 00:00:00,511.65,343.0,60.0,0.0,0.0,68.0,82.0,1.0
34897,2022-12-25 01:00:00,520.65,366.0,60.0,0.0,0.0,63.0,88.0,1.0
34898,2022-12-25 02:00:00,505.25,330.0,58.0,0.0,0.0,62.0,89.0,1.0
34899,2022-12-25 03:00:00,500.03,324.0,60.0,0.0,0.0,66.0,87.0,1.0
34900,2022-12-25 04:00:00,487.39,308.0,60.0,0.0,0.0,76.0,82.0,1.0
34901,2022-12-25 05:00:00,493.46,320.0,60.0,0.0,0.0,80.0,78.0,1.0
34902,2022-12-25 06:00:00,486.63,315.0,59.0,0.0,0.0,86.0,77.0,1.0
34903,2022-12-25 07:00:00,487.66,326.0,59.0,0.0,4.0,85.0,79.0,1.0
34904,2022-12-25 08:00:00,481.14,351.0,59.0,0.0,19.0,89.0,82.0,1.0
34905,2022-12-25 09:00:00,475.73,355.0,60.0,0.0,37.0,79.0,83.0,1.0
34906,2022-12-25 10:00:00,494.38,367.0,61.0,0.0,38.0,59.0,85.0,1.0
34907,2022-12-25 11:00:00,510.58,357.0,60.0,0.0,27.0,49.0,82.0,1.0
34908,2022-12-25 12:00:00,518.66,329.0,60.0,0.0,13.0,45.0,78.0,1.0
34909,2022-12-25 13:00:00,530.58,333.0,63.0,0.0,2.0,43.0,80.0,1.0
34910,2022-12-25 14:00:00,539.76,367.0,63.0,0.0,0.0,46.0,84.0,1.0
34911,2022-12-25 15:00:00,533.3,355.0,62.0,0.0,0.0,51.0,81.0,1.0
34912,2022-12-25 16:00:00,537.39,374.0,61.0,0.0,0.0,52.0,84.0,1.0
34913,2022-12-25 17:00:00,531.53,364.0,61.0,0.0,0.0,53.0,85.0,1.0
34914,2022-12-25 18:00:00,522.59,350.0,62.0,0.0,0.0,57.0,84.0,1.0
34915,2022-12-25 19:00:00,511.73,334.0,62.0,0.0,0.0,60.0,85.0,1.0
34916,2022-12-25 20:00:00,520.3,363.0,60.0,0.0,0.0,59.0,91.0,1.0
34917,2022-12-25 21:00:00,505.95,355.0,61.0,0.0,0.0,68.0,94.0,1.0
34918,2022-12-25 22:00:00,452.13,267.0,61.0,0.0,0.0,85.0,86.0,1.0
34919,2022-12-25 23:00:00,463.4,301.0,59.0,0.0,0.0,103.0,78.0,1.0
34920,2022-12-26 00:00:00,449.91,274.0,57.0,0.0,0.0,108.0,71.0,1.0
34921,2022-12-26 01:00:00,441.07,246.0,57.0,0.0,0.0,100.0,69.0,1.0
34922,2022-12-26 02:00:00,440.27,257.0,56.0,0.0,0.0,108.0,70.0,1.0
34923,2022-12-26 03:00:00,445.29,258.0,57.0,0.0,0.0,105.0,68.0,1.0
34924,2022-12-26 04:00:00,450.11,275.0,54.0,0.0,0.0,116.0,64.0,1.0
34925,2022-12-26 05:00:00,442.68,264.0,52.0,0.0,0.0,121.0,60.0,1.0
34926,2022-12-26 06:00:00,430.64,260.0,51.0,0.0,0.0,131.0,61.0,1.0
34927,2022-12-26 07:00:00,452.28,306.0,52.0,1.0,2.0,125.0,71.0,1.0
34928,2022-12-26 08:00:00,444.3,313.0,52.0,1.0,10.0,122.0,81.0,1.0
34929,2022-12-26 09:00:00,432.69,303.0,52.0,1.0,23.0,115.0,83.0,1.0
34930,2022-12-26 10:00:00,431.62,309.0,52.0,1.0,33.0,111.0,83.0,1.0
34931,2022-12-26 11:00:00,437.1,296.0,52.0,1.0,31.0,104.0,75.0,1.0
34932,2022-12-26 12:00:00,434.6,269.0,52.0,1.0,10.0,115.0,68.0,1.0
34933,2022-12-26 13:00:00,434.61,261.0,52.0,1.0,1.0,111.0,75.0,1.0
34934,2022-12-26 14:00:00,423.2,263.0,53.0,1.0,0.0,127.0,75.0,1.0
34935,2022-12-26 15:00:00,406.48,266.0,53.0,0.0,0.0,151.0,76.0,1.0
34936,2022-12-26 16:00:00,431.63,300.0,53.0,0.0,0.0,140.0,81.0,1.0
34937,2022-12-26 17:00:00,445.62,310.0,53.0,0.0,0.0,128.0,82.0,1.0
34938,2022-12-26 18:00:00,427.5,280.0,53.0,0.0,0.0,133.0,78.0,1.0
34939,2022-12-26 19:00:00,405.2,274.0,50.0,0.0,0.0,161.0,75.0,1.0
34940,2022-12-26 20:00:00,397.88,268.0,48.0,0.0,0.0,178.0,63.0,1.0
34941,2022-12-26 21:00:00,390.76,268.0,51.0,0.0,0.0,191.0,60.0,1.0
34942,2022-12-26 22:00:00,382.05,276.0,49.0,0.0,0.0,210.0,62.0,1.0
34943,2022-12-26 23:00:00,371.08,262.0,51.0,0.0,0.0,212.0,63.0,1.0
34944,2022-12-27 00:00:00,370.11,252.0,52.0,0.0,0.0,201.0,65.0,1.0
34945,2022-12-27 01:00:00,373.42,254.0,54.0,0.0,0.0,194.0,69.0,1.0
34946,2022-12-27 02:00:00,386.2,255.0,55.0,0.0,0.0,179.0,66.0,1.0
34947,2022-12-27 03:00:00,390.41,255.0,55.0,0.0,0.0,177.0,62.0,1.0
34948,2022-12-27 04:00:00,376.71,256.0,56.0,1.0,0.0,193.0,66.0,1.0
34949,2022-12-27 05:00:00,374.1,256.0,56.0,1.0,0.0,189.0,74.0,1.0
34950,2022-12-27 06:00:00,396.56,271.0,57.0,1.0,0.0,167.0,77.0,1.0
34951,2022-12-27 07:00:00,450.8,353.0,58.0,1.0,1.0,147.0,83.0,1.0
34952,2022-12-27 08:00:00,459.13,376.0,60.0,1.0,5.0,145.0,84.0,1.0
34953,2022-12-27 09:00:00,433.7,335.0,57.0,1.0,16.0,146.0,81.0,1.0
34954,2022-12-27 10:00:00,429.02,334.0,51.0,1.0,23.0,146.0,81.0,1.0
34955,2022-12-27 11:00:00,461.19,385.0,49.0,0.0,22.0,133.0,85.0,1.0
34956,2022-12-27 12:00:00,464.95,358.0,51.0,0.0,9.0,126.0,82.0,1.0
34957,2022-12-27 13:00:00,490.85,432.0,53.0,0.0,1.0,137.0,86.0,1.0
34958,2022-12-27 14:00:00,477.18,432.0,59.0,0.0,0.0,155.0,88.0,1.0
34959,2022-12-27 15:00:00,483.82,440.0,61.0,0.0,0.0,150.0,87.0,1.0
34960,2022-12-27 16:00:00,476.5,428.0,62.0,0.0,0.0,155.0,86.0,1.0
34961,2022-12-27 17:00:00,480.31,429.0,61.0,0.0,0.0,148.0,88.0,1.0
34962,2022-12-27 18:00:00,485.45,432.0,61.0,0.0,0.0,142.0,88.0,1.0
34963,2022-12-27 19:00:00,483.8,418.0,63.0,0.0,0.0,136.0,88.0,1.0
34964,2022-12-27 20:00:00,479.95,422.0,63.0,1.0,0.0,143.0,88.0,1.0
34965,2022-12-27 21:00:00,457.94,353.0,63.0,1.0,0.0,135.0,85.0,1.0
34966,2022-12-27 22:00:00,445.4,312.0,63.0,1.0,0.0,130.0,79.0,1.0
34967,2022-12-27 23:00:00,482.57,337.0,64.0,1.0,0.0,108.0,70.0,1.0
34968,2022-12-28 00:00:00,470.7,307.0,65.0,1.0,0.0,113.0,61.0,1.0
34969,2022-12-28 01:00:00,477.48,307.0,66.0,1.0,0.0,100.0,66.0,1.0
34970,2022-12-28 02:00:00,470.52,307.0,66.0,1.0,0.0,95.0,79.0,1.0
34971,2022-12-28 03:00:00,478.04,306.0,65.0,0.0,0.0,89.0,77.0,1.0
34972,2022-12-28 04:00:00,463.77,302.0,65.0,0.0,0.0,103.0,77.0,1.0
34973,2022-12-28 05:00:00,480.93,343.0,66.0,0.0,0.0,99.0,85.0,1.0
34974,2022-12-28 06:00:00,525.28,421.0,65.0,0.0,0.0,82.0,87.0,1.0
34975,2022-12-28 07:00:00,524.92,428.0,67.0,0.0,6.0,79.0,87.0,1.0
34976,2022-12-28 08:00:00,488.06,377.0,63.0,0.0,31.0,79.0,85.0,1.0
34977,2022-12-28 09:00:00,471.34,379.0,62.0,0.0,65.0,68.0,86.0,1.0
34978,2022-12-28 10:00:00,490.36,427.0,61.0,0.0,77.0,55.0,88.0,1.0
34979,2022-12-28 11:00:00,527.14,443.0,63.0,0.0,51.0,38.0,88.0,1.0
34980,2022-12-28 12:00:00,561.62,442.0,62.0,0.0,18.0,29.0,88.0,1.0
34981,2022-12-28 13:00:00,569.31,442.0,63.0,0.0,1.0,37.0,88.0,1.0
34982,2022-12-28 14:00:00,575.43,440.0,62.0,0.0,0.0,31.0,88.0,1.0
34983,2022-12-28 15:00:00,560.78,429.0,63.0,0.0,0.0,43.0,88.0,1.0
34984,2022-12-28 16:00:00,564.84,442.0,63.0,0.0,0.0,44.0,87.0,1.0
34985,2022-12-28 17:00:00,556.73,433.0,63.0,0.0,0.0,50.0,87.0,1.0
34986,2022-12-28 18:00:00,546.83,377.0,65.0,0.0,0.0,39.0,87.0,1.0
34987,2022-12-28 19:00:00,557.56,409.0,64.0,0.0,0.0,41.0,86.0,1.0
34988,2022-12-28 20:00:00,551.57,397.0,64.0,0.0,0.0,42.0,87.0,1.0
34989,2022-12-28 21:00:00,555.84,423.0,64.0,0.0,0.0,46.0,88.0,1.0
34990,2022-12-28 22:00:00,552.43,403.0,65.0,0.0,0.0,44.0,86.0,1.0
34991,2022-12-28 23:00:00,533.82,349.0,65.0,0.0,0.0,43.0,85.0,1.0
34992,2022-12-29 00:00:00,524.34,310.0,66.0,0.0,0.0,43.0,77.0,1.0
34993,2022-12-29 01:00:00,521.55,302.0,66.0,0.0,0.0,43.0,76.0,1.0
34994,2022-12-29 02:00:00,521.37,296.0,64.0,0.0,0.0,47.0,70.0,1.0
34995,2022-12-29 03:00:00,533.88,321.0,62.0,0.0,0.0,53.0,64.0,1.0
34996,2022-12-29 04:00:00,518.97,310.0,63.0,0.0,0.0,57.0,69.0,1.0
34997,2022-12-29 05:00:00,505.09,308.0,62.0,0.0,0.0,61.0,78.0,1.0
34998,2022-12-29 06:00:00,510.38,348.0,63.0,0.0,0.0,71.0,82.0,1.0
34999,2022-12-29 07:00:00,501.99,354.0,65.0,0.0,2.0,81.0,82.0,1.0
35000,2022-12-29 08:00:00,499.54,360.0,65.0,0.0,6.0,82.0,83.0,1.0
35001,2022-12-29 09:00:00,492.31,354.0,63.0,0.0,9.0,85.0,83.0,1.0
35002,2022-12-29 10:00:00,499.93,394.0,62.0,0.0,10.0,93.0,86.0,1.0
35003,2022-12-29 11:00:00,505.32,425.0,61.0,0.0,8.0,102.0,88.0,1.0
35004,2022-12-29 12:00:00,494.72,420.0,61.0,0.0,4.0,118.0,88.0,1.0
35005,2022-12-29 13:00:00,450.48,333.0,62.0,0.0,1.0,131.0,86.0,1.0
35006,2022-12-29 14:00:00,439.53,331.0,61.0,0.0,0.0,146.0,86.0,1.0
35007,2022-12-29 15:00:00,414.73,308.0,63.0,0.0,0.0,166.0,84.0,1.0
35008,2022-12-29 16:00:00,390.96,287.0,63.0,0.0,0.0,187.0,81.0,1.0
35009,2022-12-29 17:00:00,376.12,267.0,64.0,0.0,0.0,196.0,76.0,1.0
35010,2022-12-29 18:00:00,384.58,297.0,64.0,0.0,0.0,206.0,82.0,1.0
35011,2022-12-29 19:00:00,390.45,303.0,62.0,0.0,0.0,204.0,80.0,1.0
35012,2022-12-29 20:00:00,381.15,272.0,64.0,0.0,0.0,195.0,74.0,1.0
35013,2022-12-29 21:00:00,376.18,272.0,64.0,0.0,0.0,200.0,77.0,1.0
35014,2022-12-29 22:00:00,376.06,263.0,65.0,0.0,0.0,190.0,78.0,1.0
35015,2022-12-29 23:00:00,385.09,261.0,66.0,0.0,0.0,186.0,66.0,1.0
35016,2022-12-30 00:00:00,386.07,246.0,66.0,0.0,0.0,179.0,57.0,1.0
35017,2022-12-30 01:00:00,387.45,246.0,67.0,0.0,0.0,177.0,57.0,1.0
35018,2022-12-30 02:00:00,401.11,250.0,66.0,0.0,0.0,160.0,59.0,1.0
35019,2022-12-30 03:00:00,402.05,247.0,67.0,0.0,0.0,158.0,57.0,1.0
35020,2022-12-30 04:00:00,421.02,263.0,67.0,0.0,0.0,146.0,58.0,1.0
35021,2022-12-30 05:00:00,422.82,261.0,68.0,0.0,0.0,143.0,57.0,1.0
35022,2022-12-30 06:00:00,437.07,300.0,65.0,0.0,0.0,149.0,63.0,1.0
35023,2022-12-30 07:00:00,408.76,264.0,66.0,0.0,2.0,156.0,63.0,1.0
35024,2022-12-30 08:00:00,392.85,255.0,65.0,0.0,9.0,152.0,74.0,1.0
35025,2022-12-30 09:00:00,391.29,257.0,67.0,0.0,14.0,151.0,74.0,1.0
35026,2022-12-30 10:00:00,404.07,273.0,70.0,0.0,16.0,145.0,74.0,1.0
35027,2022-12-30 11:00:00,412.31,268.0,72.0,0.0,13.0,135.0,71.0,1.0
35028,2022-12-30 12:00:00,425.22,268.0,72.0,0.0,6.0,121.0,75.0,1.0
35029,2022-12-30 13:00:00,429.68,256.0,73.0,0.0,1.0,110.0,76.0,1.0
35030,2022-12-30 14:00:00,448.34,267.0,68.0,0.0,0.0,97.0,77.0,1.0
35031,2022-12-30 15:00:00,438.66,253.0,68.0,0.0,0.0,103.0,72.0,1.0
35032,2022-12-30 16:00:00,441.33,256.0,69.0,0.0,0.0,102.0,72.0,1.0
35033,2022-12-30 17:00:00,447.48,257.0,68.0,0.0,0.0,96.0,72.0,1.0
35034,2022-12-30 18:00:00,453.49,264.0,69.0,0.0,0.0,95.0,71.0,1.0
35035,2022-12-30 19:00:00,444.25,255.0,69.0,0.0,0.0,97.0,73.0,1.0
35036,2022-12-30 20:00:00,451.55,255.0,69.0,0.0,0.0,94.0,68.0,1.0
35037,2022-12-30 21:00:00,434.94,254.0,68.0,0.0,0.0,116.0,64.0,1.0
35038,2022-12-30 22:00:00,434.72,259.0,68.0,0.0,0.0,122.0,62.0,1.0
35039,2022-12-30 23:00:00,418.56,236.0,68.0,0.0,0.0,126.0,59.0,1.0
35040,2022-12-31 00:00:00,406.2,236.0,67.0,0.0,0.0,139.0,61.0,1.0
35041,2022-12-31 01:00:00,393.66,236.0,68.0,0.0,0.0,152.0,64.0,1.0
35042,2022-12-31 02:00:00,377.73,237.0,67.0,0.0,0.0,176.0,63.0,1.0
35043,2022-12-31 03:00:00,381.2,235.0,69.0,0.0,0.0,175.0,57.0,1.0
35044,2022-12-31 04:00:00,363.18,239.0,68.0,0.0,0.0,208.0,55.0,1.0
35045,2022-12-31 05:00:00,360.79,241.0,68.0,0.0,0.0,218.0,51.0,1.0
35046,2022-12-31 06:00:00,342.83,241.0,64.0,0.0,0.0,248.0,51.0,1.0
35047,2022-12-31 07:00:00,331.88,240.0,58.0,0.0,2.0,260.0,55.0,1.0
35048,2022-12-31 08:00:00,326.36,242.0,65.0,0.0,6.0,264.0,61.0,1.0
35049,2022-12-31 09:00:00,326.61,240.0,66.0,0.0,9.0,256.0,63.0,1.0
35050,2022-12-31 10:00:00,327.69,238.0,64.0,0.0,9.0,250.0,64.0,1.0
35051,2022-12-31 11:00:00,329.86,238.0,65.0,0.0,6.0,247.0,66.0,1.0
35052,2022-12-31 12:00:00,332.28,236.0,66.0,0.0,2.0,244.0,66.0,1.0
35053,2022-12-31 13:00:00,347.29,244.0,67.0,0.0,0.0,229.0,66.0,1.0
35054,2022-12-31 14:00:00,396.89,306.0,65.0,0.0,0.0,209.0,67.0,1.0
35055,2022-12-31 15:00:00,406.16,338.0,66.0,0.0,0.0,221.0,68.0,1.0
35056,2022-12-31 16:00:00,411.24,348.0,65.0,0.0,0.0,222.0,67.0,1.0
35057,2022-12-31 17:00:00,379.85,289.0,67.0,0.0,0.0,221.0,67.0,1.0
35058,2022-12-31 18:00:00,345.39,233.0,65.0,0.0,0.0,219.0,66.0,1.0
35059,2022-12-31 19:00:00,342.48,229.0,64.0,0.0,0.0,220.0,65.0,1.0
35060,2022-12-31 20:00:00,358.58,229.0,64.0,0.0,0.0,195.0,64.0,1.0
35061,2022-12-31 21:00:00,370.61,228.0,68.0,0.0,0.0,176.0,64.0,1.0
35062,2022-12-31 22:00:00,385.74,227.0,67.0,0.0,0.0,154.0,64.0,1.0
35063,2022-12-31 23:00:00,379.82,228.0,67.0,0.0,0.0,163.0,64.0,1.0
35064,2023-01-01 00:00:00,383.5,227.0,67.0,0.0,0.0,158.0,63.0,1.0
35065,2023-01-01 01:00:00,386.47,228.0,67.0,0.0,0.0,155.0,63.0,1.0
35066,2023-01-01 02:00:00,416.85,226.0,66.0,0.0,0.0,115.0,64.0,1.0
35067,2023-01-01 03:00:00,445.13,230.0,71.0,0.0,0.0,86.0,65.0,1.0
35068,2023-01-01 04:00:00,475.42,232.0,68.0,0.0,0.0,58.0,66.0,1.0
35069,2023-01-01 05:00:00,498.95,233.0,66.0,0.0,0.0,39.0,66.0,1.0
35070,2023-01-01 06:00:00,507.73,231.0,66.0,1.0,0.0,30.0,66.0,1.0
35071,2023-01-01 07:00:00,517.44,234.0,66.0,1.0,1.0,25.0,64.0,1.0
35072,2023-01-01 08:00:00,514.55,233.0,65.0,1.0,5.0,21.0,66.0,1.0
35073,2023-01-01 09:00:00,503.34,233.0,64.0,1.0,10.0,21.0,70.0,1.0
35074,2023-01-01 10:00:00,499.26,232.0,63.0,1.0,14.0,20.0,70.0,1.0
35075,2023-01-01 11:00:00,497.94,229.0,61.0,1.0,12.0,22.0,70.0,1.0
35076,2023-01-01 12:00:00,486.78,232.0,60.0,1.0,6.0,39.0,70.0,1.0
35077,2023-01-01 13:00:00,498.06,232.0,59.0,1.0,1.0,36.0,69.0,1.0
35078,2023-01-01 14:00:00,492.4,230.0,61.0,1.0,0.0,39.0,70.0,1.0
35079,2023-01-01 15:00:00,510.58,266.0,62.0,1.0,0.0,43.0,69.0,1.0
35080,2023-01-01 16:00:00,519.23,301.0,65.0,1.0,0.0,45.0,75.0,1.0
35081,2023-01-01 17:00:00,507.05,295.0,64.0,1.0,0.0,48.0,81.0,1.0
35082,2023-01-01 18:00:00,491.28,290.0,64.0,1.0,0.0,61.0,81.0,1.0
35083,2023-01-01 19:00:00,473.56,284.0,64.0,1.0,0.0,77.0,80.0,1.0
35084,2023-01-01 20:00:00,480.55,273.0,65.0,1.0,0.0,74.0,69.0,1.0
35085,2023-01-01 21:00:00,490.38,282.0,62.0,0.0,0.0,75.0,65.0,1.0
35086,2023-01-01 22:00:00,496.06,299.0,60.0,0.0,0.0,75.0,69.0,1.0
35087,2023-01-01 23:00:00,484.66,298.0,57.0,0.0,0.0,77.0,79.0,1.0
35088,2023-01-02 00:00:00,494.42,328.0,61.0,0.0,0.0,77.0,84.0,1.0
35089,2023-01-02 01:00:00,497.25,342.0,62.0,0.0,0.0,79.0,86.0,1.0
35090,2023-01-02 02:00:00,507.67,352.0,63.0,0.0,0.0,74.0,84.0,1.0
35091,2023-01-02 03:00:00,525.08,376.0,62.0,0.0,0.0,69.0,81.0,1.0
35092,2023-01-02 04:00:00,543.07,409.0,61.0,0.0,0.0,64.0,80.0,1.0
35093,2023-01-02 05:00:00,583.09,511.0,63.0,1.0,0.0,47.0,84.0,1.0
35094,2023-01-02 06:00:00,591.8,618.0,63.0,1.0,0.0,59.0,92.0,1.0
35095,2023-01-02 07:00:00,597.94,674.0,62.0,1.0,4.0,62.0,92.0,1.0
35096,2023-01-02 08:00:00,575.61,656.0,62.0,1.0,17.0,78.0,92.0,1.0
35097,2023-01-02 09:00:00,571.15,678.0,63.0,1.0,25.0,83.0,93.0,1.0
35098,2023-01-02 10:00:00,572.76,682.0,62.0,1.0,25.0,82.0,93.0,1.0
35099,2023-01-02 11:00:00,580.74,682.0,62.0,1.0,20.0,74.0,93.0,1.0
35100,2023-01-02 12:00:00,580.89,658.0,63.0,1.0,8.0,78.0,93.0,1.0
35101,2023-01-02 13:00:00,582.24,655.0,63.0,1.0,1.0,82.0,93.0,1.0
35102,2023-01-02 14:00:00,588.24,682.0,65.0,1.0,0.0,82.0,92.0,1.0
35103,2023-01-02 15:00:00,591.22,683.0,64.0,1.0,0.0,78.0,92.0,1.0
35104,2023-01-02 16:00:00,579.12,664.0,62.0,1.0,0.0,92.0,92.0,1.0
35105,2023-01-02 17:00:00,566.03,657.0,64.0,1.0,0.0,109.0,93.0,1.0
35106,2023-01-02 18:00:00,560.63,646.0,64.0,1.0,0.0,115.0,92.0,1.0
35107,2023-01-02 19:00:00,556.67,619.0,66.0,1.0,0.0,112.0,91.0,1.0
35108,2023-01-02 20:00:00,550.15,566.0,67.0,1.0,0.0,105.0,88.0,1.0
35109,2023-01-02 21:00:00,547.84,520.0,66.0,1.0,0.0,94.0,85.0,1.0
35110,2023-01-02 22:00:00,534.24,514.0,66.0,1.0,0.0,114.0,82.0,1.0
35111,2023-01-02 23:00:00,486.42,382.0,67.0,1.0,0.0,120.0,78.0,1.0
35112,2023-01-03 00:00:00,479.58,350.0,65.0,1.0,0.0,112.0,77.0,1.0
35113,2023-01-03 01:00:00,470.44,352.0,65.0,1.0,0.0,125.0,77.0,1.0
35114,2023-01-03 02:00:00,465.26,354.0,61.0,1.0,0.0,130.0,81.0,1.0
35115,2023-01-03 03:00:00,436.67,350.0,62.0,1.0,0.0,170.0,79.0,1.0
35116,2023-01-03 04:00:00,442.48,380.0,61.0,1.0,0.0,183.0,79.0,1.0
35117,2023-01-03 05:00:00,469.38,474.0,60.0,1.0,0.0,196.0,84.0,1.0
35118,2023-01-03 06:00:00,509.12,618.0,61.0,1.0,0.0,195.0,92.0,1.0
35119,2023-01-03 07:00:00,528.07,683.0,57.0,0.0,2.0,188.0,93.0,1.0
35120,2023-01-03 08:00:00,522.35,686.0,59.0,0.0,5.0,193.0,97.0,1.0
35121,2023-01-03 09:00:00,529.35,671.0,58.0,0.0,8.0,170.0,97.0,1.0
35122,2023-01-03 10:00:00,552.86,697.0,55.0,1.0,9.0,135.0,98.0,1.0
35123,2023-01-03 11:00:00,564.19,700.0,58.0,1.0,9.0,116.0,97.0,1.0
35124,2023-01-03 12:00:00,575.32,698.0,59.0,1.0,5.0,101.0,96.0,1.0
35125,2023-01-03 13:00:00,600.14,699.0,63.0,1.0,1.0,67.0,93.0,1.0
35126,2023-01-03 14:00:00,615.01,698.0,64.0,1.0,0.0,45.0,93.0,1.0
35127,2023-01-03 15:00:00,622.03,688.0,63.0,1.0,0.0,34.0,92.0,1.0
35128,2023-01-03 16:00:00,630.11,699.0,63.0,1.0,0.0,25.0,92.0,1.0
35129,2023-01-03 17:00:00,634.43,699.0,63.0,1.0,0.0,18.0,93.0,1.0
35130,2023-01-03 18:00:00,630.82,701.0,64.0,1.0,0.0,22.0,94.0,1.0
35131,2023-01-03 19:00:00,623.04,669.0,64.0,1.0,0.0,28.0,92.0,1.0
35132,2023-01-03 20:00:00,607.09,637.0,65.0,1.0,0.0,41.0,93.0,1.0
35133,2023-01-03 21:00:00,591.59,595.0,65.0,1.0,0.0,52.0,92.0,1.0
35134,2023-01-03 22:00:00,549.42,401.0,39.0,1.0,0.0,59.0,81.0,1.0
35135,2023-01-03 23:00:00,554.23,420.0,36.0,1.0,0.0,62.0,81.0,1.0
35136,2023-01-04 00:00:00,529.07,382.0,36.0,1.0,0.0,76.0,79.0,1.0
35137,2023-01-04 01:00:00,512.08,349.0,58.0,1.0,0.0,75.0,77.0,1.0
35138,2023-01-04 02:00:00,520.1,352.0,64.0,1.0,0.0,64.0,79.0,1.0
35139,2023-01-04 03:00:00,537.75,366.0,62.0,1.0,0.0,52.0,79.0,1.0
35140,2023-01-04 04:00:00,563.92,416.0,63.0,1.0,0.0,40.0,82.0,1.0
35141,2023-01-04 05:00:00,604.64,560.0,64.0,1.0,0.0,27.0,91.0,1.0
35142,2023-01-04 06:00:00,601.17,565.0,63.0,1.0,0.0,35.0,89.0,1.0
35143,2023-01-04 07:00:00,602.46,575.0,63.0,0.0,1.0,35.0,90.0,1.0
35144,2023-01-04 08:00:00,610.23,598.0,45.0,0.0,2.0,36.0,91.0,1.0
35145,2023-01-04 09:00:00,612.59,597.0,52.0,0.0,5.0,27.0,91.0,1.0
35146,2023-01-04 10:00:00,616.16,593.0,61.0,0.0,4.0,20.0,90.0,1.0
35147,2023-01-04 11:00:00,621.43,607.0,60.0,0.0,3.0,17.0,91.0,1.0
35148,2023-01-04 12:00:00,626.37,603.0,60.0,0.0,1.0,14.0,89.0,1.0
35149,2023-01-04 13:00:00,623.04,587.0,59.0,0.0,0.0,16.0,89.0,1.0
35150,2023-01-04 14:00:00,618.79,560.0,59.0,0.0,0.0,16.0,88.0,1.0
35151,2023-01-04 15:00:00,609.73,531.0,58.0,0.0,0.0,23.0,85.0,1.0
35152,2023-01-04 16:00:00,601.24,586.0,59.0,0.0,0.0,43.0,89.0,1.0
35153,2023-01-04 17:00:00,591.33,592.0,61.0,0.0,0.0,56.0,90.0,1.0
35154,2023-01-04 18:00:00,590.05,609.0,60.0,1.0,0.0,62.0,90.0,1.0
35155,2023-01-04 19:00:00,542.82,455.0,60.0,1.0,0.0,82.0,80.0,1.0
35156,2023-01-04 20:00:00,500.19,359.0,60.0,1.0,0.0,104.0,66.0,1.0
35157,2023-01-04 21:00:00,491.85,364.0,59.0,1.0,0.0,123.0,60.0,1.0
35158,2023-01-04 22:00:00,476.18,372.0,58.0,1.0,0.0,149.0,59.0,1.0
35159,2023-01-04 23:00:00,469.79,377.0,57.0,1.0,0.0,159.0,61.0,1.0
35160,2023-01-05 00:00:00,465.18,386.0,58.0,1.0,0.0,167.0,65.0,1.0
35161,2023-01-05 01:00:00,444.37,361.0,58.0,1.0,0.0,181.0,65.0,1.0
35162,2023-01-05 02:00:00,441.91,357.0,57.0,1.0,0.0,189.0,58.0,1.0
35163,2023-01-05 03:00:00,446.18,357.0,55.0,1.0,0.0,185.0,56.0,1.0
35164,2023-01-05 04:00:00,442.34,373.0,56.0,1.0,0.0,198.0,60.0,1.0
35165,2023-01-05 05:00:00,433.65,367.0,58.0,1.0,0.0,199.0,68.0,1.0
35166,2023-01-05 06:00:00,467.56,450.0,56.0,1.0,0.0,194.0,75.0,1.0
35167,2023-01-05 07:00:00,479.87,467.0,56.0,1.0,2.0,180.0,77.0,1.0
35168,2023-01-05 08:00:00,524.57,578.0,56.0,0.0,11.0,151.0,81.0,1.0
35169,2023-01-05 09:00:00,513.92,574.0,57.0,0.0,29.0,150.0,80.0,1.0
35170,2023-01-05 10:00:00,511.18,561.0,55.0,0.0,33.0,144.0,81.0,1.0
35171,2023-01-05 11:00:00,507.13,561.0,55.0,0.0,25.0,159.0,81.0,1.0
35172,2023-01-05 12:00:00,514.58,571.0,55.0,0.0,11.0,165.0,81.0,1.0
35173,2023-01-05 13:00:00,522.92,575.0,54.0,0.0,2.0,163.0,80.0,1.0
35174,2023-01-05 14:00:00,531.93,589.0,48.0,0.0,0.0,153.0,85.0,1.0
35175,2023-01-05 15:00:00,545.75,586.0,50.0,0.0,0.0,126.0,88.0,1.0
35176,2023-01-05 16:00:00,559.37,589.0,54.0,0.0,0.0,102.0,91.0,1.0
35177,2023-01-05 17:00:00,546.52,577.0,54.0,0.0,0.0,117.0,91.0,1.0
35178,2023-01-05 18:00:00,545.87,577.0,54.0,0.0,0.0,122.0,87.0,1.0
35179,2023-01-05 19:00:00,550.61,589.0,55.0,1.0,0.0,120.0,85.0,1.0
35180,2023-01-05 20:00:00,555.38,579.0,55.0,1.0,0.0,111.0,83.0,1.0
35181,2023-01-05 21:00:00,580.2,573.0,54.0,1.0,0.0,74.0,83.0,1.0
35182,2023-01-05 22:00:00,595.09,556.0,53.0,1.0,0.0,49.0,84.0,1.0
35183,2023-01-05 23:00:00,604.56,546.0,55.0,1.0,0.0,35.0,83.0,1.0
35184,2023-01-06 00:00:00,562.3,427.0,56.0,1.0,0.0,45.0,85.0,1.0
35185,2023-01-06 01:00:00,539.31,406.0,58.0,1.0,0.0,60.0,87.0,1.0
35186,2023-01-06 02:00:00,542.93,377.0,59.0,1.0,0.0,49.0,82.0,1.0
35187,2023-01-06 03:00:00,554.44,390.0,59.0,1.0,0.0,48.0,76.0,1.0
35188,2023-01-06 04:00:00,558.25,387.0,59.0,1.0,0.0,47.0,72.0,1.0
35189,2023-01-06 05:00:00,570.95,399.0,60.0,1.0,0.0,39.0,71.0,1.0
35190,2023-01-06 06:00:00,566.85,355.0,46.0,0.0,0.0,30.0,75.0,1.0
35191,2023-01-06 07:00:00,569.92,323.0,42.0,0.0,3.0,15.0,75.0,1.0
35192,2023-01-06 08:00:00,555.67,320.0,47.0,1.0,14.0,12.0,75.0,1.0
35193,2023-01-06 09:00:00,579.33,443.0,53.0,1.0,26.0,15.0,77.0,1.0
35194,2023-01-06 10:00:00,598.63,578.0,57.0,0.0,35.0,18.0,81.0,1.0
35195,2023-01-06 11:00:00,598.84,573.0,58.0,0.0,31.0,22.0,79.0,1.0
35196,2023-01-06 12:00:00,611.57,566.0,59.0,0.0,14.0,25.0,75.0,1.0
35197,2023-01-06 13:00:00,622.19,576.0,58.0,0.0,2.0,26.0,76.0,1.0
35198,2023-01-06 14:00:00,611.42,557.0,59.0,0.0,0.0,34.0,78.0,1.0
35199,2023-01-06 15:00:00,603.37,545.0,58.0,0.0,0.0,44.0,75.0,1.0
35200,2023-01-06 16:00:00,599.23,572.0,56.0,0.0,0.0,53.0,79.0,1.0
35201,2023-01-06 17:00:00,590.48,551.0,54.0,0.0,0.0,61.0,77.0,1.0
35202,2023-01-06 18:00:00,577.61,546.0,54.0,0.0,0.0,72.0,81.0,1.0
35203,2023-01-06 19:00:00,571.1,517.0,54.0,1.0,0.0,70.0,81.0,1.0
35204,2023-01-06 20:00:00,537.88,411.0,57.0,1.0,0.0,70.0,81.0,1.0
35205,2023-01-06 21:00:00,516.75,371.0,59.0,1.0,0.0,78.0,79.0,1.0
35206,2023-01-06 22:00:00,516.99,357.0,56.0,1.0,0.0,79.0,72.0,1.0
35207,2023-01-06 23:00:00,515.0,344.0,56.0,1.0,0.0,81.0,66.0,1.0
35208,2023-01-07 00:00:00,503.78,318.0,56.0,1.0,0.0,80.0,66.0,1.0
35209,2023-01-07 01:00:00,492.49,307.0,56.0,1.0,0.0,84.0,68.0,1.0
35210,2023-01-07 02:00:00,481.67,309.0,55.0,1.0,0.0,98.0,67.0,1.0
35211,2023-01-07 03:00:00,485.28,335.0,54.0,1.0,0.0,106.0,70.0,1.0
35212,2023-01-07 04:00:00,467.09,317.0,53.0,0.0,0.0,112.0,76.0,1.0
35213,2023-01-07 05:00:00,463.98,334.0,51.0,0.0,0.0,119.0,84.0,1.0
35214,2023-01-07 06:00:00,463.27,351.0,50.0,0.0,0.0,131.0,84.0,1.0
35215,2023-01-07 07:00:00,470.02,367.0,50.0,0.0,3.0,128.0,85.0,1.0
35216,2023-01-07 08:00:00,483.65,386.0,50.0,0.0,11.0,112.0,86.0,1.0
35217,2023-01-07 09:00:00,480.19,387.0,51.0,0.0,15.0,112.0,87.0,1.0
35218,2023-01-07 10:00:00,485.67,397.0,48.0,0.0,20.0,107.0,86.0,1.0
35219,2023-01-07 11:00:00,482.3,379.0,49.0,0.0,20.0,102.0,85.0,1.0
35220,2023-01-07 12:00:00,483.53,370.0,50.0,0.0,10.0,106.0,84.0,1.0
35221,2023-01-07 13:00:00,498.22,392.0,51.0,0.0,2.0,106.0,85.0,1.0
35222,2023-01-07 14:00:00,497.51,386.0,50.0,1.0,0.0,105.0,85.0,1.0
35223,2023-01-07 15:00:00,489.65,390.0,43.0,1.0,0.0,119.0,85.0,1.0
35224,2023-01-07 16:00:00,465.88,372.0,49.0,0.0,0.0,141.0,84.0,1.0
35225,2023-01-07 17:00:00,465.62,379.0,48.0,0.0,0.0,147.0,83.0,1.0
35226,2023-01-07 18:00:00,459.92,376.0,49.0,0.0,0.0,151.0,85.0,1.0
35227,2023-01-07 19:00:00,469.63,391.0,47.0,0.0,0.0,147.0,85.0,1.0
35228,2023-01-07 20:00:00,455.46,352.0,46.0,0.0,0.0,153.0,74.0,1.0
35229,2023-01-07 21:00:00,464.98,347.0,46.0,0.0,0.0,144.0,67.0,1.0
35230,2023-01-07 22:00:00,479.99,352.0,46.0,0.0,0.0,126.0,69.0,1.0
35231,2023-01-07 23:00:00,481.35,361.0,44.0,0.0,0.0,128.0,71.0,1.0
35232,2023-01-08 00:00:00,485.44,351.0,45.0,0.0,0.0,118.0,70.0,1.0
35233,2023-01-08 01:00:00,487.21,353.0,45.0,0.0,0.0,117.0,70.0,1.0
35234,2023-01-08 02:00:00,487.74,351.0,46.0,0.0,0.0,115.0,70.0,1.0
35235,2023-01-08 03:00:00,475.83,350.0,46.0,1.0,0.0,126.0,72.0,1.0
35236,2023-01-08 04:00:00,483.6,351.0,46.0,1.0,0.0,113.0,76.0,1.0
35237,2023-01-08 05:00:00,496.07,352.0,45.0,1.0,0.0,99.0,76.0,1.0
35238,2023-01-08 06:00:00,489.22,370.0,45.0,1.0,0.0,113.0,80.0,1.0
35239,2023-01-08 07:00:00,469.76,332.0,44.0,1.0,1.0,111.0,83.0,1.0
35240,2023-01-08 08:00:00,471.77,370.0,43.0,1.0,4.0,118.0,94.0,1.0
35241,2023-01-08 09:00:00,472.08,394.0,44.0,1.0,8.0,125.0,97.0,1.0
35242,2023-01-08 10:00:00,435.85,322.0,45.0,1.0,8.0,134.0,90.0,1.0
35243,2023-01-08 11:00:00,447.61,322.0,52.0,0.0,6.0,128.0,82.0,1.0
35244,2023-01-08 12:00:00,460.92,324.0,43.0,0.0,3.0,120.0,79.0,1.0
35245,2023-01-08 13:00:00,443.34,312.0,13.0,0.0,1.0,139.0,81.0,1.0
35246,2023-01-08 14:00:00,438.21,319.0,10.0,0.0,0.0,152.0,81.0,1.0
35247,2023-01-08 15:00:00,436.34,340.0,10.0,0.0,0.0,169.0,82.0,1.0
35248,2023-01-08 16:00:00,413.96,317.0,13.0,0.0,0.0,183.0,81.0,1.0
35249,2023-01-08 17:00:00,428.32,339.0,21.0,0.0,0.0,177.0,83.0,1.0
35250,2023-01-08 18:00:00,415.36,323.0,31.0,0.0,0.0,183.0,82.0,1.0
35251,2023-01-08 19:00:00,412.91,321.0,31.0,0.0,0.0,185.0,82.0,1.0
35252,2023-01-08 20:00:00,418.51,329.0,33.0,0.0,0.0,187.0,78.0,1.0
35253,2023-01-08 21:00:00,414.45,322.0,36.0,0.0,0.0,187.0,78.0,1.0
35254,2023-01-08 22:00:00,396.39,303.0,36.0,0.0,0.0,196.0,80.0,1.0
35255,2023-01-08 23:00:00,400.09,303.0,40.0,0.0,0.0,188.0,82.0,1.0
35256,2023-01-09 00:00:00,400.89,303.0,37.0,0.0,0.0,187.0,82.0,1.0
35257,2023-01-09 01:00:00,411.73,313.0,41.0,0.0,0.0,183.0,78.0,1.0
35258,2023-01-09 02:00:00,417.68,313.0,43.0,0.0,0.0,181.0,71.0,1.0
35259,2023-01-09 03:00:00,433.21,334.0,43.0,0.0,0.0,179.0,67.0,1.0
35260,2023-01-09 04:00:00,467.94,405.0,43.0,0.0,0.0,172.0,72.0,1.0
35261,2023-01-09 05:00:00,492.89,490.0,55.0,0.0,0.0,171.0,81.0,1.0
35262,2023-01-09 06:00:00,515.72,551.0,57.0,0.0,0.0,162.0,83.0,1.0
35263,2023-01-09 07:00:00,512.9,559.0,59.0,0.0,1.0,170.0,82.0,1.0
35264,2023-01-09 08:00:00,509.74,573.0,60.0,1.0,2.0,178.0,84.0,1.0
35265,2023-01-09 09:00:00,510.74,574.0,59.0,1.0,4.0,174.0,85.0,1.0
35266,2023-01-09 10:00:00,526.53,580.0,48.0,1.0,5.0,152.0,85.0,1.0
35267,2023-01-09 11:00:00,524.13,557.0,40.0,0.0,4.0,150.0,85.0,1.0
35268,2023-01-09 12:00:00,522.64,556.0,50.0,0.0,3.0,150.0,85.0,1.0
35269,2023-01-09 13:00:00,521.87,563.0,55.0,0.0,1.0,154.0,86.0,1.0
35270,2023-01-09 14:00:00,525.42,563.0,59.0,0.0,0.0,148.0,86.0,1.0
35271,2023-01-09 15:00:00,530.29,568.0,60.0,0.0,0.0,145.0,83.0,1.0
35272,2023-01-09 16:00:00,545.17,629.0,62.0,0.0,0.0,142.0,86.0,1.0
35273,2023-01-09 17:00:00,544.09,601.0,58.0,0.0,0.0,134.0,86.0,1.0
35274,2023-01-09 18:00:00,535.79,562.0,59.0,0.0,0.0,132.0,85.0,1.0
35275,2023-01-09 19:00:00,536.0,542.0,60.0,1.0,0.0,129.0,78.0,1.0
35276,2023-01-09 20:00:00,514.17,496.0,58.0,1.0,0.0,141.0,79.0,1.0
35277,2023-01-09 21:00:00,497.55,463.0,60.0,0.0,0.0,145.0,84.0,1.0
35278,2023-01-09 22:00:00,492.58,455.0,57.0,0.0,0.0,149.0,84.0,1.0
35279,2023-01-09 23:00:00,507.68,453.0,60.0,0.0,0.0,129.0,80.0,1.0
35280,2023-01-10 00:00:00,507.22,413.0,59.0,0.0,0.0,108.0,82.0,1.0
35281,2023-01-10 01:00:00,522.05,444.0,60.0,0.0,0.0,100.0,85.0,1.0
35282,2023-01-10 02:00:00,509.17,408.0,59.0,0.0,0.0,99.0,86.0,1.0
35283,2023-01-10 03:00:00,524.86,421.0,60.0,0.0,0.0,91.0,80.0,1.0
35284,2023-01-10 04:00:00,555.86,512.0,60.0,0.0,0.0,86.0,82.0,1.0
35285,2023-01-10 05:00:00,580.89,622.0,60.0,0.0,0.0,84.0,86.0,1.0
35286,2023-01-10 06:00:00,594.54,683.0,61.0,0.0,0.0,79.0,88.0,1.0
35287,2023-01-10 07:00:00,589.11,685.0,61.0,1.0,1.0,85.0,89.0,1.0
35288,2023-01-10 08:00:00,586.14,676.0,61.0,0.0,2.0,89.0,87.0,1.0
35289,2023-01-10 09:00:00,589.73,678.0,61.0,0.0,3.0,84.0,86.0,1.0
35290,2023-01-10 10:00:00,571.85,637.0,64.0,0.0,5.0,97.0,85.0,1.0
35291,2023-01-10 11:00:00,571.96,671.0,64.0,1.0,4.0,105.0,88.0,1.0
35292,2023-01-10 12:00:00,568.26,654.0,65.0,0.0,2.0,108.0,88.0,1.0
35293,2023-01-10 13:00:00,562.99,678.0,65.0,1.0,1.0,125.0,88.0,1.0
35294,2023-01-10 14:00:00,563.4,681.0,66.0,1.0,0.0,127.0,87.0,1.0
35295,2023-01-10 15:00:00,551.42,646.0,62.0,0.0,0.0,138.0,86.0,1.0
35296,2023-01-10 16:00:00,549.08,646.0,65.0,0.0,0.0,142.0,85.0,1.0
35297,2023-01-10 17:00:00,550.92,678.0,65.0,0.0,0.0,149.0,87.0,1.0
35298,2023-01-10 18:00:00,549.15,668.0,66.0,0.0,0.0,150.0,85.0,1.0
35299,2023-01-10 19:00:00,529.14,572.0,62.0,0.0,0.0,150.0,81.0,1.0
35300,2023-01-10 20:00:00,540.38,614.0,59.0,0.0,0.0,140.0,91.0,1.0
35301,2023-01-10 21:00:00,541.34,603.0,62.0,0.0,0.0,132.0,92.0,1.0
35302,2023-01-10 22:00:00,484.38,402.0,59.0,0.0,0.0,132.0,83.0,1.0
35303,2023-01-10 23:00:00,468.79,360.0,61.0,0.0,0.0,140.0,71.0,1.0
35304,2023-01-11 00:00:00,463.99,356.0,61.0,0.0,0.0,150.0,65.0,1.0
35305,2023-01-11 01:00:00,467.62,362.0,65.0,0.0,0.0,149.0,64.0,1.0
35306,2023-01-11 02:00:00,469.28,366.0,66.0,0.0,0.0,150.0,63.0,1.0
35307,2023-01-11 03:00:00,474.09,359.0,67.0,0.0,0.0,145.0,57.0,1.0
35308,2023-01-11 04:00:00,482.95,407.0,67.0,0.0,0.0,161.0,57.0,1.0
35309,2023-01-11 05:00:00,510.18,531.0,66.0,0.0,0.0,168.0,74.0,1.0
35310,2023-01-11 06:00:00,512.71,555.0,64.0,0.0,0.0,171.0,79.0,1.0
35311,2023-01-11 07:00:00,497.82,517.0,64.0,0.0,3.0,176.0,77.0,1.0
35312,2023-01-11 08:00:00,476.95,467.0,64.0,0.0,10.0,181.0,72.0,1.0
35313,2023-01-11 09:00:00,470.3,489.0,63.0,0.0,17.0,199.0,72.0,1.0
35314,2023-01-11 10:00:00,439.6,429.0,63.0,0.0,20.0,212.0,71.0,1.0
35315,2023-01-11 11:00:00,448.22,463.0,65.0,0.0,17.0,222.0,72.0,1.0
35316,2023-01-11 12:00:00,453.12,467.0,63.0,0.0,10.0,224.0,71.0,1.0
35317,2023-01-11 13:00:00,440.7,443.0,64.0,0.0,3.0,238.0,70.0,1.0
35318,2023-01-11 14:00:00,426.42,418.0,63.0,0.0,0.0,249.0,70.0,1.0
35319,2023-01-11 15:00:00,422.95,411.0,63.0,0.0,0.0,251.0,69.0,1.0
35320,2023-01-11 16:00:00,433.82,451.0,64.0,0.0,0.0,259.0,71.0,1.0
35321,2023-01-11 17:00:00,412.91,381.0,64.0,0.0,0.0,252.0,62.0,1.0
35322,2023-01-11 18:00:00,403.95,356.0,62.0,0.0,0.0,249.0,60.0,1.0
35323,2023-01-11 19:00:00,404.03,354.0,63.0,0.0,0.0,247.0,60.0,1.0
35324,2023-01-11 20:00:00,405.81,352.0,64.0,0.0,0.0,242.0,60.0,1.0
35325,2023-01-11 21:00:00,410.26,352.0,66.0,0.0,0.0,236.0,58.0,1.0
35326,2023-01-11 22:00:00,422.22,366.0,66.0,0.0,0.0,230.0,55.0,1.0
35327,2023-01-11 23:00:00,415.99,353.0,66.0,0.0,0.0,228.0,57.0,1.0
35328,2023-01-12 00:00:00,418.51,353.0,64.0,0.0,0.0,225.0,56.0,1.0
35329,2023-01-12 01:00:00,420.09,353.0,67.0,0.0,0.0,223.0,55.0,1.0
35330,2023-01-12 02:00:00,424.26,353.0,68.0,1.0,0.0,217.0,53.0,1.0
35331,2023-01-12 03:00:00,427.91,352.0,63.0,1.0,0.0,213.0,51.0,1.0
35332,2023-01-12 04:00:00,428.71,354.0,65.0,1.0,0.0,211.0,53.0,1.0
35333,2023-01-12 05:00:00,447.25,402.0,66.0,1.0,0.0,203.0,66.0,1.0
35334,2023-01-12 06:00:00,473.1,484.0,63.0,1.0,0.0,201.0,78.0,1.0
35335,2023-01-12 07:00:00,484.9,527.0,64.0,1.0,2.0,197.0,84.0,1.0
35336,2023-01-12 08:00:00,465.08,482.0,63.0,1.0,6.0,206.0,80.0,1.0
35337,2023-01-12 09:00:00,474.92,493.0,64.0,1.0,10.0,193.0,78.0,1.0
35338,2023-01-12 10:00:00,453.7,415.0,62.0,1.0,11.0,180.0,77.0,1.0
35339,2023-01-12 11:00:00,452.6,417.0,63.0,0.0,9.0,187.0,76.0,1.0
35340,2023-01-12 12:00:00,447.99,420.0,62.0,0.0,7.0,199.0,76.0,1.0
35341,2023-01-12 13:00:00,452.05,423.0,63.0,0.0,1.0,201.0,75.0,1.0
35342,2023-01-12 14:00:00,457.47,476.0,63.0,0.0,0.0,225.0,78.0,1.0
35343,2023-01-12 15:00:00,471.5,519.0,64.0,0.0,0.0,224.0,80.0,1.0
35344,2023-01-12 16:00:00,470.98,521.0,65.0,0.0,0.0,225.0,81.0,1.0
35345,2023-01-12 17:00:00,470.13,531.0,64.0,0.0,0.0,232.0,82.0,1.0
35346,2023-01-12 18:00:00,440.26,421.0,63.0,0.0,0.0,219.0,77.0,1.0
35347,2023-01-12 19:00:00,424.52,364.0,39.0,0.0,0.0,205.0,78.0,1.0
35348,2023-01-12 20:00:00,435.49,374.0,40.0,0.0,0.0,202.0,71.0,1.0
35349,2023-01-12 21:00:00,434.39,357.0,40.0,0.0,0.0,193.0,69.0,1.0
35350,2023-01-12 22:00:00,442.24,358.0,40.0,0.0,0.0,182.0,69.0,1.0
35351,2023-01-12 23:00:00,440.17,380.0,34.0,0.0,0.0,201.0,70.0,1.0
35352,2023-01-13 00:00:00,418.35,349.0,38.0,0.0,0.0,211.0,70.0,1.0
35353,2023-01-13 01:00:00,422.15,357.0,41.0,0.0,0.0,212.0,69.0,1.0
35354,2023-01-13 02:00:00,448.27,349.0,40.0,0.0,0.0,172.0,64.0,1.0
35355,2023-01-13 03:00:00,469.14,343.0,42.0,0.0,0.0,146.0,58.0,1.0
35356,2023-01-13 04:00:00,505.87,370.0,41.0,0.0,0.0,114.0,61.0,1.0
35357,2023-01-13 05:00:00,520.93,383.0,41.0,1.0,0.0,93.0,70.0,1.0
35358,2023-01-13 06:00:00,537.82,406.0,41.0,1.0,0.0,81.0,73.0,1.0
35359,2023-01-13 07:00:00,532.71,433.0,42.0,1.0,2.0,93.0,76.0,1.0
35360,2023-01-13 08:00:00,537.48,438.0,43.0,1.0,9.0,81.0,77.0,1.0
35361,2023-01-13 09:00:00,519.24,414.0,42.0,1.0,14.0,88.0,77.0,1.0
35362,2023-01-13 10:00:00,513.25,422.0,43.0,1.0,14.0,99.0,77.0,1.0
35363,2023-01-13 11:00:00,521.6,445.0,43.0,1.0,8.0,104.0,78.0,1.0
35364,2023-01-13 12:00:00,495.64,434.0,42.0,1.0,4.0,140.0,76.0,1.0
35365,2023-01-13 13:00:00,457.14,380.0,42.0,1.0,1.0,167.0,75.0,1.0
35366,2023-01-13 14:00:00,465.29,436.0,41.0,1.0,0.0,190.0,77.0,1.0
35367,2023-01-13 15:00:00,474.97,513.0,41.0,1.0,0.0,215.0,83.0,1.0
35368,2023-01-13 16:00:00,479.74,495.0,41.0,1.0,0.0,199.0,80.0,1.0
35369,2023-01-13 17:00:00,466.6,439.0,40.0,1.0,0.0,190.0,77.0,1.0
35370,2023-01-13 18:00:00,448.61,403.0,40.0,1.0,0.0,195.0,77.0,1.0
35371,2023-01-13 19:00:00,420.64,356.0,38.0,1.0,0.0,206.0,76.0,1.0
35372,2023-01-13 20:00:00,437.28,360.0,39.0,1.0,0.0,190.0,69.0,1.0
35373,2023-01-13 21:00:00,440.71,371.0,38.0,1.0,0.0,193.0,69.0,1.0
35374,2023-01-13 22:00:00,444.4,354.0,40.0,1.0,0.0,171.0,73.0,1.0
35375,2023-01-13 23:00:00,438.12,339.0,41.0,1.0,0.0,166.0,76.0,1.0
35376,2023-01-14 00:00:00,435.44,335.0,40.0,1.0,0.0,165.0,78.0,1.0
35377,2023-01-14 01:00:00,437.67,335.0,39.0,1.0,0.0,164.0,76.0,1.0
35378,2023-01-14 02:00:00,451.37,346.0,38.0,1.0,0.0,156.0,73.0,1.0
35379,2023-01-14 03:00:00,453.93,344.0,39.0,1.0,0.0,154.0,70.0,1.0
35380,2023-01-14 04:00:00,449.98,351.0,40.0,1.0,0.0,164.0,70.0,1.0
35381,2023-01-14 05:00:00,452.36,358.0,37.0,1.0,0.0,168.0,68.0,1.0
35382,2023-01-14 06:00:00,465.01,364.0,35.0,1.0,0.0,157.0,66.0,1.0
35383,2023-01-14 07:00:00,473.4,401.0,32.0,1.0,1.0,169.0,65.0,1.0
35384,2023-01-14 08:00:00,447.86,378.0,33.0,1.0,7.0,185.0,65.0,1.0
35385,2023-01-14 09:00:00,415.58,349.0,33.0,1.0,12.0,206.0,67.0,1.0
35386,2023-01-14 10:00:00,408.95,353.0,36.0,1.0,13.0,219.0,67.0,1.0
35387,2023-01-14 11:00:00,404.09,345.0,39.0,1.0,10.0,223.0,67.0,1.0
35388,2023-01-14 12:00:00,408.36,351.0,39.0,1.0,6.0,225.0,67.0,1.0
35389,2023-01-14 13:00:00,411.06,354.0,39.0,1.0,2.0,225.0,69.0,1.0
35390,2023-01-14 14:00:00,411.28,372.0,38.0,1.0,0.0,233.0,78.0,1.0
35391,2023-01-14 15:00:00,417.04,394.0,39.0,1.0,0.0,241.0,78.0,1.0
35392,2023-01-14 16:00:00,418.14,394.0,39.0,1.0,0.0,239.0,78.0,1.0
35393,2023-01-14 17:00:00,397.03,348.0,38.0,1.0,0.0,239.0,76.0,1.0
35394,2023-01-14 18:00:00,398.06,350.0,38.0,1.0,0.0,238.0,77.0,1.0
35395,2023-01-14 19:00:00,398.57,342.0,36.0,1.0,0.0,229.0,78.0,1.0
35396,2023-01-14 20:00:00,424.39,371.0,37.0,1.0,0.0,212.0,76.0,1.0
35397,2023-01-14 21:00:00,428.78,361.0,38.0,1.0,0.0,203.0,70.0,1.0
35398,2023-01-14 22:00:00,430.22,355.0,39.0,1.0,0.0,193.0,73.0,1.0
35399,2023-01-14 23:00:00,428.15,347.0,39.0,1.0,0.0,190.0,73.0,1.0
35400,2023-01-15 00:00:00,428.2,341.0,41.0,1.0,0.0,188.0,70.0,1.0
35401,2023-01-15 01:00:00,425.55,341.0,41.0,1.0,0.0,195.0,67.0,1.0
35402,2023-01-15 02:00:00,418.57,341.0,39.0,1.0,0.0,206.0,67.0,1.0
35403,2023-01-15 03:00:00,410.61,345.0,40.0,1.0,0.0,222.0,67.0,1.0
35404,2023-01-15 04:00:00,400.64,344.0,39.0,1.0,0.0,238.0,67.0,1.0
35405,2023-01-15 05:00:00,403.42,357.0,36.0,1.0,0.0,246.0,66.0,1.0
35406,2023-01-15 06:00:00,406.96,375.0,30.0,1.0,1.0,254.0,67.0,1.0
35407,2023-01-15 07:00:00,411.24,385.0,29.0,1.0,1.0,255.0,67.0,1.0
35408,2023-01-15 08:00:00,397.5,366.0,32.0,1.0,4.0,260.0,67.0,1.0
35409,2023-01-15 09:00:00,387.22,348.0,34.0,1.0,6.0,260.0,67.0,1.0
35410,2023-01-15 10:00:00,392.15,363.0,35.0,1.0,8.0,263.0,67.0,1.0
35411,2023-01-15 11:00:00,386.53,355.0,35.0,1.0,6.0,268.0,67.0,1.0
35412,2023-01-15 12:00:00,394.82,363.0,35.0,1.0,4.0,262.0,67.0,1.0
35413,2023-01-15 13:00:00,395.87,352.0,34.0,1.0,1.0,253.0,67.0,1.0
35414,2023-01-15 14:00:00,397.88,356.0,35.0,1.0,0.0,254.0,67.0,1.0
35415,2023-01-15 15:00:00,401.49,352.0,35.0,1.0,0.0,244.0,67.0,1.0
35416,2023-01-15 16:00:00,408.73,357.0,34.0,1.0,0.0,236.0,67.0,1.0
35417,2023-01-15 17:00:00,417.42,366.0,33.0,1.0,0.0,229.0,67.0,1.0
35418,2023-01-15 18:00:00,409.32,350.0,34.0,1.0,0.0,229.0,67.0,1.0
35419,2023-01-15 19:00:00,414.59,350.0,37.0,1.0,0.0,221.0,66.0,1.0
35420,2023-01-15 20:00:00,429.33,379.0,38.0,1.0,0.0,220.0,66.0,1.0
35421,2023-01-15 21:00:00,429.47,378.0,38.0,1.0,0.0,220.0,65.0,1.0
35422,2023-01-15 22:00:00,428.94,373.0,38.0,1.0,0.0,217.0,65.0,1.0
35423,2023-01-15 23:00:00,419.44,351.0,37.0,1.0,0.0,215.0,65.0,1.0
35424,2023-01-16 00:00:00,413.85,350.0,39.0,1.0,0.0,222.0,66.0,1.0
35425,2023-01-16 01:00:00,413.92,350.0,38.0,1.0,0.0,225.0,63.0,1.0
35426,2023-01-16 02:00:00,410.95,350.0,37.0,1.0,0.0,233.0,60.0,1.0
35427,2023-01-16 03:00:00,409.69,350.0,38.0,1.0,0.0,238.0,57.0,1.0
35428,2023-01-16 04:00:00,413.95,368.0,38.0,1.0,1.0,243.0,59.0,1.0
35429,2023-01-16 05:00:00,410.17,384.0,40.0,1.0,0.0,253.0,70.0,1.0
35430,2023-01-16 06:00:00,427.37,442.0,40.0,1.0,1.0,263.0,74.0,1.0
35431,2023-01-16 07:00:00,435.77,460.0,37.0,1.0,3.0,256.0,77.0,1.0
35432,2023-01-16 08:00:00,440.26,491.0,37.0,1.0,11.0,261.0,78.0,1.0
35433,2023-01-16 09:00:00,428.74,478.0,34.0,1.0,21.0,265.0,78.0,1.0
35434,2023-01-16 10:00:00,427.07,493.0,35.0,1.0,33.0,263.0,83.0,1.0
35435,2023-01-16 11:00:00,419.1,463.0,34.0,1.0,33.0,261.0,78.0,1.0
35436,2023-01-16 12:00:00,438.13,499.0,38.0,1.0,19.0,259.0,82.0,1.0
35437,2023-01-16 13:00:00,449.09,516.0,37.0,1.0,5.0,261.0,84.0,1.0
35438,2023-01-16 14:00:00,456.72,521.0,38.0,1.0,0.0,255.0,83.0,1.0
35439,2023-01-16 15:00:00,468.22,532.0,37.0,1.0,0.0,239.0,84.0,1.0
35440,2023-01-16 16:00:00,466.09,510.0,38.0,1.0,0.0,233.0,80.0,1.0
35441,2023-01-16 17:00:00,434.44,375.0,36.0,1.0,0.0,207.0,68.0,1.0
35442,2023-01-16 18:00:00,433.77,347.0,36.0,1.0,0.0,187.0,68.0,1.0
35443,2023-01-16 19:00:00,439.85,347.0,37.0,1.0,0.0,178.0,68.0,1.0
35444,2023-01-16 20:00:00,462.0,358.0,36.0,1.0,0.0,155.0,68.0,1.0
35445,2023-01-16 21:00:00,490.18,350.0,36.0,1.0,0.0,117.0,66.0,1.0
35446,2023-01-16 22:00:00,520.85,347.0,36.0,1.0,0.0,86.0,62.0,1.0
35447,2023-01-16 23:00:00,551.24,370.0,37.0,1.0,0.0,62.0,65.0,1.0
35448,2023-01-17 00:00:00,540.5,343.0,36.0,1.0,0.0,60.0,67.0,1.0
35449,2023-01-17 01:00:00,530.2,344.0,37.0,1.0,0.0,69.0,68.0,1.0
35450,2023-01-17 02:00:00,523.45,344.0,36.0,1.0,0.0,77.0,67.0,1.0
35451,2023-01-17 03:00:00,532.25,344.0,37.0,1.0,0.0,72.0,63.0,1.0
35452,2023-01-17 04:00:00,523.51,347.0,37.0,1.0,0.0,80.0,65.0,1.0
35453,2023-01-17 05:00:00,523.06,393.0,38.0,1.0,0.0,94.0,72.0,1.0
35454,2023-01-17 06:00:00,519.12,434.0,40.0,1.0,0.0,112.0,77.0,1.0
35455,2023-01-17 07:00:00,518.28,496.0,40.0,1.0,2.0,137.0,80.0,1.0
35456,2023-01-17 08:00:00,506.25,508.0,40.0,1.0,6.0,155.0,82.0,1.0
35457,2023-01-17 09:00:00,490.87,501.0,40.0,1.0,10.0,174.0,80.0,1.0
35458,2023-01-17 10:00:00,486.61,488.0,39.0,1.0,10.0,176.0,78.0,1.0
35459,2023-01-17 11:00:00,500.47,500.0,40.0,1.0,8.0,159.0,81.0,1.0
35460,2023-01-17 12:00:00,496.09,485.0,40.0,1.0,4.0,165.0,78.0,1.0
35461,2023-01-17 13:00:00,497.31,490.0,39.0,1.0,1.0,172.0,75.0,1.0
35462,2023-01-17 14:00:00,469.72,414.0,38.0,1.0,0.0,174.0,73.0,1.0
35463,2023-01-17 15:00:00,475.41,405.0,39.0,1.0,0.0,160.0,73.0,1.0
35464,2023-01-17 16:00:00,476.7,398.0,39.0,1.0,0.0,153.0,74.0,1.0
35465,2023-01-17 17:00:00,495.82,396.0,40.0,1.0,0.0,131.0,69.0,1.0
35466,2023-01-17 18:00:00,487.94,356.0,40.0,1.0,0.0,122.0,66.0,1.0
35467,2023-01-17 19:00:00,489.44,352.0,40.0,1.0,0.0,121.0,63.0,1.0
35468,2023-01-17 20:00:00,507.55,373.0,43.0,1.0,0.0,110.0,63.0,1.0
35469,2023-01-17 21:00:00,520.9,401.0,42.0,1.0,0.0,109.0,62.0,1.0
35470,2023-01-17 22:00:00,526.28,403.0,44.0,1.0,0.0,106.0,59.0,1.0
35471,2023-01-17 23:00:00,513.4,398.0,44.0,1.0,0.0,119.0,59.0,1.0
35472,2023-01-18 00:00:00,503.85,395.0,45.0,1.0,0.0,121.0,67.0,1.0
35473,2023-01-18 01:00:00,499.5,395.0,43.0,1.0,0.0,122.0,72.0,1.0
35474,2023-01-18 02:00:00,482.44,350.0,41.0,1.0,0.0,122.0,69.0,1.0
35475,2023-01-18 03:00:00,480.57,331.0,42.0,1.0,0.0,116.0,66.0,1.0
35476,2023-01-18 04:00:00,519.83,406.0,44.0,1.0,0.0,106.0,68.0,1.0
35477,2023-01-18 05:00:00,542.13,510.0,41.0,1.0,0.0,114.0,77.0,1.0
35478,2023-01-18 06:00:00,554.27,509.0,42.0,1.0,0.0,106.0,68.0,1.0
35479,2023-01-18 07:00:00,566.77,511.0,41.0,1.0,3.0,89.0,67.0,1.0
35480,2023-01-18 08:00:00,563.18,519.0,42.0,1.0,11.0,87.0,68.0,1.0
35481,2023-01-18 09:00:00,566.62,532.0,42.0,1.0,18.0,79.0,69.0,1.0
35482,2023-01-18 10:00:00,579.15,531.0,41.0,1.0,19.0,61.0,70.0,1.0
35483,2023-01-18 11:00:00,595.9,530.0,42.0,1.0,14.0,46.0,69.0,1.0
35484,2023-01-18 12:00:00,605.36,508.0,43.0,1.0,8.0,38.0,66.0,1.0
35485,2023-01-18 13:00:00,623.76,531.0,44.0,1.0,2.0,29.0,66.0,1.0
35486,2023-01-18 14:00:00,629.96,503.0,43.0,1.0,0.0,21.0,64.0,1.0
35487,2023-01-18 15:00:00,624.71,507.0,41.0,1.0,0.0,27.0,65.0,1.0
35488,2023-01-18 16:00:00,617.39,500.0,41.0,1.0,0.0,33.0,65.0,1.0
35489,2023-01-18 17:00:00,614.46,504.0,41.0,1.0,0.0,35.0,67.0,1.0
35490,2023-01-18 18:00:00,591.67,504.0,41.0,1.0,0.0,54.0,73.0,1.0
35491,2023-01-18 19:00:00,585.07,502.0,41.0,1.0,0.0,52.0,82.0,1.0
35492,2023-01-18 20:00:00,580.85,496.0,44.0,1.0,0.0,51.0,85.0,1.0
35493,2023-01-18 21:00:00,552.2,399.0,43.0,1.0,0.0,58.0,77.0,1.0
35494,2023-01-18 22:00:00,507.45,328.0,42.0,1.0,0.0,77.0,74.0,1.0
35495,2023-01-18 23:00:00,476.51,315.0,43.0,1.0,0.0,103.0,74.0,1.0
35496,2023-01-19 00:00:00,470.36,313.0,42.0,1.0,0.0,109.0,74.0,1.0
35497,2023-01-19 01:00:00,454.8,323.0,43.0,1.0,0.0,132.0,76.0,1.0
35498,2023-01-19 02:00:00,454.16,323.0,42.0,1.0,0.0,131.0,78.0,1.0
35499,2023-01-19 03:00:00,484.03,384.0,43.0,1.0,0.0,132.0,76.0,1.0
35500,2023-01-19 04:00:00,524.98,495.0,43.0,1.0,0.0,127.0,81.0,1.0
35501,2023-01-19 05:00:00,541.1,532.0,42.0,1.0,0.0,117.0,84.0,1.0
35502,2023-01-19 06:00:00,528.02,536.0,42.0,1.0,0.0,136.0,86.0,1.0
35503,2023-01-19 07:00:00,508.09,536.0,40.0,1.0,2.0,167.0,85.0,1.0
35504,2023-01-19 08:00:00,484.87,501.0,40.0,1.0,7.0,183.0,84.0,1.0
35505,2023-01-19 09:00:00,493.99,497.0,39.0,1.0,16.0,159.0,82.0,1.0
35506,2023-01-19 10:00:00,496.26,517.0,39.0,1.0,24.0,156.0,84.0,1.0
35507,2023-01-19 11:00:00,507.51,539.0,38.0,1.0,26.0,147.0,84.0,1.0
35508,2023-01-19 12:00:00,519.9,541.0,38.0,1.0,15.0,137.0,86.0,1.0
35509,2023-01-19 13:00:00,519.84,530.0,38.0,1.0,4.0,145.0,84.0,1.0
35510,2023-01-19 14:00:00,543.03,538.0,44.0,1.0,0.0,114.0,86.0,1.0
35511,2023-01-19 15:00:00,575.04,536.0,46.0,1.0,0.0,68.0,87.0,1.0
35512,2023-01-19 16:00:00,578.66,538.0,46.0,1.0,0.0,65.0,86.0,1.0
35513,2023-01-19 17:00:00,595.12,538.0,45.0,1.0,0.0,46.0,85.0,1.0
35514,2023-01-19 18:00:00,600.3,539.0,40.0,1.0,0.0,41.0,86.0,1.0
35515,2023-01-19 19:00:00,606.22,538.0,37.0,1.0,0.0,32.0,89.0,1.0
35516,2023-01-19 20:00:00,607.97,538.0,37.0,1.0,0.0,30.0,89.0,1.0
35517,2023-01-19 21:00:00,617.07,534.0,39.0,1.0,0.0,18.0,89.0,1.0
35518,2023-01-19 22:00:00,597.0,401.0,38.0,1.0,0.0,16.0,78.0,1.0
35519,2023-01-19 23:00:00,603.84,392.0,37.0,1.0,0.0,10.0,76.0,1.0
35520,2023-01-20 00:00:00,623.98,475.0,38.0,1.0,0.0,9.0,78.0,1.0
35521,2023-01-20 01:00:00,616.36,486.0,38.0,1.0,0.0,17.0,80.0,1.0
35522,2023-01-20 02:00:00,618.61,474.0,38.0,1.0,0.0,12.0,80.0,1.0
35523,2023-01-20 03:00:00,632.9,543.0,36.0,1.0,0.0,9.0,84.0,1.0
35524,2023-01-20 04:00:00,636.39,562.0,36.0,1.0,0.0,8.0,85.0,1.0
35525,2023-01-20 05:00:00,647.42,648.0,34.0,1.0,0.0,10.0,87.0,1.0
35526,2023-01-20 06:00:00,651.24,690.0,35.0,1.0,0.0,11.0,88.0,1.0
35527,2023-01-20 07:00:00,649.22,690.0,34.0,1.0,3.0,10.0,89.0,1.0
35528,2023-01-20 08:00:00,638.37,694.0,36.0,1.0,13.0,13.0,90.0,1.0
35529,2023-01-20 09:00:00,631.66,694.0,36.0,1.0,24.0,12.0,89.0,1.0
35530,2023-01-20 10:00:00,620.53,695.0,35.0,1.0,39.0,13.0,89.0,1.0
35531,2023-01-20 11:00:00,612.64,694.0,35.0,1.0,49.0,13.0,90.0,1.0
35532,2023-01-20 12:00:00,623.23,694.0,35.0,1.0,32.0,16.0,89.0,1.0
35533,2023-01-20 13:00:00,638.69,691.0,36.0,1.0,8.0,18.0,89.0,1.0
35534,2023-01-20 14:00:00,644.83,692.0,34.0,1.0,1.0,18.0,89.0,1.0
35535,2023-01-20 15:00:00,645.13,691.0,35.0,1.0,0.0,19.0,88.0,1.0
35536,2023-01-20 16:00:00,647.9,691.0,36.0,1.0,0.0,15.0,88.0,1.0
35537,2023-01-20 17:00:00,649.71,692.0,38.0,1.0,0.0,11.0,89.0,1.0
35538,2023-01-20 18:00:00,650.25,691.0,36.0,1.0,0.0,11.0,89.0,1.0
35539,2023-01-20 19:00:00,635.68,599.0,36.0,1.0,0.0,13.0,88.0,1.0
35540,2023-01-20 20:00:00,622.47,510.0,36.0,1.0,0.0,10.0,87.0,1.0
35541,2023-01-20 21:00:00,619.94,501.0,35.0,1.0,0.0,13.0,85.0,1.0
35542,2023-01-20 22:00:00,610.58,408.0,35.0,1.0,0.0,14.0,71.0,1.0
35543,2023-01-20 23:00:00,613.34,372.0,35.0,1.0,0.0,14.0,60.0,1.0
35544,2023-01-21 00:00:00,617.52,374.0,33.0,1.0,0.0,12.0,60.0,1.0
35545,2023-01-21 01:00:00,590.64,292.0,34.0,1.0,0.0,11.0,59.0,1.0
35546,2023-01-21 02:00:00,561.55,228.0,34.0,1.0,0.0,8.0,60.0,1.0
35547,2023-01-21 03:00:00,562.34,216.0,32.0,1.0,0.0,6.0,58.0,1.0
35548,2023-01-21 04:00:00,564.76,217.0,32.0,1.0,0.0,5.0,58.0,1.0
35549,2023-01-21 05:00:00,567.18,218.0,32.0,1.0,0.0,5.0,57.0,1.0
35550,2023-01-21 06:00:00,595.97,284.0,32.0,1.0,1.0,6.0,58.0,1.0
35551,2023-01-21 07:00:00,602.8,375.0,33.0,1.0,16.0,8.0,60.0,1.0
35552,2023-01-21 08:00:00,553.81,391.0,35.0,1.0,57.0,15.0,61.0,1.0
35553,2023-01-21 09:00:00,509.73,392.0,35.0,1.0,97.0,23.0,62.0,1.0
35554,2023-01-21 10:00:00,487.21,392.0,36.0,1.0,123.0,26.0,61.0,1.0
35555,2023-01-21 11:00:00,498.51,403.0,37.0,1.0,115.0,24.0,62.0,1.0
35556,2023-01-21 12:00:00,532.74,381.0,38.0,1.0,72.0,17.0,61.0,1.0
35557,2023-01-21 13:00:00,591.66,377.0,38.0,1.0,18.0,14.0,60.0,1.0
35558,2023-01-21 14:00:00,612.21,384.0,37.0,1.0,1.0,16.0,60.0,1.0
35559,2023-01-21 15:00:00,610.21,392.0,36.0,1.0,0.0,20.0,61.0,1.0
35560,2023-01-21 16:00:00,602.1,391.0,35.0,1.0,0.0,27.0,61.0,1.0
35561,2023-01-21 17:00:00,594.75,391.0,36.0,1.0,0.0,33.0,61.0,1.0
35562,2023-01-21 18:00:00,579.85,370.0,33.0,1.0,0.0,41.0,61.0,1.0
35563,2023-01-21 19:00:00,588.81,375.0,35.0,1.0,0.0,34.0,61.0,1.0
35564,2023-01-21 20:00:00,580.89,329.0,37.0,1.0,0.0,27.0,60.0,1.0
35565,2023-01-21 21:00:00,575.73,283.0,38.0,1.0,0.0,18.0,58.0,1.0
35566,2023-01-21 22:00:00,551.87,224.0,38.0,1.0,0.0,14.0,57.0,1.0
35567,2023-01-21 23:00:00,583.36,254.0,38.0,1.0,0.0,10.0,52.0,1.0
35568,2023-01-22 00:00:00,596.17,260.0,38.0,1.0,0.0,9.0,47.0,1.0
35569,2023-01-22 01:00:00,594.93,274.0,37.0,1.0,0.0,8.0,53.0,1.0
35570,2023-01-22 02:00:00,578.68,266.0,37.0,1.0,0.0,8.0,61.0,1.0
35571,2023-01-22 03:00:00,609.33,334.0,37.0,1.0,0.0,7.0,60.0,1.0
35572,2023-01-22 04:00:00,622.21,376.0,35.0,1.0,0.0,7.0,61.0,1.0
35573,2023-01-22 05:00:00,614.04,307.0,35.0,1.0,0.0,6.0,52.0,1.0
35574,2023-01-22 06:00:00,598.23,264.0,35.0,1.0,0.0,8.0,49.0,1.0
35575,2023-01-22 07:00:00,612.08,324.0,36.0,1.0,3.0,7.0,53.0,1.0
35576,2023-01-22 08:00:00,610.09,381.0,37.0,1.0,10.0,7.0,61.0,1.0
35577,2023-01-22 09:00:00,606.76,386.0,37.0,1.0,15.0,6.0,61.0,1.0
35578,2023-01-22 10:00:00,601.08,374.0,36.0,1.0,16.0,7.0,61.0,1.0
35579,2023-01-22 11:00:00,597.14,351.0,36.0,1.0,14.0,7.0,60.0,1.0
35580,2023-01-22 12:00:00,602.54,348.0,36.0,1.0,9.0,7.0,60.0,1.0
35581,2023-01-22 13:00:00,612.3,347.0,37.0,1.0,3.0,6.0,59.0,1.0
35582,2023-01-22 14:00:00,622.85,369.0,30.0,1.0,0.0,7.0,61.0,1.0
35583,2023-01-22 15:00:00,634.24,385.0,15.0,1.0,0.0,8.0,61.0,1.0
35584,2023-01-22 16:00:00,640.26,398.0,15.0,1.0,0.0,6.0,61.0,1.0
35585,2023-01-22 17:00:00,638.29,399.0,19.0,1.0,0.0,6.0,61.0,1.0
35586,2023-01-22 18:00:00,632.12,396.0,29.0,1.0,0.0,6.0,61.0,1.0
35587,2023-01-22 19:00:00,626.57,384.0,31.0,1.0,0.0,7.0,61.0,1.0
35588,2023-01-22 20:00:00,624.98,368.0,28.0,1.0,0.0,7.0,60.0,1.0
35589,2023-01-22 21:00:00,610.92,307.0,25.0,1.0,0.0,5.0,59.0,1.0
35590,2023-01-22 22:00:00,581.58,246.0,26.0,1.0,0.0,7.0,58.0,1.0
35591,2023-01-22 23:00:00,603.3,293.0,26.0,1.0,0.0,7.0,58.0,1.0
35592,2023-01-23 00:00:00,602.0,286.0,26.0,1.0,0.0,7.0,57.0,1.0
35593,2023-01-23 01:00:00,585.75,252.0,27.0,1.0,0.0,7.0,57.0,1.0
35594,2023-01-23 02:00:00,591.51,273.0,26.0,1.0,0.0,6.0,61.0,1.0
35595,2023-01-23 03:00:00,606.76,327.0,27.0,1.0,0.0,7.0,64.0,1.0
35596,2023-01-23 04:00:00,638.59,460.0,27.0,1.0,0.0,7.0,68.0,1.0
35597,2023-01-23 05:00:00,648.62,564.0,25.0,1.0,0.0,7.0,78.0,1.0
35598,2023-01-23 06:00:00,654.05,633.0,24.0,1.0,0.0,7.0,84.0,1.0
35599,2023-01-23 07:00:00,654.22,659.0,24.0,1.0,4.0,7.0,84.0,1.0
35600,2023-01-23 08:00:00,649.54,673.0,24.0,1.0,9.0,7.0,87.0,1.0
35601,2023-01-23 09:00:00,644.33,675.0,26.0,1.0,13.0,8.0,88.0,1.0
35602,2023-01-23 10:00:00,644.11,679.0,26.0,1.0,14.0,7.0,89.0,1.0
35603,2023-01-23 11:00:00,644.58,680.0,25.0,1.0,12.0,9.0,89.0,1.0
35604,2023-01-23 12:00:00,648.55,680.0,25.0,1.0,7.0,9.0,89.0,1.0
35605,2023-01-23 13:00:00,650.96,680.0,25.0,1.0,2.0,11.0,89.0,1.0
35606,2023-01-23 14:00:00,649.67,679.0,26.0,1.0,0.0,14.0,89.0,1.0
35607,2023-01-23 15:00:00,647.49,683.0,27.0,1.0,0.0,17.0,89.0,1.0
35608,2023-01-23 16:00:00,642.18,682.0,26.0,1.0,0.0,24.0,89.0,1.0
35609,2023-01-23 17:00:00,633.1,683.0,26.0,1.0,0.0,35.0,90.0,1.0
35610,2023-01-23 18:00:00,628.49,670.0,27.0,1.0,0.0,40.0,88.0,1.0
35611,2023-01-23 19:00:00,598.55,568.0,24.0,1.0,0.0,58.0,85.0,1.0
35612,2023-01-23 20:00:00,592.9,563.0,23.0,1.0,0.0,67.0,82.0,1.0
35613,2023-01-23 21:00:00,565.1,486.0,25.0,1.0,0.0,80.0,78.0,1.0
35614,2023-01-23 22:00:00,506.26,365.0,30.0,1.0,0.0,99.0,75.0,1.0
35615,2023-01-23 23:00:00,497.79,404.0,31.0,1.0,0.0,128.0,76.0,1.0
35616,2023-01-24 00:00:00,479.56,361.0,32.0,1.0,0.0,129.0,74.0,1.0
35617,2023-01-24 01:00:00,480.03,355.0,36.0,1.0,0.0,125.0,73.0,1.0
35618,2023-01-24 02:00:00,475.53,357.0,35.0,1.0,0.0,129.0,76.0,1.0
35619,2023-01-24 03:00:00,485.99,390.0,38.0,1.0,0.0,135.0,75.0,1.0
35620,2023-01-24 04:00:00,526.2,521.0,39.0,1.0,0.0,135.0,84.0,1.0
35621,2023-01-24 05:00:00,519.13,511.0,39.0,1.0,0.0,146.0,79.0,1.0
35622,2023-01-24 06:00:00,547.89,662.0,38.0,1.0,0.0,157.0,86.0,1.0
35623,2023-01-24 07:00:00,550.72,681.0,33.0,1.0,2.0,157.0,88.0,1.0
35624,2023-01-24 08:00:00,555.37,683.0,38.0,1.0,7.0,142.0,89.0,1.0
35625,2023-01-24 09:00:00,552.7,683.0,43.0,1.0,10.0,141.0,90.0,1.0
35626,2023-01-24 10:00:00,551.98,677.0,43.0,1.0,10.0,140.0,90.0,1.0
35627,2023-01-24 11:00:00,563.21,687.0,41.0,1.0,9.0,126.0,90.0,1.0
35628,2023-01-24 12:00:00,568.57,687.0,41.0,1.0,6.0,120.0,90.0,1.0
35629,2023-01-24 13:00:00,582.43,686.0,36.0,1.0,3.0,103.0,89.0,1.0
35630,2023-01-24 14:00:00,595.07,687.0,38.0,1.0,0.0,86.0,89.0,1.0
35631,2023-01-24 15:00:00,600.27,675.0,38.0,1.0,0.0,76.0,88.0,1.0
35632,2023-01-24 16:00:00,604.37,680.0,44.0,1.0,0.0,68.0,89.0,1.0
35633,2023-01-24 17:00:00,595.19,620.0,44.0,1.0,0.0,66.0,88.0,1.0
35634,2023-01-24 18:00:00,579.12,546.0,43.0,1.0,0.0,67.0,87.0,1.0
35635,2023-01-24 19:00:00,558.77,454.0,43.0,1.0,0.0,66.0,82.0,1.0
35636,2023-01-24 20:00:00,522.6,340.0,43.0,1.0,0.0,80.0,61.0,1.0
35637,2023-01-24 21:00:00,514.89,328.0,40.0,1.0,0.0,94.0,50.0,1.0
35638,2023-01-24 22:00:00,506.51,313.0,40.0,1.0,0.0,89.0,56.0,1.0
35639,2023-01-24 23:00:00,502.7,331.0,40.0,1.0,0.0,101.0,57.0,1.0
35640,2023-01-25 00:00:00,481.37,312.0,38.0,1.0,0.0,109.0,62.0,1.0
35641,2023-01-25 01:00:00,475.32,320.0,40.0,1.0,0.0,114.0,68.0,1.0
35642,2023-01-25 02:00:00,467.97,322.0,39.0,1.0,0.0,120.0,72.0,1.0
35643,2023-01-25 03:00:00,457.97,320.0,38.0,1.0,0.0,136.0,67.0,1.0
35644,2023-01-25 04:00:00,447.63,320.0,38.0,1.0,0.0,152.0,64.0,1.0
35645,2023-01-25 05:00:00,468.84,389.0,37.0,1.0,0.0,161.0,72.0,1.0
35646,2023-01-25 06:00:00,497.17,534.0,37.0,1.0,1.0,187.0,84.0,1.0
35647,2023-01-25 07:00:00,487.36,530.0,36.0,1.0,4.0,197.0,86.0,1.0
35648,2023-01-25 08:00:00,483.13,536.0,40.0,1.0,11.0,201.0,85.0,1.0
35649,2023-01-25 09:00:00,473.8,527.0,39.0,1.0,17.0,206.0,86.0,1.0
35650,2023-01-25 10:00:00,476.67,540.0,41.0,1.0,20.0,204.0,87.0,1.0
35651,2023-01-25 11:00:00,482.74,540.0,40.0,1.0,18.0,194.0,88.0,1.0
35652,2023-01-25 12:00:00,493.13,530.0,40.0,1.0,13.0,175.0,88.0,1.0
35653,2023-01-25 13:00:00,502.11,538.0,36.0,1.0,5.0,174.0,87.0,1.0
35654,2023-01-25 14:00:00,495.09,518.0,33.0,1.0,1.0,180.0,87.0,1.0
35655,2023-01-25 15:00:00,502.1,539.0,38.0,1.0,0.0,179.0,87.0,1.0
35656,2023-01-25 16:00:00,503.69,539.0,43.0,1.0,0.0,175.0,87.0,1.0
35657,2023-01-25 17:00:00,503.83,538.0,44.0,1.0,0.0,174.0,87.0,1.0
35658,2023-01-25 18:00:00,504.87,535.0,43.0,1.0,0.0,172.0,86.0,1.0
35659,2023-01-25 19:00:00,457.78,412.0,43.0,1.0,0.0,183.0,80.0,1.0
35660,2023-01-25 20:00:00,436.95,320.0,45.0,1.0,0.0,159.0,70.0,1.0
35661,2023-01-25 21:00:00,440.52,317.0,45.0,1.0,0.0,158.0,64.0,1.0
35662,2023-01-25 22:00:00,460.65,329.0,46.0,1.0,0.0,145.0,59.0,1.0
35663,2023-01-25 23:00:00,460.08,323.0,45.0,1.0,0.0,137.0,64.0,1.0
35664,2023-01-26 00:00:00,454.61,319.0,46.0,1.0,0.0,141.0,64.0,1.0
35665,2023-01-26 01:00:00,456.47,318.0,46.0,1.0,0.0,136.0,66.0,1.0
35666,2023-01-26 02:00:00,457.28,318.0,46.0,1.0,0.0,130.0,71.0,1.0
35667,2023-01-26 03:00:00,485.88,390.0,47.0,1.0,0.0,132.0,76.0,1.0
35668,2023-01-26 04:00:00,520.09,455.0,45.0,1.0,0.0,114.0,82.0,1.0
35669,2023-01-26 05:00:00,549.51,516.0,45.0,1.0,0.0,94.0,88.0,1.0
35670,2023-01-26 06:00:00,554.77,536.0,43.0,1.0,0.0,91.0,92.0,1.0
35671,2023-01-26 07:00:00,556.73,536.0,35.0,1.0,2.0,89.0,92.0,1.0
35672,2023-01-26 08:00:00,562.25,539.0,31.0,1.0,6.0,79.0,93.0,1.0
35673,2023-01-26 09:00:00,561.74,540.0,34.0,1.0,11.0,75.0,92.0,1.0
35674,2023-01-26 10:00:00,563.24,524.0,41.0,1.0,15.0,60.0,93.0,1.0
35675,2023-01-26 11:00:00,577.51,536.0,40.0,1.0,15.0,44.0,95.0,1.0
35676,2023-01-26 12:00:00,584.26,536.0,36.0,1.0,11.0,42.0,94.0,1.0
35677,2023-01-26 13:00:00,573.96,532.0,35.0,1.0,5.0,60.0,94.0,1.0
35678,2023-01-26 14:00:00,462.01,274.0,35.0,1.0,1.0,80.0,88.0,1.0
35679,2023-01-26 15:00:00,450.62,275.0,34.0,1.0,0.0,93.0,89.0,1.0
35680,2023-01-26 16:00:00,423.03,269.0,37.0,1.0,0.0,120.0,89.0,1.0
35681,2023-01-26 17:00:00,430.5,265.0,51.0,1.0,0.0,107.0,88.0,1.0
35682,2023-01-26 18:00:00,456.62,304.0,54.0,1.0,0.0,102.0,89.0,1.0
35683,2023-01-26 19:00:00,520.42,434.0,55.0,1.0,0.0,96.0,87.0,1.0
35684,2023-01-26 20:00:00,533.09,421.0,63.0,1.0,0.0,87.0,72.0,1.0
35685,2023-01-26 21:00:00,513.85,330.0,65.0,1.0,0.0,72.0,67.0,1.0
35686,2023-01-26 22:00:00,521.1,312.0,66.0,1.0,0.0,55.0,68.0,1.0
35687,2023-01-26 23:00:00,522.92,313.0,65.0,1.0,0.0,46.0,76.0,1.0
35688,2023-01-27 00:00:00,525.28,312.0,66.0,1.0,0.0,43.0,76.0,1.0
35689,2023-01-27 01:00:00,536.78,312.0,67.0,1.0,0.0,31.0,77.0,1.0
35690,2023-01-27 02:00:00,540.74,312.0,62.0,1.0,0.0,27.0,79.0,1.0
35691,2023-01-27 03:00:00,574.52,404.0,63.0,1.0,0.0,26.0,81.0,1.0
35692,2023-01-27 04:00:00,602.23,499.0,64.0,1.0,0.0,16.0,89.0,1.0
35693,2023-01-27 05:00:00,605.17,518.0,63.0,1.0,0.0,15.0,92.0,1.0
35694,2023-01-27 06:00:00,604.24,510.0,63.0,1.0,2.0,12.0,92.0,1.0
35695,2023-01-27 07:00:00,592.36,528.0,65.0,1.0,16.0,13.0,95.0,1.0
35696,2023-01-27 08:00:00,565.9,530.0,63.0,1.0,49.0,15.0,95.0,1.0
35697,2023-01-27 09:00:00,549.64,524.0,63.0,1.0,70.0,15.0,94.0,1.0
35698,2023-01-27 10:00:00,532.84,493.0,63.0,1.0,84.0,14.0,92.0,1.0
35699,2023-01-27 11:00:00,526.57,481.0,65.0,1.0,85.0,17.0,91.0,1.0
35700,2023-01-27 12:00:00,550.28,494.0,62.0,1.0,61.0,14.0,92.0,1.0
35701,2023-01-27 13:00:00,588.97,528.0,60.0,1.0,24.0,11.0,95.0,1.0
35702,2023-01-27 14:00:00,608.62,529.0,60.0,1.0,3.0,10.0,94.0,1.0
35703,2023-01-27 15:00:00,611.06,533.0,63.0,1.0,0.0,10.0,94.0,1.0
35704,2023-01-27 16:00:00,612.14,534.0,63.0,1.0,0.0,8.0,95.0,1.0
35705,2023-01-27 17:00:00,608.58,507.0,64.0,1.0,0.0,7.0,93.0,1.0
35706,2023-01-27 18:00:00,604.94,460.0,64.0,1.0,0.0,7.0,85.0,1.0
35707,2023-01-27 19:00:00,587.24,392.0,63.0,1.0,0.0,8.0,83.0,1.0
35708,2023-01-27 20:00:00,605.48,517.0,64.0,1.0,0.0,8.0,98.0,1.0
35709,2023-01-27 21:00:00,585.51,418.0,64.0,1.0,0.0,10.0,90.0,1.0
35710,2023-01-27 22:00:00,579.56,390.0,62.0,1.0,0.0,16.0,82.0,1.0
35711,2023-01-27 23:00:00,556.76,350.0,62.0,1.0,0.0,25.0,81.0,1.0
35712,2023-01-28 00:00:00,494.91,245.0,61.0,1.0,0.0,39.0,76.0,1.0
35713,2023-01-28 01:00:00,446.41,200.0,63.0,1.0,0.0,53.0,76.0,1.0
35714,2023-01-28 02:00:00,432.05,201.0,62.0,1.0,0.0,65.0,78.0,1.0
35715,2023-01-28 03:00:00,415.41,203.0,62.0,1.0,0.0,82.0,79.0,1.0
35716,2023-01-28 04:00:00,435.86,254.0,61.0,1.0,0.0,94.0,85.0,1.0
35717,2023-01-28 05:00:00,387.08,213.0,61.0,1.0,0.0,115.0,87.0,1.0
35718,2023-01-28 06:00:00,364.81,211.0,60.0,1.0,1.0,140.0,88.0,1.0
35719,2023-01-28 07:00:00,372.52,246.0,62.0,1.0,8.0,159.0,88.0,1.0
35720,2023-01-28 08:00:00,380.51,310.0,61.0,1.0,22.0,193.0,92.0,1.0
35721,2023-01-28 09:00:00,327.72,248.0,63.0,1.0,34.0,212.0,89.0,1.0
35722,2023-01-28 10:00:00,301.48,218.0,64.0,1.0,39.0,218.0,89.0,1.0
35723,2023-01-28 11:00:00,287.72,208.0,65.0,1.0,34.0,246.0,80.0,1.0
35724,2023-01-28 12:00:00,294.21,208.0,65.0,1.0,20.0,249.0,77.0,1.0
35725,2023-01-28 13:00:00,299.82,204.0,64.0,1.0,8.0,247.0,73.0,1.0
35726,2023-01-28 14:00:00,309.31,203.0,63.0,1.0,1.0,224.0,83.0,1.0
35727,2023-01-28 15:00:00,326.33,224.0,64.0,1.0,0.0,216.0,90.0,1.0
35728,2023-01-28 16:00:00,335.7,212.0,62.0,1.0,0.0,185.0,89.0,1.0
35729,2023-01-28 17:00:00,359.87,211.0,64.0,1.0,0.0,147.0,89.0,1.0
35730,2023-01-28 18:00:00,391.77,249.0,63.0,1.0,0.0,140.0,90.0,1.0
35731,2023-01-28 19:00:00,372.99,212.0,63.0,1.0,0.0,131.0,88.0,1.0
35732,2023-01-28 20:00:00,387.78,213.0,64.0,1.0,0.0,122.0,79.0,1.0
35733,2023-01-28 21:00:00,406.37,221.0,64.0,1.0,0.0,109.0,77.0,1.0
35734,2023-01-28 22:00:00,406.81,202.0,64.0,1.0,0.0,92.0,77.0,1.0
35735,2023-01-28 23:00:00,412.52,201.0,65.0,1.0,0.0,83.0,79.0,1.0
35736,2023-01-29 00:00:00,399.45,201.0,66.0,1.0,0.0,99.0,77.0,1.0
35737,2023-01-29 01:00:00,408.5,202.0,66.0,1.0,0.0,93.0,74.0,1.0
35738,2023-01-29 02:00:00,405.83,201.0,66.0,1.0,0.0,98.0,71.0,1.0
35739,2023-01-29 03:00:00,416.87,202.0,68.0,1.0,0.0,90.0,68.0,1.0
35740,2023-01-29 04:00:00,408.39,206.0,72.0,1.0,0.0,103.0,67.0,1.0
35741,2023-01-29 05:00:00,440.68,217.0,72.0,1.0,0.0,79.0,66.0,1.0
35742,2023-01-29 06:00:00,453.69,216.0,71.0,1.0,1.0,66.0,65.0,1.0
35743,2023-01-29 07:00:00,455.37,227.0,70.0,1.0,9.0,62.0,67.0,1.0
35744,2023-01-29 08:00:00,459.6,261.0,71.0,1.0,19.0,63.0,74.0,1.0
35745,2023-01-29 09:00:00,416.18,217.0,69.0,1.0,32.0,71.0,68.0,1.0
35746,2023-01-29 10:00:00,426.83,228.0,70.0,1.0,33.0,71.0,64.0,1.0
35747,2023-01-29 11:00:00,413.72,214.0,71.0,1.0,23.0,84.0,64.0,1.0
35748,2023-01-29 12:00:00,412.05,206.0,72.0,1.0,10.0,89.0,67.0,1.0
35749,2023-01-29 13:00:00,388.43,210.0,71.0,1.0,3.0,125.0,69.0,1.0
35750,2023-01-29 14:00:00,372.86,208.0,66.0,1.0,0.0,145.0,70.0,1.0
35751,2023-01-29 15:00:00,366.14,208.0,65.0,1.0,0.0,153.0,71.0,1.0
35752,2023-01-29 16:00:00,360.38,208.0,66.0,1.0,0.0,160.0,72.0,1.0
35753,2023-01-29 17:00:00,337.95,207.0,61.0,1.0,0.0,195.0,69.0,1.0
35754,2023-01-29 18:00:00,322.5,210.0,43.0,1.0,0.0,222.0,69.0,1.0
35755,2023-01-29 19:00:00,325.29,218.0,43.0,1.0,0.0,230.0,67.0,1.0
35756,2023-01-29 20:00:00,320.15,210.0,43.0,1.0,0.0,229.0,66.0,1.0
35757,2023-01-29 21:00:00,309.05,204.0,43.0,1.0,0.0,240.0,66.0,1.0
35758,2023-01-29 22:00:00,305.75,204.0,43.0,1.0,0.0,247.0,65.0,1.0
35759,2023-01-29 23:00:00,307.19,207.0,44.0,1.0,0.0,249.0,65.0,1.0
35760,2023-01-30 00:00:00,305.06,201.0,44.0,1.0,0.0,244.0,65.0,1.0
35761,2023-01-30 01:00:00,305.28,203.0,46.0,1.0,0.0,248.0,64.0,1.0
35762,2023-01-30 02:00:00,305.71,203.0,45.0,1.0,0.0,248.0,63.0,1.0
35763,2023-01-30 03:00:00,304.36,202.0,45.0,1.0,0.0,254.0,58.0,1.0
35764,2023-01-30 04:00:00,317.04,214.0,43.0,1.0,0.0,245.0,61.0,1.0
35765,2023-01-30 05:00:00,336.98,231.0,44.0,1.0,0.0,229.0,65.0,1.0
35766,2023-01-30 06:00:00,360.97,250.0,42.0,1.0,1.0,210.0,66.0,1.0
35767,2023-01-30 07:00:00,399.56,331.0,41.0,1.0,4.0,216.0,75.0,1.0
35768,2023-01-30 08:00:00,385.6,340.0,40.0,1.0,14.0,236.0,78.0,1.0
35769,2023-01-30 09:00:00,381.28,341.0,41.0,1.0,26.0,232.0,79.0,1.0
35770,2023-01-30 10:00:00,354.45,302.0,42.0,1.0,36.0,235.0,76.0,1.0
35771,2023-01-30 11:00:00,327.59,249.0,43.0,1.0,37.0,223.0,74.0,1.0
35772,2023-01-30 12:00:00,314.9,212.0,43.0,1.0,28.0,207.0,72.0,1.0
35773,2023-01-30 13:00:00,328.71,211.0,43.0,1.0,13.0,195.0,74.0,1.0
35774,2023-01-30 14:00:00,341.19,214.0,43.0,1.0,2.0,190.0,74.0,1.0
35775,2023-01-30 15:00:00,340.09,211.0,43.0,1.0,0.0,190.0,74.0,1.0
35776,2023-01-30 16:00:00,342.73,216.0,42.0,1.0,0.0,192.0,74.0,1.0
35777,2023-01-30 17:00:00,330.09,206.0,41.0,1.0,0.0,201.0,72.0,1.0
35778,2023-01-30 18:00:00,326.13,205.0,41.0,1.0,0.0,209.0,69.0,1.0
35779,2023-01-30 19:00:00,317.53,201.0,43.0,1.0,0.0,218.0,69.0,1.0
35780,2023-01-30 20:00:00,332.09,210.0,41.0,1.0,0.0,209.0,66.0,1.0
35781,2023-01-30 21:00:00,334.06,210.0,42.0,1.0,0.0,210.0,62.0,1.0
35782,2023-01-30 22:00:00,352.65,215.0,41.0,1.0,0.0,189.0,61.0,1.0
35783,2023-01-30 23:00:00,358.49,209.0,41.0,1.0,0.0,177.0,58.0,1.0
35784,2023-01-31 00:00:00,359.25,209.0,42.0,1.0,0.0,177.0,57.0,1.0
35785,2023-01-31 01:00:00,338.71,199.0,41.0,1.0,0.0,189.0,62.0,1.0
35786,2023-01-31 02:00:00,340.77,200.0,38.0,1.0,0.0,185.0,64.0,1.0
35787,2023-01-31 03:00:00,334.57,199.0,40.0,1.0,0.0,195.0,62.0,1.0
35788,2023-01-31 04:00:00,333.86,202.0,41.0,1.0,0.0,199.0,63.0,1.0
35789,2023-01-31 05:00:00,372.86,255.0,41.0,1.0,0.0,196.0,68.0,1.0
35790,2023-01-31 06:00:00,439.54,356.0,37.0,1.0,1.0,176.0,76.0,1.0
35791,2023-01-31 07:00:00,448.55,386.0,36.0,1.0,14.0,166.0,81.0,1.0
35792,2023-01-31 08:00:00,417.91,383.0,34.0,1.0,54.0,173.0,82.0,1.0
35793,2023-01-31 09:00:00,383.37,351.0,38.0,1.0,86.0,179.0,78.0,1.0
35794,2023-01-31 10:00:00,322.69,256.0,36.0,1.0,96.0,181.0,75.0,1.0
35795,2023-01-31 11:00:00,341.68,269.0,36.0,1.0,77.0,180.0,75.0,1.0
35796,2023-01-31 12:00:00,359.84,262.0,37.0,1.0,48.0,170.0,74.0,1.0
35797,2023-01-31 13:00:00,430.14,331.0,37.0,1.0,21.0,148.0,79.0,1.0
35798,2023-01-31 14:00:00,474.09,370.0,38.0,1.0,3.0,130.0,81.0,1.0
35799,2023-01-31 15:00:00,487.91,373.0,38.0,1.0,0.0,115.0,83.0,1.0
35800,2023-01-31 16:00:00,492.17,385.0,39.0,1.0,0.0,115.0,84.0,1.0
35801,2023-01-31 17:00:00,494.77,372.0,38.0,1.0,0.0,105.0,84.0,1.0
35802,2023-01-31 18:00:00,501.92,360.0,39.0,1.0,0.0,90.0,84.0,1.0
35803,2023-01-31 19:00:00,445.86,229.0,39.0,1.0,0.0,78.0,76.0,1.0
35804,2023-01-31 20:00:00,436.96,209.0,38.0,1.0,0.0,73.0,75.0,1.0
35805,2023-01-31 21:00:00,448.56,207.0,40.0,1.0,0.0,61.0,75.0,1.0
35806,2023-01-31 22:00:00,465.82,209.0,40.0,1.0,0.0,49.0,74.0,1.0
35807,2023-01-31 23:00:00,484.36,214.0,38.0,1.0,0.0,46.0,66.0,1.0
35808,2023-02-01 00:00:00,467.48,206.0,39.0,1.0,0.0,56.0,64.0,1.0
35809,2023-02-01 01:00:00,475.25,206.0,39.0,1.0,0.0,48.0,66.0,1.0
35810,2023-02-01 02:00:00,464.4,205.0,38.0,1.0,0.0,46.0,76.0,1.0
35811,2023-02-01 03:00:00,456.36,195.0,37.0,1.0,0.0,47.0,75.0,1.0
35812,2023-02-01 04:00:00,522.24,279.0,45.0,1.0,0.0,32.0,81.0,1.0
35813,2023-02-01 05:00:00,564.2,382.0,54.0,1.0,0.0,25.0,88.0,1.0
35814,2023-02-01 06:00:00,570.7,393.0,38.0,1.0,1.0,22.0,93.0,1.0
35815,2023-02-01 07:00:00,563.06,386.0,38.0,1.0,8.0,19.0,94.0,1.0
35816,2023-02-01 08:00:00,558.32,399.0,39.0,1.0,18.0,17.0,95.0,1.0
35817,2023-02-01 09:00:00,547.56,383.0,39.0,1.0,27.0,14.0,94.0,1.0
35818,2023-02-01 10:00:00,544.86,376.0,39.0,1.0,29.0,13.0,93.0,1.0
35819,2023-02-01 11:00:00,550.76,374.0,40.0,1.0,25.0,10.0,93.0,1.0
35820,2023-02-01 12:00:00,558.2,371.0,39.0,1.0,15.0,12.0,93.0,1.0
35821,2023-02-01 13:00:00,577.75,390.0,39.0,1.0,5.0,11.0,92.0,1.0
35822,2023-02-01 14:00:00,583.83,402.0,39.0,1.0,1.0,12.0,93.0,1.0
35823,2023-02-01 15:00:00,587.04,402.0,39.0,1.0,0.0,13.0,90.0,1.0
35824,2023-02-01 16:00:00,583.03,404.0,40.0,1.0,0.0,14.0,93.0,1.0
35825,2023-02-01 17:00:00,585.73,400.0,38.0,1.0,0.0,12.0,92.0,1.0
35826,2023-02-01 18:00:00,582.8,400.0,40.0,1.0,0.0,15.0,91.0,1.0
35827,2023-02-01 19:00:00,574.71,398.0,43.0,1.0,0.0,18.0,94.0,1.0
35828,2023-02-01 20:00:00,561.38,361.0,55.0,1.0,0.0,16.0,92.0,1.0
35829,2023-02-01 21:00:00,503.93,246.0,57.0,1.0,0.0,24.0,85.0,1.0
35830,2023-02-01 22:00:00,487.69,211.0,58.0,1.0,0.0,24.0,79.0,1.0
35831,2023-02-01 23:00:00,489.28,224.0,62.0,1.0,0.0,34.0,74.0,1.0
35832,2023-02-02 00:00:00,483.27,208.0,61.0,1.0,0.0,31.0,73.0,1.0
35833,2023-02-02 01:00:00,462.87,205.0,64.0,1.0,0.0,45.0,73.0,1.0
35834,2023-02-02 02:00:00,437.6,205.0,67.0,1.0,0.0,65.0,75.0,1.0
35835,2023-02-02 03:00:00,429.16,208.0,63.0,1.0,0.0,79.0,72.0,1.0
35836,2023-02-02 04:00:00,450.47,277.0,65.0,1.0,0.0,98.0,80.0,1.0
35837,2023-02-02 05:00:00,505.54,384.0,65.0,1.0,0.0,86.0,89.0,1.0
35838,2023-02-02 06:00:00,504.97,390.0,64.0,1.0,0.0,85.0,94.0,1.0
35839,2023-02-02 07:00:00,495.33,387.0,63.0,1.0,3.0,92.0,95.0,1.0
35840,2023-02-02 08:00:00,486.26,379.0,65.0,1.0,10.0,93.0,94.0,1.0
35841,2023-02-02 09:00:00,483.11,400.0,66.0,1.0,21.0,97.0,95.0,1.0
35842,2023-02-02 10:00:00,484.53,400.0,66.0,1.0,28.0,89.0,94.0,1.0
35843,2023-02-02 11:00:00,477.81,394.0,66.0,1.0,31.0,92.0,94.0,1.0
35844,2023-02-02 12:00:00,488.57,407.0,63.0,1.0,26.0,89.0,95.0,1.0
35845,2023-02-02 13:00:00,492.5,394.0,61.0,1.0,13.0,92.0,93.0,1.0
35846,2023-02-02 14:00:00,498.36,394.0,66.0,1.0,2.0,91.0,96.0,1.0
35847,2023-02-02 15:00:00,496.64,394.0,67.0,1.0,0.0,95.0,96.0,1.0
35848,2023-02-02 16:00:00,497.61,395.0,68.0,1.0,0.0,94.0,96.0,1.0
35849,2023-02-02 17:00:00,495.67,393.0,66.0,1.0,0.0,99.0,93.0,1.0
35850,2023-02-02 18:00:00,504.95,391.0,66.0,1.0,0.0,87.0,92.0,1.0
35851,2023-02-02 19:00:00,509.36,388.0,66.0,1.0,0.0,81.0,91.0,1.0
35852,2023-02-02 20:00:00,505.68,367.0,66.0,1.0,0.0,75.0,91.0,1.0
35853,2023-02-02 21:00:00,516.15,368.0,67.0,1.0,0.0,60.0,94.0,1.0
35854,2023-02-02 22:00:00,493.74,277.0,66.0,1.0,0.0,50.0,82.0,1.0
35855,2023-02-02 23:00:00,489.71,264.0,65.0,1.0,0.0,54.0,75.0,1.0
35856,2023-02-03 00:00:00,492.2,260.0,67.0,1.0,0.0,50.0,74.0,1.0
35857,2023-02-03 01:00:00,505.38,273.0,66.0,1.0,0.0,44.0,75.0,1.0
35858,2023-02-03 02:00:00,508.73,269.0,66.0,1.0,0.0,36.0,78.0,1.0
35859,2023-02-03 03:00:00,552.15,334.0,66.0,1.0,0.0,27.0,76.0,1.0
35860,2023-02-03 04:00:00,596.14,450.0,65.0,1.0,0.0,14.0,84.0,1.0
35861,2023-02-03 05:00:00,601.61,466.0,64.0,1.0,0.0,10.0,87.0,1.0
35862,2023-02-03 06:00:00,593.61,450.0,64.0,1.0,1.0,10.0,90.0,1.0
35863,2023-02-03 07:00:00,584.82,457.0,65.0,1.0,5.0,13.0,94.0,1.0
35864,2023-02-03 08:00:00,576.86,480.0,68.0,1.0,14.0,19.0,94.0,1.0
35865,2023-02-03 09:00:00,580.35,519.0,68.0,1.0,23.0,16.0,96.0,1.0
35866,2023-02-03 10:00:00,575.04,496.0,66.0,1.0,27.0,17.0,91.0,1.0
35867,2023-02-03 11:00:00,582.6,512.0,60.0,1.0,24.0,17.0,92.0,1.0
35868,2023-02-03 12:00:00,586.71,519.0,63.0,1.0,17.0,19.0,93.0,1.0
35869,2023-02-03 13:00:00,588.69,507.0,66.0,1.0,7.0,24.0,91.0,1.0
35870,2023-02-03 14:00:00,576.2,489.0,67.0,1.0,1.0,39.0,91.0,1.0
35871,2023-02-03 15:00:00,576.1,500.0,66.0,1.0,0.0,44.0,91.0,1.0
35872,2023-02-03 16:00:00,574.31,516.0,67.0,1.0,0.0,47.0,95.0,1.0
35873,2023-02-03 17:00:00,570.14,523.0,66.0,1.0,0.0,56.0,94.0,1.0
35874,2023-02-03 18:00:00,567.89,535.0,66.0,1.0,0.0,63.0,94.0,1.0
35875,2023-02-03 19:00:00,522.94,424.0,66.0,1.0,0.0,82.0,90.0,1.0
35876,2023-02-03 20:00:00,499.1,392.0,66.0,1.0,0.0,100.0,87.0,1.0
35877,2023-02-03 21:00:00,458.51,328.0,67.0,1.0,0.0,116.0,86.0,1.0
35878,2023-02-03 22:00:00,454.7,317.0,65.0,1.0,0.0,119.0,81.0,1.0
35879,2023-02-03 23:00:00,483.61,354.0,66.0,1.0,0.0,113.0,73.0,1.0
35880,2023-02-04 00:00:00,490.43,348.0,67.0,1.0,0.0,107.0,67.0,1.0
35881,2023-02-04 01:00:00,495.5,349.0,65.0,1.0,0.0,100.0,69.0,1.0
35882,2023-02-04 02:00:00,470.84,346.0,64.0,1.0,0.0,119.0,79.0,1.0
35883,2023-02-04 03:00:00,479.12,396.0,63.0,1.0,0.0,135.0,82.0,1.0
35884,2023-02-04 04:00:00,496.25,472.0,63.0,1.0,0.0,142.0,92.0,1.0
35885,2023-02-04 05:00:00,500.17,488.0,64.0,1.0,0.0,138.0,98.0,1.0
35886,2023-02-04 06:00:00,517.17,508.0,62.0,1.0,0.0,121.0,99.0,1.0
35887,2023-02-04 07:00:00,515.49,533.0,60.0,1.0,2.0,129.0,104.0,1.0
35888,2023-02-04 08:00:00,515.08,528.0,61.0,1.0,7.0,122.0,104.0,1.0
35889,2023-02-04 09:00:00,506.59,530.0,64.0,1.0,11.0,135.0,101.0,1.0
35890,2023-02-04 10:00:00,495.1,521.0,63.0,1.0,13.0,150.0,99.0,1.0
35891,2023-02-04 11:00:00,497.54,526.0,61.0,1.0,12.0,150.0,99.0,1.0
35892,2023-02-04 12:00:00,504.88,506.0,63.0,1.0,8.0,131.0,99.0,1.0
35893,2023-02-04 13:00:00,515.65,510.0,63.0,1.0,5.0,118.0,100.0,1.0
35894,2023-02-04 14:00:00,521.01,527.0,65.0,1.0,1.0,121.0,100.0,1.0
35895,2023-02-04 15:00:00,515.6,521.0,64.0,1.0,0.0,127.0,101.0,1.0
35896,2023-02-04 16:00:00,517.17,515.0,63.0,1.0,0.0,121.0,102.0,1.0
35897,2023-02-04 17:00:00,522.49,500.0,63.0,1.0,0.0,107.0,101.0,1.0
35898,2023-02-04 18:00:00,539.8,528.0,65.0,1.0,0.0,92.0,102.0,1.0
35899,2023-02-04 19:00:00,537.45,510.0,65.0,1.0,0.0,87.0,103.0,1.0
35900,2023-02-04 20:00:00,554.26,508.0,65.0,1.0,0.0,63.0,103.0,1.0
35901,2023-02-04 21:00:00,569.38,519.0,65.0,1.0,0.0,46.0,104.0,1.0
35902,2023-02-04 22:00:00,549.05,396.0,65.0,1.0,0.0,34.0,96.0,1.0
35903,2023-02-04 23:00:00,579.47,451.0,65.0,1.0,0.0,20.0,96.0,1.0
35904,2023-02-05 00:00:00,583.67,402.0,64.0,1.0,0.0,11.0,86.0,1.0
35905,2023-02-05 01:00:00,590.59,395.0,65.0,1.0,0.0,7.0,81.0,1.0
35906,2023-02-05 02:00:00,591.83,392.0,65.0,1.0,0.0,5.0,81.0,1.0
35907,2023-02-05 03:00:00,602.01,479.0,64.0,1.0,0.0,10.0,90.0,1.0
35908,2023-02-05 04:00:00,593.21,517.0,62.0,1.0,0.0,21.0,100.0,1.0
35909,2023-02-05 05:00:00,554.45,399.0,60.0,1.0,0.0,33.0,94.0,1.0
35910,2023-02-05 06:00:00,529.43,394.0,62.0,1.0,2.0,55.0,95.0,1.0
35911,2023-02-05 07:00:00,539.68,509.0,60.0,1.0,13.0,72.0,103.0,1.0
35912,2023-02-05 08:00:00,520.87,519.0,60.0,1.0,34.0,84.0,102.0,1.0
35913,2023-02-05 09:00:00,494.6,511.0,61.0,1.0,65.0,92.0,101.0,1.0
35914,2023-02-05 10:00:00,479.81,497.0,63.0,1.0,71.0,103.0,101.0,1.0
35915,2023-02-05 11:00:00,476.87,487.0,64.0,1.0,50.0,123.0,101.0,1.0
35916,2023-02-05 12:00:00,446.22,396.0,63.0,1.0,25.0,148.0,94.0,1.0
35917,2023-02-05 13:00:00,445.86,394.0,64.0,1.0,9.0,163.0,94.0,1.0
35918,2023-02-05 14:00:00,465.85,507.0,65.0,1.0,2.0,202.0,102.0,1.0
35919,2023-02-05 15:00:00,458.87,493.0,66.0,1.0,0.0,208.0,102.0,1.0
35920,2023-02-05 16:00:00,468.54,528.0,65.0,1.0,0.0,211.0,103.0,1.0
35921,2023-02-05 17:00:00,478.18,524.0,62.0,1.0,0.0,191.0,103.0,1.0
35922,2023-02-05 18:00:00,485.66,529.0,63.0,1.0,0.0,180.0,103.0,1.0
35923,2023-02-05 19:00:00,478.6,507.0,63.0,1.0,0.0,181.0,102.0,1.0
35924,2023-02-05 20:00:00,486.26,514.0,65.0,1.0,0.0,171.0,102.0,1.0
35925,2023-02-05 21:00:00,503.33,510.0,65.0,1.0,0.0,140.0,102.0,1.0
35926,2023-02-05 22:00:00,488.03,376.0,65.0,1.0,0.0,100.0,93.0,1.0
35927,2023-02-05 23:00:00,490.07,369.0,67.0,1.0,0.0,95.0,91.0,1.0
35928,2023-02-06 00:00:00,491.26,348.0,67.0,1.0,0.0,91.0,82.0,1.0
35929,2023-02-06 01:00:00,481.78,350.0,66.0,1.0,0.0,109.0,77.0,1.0
35930,2023-02-06 02:00:00,497.96,402.0,65.0,1.0,0.0,115.0,79.0,1.0
35931,2023-02-06 03:00:00,540.11,507.0,65.0,1.0,0.0,100.0,85.0,1.0
35932,2023-02-06 04:00:00,540.99,515.0,65.0,1.0,0.0,101.0,86.0,1.0
35933,2023-02-06 05:00:00,542.69,536.0,65.0,1.0,0.0,103.0,90.0,1.0
35934,2023-02-06 06:00:00,547.98,543.0,62.0,1.0,1.0,93.0,95.0,1.0
35935,2023-02-06 07:00:00,566.52,550.0,63.0,1.0,6.0,66.0,93.0,1.0
35936,2023-02-06 08:00:00,569.89,546.0,66.0,1.0,16.0,52.0,90.0,1.0
35937,2023-02-06 09:00:00,558.34,547.0,67.0,1.0,36.0,48.0,90.0,1.0
35938,2023-02-06 10:00:00,545.94,548.0,68.0,1.0,65.0,44.0,83.0,1.0
35939,2023-02-06 11:00:00,531.96,545.0,68.0,1.0,86.0,45.0,81.0,1.0
35940,2023-02-06 12:00:00,519.48,536.0,67.0,1.0,75.0,72.0,81.0,1.0
35941,2023-02-06 13:00:00,549.74,540.0,66.0,1.0,39.0,63.0,82.0,1.0
35942,2023-02-06 14:00:00,572.15,537.0,66.0,1.0,7.0,60.0,85.0,1.0
35943,2023-02-06 15:00:00,577.81,532.0,66.0,1.0,0.0,52.0,91.0,1.0
35944,2023-02-06 16:00:00,572.87,543.0,66.0,1.0,0.0,57.0,96.0,1.0
35945,2023-02-06 17:00:00,570.37,546.0,67.0,1.0,0.0,60.0,97.0,1.0
35946,2023-02-06 18:00:00,576.27,528.0,68.0,1.0,0.0,46.0,97.0,1.0
35947,2023-02-06 19:00:00,582.69,513.0,66.0,1.0,0.0,34.0,97.0,1.0
35948,2023-02-06 20:00:00,595.79,524.0,67.0,1.0,0.0,21.0,97.0,1.0
35949,2023-02-06 21:00:00,587.67,476.0,69.0,1.0,0.0,23.0,90.0,1.0
35950,2023-02-06 22:00:00,557.89,364.0,68.0,1.0,0.0,23.0,85.0,1.0
35951,2023-02-06 23:00:00,583.32,412.0,65.0,1.0,0.0,18.0,82.0,1.0
35952,2023-02-07 00:00:00,588.54,379.0,63.0,1.0,0.0,13.0,73.0,1.0
35953,2023-02-07 01:00:00,591.43,378.0,66.0,1.0,0.0,13.0,69.0,1.0
35954,2023-02-07 02:00:00,584.02,379.0,66.0,1.0,0.0,16.0,73.0,1.0
35955,2023-02-07 03:00:00,586.06,411.0,65.0,1.0,0.0,24.0,73.0,1.0
35956,2023-02-07 04:00:00,582.5,500.0,64.0,1.0,0.0,51.0,77.0,1.0
35957,2023-02-07 05:00:00,576.82,532.0,64.0,1.0,0.0,61.0,84.0,1.0
35958,2023-02-07 06:00:00,567.43,535.0,62.0,1.0,4.0,65.0,90.0,1.0
35959,2023-02-07 07:00:00,551.8,532.0,60.0,1.0,17.0,68.0,95.0,1.0
35960,2023-02-07 08:00:00,539.45,535.0,63.0,1.0,35.0,66.0,97.0,1.0
35961,2023-02-07 09:00:00,529.53,542.0,63.0,1.0,53.0,68.0,95.0,1.0
35962,2023-02-07 10:00:00,523.56,544.0,64.0,1.0,57.0,75.0,94.0,1.0
35963,2023-02-07 11:00:00,520.78,543.0,64.0,1.0,54.0,84.0,92.0,1.0
35964,2023-02-07 12:00:00,534.56,539.0,63.0,1.0,39.0,78.0,90.0,1.0
35965,2023-02-07 13:00:00,547.23,541.0,63.0,1.0,19.0,79.0,91.0,1.0
35966,2023-02-07 14:00:00,543.18,542.0,64.0,1.0,4.0,97.0,94.0,1.0
35967,2023-02-07 15:00:00,531.93,539.0,63.0,1.0,0.0,113.0,98.0,1.0
35968,2023-02-07 16:00:00,512.04,532.0,64.0,1.0,0.0,137.0,102.0,1.0
35969,2023-02-07 17:00:00,499.53,522.0,63.0,1.0,0.0,153.0,102.0,1.0
35970,2023-02-07 18:00:00,485.15,466.0,64.0,1.0,0.0,152.0,96.0,1.0
35971,2023-02-07 19:00:00,477.71,415.0,64.0,1.0,0.0,138.0,92.0,1.0
35972,2023-02-07 20:00:00,518.58,493.0,65.0,1.0,0.0,115.0,95.0,1.0
35973,2023-02-07 21:00:00,518.84,488.0,66.0,1.0,0.0,112.0,95.0,1.0
35974,2023-02-07 22:00:00,513.46,488.0,66.0,1.0,0.0,122.0,93.0,1.0
35975,2023-02-07 23:00:00,491.16,414.0,68.0,1.0,0.0,130.0,79.0,1.0
35976,2023-02-08 00:00:00,448.13,327.0,68.0,1.0,0.0,148.0,67.0,1.0
35977,2023-02-08 01:00:00,441.57,316.0,69.0,1.0,0.0,148.0,68.0,1.0
35978,2023-02-08 02:00:00,434.29,317.0,68.0,1.0,0.0,152.0,75.0,1.0
35979,2023-02-08 03:00:00,446.18,318.0,70.0,1.0,0.0,136.0,75.0,1.0
35980,2023-02-08 04:00:00,494.11,398.0,69.0,1.0,0.0,115.0,81.0,1.0
35981,2023-02-08 05:00:00,545.63,518.0,67.0,1.0,0.0,94.0,87.0,1.0
35982,2023-02-08 06:00:00,555.4,542.0,68.0,1.0,2.0,87.0,87.0,1.0
35983,2023-02-08 07:00:00,534.51,529.0,69.0,1.0,10.0,105.0,86.0,1.0
35984,2023-02-08 08:00:00,524.93,533.0,67.0,1.0,22.0,109.0,87.0,1.0
35985,2023-02-08 09:00:00,502.2,506.0,68.0,1.0,27.0,129.0,85.0,1.0
35986,2023-02-08 10:00:00,500.11,512.0,70.0,1.0,29.0,132.0,86.0,1.0
35987,2023-02-08 11:00:00,514.59,508.0,69.0,1.0,23.0,115.0,84.0,1.0
35988,2023-02-08 12:00:00,530.65,528.0,67.0,1.0,15.0,105.0,87.0,1.0
35989,2023-02-08 13:00:00,535.63,533.0,69.0,1.0,7.0,107.0,87.0,1.0
35990,2023-02-08 14:00:00,533.55,539.0,68.0,1.0,1.0,119.0,87.0,1.0
35991,2023-02-08 15:00:00,513.91,524.0,68.0,1.0,0.0,145.0,86.0,1.0
35992,2023-02-08 16:00:00,512.18,538.0,70.0,1.0,0.0,153.0,87.0,1.0
35993,2023-02-08 17:00:00,512.0,515.0,67.0,1.0,0.0,148.0,82.0,1.0
35994,2023-02-08 18:00:00,493.27,456.0,67.0,1.0,0.0,155.0,74.0,1.0
35995,2023-02-08 19:00:00,443.32,352.0,65.0,1.0,0.0,173.0,67.0,1.0
35996,2023-02-08 20:00:00,395.53,281.0,68.0,1.0,0.0,194.0,60.0,1.0
35997,2023-02-08 21:00:00,390.23,284.0,69.0,1.0,0.0,205.0,60.0,1.0
35998,2023-02-08 22:00:00,377.36,272.0,68.0,1.0,0.0,214.0,60.0,1.0
35999,2023-02-08 23:00:00,344.44,229.0,68.0,1.0,0.0,230.0,51.0,1.0
36000,2023-02-09 00:00:00,345.36,226.0,70.0,1.0,0.0,231.0,45.0,1.0
36001,2023-02-09 01:00:00,341.01,225.0,69.0,1.0,0.0,247.0,35.0,1.0
36002,2023-02-09 02:00:00,331.9,222.0,69.0,1.0,0.0,258.0,36.0,1.0
36003,2023-02-09 03:00:00,334.12,222.0,68.0,1.0,0.0,256.0,34.0,1.0
36004,2023-02-09 04:00:00,333.92,228.0,68.0,1.0,0.0,263.0,35.0,1.0
36005,2023-02-09 05:00:00,364.96,285.0,68.0,1.0,1.0,267.0,41.0,1.0
36006,2023-02-09 06:00:00,396.19,355.0,67.0,1.0,8.0,271.0,42.0,1.0
36007,2023-02-09 07:00:00,367.45,336.0,69.0,1.0,38.0,271.0,50.0,1.0
36008,2023-02-09 08:00:00,290.87,244.0,68.0,1.0,85.0,272.0,55.0,1.0
36009,2023-02-09 09:00:00,261.62,225.0,68.0,1.0,128.0,275.0,54.0,1.0
36010,2023-02-09 10:00:00,256.31,225.0,69.0,1.0,138.0,280.0,55.0,1.0
36011,2023-02-09 11:00:00,271.12,225.0,69.0,1.0,103.0,274.0,54.0,1.0
36012,2023-02-09 12:00:00,288.47,225.0,68.0,1.0,64.0,269.0,54.0,1.0
36013,2023-02-09 13:00:00,304.44,225.0,67.0,1.0,32.0,265.0,54.0,1.0
36014,2023-02-09 14:00:00,313.8,226.0,66.0,1.0,6.0,272.0,55.0,1.0
36015,2023-02-09 15:00:00,321.53,234.0,67.0,1.0,1.0,272.0,56.0,1.0
36016,2023-02-09 16:00:00,320.45,231.0,67.0,1.0,0.0,272.0,55.0,1.0
36017,2023-02-09 17:00:00,329.99,245.0,66.0,1.0,0.0,271.0,56.0,1.0
36018,2023-02-09 18:00:00,317.43,226.0,67.0,1.0,0.0,273.0,53.0,1.0
36019,2023-02-09 19:00:00,321.8,224.0,68.0,1.0,0.0,262.0,53.0,1.0
36020,2023-02-09 20:00:00,329.81,227.0,67.0,1.0,0.0,255.0,49.0,1.0
36021,2023-02-09 21:00:00,322.29,227.0,67.0,1.0,0.0,265.0,53.0,1.0
36022,2023-02-09 22:00:00,320.55,223.0,68.0,1.0,0.0,261.0,55.0,1.0
36023,2023-02-09 23:00:00,321.84,227.0,68.0,1.0,0.0,267.0,52.0,1.0
36024,2023-02-10 00:00:00,319.06,219.0,66.0,1.0,0.0,265.0,48.0,1.0
36025,2023-02-10 01:00:00,318.08,219.0,67.0,1.0,0.0,267.0,48.0,1.0
36026,2023-02-10 02:00:00,324.46,224.0,68.0,1.0,0.0,262.0,48.0,1.0
36027,2023-02-10 03:00:00,327.89,225.0,68.0,1.0,0.0,260.0,45.0,1.0
36028,2023-02-10 04:00:00,325.0,224.0,68.0,1.0,0.0,263.0,46.0,1.0
36029,2023-02-10 05:00:00,335.3,238.0,66.0,1.0,0.0,261.0,47.0,1.0
36030,2023-02-10 06:00:00,356.56,273.0,66.0,1.0,4.0,255.0,52.0,1.0
36031,2023-02-10 07:00:00,377.3,333.0,67.0,1.0,26.0,254.0,56.0,1.0
36032,2023-02-10 08:00:00,302.85,236.0,67.0,1.0,62.0,256.0,53.0,1.0
36033,2023-02-10 09:00:00,282.64,221.0,67.0,1.0,79.0,262.0,53.0,1.0
36034,2023-02-10 10:00:00,276.67,220.0,67.0,1.0,83.0,271.0,53.0,1.0
36035,2023-02-10 11:00:00,265.61,220.0,67.0,1.0,107.0,275.0,54.0,1.0
36036,2023-02-10 12:00:00,281.23,246.0,67.0,1.0,110.0,275.0,55.0,1.0
36037,2023-02-10 13:00:00,295.96,240.0,67.0,1.0,67.0,272.0,54.0,1.0
36038,2023-02-10 14:00:00,311.51,226.0,68.0,1.0,15.0,269.0,54.0,1.0
36039,2023-02-10 15:00:00,326.64,239.0,69.0,1.0,1.0,270.0,55.0,1.0
36040,2023-02-10 16:00:00,337.47,237.0,68.0,1.0,0.0,248.0,55.0,1.0
36041,2023-02-10 17:00:00,343.47,217.0,67.0,1.0,0.0,213.0,55.0,1.0
36042,2023-02-10 18:00:00,395.48,258.0,66.0,1.0,0.0,176.0,57.0,1.0
36043,2023-02-10 19:00:00,387.68,214.0,66.0,1.0,0.0,146.0,56.0,1.0
36044,2023-02-10 20:00:00,398.32,214.0,67.0,1.0,0.0,137.0,52.0,1.0
36045,2023-02-10 21:00:00,428.74,225.0,67.0,1.0,0.0,109.0,55.0,1.0
36046,2023-02-10 22:00:00,403.73,219.0,68.0,1.0,0.0,128.0,59.0,1.0
36047,2023-02-10 23:00:00,404.92,232.0,68.0,1.0,0.0,138.0,59.0,1.0
36048,2023-02-11 00:00:00,421.85,247.0,68.0,1.0,0.0,133.0,56.0,1.0
36049,2023-02-11 01:00:00,409.07,252.0,69.0,1.0,0.0,159.0,50.0,1.0
36050,2023-02-11 02:00:00,340.15,159.0,69.0,1.0,0.0,155.0,47.0,1.0
36051,2023-02-11 03:00:00,298.95,104.0,66.0,1.0,0.0,123.0,53.0,1.0
36052,2023-02-11 04:00:00,339.04,108.0,68.0,1.0,0.0,88.0,52.0,1.0
36053,2023-02-11 05:00:00,332.5,111.0,67.0,1.0,0.0,100.0,50.0,1.0
36054,2023-02-11 06:00:00,337.78,112.0,66.0,1.0,1.0,98.0,47.0,1.0
36055,2023-02-11 07:00:00,318.68,118.0,67.0,1.0,5.0,123.0,46.0,1.0
36056,2023-02-11 08:00:00,291.24,129.0,68.0,1.0,16.0,156.0,54.0,1.0
36057,2023-02-11 09:00:00,262.9,129.0,66.0,1.0,34.0,182.0,55.0,1.0
36058,2023-02-11 10:00:00,257.16,129.0,65.0,1.0,47.0,179.0,55.0,1.0
36059,2023-02-11 11:00:00,243.34,112.0,65.0,1.0,57.0,168.0,47.0,1.0
36060,2023-02-11 12:00:00,262.58,121.0,65.0,1.0,61.0,151.0,44.0,1.0
36061,2023-02-11 13:00:00,288.08,132.0,66.0,1.0,45.0,142.0,48.0,1.0
36062,2023-02-11 14:00:00,286.69,118.0,66.0,1.0,14.0,146.0,54.0,1.0
36063,2023-02-11 15:00:00,290.17,114.0,67.0,1.0,1.0,148.0,54.0,1.0
36064,2023-02-11 16:00:00,282.06,110.0,66.0,1.0,0.0,150.0,57.0,1.0
36065,2023-02-11 17:00:00,360.96,196.0,69.0,1.0,0.0,154.0,64.0,1.0
36066,2023-02-11 18:00:00,364.13,199.0,67.0,1.0,0.0,150.0,67.0,1.0
36067,2023-02-11 19:00:00,313.39,146.0,67.0,1.0,0.0,154.0,66.0,1.0
36068,2023-02-11 20:00:00,307.26,126.0,66.0,1.0,0.0,136.0,63.0,1.0
36069,2023-02-11 21:00:00,332.96,113.0,66.0,1.0,0.0,90.0,62.0,1.0
36070,2023-02-11 22:00:00,375.28,135.0,66.0,1.0,0.0,71.0,66.0,1.0
36071,2023-02-11 23:00:00,425.04,179.0,65.0,1.0,0.0,65.0,67.0,1.0
36072,2023-02-12 00:00:00,433.64,177.0,65.0,1.0,0.0,59.0,64.0,1.0
36073,2023-02-12 01:00:00,354.4,108.0,63.0,1.0,0.0,70.0,56.0,1.0
36074,2023-02-12 02:00:00,371.07,117.0,63.0,1.0,0.0,66.0,56.0,1.0
36075,2023-02-12 03:00:00,374.03,130.0,64.0,1.0,0.0,71.0,62.0,1.0
36076,2023-02-12 04:00:00,409.61,182.0,63.0,1.0,0.0,82.0,67.0,1.0
36077,2023-02-12 05:00:00,375.13,166.0,62.0,1.0,1.0,101.0,67.0,1.0
36078,2023-02-12 06:00:00,399.66,222.0,62.0,1.0,17.0,113.0,65.0,1.0
36079,2023-02-12 07:00:00,401.39,248.0,64.0,1.0,52.0,105.0,59.0,1.0
36080,2023-02-12 08:00:00,382.57,243.0,68.0,1.0,60.0,121.0,56.0,1.0
36081,2023-02-12 09:00:00,369.57,219.0,72.0,1.0,55.0,120.0,56.0,1.0
36082,2023-02-12 10:00:00,326.33,166.0,72.0,1.0,52.0,123.0,55.0,1.0
36083,2023-02-12 11:00:00,294.65,134.0,72.0,1.0,44.0,131.0,55.0,1.0
36084,2023-02-12 12:00:00,319.34,155.0,65.0,1.0,30.0,139.0,55.0,1.0
36085,2023-02-12 13:00:00,344.99,185.0,66.0,1.0,16.0,156.0,55.0,1.0
36086,2023-02-12 14:00:00,325.26,149.0,66.0,1.0,4.0,150.0,54.0,1.0
36087,2023-02-12 15:00:00,368.65,198.0,69.0,1.0,0.0,154.0,56.0,1.0
36088,2023-02-12 16:00:00,390.23,247.0,68.0,1.0,0.0,169.0,61.0,1.0
36089,2023-02-12 17:00:00,385.58,233.0,68.0,1.0,0.0,158.0,65.0,1.0
36090,2023-02-12 18:00:00,346.37,189.0,68.0,1.0,0.0,162.0,68.0,1.0
36091,2023-02-12 19:00:00,363.6,202.0,68.0,1.0,0.0,154.0,67.0,1.0
36092,2023-02-12 20:00:00,368.84,202.0,68.0,1.0,0.0,159.0,55.0,1.0
36093,2023-02-12 21:00:00,301.93,116.0,67.0,1.0,0.0,145.0,46.0,1.0
36094,2023-02-12 22:00:00,297.75,111.0,69.0,1.0,0.0,140.0,49.0,1.0
36095,2023-02-12 23:00:00,300.61,112.0,69.0,1.0,0.0,135.0,52.0,1.0
36096,2023-02-13 00:00:00,301.61,121.0,67.0,1.0,0.0,147.0,52.0,1.0
36097,2023-02-13 01:00:00,325.88,139.0,67.0,1.0,0.0,138.0,56.0,1.0
36098,2023-02-13 02:00:00,338.73,165.0,66.0,1.0,0.0,147.0,64.0,1.0
36099,2023-02-13 03:00:00,421.34,266.0,67.0,1.0,0.0,140.0,65.0,1.0
36100,2023-02-13 04:00:00,455.94,334.0,69.0,1.0,0.0,141.0,68.0,1.0
36101,2023-02-13 05:00:00,473.32,396.0,69.0,1.0,1.0,155.0,68.0,1.0
36102,2023-02-13 06:00:00,472.51,420.0,68.0,1.0,10.0,161.0,69.0,1.0
36103,2023-02-13 07:00:00,454.17,441.0,66.0,1.0,45.0,169.0,70.0,1.0
36104,2023-02-13 08:00:00,404.77,489.0,65.0,1.0,141.0,212.0,70.0,1.0
36105,2023-02-13 09:00:00,377.7,482.0,68.0,1.0,201.0,215.0,70.0,1.0
36106,2023-02-13 10:00:00,338.23,392.0,69.0,1.0,196.0,231.0,68.0,1.0
36107,2023-02-13 11:00:00,349.93,398.0,69.0,1.0,165.0,238.0,67.0,1.0
36108,2023-02-13 12:00:00,349.01,339.0,69.0,1.0,95.0,241.0,67.0,1.0
36109,2023-02-13 13:00:00,379.88,359.0,67.0,1.0,36.0,254.0,67.0,1.0
36110,2023-02-13 14:00:00,411.2,394.0,66.0,1.0,9.0,250.0,68.0,1.0
36111,2023-02-13 15:00:00,432.71,430.0,66.0,1.0,1.0,245.0,69.0,1.0
36112,2023-02-13 16:00:00,447.98,443.0,68.0,1.0,0.0,227.0,69.0,1.0
36113,2023-02-13 17:00:00,448.2,445.0,68.0,1.0,0.0,227.0,70.0,1.0
36114,2023-02-13 18:00:00,448.36,444.0,68.0,1.0,0.0,226.0,70.0,1.0
36115,2023-02-13 19:00:00,408.71,333.0,70.0,1.0,0.0,211.0,68.0,1.0
36116,2023-02-13 20:00:00,395.76,300.0,70.0,1.0,0.0,211.0,60.0,1.0
36117,2023-02-13 21:00:00,394.52,302.0,68.0,1.0,0.0,216.0,59.0,1.0
36118,2023-02-13 22:00:00,410.42,334.0,70.0,1.0,0.0,214.0,63.0,1.0
36119,2023-02-13 23:00:00,410.24,336.0,70.0,1.0,0.0,214.0,65.0,1.0
36120,2023-02-14 00:00:00,422.24,349.0,69.0,1.0,0.0,207.0,63.0,1.0
36121,2023-02-14 01:00:00,437.39,369.0,68.0,1.0,0.0,200.0,61.0,1.0
36122,2023-02-14 02:00:00,437.98,373.0,68.0,1.0,0.0,194.0,69.0,1.0
36123,2023-02-14 03:00:00,481.39,464.0,68.0,1.0,0.0,182.0,70.0,1.0
36124,2023-02-14 04:00:00,519.18,555.0,68.0,1.0,0.0,165.0,72.0,1.0
36125,2023-02-14 05:00:00,541.26,623.0,69.0,1.0,2.0,154.0,73.0,1.0
36126,2023-02-14 06:00:00,550.64,688.0,69.0,1.0,30.0,133.0,75.0,1.0
36127,2023-02-14 07:00:00,521.38,685.0,71.0,1.0,118.0,100.0,74.0,1.0
36128,2023-02-14 08:00:00,479.2,660.0,70.0,1.0,229.0,67.0,74.0,1.0
36129,2023-02-14 09:00:00,400.09,489.0,71.0,1.0,312.0,51.0,71.0,1.0
36130,2023-02-14 10:00:00,404.49,515.0,71.0,1.0,334.0,42.0,70.0,1.0
36131,2023-02-14 11:00:00,410.99,520.0,70.0,1.0,317.0,46.0,71.0,1.0
36132,2023-02-14 12:00:00,446.02,518.0,70.0,1.0,243.0,38.0,71.0,1.0
36133,2023-02-14 13:00:00,539.66,582.0,69.0,1.0,120.0,23.0,72.0,1.0
36134,2023-02-14 14:00:00,619.06,601.0,69.0,1.0,22.0,13.0,73.0,1.0
36135,2023-02-14 15:00:00,632.46,559.0,69.0,1.0,1.0,11.0,71.0,1.0
36136,2023-02-14 16:00:00,646.7,691.0,70.0,1.0,0.0,15.0,75.0,1.0
36137,2023-02-14 17:00:00,646.46,712.0,70.0,1.0,0.0,19.0,75.0,1.0
36138,2023-02-14 18:00:00,628.51,636.0,68.0,1.0,0.0,30.0,74.0,1.0
36139,2023-02-14 19:00:00,611.43,542.0,70.0,1.0,0.0,31.0,72.0,1.0
36140,2023-02-14 20:00:00,615.42,572.0,71.0,1.0,0.0,30.0,75.0,1.0
36141,2023-02-14 21:00:00,596.1,499.0,69.0,1.0,0.0,31.0,79.0,1.0
36142,2023-02-14 22:00:00,592.7,483.0,70.0,1.0,0.0,29.0,80.0,1.0
36143,2023-02-14 23:00:00,573.42,401.0,69.0,1.0,0.0,30.0,75.0,1.0
36144,2023-02-15 00:00:00,574.27,382.0,69.0,1.0,0.0,29.0,69.0,1.0
36145,2023-02-15 01:00:00,584.29,398.0,70.0,1.0,0.0,26.0,67.0,1.0
36146,2023-02-15 02:00:00,569.43,381.0,70.0,1.0,0.0,33.0,69.0,1.0
36147,2023-02-15 03:00:00,578.07,455.0,70.0,1.0,0.0,47.0,70.0,1.0
36148,2023-02-15 04:00:00,596.54,525.0,68.0,1.0,0.0,46.0,71.0,1.0
36149,2023-02-15 05:00:00,603.83,549.0,67.0,1.0,1.0,41.0,73.0,1.0
36150,2023-02-15 06:00:00,602.34,565.0,67.0,1.0,20.0,28.0,73.0,1.0
36151,2023-02-15 07:00:00,560.66,575.0,69.0,1.0,80.0,27.0,73.0,1.0
36152,2023-02-15 08:00:00,517.03,572.0,70.0,1.0,147.0,28.0,73.0,1.0
36153,2023-02-15 09:00:00,478.62,526.0,68.0,1.0,187.0,34.0,72.0,1.0
36154,2023-02-15 10:00:00,463.13,474.0,70.0,1.0,188.0,30.0,71.0,1.0
36155,2023-02-15 11:00:00,490.47,505.0,72.0,1.0,155.0,32.0,72.0,1.0
36156,2023-02-15 12:00:00,525.37,502.0,72.0,1.0,102.0,28.0,72.0,1.0
36157,2023-02-15 13:00:00,571.38,512.0,71.0,1.0,45.0,28.0,70.0,1.0
36158,2023-02-15 14:00:00,611.13,552.0,72.0,1.0,7.0,28.0,70.0,1.0
36159,2023-02-15 15:00:00,617.65,556.0,70.0,1.0,0.0,30.0,69.0,1.0
36160,2023-02-15 16:00:00,617.88,578.0,67.0,1.0,0.0,35.0,70.0,1.0
36161,2023-02-15 17:00:00,613.19,564.0,68.0,1.0,0.0,34.0,73.0,1.0
36162,2023-02-15 18:00:00,616.74,566.0,66.0,1.0,0.0,31.0,73.0,1.0
36163,2023-02-15 19:00:00,587.64,487.0,67.0,1.0,0.0,46.0,71.0,1.0
36164,2023-02-15 20:00:00,575.66,433.0,69.0,1.0,0.0,43.0,70.0,1.0
36165,2023-02-15 21:00:00,534.85,329.0,70.0,1.0,0.0,48.0,68.0,1.0
36166,2023-02-15 22:00:00,540.03,351.0,70.0,1.0,0.0,52.0,68.0,1.0
36167,2023-02-15 23:00:00,572.9,430.0,69.0,1.0,0.0,56.0,59.0,1.0
36168,2023-02-16 00:00:00,549.51,372.0,69.0,1.0,0.0,65.0,54.0,1.0
36169,2023-02-16 01:00:00,525.16,324.0,71.0,1.0,0.0,69.0,54.0,1.0
36170,2023-02-16 02:00:00,532.36,332.0,69.0,1.0,0.0,63.0,57.0,1.0
36171,2023-02-16 03:00:00,546.15,370.0,68.0,1.0,0.0,67.0,55.0,1.0
36172,2023-02-16 04:00:00,553.56,417.0,68.0,1.0,0.0,72.0,60.0,1.0
36173,2023-02-16 05:00:00,550.31,424.0,69.0,1.0,0.0,69.0,69.0,1.0
36174,2023-02-16 06:00:00,552.81,445.0,66.0,1.0,3.0,72.0,69.0,1.0
36175,2023-02-16 07:00:00,547.86,440.0,66.0,1.0,11.0,69.0,68.0,1.0
36176,2023-02-16 08:00:00,535.75,418.0,68.0,1.0,20.0,71.0,62.0,1.0
36177,2023-02-16 09:00:00,526.05,404.0,70.0,1.0,28.0,78.0,52.0,1.0
36178,2023-02-16 10:00:00,527.7,401.0,69.0,1.0,32.0,80.0,43.0,1.0
36179,2023-02-16 11:00:00,520.13,402.0,71.0,1.0,30.0,77.0,57.0,1.0
36180,2023-02-16 12:00:00,527.15,407.0,70.0,1.0,23.0,78.0,57.0,1.0
36181,2023-02-16 13:00:00,521.32,403.0,71.0,1.0,14.0,90.0,59.0,1.0
36182,2023-02-16 14:00:00,518.59,393.0,70.0,1.0,4.0,99.0,59.0,1.0
36183,2023-02-16 15:00:00,516.14,384.0,69.0,1.0,0.0,102.0,59.0,1.0
36184,2023-02-16 16:00:00,521.88,396.0,68.0,1.0,0.0,101.0,59.0,1.0
36185,2023-02-16 17:00:00,511.49,376.0,68.0,1.0,0.0,99.0,64.0,1.0
36186,2023-02-16 18:00:00,515.6,373.0,67.0,1.0,0.0,91.0,66.0,1.0
36187,2023-02-16 19:00:00,545.36,429.0,65.0,1.0,0.0,78.0,69.0,1.0
36188,2023-02-16 20:00:00,558.45,444.0,66.0,1.0,0.0,70.0,67.0,1.0
36189,2023-02-16 21:00:00,549.38,383.0,67.0,1.0,0.0,57.0,67.0,1.0
36190,2023-02-16 22:00:00,529.35,313.0,68.0,1.0,0.0,50.0,65.0,1.0
36191,2023-02-16 23:00:00,540.61,309.0,68.0,1.0,0.0,49.0,54.0,1.0
36192,2023-02-17 00:00:00,544.09,321.0,67.0,1.0,0.0,53.0,52.0,1.0
36193,2023-02-17 01:00:00,536.53,317.0,68.0,1.0,0.0,53.0,57.0,1.0
36194,2023-02-17 02:00:00,512.48,290.0,69.0,1.0,0.0,56.0,64.0,1.0
36195,2023-02-17 03:00:00,551.02,384.0,66.0,1.0,0.0,59.0,64.0,1.0
36196,2023-02-17 04:00:00,563.28,438.0,67.0,1.0,0.0,63.0,66.0,1.0
36197,2023-02-17 05:00:00,552.88,439.0,68.0,1.0,0.0,72.0,69.0,1.0
36198,2023-02-17 06:00:00,547.19,444.0,64.0,1.0,2.0,80.0,69.0,1.0
36199,2023-02-17 07:00:00,545.02,444.0,66.0,1.0,8.0,77.0,68.0,1.0
36200,2023-02-17 08:00:00,538.44,451.0,66.0,1.0,14.0,82.0,68.0,1.0
36201,2023-02-17 09:00:00,536.13,448.0,65.0,1.0,22.0,89.0,55.0,1.0
36202,2023-02-17 10:00:00,512.63,448.0,55.0,1.0,30.0,104.0,66.0,1.0
36203,2023-02-17 11:00:00,501.74,432.0,40.0,1.0,29.0,114.0,68.0,1.0
36204,2023-02-17 12:00:00,509.22,431.0,38.0,1.0,22.0,111.0,68.0,1.0
36205,2023-02-17 13:00:00,499.56,432.0,40.0,1.0,14.0,131.0,69.0,1.0
36206,2023-02-17 14:00:00,496.99,447.0,38.0,1.0,4.0,153.0,69.0,1.0
36207,2023-02-17 15:00:00,470.02,431.0,57.0,1.0,0.0,184.0,69.0,1.0
36208,2023-02-17 16:00:00,463.49,439.0,50.0,1.0,0.0,201.0,69.0,1.0
36209,2023-02-17 17:00:00,447.05,398.0,40.0,1.0,0.0,212.0,59.0,1.0
36210,2023-02-17 18:00:00,436.64,372.0,38.0,1.0,0.0,213.0,56.0,1.0
36211,2023-02-17 19:00:00,413.96,313.0,38.0,1.0,0.0,207.0,50.0,1.0
36212,2023-02-17 20:00:00,383.52,283.0,37.0,1.0,0.0,227.0,49.0,1.0
36213,2023-02-17 21:00:00,356.92,248.0,36.0,1.0,0.0,225.0,56.0,1.0
36214,2023-02-17 22:00:00,320.59,201.0,37.0,1.0,0.0,223.0,58.0,1.0
36215,2023-02-17 23:00:00,320.94,203.0,36.0,1.0,0.0,224.0,59.0,1.0
36216,2023-02-18 00:00:00,316.23,201.0,36.0,1.0,0.0,226.0,62.0,1.0
36217,2023-02-18 01:00:00,326.35,202.0,36.0,1.0,0.0,208.0,65.0,1.0
36218,2023-02-18 02:00:00,364.55,223.0,35.0,1.0,0.0,177.0,65.0,1.0
36219,2023-02-18 03:00:00,383.63,223.0,36.0,1.0,0.0,153.0,64.0,1.0
36220,2023-02-18 04:00:00,396.38,208.0,34.0,1.0,0.0,129.0,59.0,1.0
36221,2023-02-18 05:00:00,405.77,208.0,34.0,1.0,1.0,120.0,57.0,1.0
36222,2023-02-18 06:00:00,410.74,214.0,34.0,1.0,6.0,111.0,61.0,1.0
36223,2023-02-18 07:00:00,394.6,214.0,42.0,1.0,20.0,108.0,67.0,1.0
36224,2023-02-18 08:00:00,371.5,211.0,51.0,1.0,38.0,108.0,74.0,1.0
36225,2023-02-18 09:00:00,366.15,209.0,59.0,1.0,51.0,101.0,73.0,1.0
36226,2023-02-18 10:00:00,364.68,208.0,65.0,1.0,54.0,99.0,73.0,1.0
36227,2023-02-18 11:00:00,377.55,208.0,61.0,1.0,48.0,88.0,73.0,1.0
36228,2023-02-18 12:00:00,389.61,210.0,62.0,1.0,36.0,87.0,73.0,1.0
36229,2023-02-18 13:00:00,393.0,210.0,61.0,1.0,21.0,98.0,73.0,1.0
36230,2023-02-18 14:00:00,407.42,214.0,61.0,1.0,7.0,99.0,73.0,1.0
36231,2023-02-18 15:00:00,400.31,215.0,61.0,1.0,1.0,114.0,73.0,1.0
36232,2023-02-18 16:00:00,399.46,234.0,63.0,1.0,0.0,132.0,74.0,1.0
36233,2023-02-18 17:00:00,395.4,250.0,62.0,1.0,0.0,152.0,74.0,1.0
36234,2023-02-18 18:00:00,389.08,245.0,62.0,1.0,0.0,156.0,74.0,1.0
36235,2023-02-18 19:00:00,375.52,225.0,61.0,1.0,0.0,156.0,73.0,1.0
36236,2023-02-18 20:00:00,370.79,213.0,63.0,1.0,0.0,150.0,73.0,1.0
36237,2023-02-18 21:00:00,387.39,228.0,62.0,1.0,0.0,142.0,74.0,1.0
36238,2023-02-18 22:00:00,393.18,248.0,65.0,1.0,0.0,153.0,74.0,1.0
36239,2023-02-18 23:00:00,377.54,211.0,64.0,1.0,0.0,150.0,62.0,1.0
36240,2023-02-19 00:00:00,379.89,220.0,63.0,1.0,0.0,158.0,60.0,1.0
36241,2023-02-19 01:00:00,365.37,220.0,64.0,1.0,0.0,177.0,61.0,1.0
36242,2023-02-19 02:00:00,351.78,206.0,64.0,1.0,0.0,179.0,63.0,1.0
36243,2023-02-19 03:00:00,356.37,211.0,63.0,1.0,0.0,180.0,61.0,1.0
36244,2023-02-19 04:00:00,357.22,213.0,62.0,1.0,0.0,181.0,61.0,1.0
36245,2023-02-19 05:00:00,356.97,210.0,63.0,1.0,0.0,175.0,64.0,1.0
36246,2023-02-19 06:00:00,358.07,215.0,62.0,1.0,1.0,178.0,64.0,1.0
36247,2023-02-19 07:00:00,353.74,212.0,63.0,1.0,5.0,174.0,67.0,1.0
36248,2023-02-19 08:00:00,348.95,211.0,63.0,1.0,10.0,169.0,73.0,1.0
36249,2023-02-19 09:00:00,350.76,215.0,64.0,1.0,16.0,164.0,74.0,1.0
36250,2023-02-19 10:00:00,342.27,210.0,62.0,1.0,22.0,167.0,72.0,1.0
36251,2023-02-19 11:00:00,346.24,210.0,64.0,1.0,26.0,156.0,73.0,1.0
36252,2023-02-19 12:00:00,360.86,215.0,63.0,1.0,21.0,146.0,72.0,1.0
36253,2023-02-19 13:00:00,382.17,223.0,62.0,1.0,12.0,134.0,72.0,1.0
36254,2023-02-19 14:00:00,395.35,213.0,61.0,1.0,3.0,115.0,74.0,1.0
36255,2023-02-19 15:00:00,436.43,283.0,60.0,1.0,0.0,122.0,78.0,1.0
36256,2023-02-19 16:00:00,483.12,398.0,61.0,1.0,0.0,128.0,85.0,1.0
36257,2023-02-19 17:00:00,461.92,386.0,62.0,1.0,0.0,148.0,88.0,1.0
36258,2023-02-19 18:00:00,423.48,285.0,62.0,1.0,0.0,138.0,80.0,1.0
36259,2023-02-19 19:00:00,401.07,244.0,62.0,1.0,0.0,135.0,78.0,1.0
36260,2023-02-19 20:00:00,418.58,239.0,63.0,1.0,0.0,111.0,76.0,1.0
36261,2023-02-19 21:00:00,437.83,240.0,64.0,1.0,0.0,90.0,76.0,1.0
36262,2023-02-19 22:00:00,455.37,237.0,63.0,1.0,0.0,70.0,76.0,1.0
36263,2023-02-19 23:00:00,472.32,222.0,62.0,1.0,0.0,49.0,72.0,1.0
36264,2023-02-20 00:00:00,486.74,235.0,63.0,1.0,0.0,44.0,72.0,1.0
36265,2023-02-20 01:00:00,469.24,208.0,62.0,1.0,0.0,37.0,78.0,1.0
36266,2023-02-20 02:00:00,487.88,213.0,62.0,1.0,0.0,25.0,78.0,1.0
36267,2023-02-20 03:00:00,530.39,248.0,61.0,1.0,0.0,15.0,73.0,1.0
36268,2023-02-20 04:00:00,556.41,299.0,61.0,1.0,0.0,17.0,71.0,1.0
36269,2023-02-20 05:00:00,576.22,384.0,60.0,1.0,0.0,18.0,82.0,1.0
36270,2023-02-20 06:00:00,572.34,393.0,59.0,1.0,2.0,21.0,84.0,1.0
36271,2023-02-20 07:00:00,563.66,395.0,60.0,1.0,6.0,25.0,85.0,1.0
36272,2023-02-20 08:00:00,555.2,384.0,59.0,1.0,11.0,27.0,83.0,1.0
36273,2023-02-20 09:00:00,549.03,396.0,62.0,1.0,16.0,30.0,85.0,1.0
36274,2023-02-20 10:00:00,538.12,400.0,64.0,1.0,18.0,42.0,84.0,1.0
36275,2023-02-20 11:00:00,519.07,397.0,64.0,1.0,19.0,63.0,83.0,1.0
36276,2023-02-20 12:00:00,484.05,366.0,63.0,1.0,18.0,95.0,80.0,1.0
36277,2023-02-20 13:00:00,467.53,372.0,62.0,1.0,13.0,126.0,80.0,1.0
36278,2023-02-20 14:00:00,466.39,385.0,61.0,1.0,4.0,141.0,84.0,1.0
36279,2023-02-20 15:00:00,457.12,354.0,62.0,1.0,0.0,140.0,82.0,1.0
36280,2023-02-20 16:00:00,468.19,395.0,64.0,1.0,0.0,147.0,85.0,1.0
36281,2023-02-20 17:00:00,459.76,378.0,62.0,1.0,0.0,149.0,85.0,1.0
36282,2023-02-20 18:00:00,452.98,351.0,61.0,1.0,0.0,143.0,83.0,1.0
36283,2023-02-20 19:00:00,462.24,347.0,59.0,1.0,0.0,129.0,82.0,1.0
36284,2023-02-20 20:00:00,470.97,338.0,59.0,1.0,0.0,123.0,71.0,1.0
36285,2023-02-20 21:00:00,470.59,322.0,62.0,1.0,0.0,116.0,68.0,1.0
36286,2023-02-20 22:00:00,457.04,295.0,62.0,1.0,0.0,116.0,67.0,1.0
36287,2023-02-20 23:00:00,452.62,284.0,61.0,1.0,0.0,114.0,67.0,1.0
36288,2023-02-21 00:00:00,459.38,287.0,62.0,1.0,0.0,107.0,68.0,1.0
36289,2023-02-21 01:00:00,467.21,302.0,60.0,1.0,0.0,109.0,67.0,1.0
36290,2023-02-21 02:00:00,469.54,303.0,55.0,1.0,0.0,106.0,69.0,1.0
36291,2023-02-21 03:00:00,464.53,304.0,57.0,1.0,0.0,114.0,67.0,1.0
36292,2023-02-21 04:00:00,487.61,347.0,54.0,1.0,0.0,107.0,73.0,1.0
36293,2023-02-21 05:00:00,534.57,444.0,53.0,1.0,0.0,86.0,84.0,1.0
36294,2023-02-21 06:00:00,558.73,475.0,30.0,1.0,4.0,72.0,84.0,1.0
36295,2023-02-21 07:00:00,535.09,425.0,25.0,1.0,11.0,76.0,83.0,1.0
36296,2023-02-21 08:00:00,560.86,469.0,31.0,1.0,18.0,50.0,87.0,1.0
36297,2023-02-21 09:00:00,557.37,432.0,30.0,1.0,23.0,38.0,85.0,1.0
36298,2023-02-21 10:00:00,544.41,461.0,30.0,1.0,24.0,60.0,88.0,1.0
36299,2023-02-21 11:00:00,544.58,459.0,30.0,1.0,21.0,62.0,88.0,1.0
36300,2023-02-21 12:00:00,530.52,396.0,31.0,1.0,19.0,62.0,80.0,1.0
36301,2023-02-21 13:00:00,554.35,450.0,30.0,1.0,13.0,59.0,84.0,1.0
36302,2023-02-21 14:00:00,569.81,474.0,32.0,1.0,4.0,54.0,88.0,1.0
36303,2023-02-21 15:00:00,583.71,509.0,32.0,1.0,0.0,53.0,88.0,1.0
36304,2023-02-21 16:00:00,584.28,520.0,31.0,1.0,0.0,57.0,87.0,1.0
36305,2023-02-21 17:00:00,590.57,511.0,31.0,1.0,0.0,47.0,87.0,1.0
36306,2023-02-21 18:00:00,602.39,516.0,31.0,1.0,0.0,36.0,86.0,1.0
36307,2023-02-21 19:00:00,605.48,502.0,31.0,1.0,0.0,28.0,87.0,1.0
36308,2023-02-21 20:00:00,611.82,505.0,31.0,1.0,0.0,23.0,86.0,1.0
36309,2023-02-21 21:00:00,620.97,494.0,31.0,1.0,0.0,13.0,84.0,1.0
36310,2023-02-21 22:00:00,601.81,388.0,31.0,1.0,0.0,11.0,78.0,1.0
36311,2023-02-21 23:00:00,613.07,477.0,41.0,1.0,0.0,13.0,84.0,1.0
36312,2023-02-22 00:00:00,615.01,464.0,46.0,1.0,0.0,10.0,80.0,1.0
36313,2023-02-22 01:00:00,589.88,411.0,55.0,1.0,0.0,19.0,78.0,1.0
36314,2023-02-22 02:00:00,611.62,521.0,54.0,1.0,0.0,17.0,87.0,1.0
36315,2023-02-22 03:00:00,618.25,552.0,56.0,1.0,0.0,14.0,89.0,1.0
36316,2023-02-22 04:00:00,615.32,535.0,57.0,1.0,0.0,15.0,87.0,1.0
36317,2023-02-22 05:00:00,622.68,575.0,56.0,1.0,1.0,13.0,89.0,1.0
36318,2023-02-22 06:00:00,625.33,634.0,55.0,1.0,9.0,13.0,91.0,1.0
36319,2023-02-22 07:00:00,612.44,646.0,52.0,1.0,29.0,15.0,90.0,1.0
36320,2023-02-22 08:00:00,591.12,647.0,61.0,1.0,60.0,12.0,89.0,1.0
36321,2023-02-22 09:00:00,565.51,607.0,63.0,1.0,87.0,11.0,88.0,1.0
36322,2023-02-22 10:00:00,561.29,634.0,63.0,1.0,100.0,12.0,90.0,1.0
36323,2023-02-22 11:00:00,547.41,570.0,63.0,1.0,100.0,12.0,88.0,1.0
36324,2023-02-22 12:00:00,556.86,565.0,63.0,1.0,84.0,12.0,88.0,1.0
36325,2023-02-22 13:00:00,580.42,566.0,61.0,1.0,54.0,10.0,88.0,1.0
36326,2023-02-22 14:00:00,611.74,594.0,63.0,1.0,19.0,9.0,90.0,1.0
36327,2023-02-22 15:00:00,623.55,568.0,62.0,1.0,1.0,8.0,89.0,1.0
36328,2023-02-22 16:00:00,631.45,612.0,64.0,1.0,0.0,8.0,89.0,1.0
36329,2023-02-22 17:00:00,638.77,646.0,63.0,1.0,0.0,6.0,89.0,1.0
36330,2023-02-22 18:00:00,636.72,624.0,59.0,1.0,0.0,7.0,88.0,1.0
36331,2023-02-22 19:00:00,621.24,502.0,57.0,1.0,0.0,6.0,82.0,1.0
36332,2023-02-22 20:00:00,617.74,506.0,56.0,1.0,0.0,8.0,85.0,1.0
36333,2023-02-22 21:00:00,592.15,401.0,55.0,1.0,0.0,14.0,78.0,1.0
36334,2023-02-22 22:00:00,586.5,408.0,56.0,1.0,0.0,21.0,78.0,1.0
36335,2023-02-22 23:00:00,597.15,483.0,57.0,1.0,0.0,25.0,84.0,1.0
36336,2023-02-23 00:00:00,584.73,459.0,56.0,1.0,0.0,36.0,80.0,1.0
36337,2023-02-23 01:00:00,570.33,461.0,55.0,1.0,0.0,53.0,80.0,1.0
36338,2023-02-23 02:00:00,560.05,463.0,54.0,1.0,0.0,63.0,83.0,1.0
36339,2023-02-23 03:00:00,554.35,485.0,57.0,1.0,0.0,78.0,82.0,1.0
36340,2023-02-23 04:00:00,542.11,477.0,56.0,1.0,0.0,93.0,80.0,1.0
36341,2023-02-23 05:00:00,548.97,487.0,56.0,1.0,2.0,85.0,81.0,1.0
36342,2023-02-23 06:00:00,522.33,495.0,56.0,1.0,20.0,104.0,84.0,1.0
36343,2023-02-23 07:00:00,498.73,505.0,57.0,1.0,35.0,129.0,85.0,1.0
36344,2023-02-23 08:00:00,505.41,511.0,58.0,1.0,28.0,128.0,85.0,1.0
36345,2023-02-23 09:00:00,497.95,514.0,57.0,1.0,35.0,133.0,87.0,1.0
36346,2023-02-23 10:00:00,484.76,506.0,57.0,1.0,36.0,150.0,87.0,1.0
36347,2023-02-23 11:00:00,484.32,487.0,61.0,1.0,26.0,150.0,86.0,1.0
36348,2023-02-23 12:00:00,490.18,496.0,62.0,1.0,19.0,151.0,87.0,1.0
36349,2023-02-23 13:00:00,494.47,505.0,61.0,1.0,12.0,156.0,87.0,1.0
36350,2023-02-23 14:00:00,482.68,477.0,61.0,1.0,4.0,168.0,87.0,1.0
36351,2023-02-23 15:00:00,484.33,480.0,61.0,1.0,1.0,169.0,88.0,1.0
36352,2023-02-23 16:00:00,498.04,511.0,62.0,1.0,0.0,164.0,88.0,1.0
36353,2023-02-23 17:00:00,493.88,512.0,60.0,1.0,0.0,172.0,88.0,1.0
36354,2023-02-23 18:00:00,488.33,490.0,61.0,1.0,0.0,173.0,84.0,1.0
36355,2023-02-23 19:00:00,471.67,423.0,64.0,1.0,0.0,165.0,79.0,1.0
36356,2023-02-23 20:00:00,486.66,428.0,65.0,1.0,0.0,145.0,79.0,1.0
36357,2023-02-23 21:00:00,487.23,417.0,65.0,1.0,0.0,137.0,80.0,1.0
36358,2023-02-23 22:00:00,508.93,426.0,67.0,1.0,0.0,111.0,80.0,1.0
36359,2023-02-23 23:00:00,535.59,428.0,66.0,0.0,0.0,86.0,73.0,1.0
36360,2023-02-24 00:00:00,552.29,407.0,67.0,0.0,0.0,63.0,68.0,1.0
36361,2023-02-24 01:00:00,564.1,409.0,67.0,0.0,0.0,48.0,71.0,1.0
36362,2023-02-24 02:00:00,570.74,426.0,69.0,0.0,0.0,36.0,81.0,1.0
36363,2023-02-24 03:00:00,592.4,465.0,68.0,0.0,0.0,24.0,82.0,1.0
36364,2023-02-24 04:00:00,599.63,449.0,68.0,0.0,0.0,13.0,81.0,1.0
36365,2023-02-24 05:00:00,609.21,500.0,68.0,0.0,0.0,10.0,87.0,1.0
36366,2023-02-24 06:00:00,609.95,496.0,66.0,0.0,2.0,7.0,87.0,1.0
36367,2023-02-24 07:00:00,612.1,518.0,66.0,0.0,5.0,6.0,88.0,1.0
36368,2023-02-24 08:00:00,610.19,524.0,65.0,1.0,8.0,6.0,88.0,1.0
36369,2023-02-24 09:00:00,604.06,520.0,65.0,1.0,13.0,7.0,88.0,1.0
36370,2023-02-24 10:00:00,597.38,514.0,68.0,1.0,17.0,8.0,88.0,1.0
36371,2023-02-24 11:00:00,595.64,513.0,70.0,1.0,18.0,8.0,88.0,1.0
36372,2023-02-24 12:00:00,597.55,517.0,67.0,1.0,17.0,9.0,88.0,1.0
36373,2023-02-24 13:00:00,602.94,518.0,67.0,1.0,12.0,8.0,88.0,1.0
36374,2023-02-24 14:00:00,605.14,499.0,66.0,1.0,5.0,8.0,88.0,1.0
36375,2023-02-24 15:00:00,609.78,505.0,67.0,1.0,1.0,8.0,88.0,1.0
36376,2023-02-24 16:00:00,613.75,519.0,67.0,1.0,0.0,8.0,88.0,1.0
36377,2023-02-24 17:00:00,609.89,512.0,66.0,1.0,0.0,10.0,89.0,1.0
36378,2023-02-24 18:00:00,608.0,506.0,65.0,1.0,0.0,12.0,88.0,1.0
36379,2023-02-24 19:00:00,605.9,492.0,67.0,1.0,0.0,11.0,87.0,1.0
36380,2023-02-24 20:00:00,606.16,494.0,65.0,1.0,0.0,17.0,82.0,1.0
36381,2023-02-24 21:00:00,580.91,426.0,67.0,1.0,0.0,30.0,76.0,1.0
36382,2023-02-24 22:00:00,578.41,438.0,68.0,1.0,0.0,35.0,77.0,1.0
36383,2023-02-24 23:00:00,558.61,353.0,69.0,1.0,0.0,34.0,69.0,1.0
36384,2023-02-25 00:00:00,545.51,320.0,68.0,1.0,0.0,37.0,66.0,1.0
36385,2023-02-25 01:00:00,543.29,330.0,68.0,1.0,0.0,43.0,66.0,1.0
36386,2023-02-25 02:00:00,525.3,321.0,66.0,1.0,0.0,54.0,69.0,1.0
36387,2023-02-25 03:00:00,517.34,317.0,66.0,1.0,0.0,62.0,67.0,1.0
36388,2023-02-25 04:00:00,512.89,327.0,67.0,1.0,0.0,70.0,68.0,1.0
36389,2023-02-25 05:00:00,508.81,329.0,68.0,1.0,0.0,75.0,68.0,1.0
36390,2023-02-25 06:00:00,499.89,344.0,66.0,1.0,3.0,90.0,68.0,1.0
36391,2023-02-25 07:00:00,495.69,341.0,67.0,1.0,8.0,84.0,72.0,1.0
36392,2023-02-25 08:00:00,493.51,359.0,68.0,1.0,14.0,83.0,79.0,1.0
36393,2023-02-25 09:00:00,478.76,346.0,68.0,1.0,19.0,90.0,78.0,1.0
36394,2023-02-25 10:00:00,456.99,325.0,67.0,1.0,23.0,102.0,77.0,1.0
36395,2023-02-25 11:00:00,452.68,339.0,68.0,1.0,24.0,123.0,70.0,1.0
36396,2023-02-25 12:00:00,443.56,324.0,69.0,1.0,22.0,130.0,67.0,1.0
36397,2023-02-25 13:00:00,442.06,332.0,68.0,1.0,13.0,145.0,69.0,1.0
36398,2023-02-25 14:00:00,435.3,335.0,68.0,1.0,5.0,157.0,77.0,1.0
36399,2023-02-25 15:00:00,421.09,324.0,67.0,1.0,1.0,174.0,77.0,1.0
36400,2023-02-25 16:00:00,460.12,411.0,67.0,1.0,0.0,172.0,82.0,1.0
36401,2023-02-25 17:00:00,430.59,354.0,65.0,1.0,0.0,189.0,72.0,1.0
36402,2023-02-25 18:00:00,420.53,320.0,64.0,1.0,0.0,184.0,66.0,1.0
36403,2023-02-25 19:00:00,412.07,319.0,66.0,1.0,0.0,196.0,66.0,1.0
36404,2023-02-25 20:00:00,410.34,324.0,66.0,1.0,0.0,203.0,66.0,1.0
36405,2023-02-25 21:00:00,406.97,320.0,66.0,1.0,0.0,205.0,66.0,1.0
36406,2023-02-25 22:00:00,408.3,319.0,66.0,1.0,0.0,203.0,65.0,1.0
36407,2023-02-25 23:00:00,427.17,351.0,66.0,1.0,0.0,197.0,67.0,1.0
36408,2023-02-26 00:00:00,413.07,323.0,64.0,1.0,0.0,199.0,65.0,1.0
36409,2023-02-26 01:00:00,412.74,320.0,64.0,1.0,0.0,197.0,65.0,1.0
36410,2023-02-26 02:00:00,401.0,319.0,65.0,1.0,0.0,212.0,68.0,1.0
36411,2023-02-26 03:00:00,410.64,318.0,60.0,1.0,0.0,198.0,66.0,1.0
36412,2023-02-26 04:00:00,418.49,323.0,60.0,1.0,0.0,190.0,66.0,1.0
36413,2023-02-26 05:00:00,409.92,321.0,57.0,1.0,1.0,200.0,67.0,1.0
36414,2023-02-26 06:00:00,417.47,333.0,58.0,1.0,6.0,195.0,65.0,1.0
36415,2023-02-26 07:00:00,419.73,350.0,60.0,1.0,15.0,193.0,68.0,1.0
36416,2023-02-26 08:00:00,401.02,340.0,62.0,1.0,24.0,199.0,76.0,1.0
36417,2023-02-26 09:00:00,397.31,358.0,62.0,1.0,35.0,210.0,77.0,1.0
36418,2023-02-26 10:00:00,376.83,333.0,62.0,1.0,44.0,216.0,77.0,1.0
36419,2023-02-26 11:00:00,378.33,323.0,62.0,1.0,49.0,206.0,69.0,1.0
36420,2023-02-26 12:00:00,389.68,310.0,61.0,1.0,40.0,185.0,66.0,1.0
36421,2023-02-26 13:00:00,399.2,322.0,61.0,1.0,30.0,188.0,68.0,1.0
36422,2023-02-26 14:00:00,406.58,329.0,60.0,1.0,16.0,187.0,77.0,1.0
36423,2023-02-26 15:00:00,451.32,380.0,62.0,1.0,2.0,165.0,81.0,1.0
36424,2023-02-26 16:00:00,495.91,494.0,60.0,1.0,0.0,161.0,86.0,1.0
36425,2023-02-26 17:00:00,507.87,518.0,60.0,1.0,0.0,153.0,87.0,1.0
36426,2023-02-26 18:00:00,501.97,510.0,62.0,1.0,0.0,158.0,87.0,1.0
36427,2023-02-26 19:00:00,497.23,437.0,59.0,1.0,0.0,135.0,80.0,1.0
36428,2023-02-26 20:00:00,485.82,347.0,63.0,1.0,0.0,103.0,77.0,1.0
36429,2023-02-26 21:00:00,484.9,319.0,64.0,1.0,0.0,90.0,75.0,1.0
36430,2023-02-26 22:00:00,500.88,322.0,64.0,0.0,0.0,75.0,75.0,1.0
36431,2023-02-26 23:00:00,512.64,320.0,63.0,0.0,0.0,62.0,75.0,1.0
36432,2023-02-27 00:00:00,527.56,321.0,62.0,0.0,0.0,48.0,75.0,1.0
36433,2023-02-27 01:00:00,551.45,357.0,64.0,0.0,0.0,37.0,77.0,1.0
36434,2023-02-27 02:00:00,586.85,445.0,63.0,0.0,0.0,23.0,85.0,1.0
36435,2023-02-27 03:00:00,608.82,500.0,64.0,0.0,0.0,13.0,86.0,1.0
36436,2023-02-27 04:00:00,612.2,502.0,61.0,0.0,0.0,9.0,88.0,1.0
36437,2023-02-27 05:00:00,612.25,508.0,62.0,0.0,2.0,9.0,87.0,1.0
36438,2023-02-27 06:00:00,597.57,505.0,61.0,0.0,18.0,9.0,87.0,1.0
36439,2023-02-27 07:00:00,567.0,496.0,60.0,0.0,49.0,12.0,87.0,1.0
36440,2023-02-27 08:00:00,532.29,511.0,58.0,1.0,95.0,18.0,87.0,1.0
36441,2023-02-27 09:00:00,497.89,510.0,57.0,1.0,141.0,26.0,86.0,1.0
36442,2023-02-27 10:00:00,466.06,486.0,57.0,1.0,175.0,35.0,84.0,1.0
36443,2023-02-27 11:00:00,454.91,509.0,57.0,1.0,201.0,43.0,86.0,1.0
36444,2023-02-27 12:00:00,453.39,493.0,58.0,1.0,186.0,54.0,82.0,1.0
36445,2023-02-27 13:00:00,485.26,477.0,60.0,1.0,120.0,57.0,78.0,1.0
36446,2023-02-27 14:00:00,536.03,495.0,61.0,1.0,46.0,59.0,82.0,1.0
36447,2023-02-27 15:00:00,557.71,516.0,60.0,1.0,4.0,75.0,87.0,1.0
36448,2023-02-27 16:00:00,528.59,519.0,61.0,1.0,0.0,122.0,86.0,1.0
36449,2023-02-27 17:00:00,518.04,524.0,59.0,1.0,0.0,140.0,87.0,1.0
36450,2023-02-27 18:00:00,503.4,519.0,63.0,1.0,0.0,160.0,87.0,1.0
36451,2023-02-27 19:00:00,499.54,501.0,67.0,1.0,0.0,156.0,87.0,1.0
36452,2023-02-27 20:00:00,506.89,519.0,64.0,1.0,0.0,154.0,87.0,1.0
36453,2023-02-27 21:00:00,479.88,513.0,64.0,1.0,0.0,196.0,88.0,1.0
36454,2023-02-27 22:00:00,439.89,448.0,65.0,1.0,0.0,232.0,83.0,1.0
36455,2023-02-27 23:00:00,408.57,368.0,63.0,1.0,0.0,233.0,77.0,1.0
36456,2023-02-28 00:00:00,390.48,320.0,63.0,1.0,0.0,225.0,74.0,1.0
36457,2023-02-28 01:00:00,396.36,319.0,62.0,1.0,0.0,213.0,75.0,1.0
36458,2023-02-28 02:00:00,392.88,318.0,62.0,1.0,0.0,215.0,78.0,1.0
36459,2023-02-28 03:00:00,409.36,358.0,63.0,1.0,0.0,223.0,77.0,1.0
36460,2023-02-28 04:00:00,451.68,488.0,63.0,1.0,0.0,235.0,86.0,1.0
36461,2023-02-28 05:00:00,446.54,472.0,62.0,1.0,5.0,232.0,83.0,1.0
36462,2023-02-28 06:00:00,429.03,458.0,63.0,1.0,45.0,216.0,83.0,1.0
36463,2023-02-28 07:00:00,415.46,465.0,64.0,0.0,95.0,202.0,82.0,1.0
36464,2023-02-28 08:00:00,408.71,458.0,64.0,0.0,134.0,171.0,83.0,1.0
36465,2023-02-28 09:00:00,413.09,442.0,63.0,0.0,144.0,142.0,79.0,1.0
36466,2023-02-28 10:00:00,418.61,425.0,60.0,0.0,149.0,116.0,75.0,1.0
36467,2023-02-28 11:00:00,398.58,377.0,60.0,0.0,140.0,122.0,76.0,1.0
36468,2023-02-28 12:00:00,457.34,476.0,59.0,0.0,116.0,103.0,85.0,1.0
36469,2023-02-28 13:00:00,491.09,486.0,58.0,1.0,76.0,90.0,85.0,1.0
36470,2023-02-28 14:00:00,515.16,467.0,57.0,1.0,31.0,90.0,84.0,1.0
36471,2023-02-28 15:00:00,536.52,504.0,58.0,1.0,4.0,100.0,87.0,1.0
36472,2023-02-28 16:00:00,514.26,490.0,58.0,1.0,0.0,133.0,84.0,1.0
36473,2023-02-28 17:00:00,498.07,464.0,59.0,1.0,0.0,147.0,81.0,1.0
36474,2023-02-28 18:00:00,487.78,462.0,58.0,1.0,0.0,162.0,81.0,1.0
36475,2023-02-28 19:00:00,481.73,409.0,58.0,1.0,0.0,143.0,79.0,1.0
36476,2023-02-28 20:00:00,495.93,456.0,55.0,1.0,0.0,146.0,82.0,1.0
36477,2023-02-28 21:00:00,483.3,423.0,57.0,1.0,0.0,149.0,79.0,1.0
36478,2023-02-28 22:00:00,454.12,333.0,57.0,1.0,0.0,137.0,76.0,1.0
36479,2023-02-28 23:00:00,447.11,318.0,57.0,1.0,0.0,143.0,69.0,1.0
36480,2023-03-01 00:00:00,436.72,318.0,57.0,1.0,0.0,161.0,65.0,1.0
36481,2023-03-01 01:00:00,444.09,318.0,57.0,1.0,0.0,146.0,70.0,1.0
36482,2023-03-01 02:00:00,443.34,318.0,57.0,1.0,0.0,138.0,79.0,1.0
36483,2023-03-01 03:00:00,505.56,419.0,56.0,1.0,0.0,111.0,84.0,1.0
36484,2023-03-01 04:00:00,535.37,528.0,57.0,1.0,1.0,114.0,88.0,1.0
36485,2023-03-01 05:00:00,534.25,535.0,59.0,1.0,13.0,104.0,90.0,1.0
36486,2023-03-01 06:00:00,489.38,523.0,59.0,1.0,96.0,88.0,90.0,1.0
36487,2023-03-01 07:00:00,434.35,520.0,62.0,1.0,207.0,86.0,87.0,1.0
36488,2023-03-01 08:00:00,391.54,510.0,62.0,1.0,301.0,87.0,88.0,1.0
36489,2023-03-01 09:00:00,342.46,412.0,62.0,1.0,323.0,105.0,79.0,1.0
36490,2023-03-01 10:00:00,327.58,394.0,63.0,1.0,297.0,150.0,81.0,1.0
36491,2023-03-01 11:00:00,306.0,358.0,62.0,1.0,255.0,210.0,79.0,1.0
36492,2023-03-01 12:00:00,312.8,358.0,62.0,1.0,228.0,213.0,82.0,1.0
36493,2023-03-01 13:00:00,332.56,355.0,62.0,1.0,172.0,211.0,80.0,1.0
36494,2023-03-01 14:00:00,420.47,443.0,59.0,1.0,62.0,204.0,84.0,1.0
36495,2023-03-01 15:00:00,466.25,518.0,61.0,1.0,9.0,219.0,85.0,1.0
36496,2023-03-01 16:00:00,474.95,524.0,62.0,1.0,0.0,215.0,85.0,1.0
36497,2023-03-01 17:00:00,489.65,537.0,60.0,1.0,0.0,194.0,87.0,1.0
36498,2023-03-01 18:00:00,511.92,519.0,60.0,1.0,0.0,147.0,87.0,1.0
36499,2023-03-01 19:00:00,533.71,522.0,60.0,1.0,0.0,114.0,88.0,1.0
36500,2023-03-01 20:00:00,568.21,532.0,59.0,1.0,0.0,69.0,89.0,1.0
36501,2023-03-01 21:00:00,559.29,455.0,60.0,1.0,0.0,59.0,83.0,1.0
36502,2023-03-01 22:00:00,562.1,363.0,58.0,1.0,0.0,27.0,80.0,1.0
36503,2023-03-01 23:00:00,575.06,423.0,59.0,1.0,0.0,35.0,79.0,1.0
36504,2023-03-02 00:00:00,558.28,424.0,60.0,1.0,0.0,53.0,79.0,1.0
36505,2023-03-02 01:00:00,541.34,410.0,59.0,1.0,0.0,70.0,76.0,1.0
36506,2023-03-02 02:00:00,532.27,421.0,63.0,1.0,0.0,82.0,78.0,1.0
36507,2023-03-02 03:00:00,505.7,456.0,65.0,1.0,0.0,132.0,79.0,1.0
36508,2023-03-02 04:00:00,484.75,457.0,62.0,1.0,0.0,162.0,82.0,1.0
36509,2023-03-02 05:00:00,494.75,539.0,60.0,1.0,6.0,179.0,88.0,1.0
36510,2023-03-02 06:00:00,459.69,549.0,61.0,1.0,53.0,204.0,89.0,1.0
36511,2023-03-02 07:00:00,407.57,546.0,60.0,1.0,151.0,226.0,89.0,1.0
36512,2023-03-02 08:00:00,367.53,531.0,60.0,1.0,247.0,232.0,88.0,1.0
36513,2023-03-02 09:00:00,308.58,445.0,61.0,1.0,334.0,247.0,82.0,1.0
36514,2023-03-02 10:00:00,253.42,333.0,61.0,1.0,381.0,235.0,78.0,1.0
36515,2023-03-02 11:00:00,263.79,356.0,60.0,1.0,377.0,236.0,81.0,1.0
36516,2023-03-02 12:00:00,288.31,378.0,62.0,1.0,331.0,222.0,83.0,1.0
36517,2023-03-02 13:00:00,321.1,386.0,63.0,1.0,226.0,228.0,83.0,1.0
36518,2023-03-02 14:00:00,378.25,423.0,66.0,1.0,98.0,241.0,86.0,1.0
36519,2023-03-02 15:00:00,428.55,451.0,67.0,1.0,12.0,241.0,86.0,1.0
36520,2023-03-02 16:00:00,446.89,483.0,68.0,1.0,1.0,238.0,87.0,1.0
36521,2023-03-02 17:00:00,458.18,515.0,65.0,1.0,0.0,238.0,88.0,1.0
36522,2023-03-02 18:00:00,446.92,489.0,63.0,1.0,0.0,251.0,80.0,1.0
36523,2023-03-02 19:00:00,440.87,460.0,64.0,1.0,0.0,244.0,78.0,1.0
36524,2023-03-02 20:00:00,427.97,386.0,65.0,1.0,0.0,222.0,68.0,1.0
36525,2023-03-02 21:00:00,405.07,331.0,63.0,1.0,0.0,219.0,65.0,1.0
36526,2023-03-02 22:00:00,407.54,322.0,64.0,1.0,0.0,207.0,65.0,1.0
36527,2023-03-02 23:00:00,419.96,318.0,66.0,1.0,0.0,185.0,64.0,1.0
36528,2023-03-03 00:00:00,414.91,317.0,65.0,1.0,0.0,190.0,66.0,1.0
36529,2023-03-03 01:00:00,427.36,318.0,66.0,1.0,0.0,165.0,73.0,1.0
36530,2023-03-03 02:00:00,422.35,320.0,66.0,1.0,0.0,165.0,82.0,1.0
36531,2023-03-03 03:00:00,453.1,373.0,65.0,1.0,0.0,156.0,84.0,1.0
36532,2023-03-03 04:00:00,464.03,400.0,66.0,1.0,1.0,157.0,83.0,1.0
36533,2023-03-03 05:00:00,477.77,462.0,67.0,1.0,7.0,165.0,85.0,1.0
36534,2023-03-03 06:00:00,484.86,525.0,68.0,1.0,45.0,146.0,90.0,1.0
36535,2023-03-03 07:00:00,450.31,537.0,65.0,1.0,123.0,145.0,89.0,1.0
36536,2023-03-03 08:00:00,426.86,536.0,65.0,1.0,179.0,142.0,88.0,1.0
36537,2023-03-03 09:00:00,360.88,413.0,65.0,1.0,232.0,141.0,85.0,1.0
36538,2023-03-03 10:00:00,346.12,398.0,64.0,1.0,259.0,136.0,85.0,1.0
36539,2023-03-03 11:00:00,357.87,422.0,65.0,1.0,259.0,135.0,82.0,1.0
36540,2023-03-03 12:00:00,376.33,440.0,66.0,1.0,227.0,138.0,82.0,1.0
36541,2023-03-03 13:00:00,427.19,451.0,65.0,1.0,142.0,117.0,83.0,1.0
36542,2023-03-03 14:00:00,473.42,455.0,67.0,1.0,48.0,129.0,83.0,1.0
36543,2023-03-03 15:00:00,500.4,454.0,64.0,1.0,8.0,128.0,82.0,1.0
36544,2023-03-03 16:00:00,502.17,481.0,65.0,1.0,1.0,146.0,82.0,1.0
36545,2023-03-03 17:00:00,487.0,416.0,64.0,1.0,0.0,140.0,77.0,1.0
36546,2023-03-03 18:00:00,448.81,398.0,64.0,1.0,0.0,187.0,77.0,1.0
36547,2023-03-03 19:00:00,429.11,348.0,63.0,1.0,0.0,188.0,71.0,1.0
36548,2023-03-03 20:00:00,425.67,332.0,62.0,1.0,0.0,189.0,63.0,1.0
36549,2023-03-03 21:00:00,416.05,330.0,65.0,1.0,0.0,204.0,61.0,1.0
36550,2023-03-03 22:00:00,415.59,322.0,66.0,1.0,0.0,198.0,61.0,1.0
36551,2023-03-03 23:00:00,417.94,319.0,65.0,1.0,0.0,190.0,63.0,1.0
36552,2023-03-04 00:00:00,429.36,319.0,65.0,1.0,0.0,172.0,64.0,1.0
36553,2023-03-04 01:00:00,424.73,318.0,65.0,1.0,0.0,176.0,66.0,1.0
36554,2023-03-04 02:00:00,421.37,318.0,65.0,1.0,0.0,177.0,70.0,1.0
36555,2023-03-04 03:00:00,422.57,319.0,65.0,1.0,0.0,174.0,72.0,1.0
36556,2023-03-04 04:00:00,423.77,320.0,65.0,1.0,0.0,174.0,71.0,1.0
36557,2023-03-04 05:00:00,423.5,322.0,65.0,1.0,1.0,175.0,71.0,1.0
36558,2023-03-04 06:00:00,423.35,328.0,65.0,1.0,4.0,178.0,70.0,1.0
36559,2023-03-04 07:00:00,429.96,354.0,65.0,1.0,10.0,185.0,67.0,1.0
36560,2023-03-04 08:00:00,411.74,349.0,65.0,1.0,22.0,202.0,64.0,1.0
36561,2023-03-04 09:00:00,382.07,322.0,64.0,1.0,39.0,213.0,64.0,1.0
36562,2023-03-04 10:00:00,373.74,332.0,65.0,1.0,51.0,223.0,68.0,1.0
36563,2023-03-04 11:00:00,365.43,334.0,64.0,1.0,57.0,227.0,77.0,1.0
36564,2023-03-04 12:00:00,370.5,342.0,66.0,1.0,49.0,233.0,77.0,1.0
36565,2023-03-04 13:00:00,410.43,404.0,66.0,1.0,29.0,229.0,79.0,1.0
36566,2023-03-04 14:00:00,450.57,465.0,65.0,1.0,12.0,211.0,84.0,1.0
36567,2023-03-04 15:00:00,476.62,490.0,65.0,1.0,2.0,187.0,87.0,1.0
36568,2023-03-04 16:00:00,490.84,534.0,65.0,1.0,0.0,189.0,87.0,1.0
36569,2023-03-04 17:00:00,499.55,536.0,64.0,1.0,0.0,175.0,87.0,1.0
36570,2023-03-04 18:00:00,510.9,539.0,65.0,1.0,0.0,154.0,90.0,1.0
36571,2023-03-04 19:00:00,513.87,506.0,66.0,1.0,0.0,134.0,89.0,1.0
36572,2023-03-04 20:00:00,534.31,519.0,66.0,1.0,0.0,107.0,91.0,1.0
36573,2023-03-04 21:00:00,548.32,501.0,66.0,1.0,0.0,81.0,90.0,1.0
36574,2023-03-04 22:00:00,558.58,486.0,66.0,1.0,0.0,62.0,90.0,1.0
36575,2023-03-04 23:00:00,559.15,475.0,64.0,1.0,0.0,58.0,90.0,1.0
36576,2023-03-05 00:00:00,569.61,494.0,66.0,1.0,0.0,53.0,88.0,1.0
36577,2023-03-05 01:00:00,574.54,493.0,65.0,1.0,0.0,47.0,88.0,1.0
36578,2023-03-05 02:00:00,583.76,514.0,66.0,1.0,0.0,38.0,92.0,1.0
36579,2023-03-05 03:00:00,582.39,513.0,67.0,1.0,0.0,41.0,90.0,1.0
36580,2023-03-05 04:00:00,573.54,475.0,66.0,1.0,0.0,41.0,89.0,1.0
36581,2023-03-05 05:00:00,582.48,488.0,65.0,1.0,1.0,35.0,88.0,1.0
36582,2023-03-05 06:00:00,586.69,510.0,64.0,1.0,6.0,31.0,89.0,1.0
36583,2023-03-05 07:00:00,587.91,515.0,64.0,1.0,12.0,24.0,90.0,1.0
36584,2023-03-05 08:00:00,573.15,490.0,67.0,1.0,21.0,25.0,89.0,1.0
36585,2023-03-05 09:00:00,562.75,480.0,65.0,1.0,39.0,22.0,84.0,1.0
36586,2023-03-05 10:00:00,548.59,476.0,66.0,1.0,54.0,22.0,85.0,1.0
36587,2023-03-05 11:00:00,544.23,513.0,67.0,1.0,70.0,24.0,87.0,1.0
36588,2023-03-05 12:00:00,537.76,515.0,67.0,1.0,78.0,28.0,85.0,1.0
36589,2023-03-05 13:00:00,561.85,527.0,67.0,1.0,53.0,21.0,88.0,1.0
36590,2023-03-05 14:00:00,584.39,512.0,65.0,1.0,23.0,19.0,87.0,1.0
36591,2023-03-05 15:00:00,605.52,525.0,64.0,1.0,4.0,16.0,88.0,1.0
36592,2023-03-05 16:00:00,610.74,529.0,64.0,1.0,0.0,14.0,89.0,1.0
36593,2023-03-05 17:00:00,607.69,523.0,64.0,1.0,0.0,16.0,89.0,1.0
36594,2023-03-05 18:00:00,608.47,521.0,63.0,1.0,0.0,15.0,89.0,1.0
36595,2023-03-05 19:00:00,609.29,536.0,65.0,1.0,0.0,17.0,89.0,1.0
36596,2023-03-05 20:00:00,608.03,543.0,63.0,1.0,0.0,21.0,89.0,1.0
36597,2023-03-05 21:00:00,605.03,533.0,63.0,1.0,0.0,22.0,89.0,1.0
36598,2023-03-05 22:00:00,594.73,496.0,63.0,1.0,0.0,25.0,88.0,1.0
36599,2023-03-05 23:00:00,601.12,508.0,63.0,1.0,0.0,22.0,87.0,1.0
36600,2023-03-06 00:00:00,594.53,488.0,63.0,1.0,0.0,26.0,85.0,1.0
36601,2023-03-06 01:00:00,596.72,523.0,66.0,1.0,0.0,31.0,86.0,1.0
36602,2023-03-06 02:00:00,597.95,527.0,65.0,1.0,0.0,28.0,89.0,1.0
36603,2023-03-06 03:00:00,599.29,518.0,65.0,1.0,0.0,26.0,87.0,1.0
36604,2023-03-06 04:00:00,601.45,517.0,63.0,1.0,0.0,24.0,87.0,1.0
36605,2023-03-06 05:00:00,598.46,519.0,63.0,1.0,2.0,26.0,87.0,1.0
36606,2023-03-06 06:00:00,591.69,519.0,63.0,1.0,12.0,24.0,87.0,1.0
36607,2023-03-06 07:00:00,575.64,519.0,65.0,1.0,36.0,19.0,87.0,1.0
36608,2023-03-06 08:00:00,554.56,528.0,65.0,1.0,68.0,18.0,87.0,1.0
36609,2023-03-06 09:00:00,526.57,532.0,67.0,1.0,105.0,23.0,87.0,1.0
36610,2023-03-06 10:00:00,508.12,512.0,66.0,1.0,125.0,23.0,87.0,1.0
36611,2023-03-06 11:00:00,524.13,528.0,67.0,1.0,110.0,20.0,87.0,1.0
36612,2023-03-06 12:00:00,536.57,531.0,65.0,1.0,93.0,19.0,88.0,1.0
36613,2023-03-06 13:00:00,550.77,529.0,64.0,1.0,69.0,22.0,88.0,1.0
36614,2023-03-06 14:00:00,577.4,524.0,66.0,1.0,34.0,21.0,86.0,1.0
36615,2023-03-06 15:00:00,606.03,533.0,60.0,1.0,6.0,17.0,88.0,1.0
36616,2023-03-06 16:00:00,605.01,529.0,63.0,1.0,0.0,21.0,89.0,1.0
36617,2023-03-06 17:00:00,601.21,525.0,64.0,1.0,0.0,24.0,89.0,1.0
36618,2023-03-06 18:00:00,602.59,522.0,63.0,1.0,0.0,23.0,88.0,1.0
36619,2023-03-06 19:00:00,609.09,544.0,63.0,1.0,0.0,20.0,89.0,1.0
36620,2023-03-06 20:00:00,609.19,538.0,64.0,1.0,0.0,19.0,88.0,1.0
36621,2023-03-06 21:00:00,603.31,519.0,64.0,1.0,0.0,21.0,88.0,1.0
36622,2023-03-06 22:00:00,605.46,513.0,64.0,1.0,0.0,19.0,86.0,1.0
36623,2023-03-06 23:00:00,605.55,511.0,65.0,1.0,0.0,17.0,87.0,1.0
36624,2023-03-07 00:00:00,603.18,493.0,65.0,1.0,0.0,18.0,84.0,1.0
36625,2023-03-07 01:00:00,608.93,490.0,65.0,1.0,0.0,11.0,84.0,1.0
36626,2023-03-07 02:00:00,611.18,522.0,66.0,1.0,0.0,11.0,89.0,1.0
36627,2023-03-07 03:00:00,611.61,529.0,64.0,1.0,0.0,15.0,87.0,1.0
36628,2023-03-07 04:00:00,609.46,528.0,62.0,1.0,0.0,18.0,87.0,1.0
36629,2023-03-07 05:00:00,610.35,533.0,60.0,1.0,5.0,14.0,87.0,1.0
36630,2023-03-07 06:00:00,596.88,530.0,60.0,1.0,19.0,16.0,86.0,1.0
36631,2023-03-07 07:00:00,578.03,524.0,61.0,1.0,39.0,17.0,86.0,1.0
36632,2023-03-07 08:00:00,549.42,511.0,64.0,1.0,72.0,17.0,85.0,1.0
36633,2023-03-07 09:00:00,522.7,535.0,65.0,1.0,114.0,23.0,86.0,1.0
36634,2023-03-07 10:00:00,504.88,513.0,65.0,1.0,126.0,28.0,87.0,1.0
36635,2023-03-07 11:00:00,497.77,505.0,67.0,1.0,130.0,32.0,86.0,1.0
36636,2023-03-07 12:00:00,504.68,508.0,68.0,1.0,122.0,30.0,86.0,1.0
36637,2023-03-07 13:00:00,507.53,492.0,66.0,1.0,90.0,53.0,83.0,1.0
36638,2023-03-07 14:00:00,549.25,513.0,64.0,1.0,33.0,56.0,86.0,1.0
36639,2023-03-07 15:00:00,566.09,522.0,63.0,1.0,6.0,63.0,87.0,1.0
36640,2023-03-07 16:00:00,556.89,524.0,63.0,1.0,0.0,83.0,86.0,1.0
36641,2023-03-07 17:00:00,543.83,526.0,63.0,1.0,0.0,102.0,86.0,1.0
36642,2023-03-07 18:00:00,529.96,529.0,62.0,1.0,0.0,123.0,87.0,1.0
36643,2023-03-07 19:00:00,515.89,522.0,57.0,1.0,0.0,143.0,87.0,1.0
36644,2023-03-07 20:00:00,501.78,519.0,58.0,1.0,0.0,166.0,85.0,1.0
36645,2023-03-07 21:00:00,460.83,394.0,56.0,1.0,0.0,176.0,68.0,1.0
36646,2023-03-07 22:00:00,430.38,323.0,55.0,1.0,0.0,174.0,65.0,1.0
36647,2023-03-07 23:00:00,432.92,328.0,56.0,1.0,0.0,177.0,62.0,1.0
36648,2023-03-08 00:00:00,441.7,326.0,63.0,1.0,0.0,163.0,61.0,1.0
36649,2023-03-08 01:00:00,445.14,320.0,63.0,1.0,0.0,151.0,64.0,1.0
36650,2023-03-08 02:00:00,465.4,366.0,63.0,1.0,0.0,142.0,76.0,1.0
36651,2023-03-08 03:00:00,529.73,522.0,63.0,1.0,0.0,123.0,84.0,1.0
36652,2023-03-08 04:00:00,534.66,510.0,65.0,1.0,0.0,108.0,86.0,1.0
36653,2023-03-08 05:00:00,539.11,515.0,64.0,1.0,2.0,102.0,86.0,1.0
36654,2023-03-08 06:00:00,554.27,526.0,64.0,1.0,7.0,80.0,86.0,1.0
36655,2023-03-08 07:00:00,563.29,521.0,64.0,1.0,14.0,59.0,86.0,1.0
36656,2023-03-08 08:00:00,567.95,540.0,62.0,1.0,22.0,51.0,87.0,1.0
36657,2023-03-08 09:00:00,568.44,539.0,62.0,1.0,32.0,44.0,83.0,1.0
36658,2023-03-08 10:00:00,554.59,529.0,60.0,1.0,42.0,50.0,83.0,1.0
36659,2023-03-08 11:00:00,547.94,523.0,63.0,1.0,38.0,60.0,83.0,1.0
36660,2023-03-08 12:00:00,541.36,528.0,61.0,1.0,31.0,79.0,83.0,1.0
36661,2023-03-08 13:00:00,541.3,536.0,62.0,1.0,20.0,91.0,85.0,1.0
36662,2023-03-08 14:00:00,538.11,535.0,63.0,1.0,9.0,106.0,85.0,1.0
36663,2023-03-08 15:00:00,529.53,519.0,63.0,1.0,2.0,123.0,81.0,1.0
36664,2023-03-08 16:00:00,515.93,520.0,64.0,1.0,0.0,146.0,81.0,1.0
36665,2023-03-08 17:00:00,512.67,530.0,64.0,1.0,0.0,156.0,81.0,1.0
36666,2023-03-08 18:00:00,522.22,538.0,62.0,1.0,0.0,141.0,85.0,1.0
36667,2023-03-08 19:00:00,533.48,525.0,62.0,1.0,0.0,119.0,84.0,1.0
36668,2023-03-08 20:00:00,558.05,532.0,61.0,1.0,0.0,86.0,85.0,1.0
36669,2023-03-08 21:00:00,550.07,523.0,60.0,1.0,0.0,94.0,85.0,1.0
36670,2023-03-08 22:00:00,559.88,511.0,58.0,1.0,0.0,78.0,84.0,1.0
36671,2023-03-08 23:00:00,551.45,484.0,58.0,1.0,0.0,79.0,84.0,1.0
36672,2023-03-09 00:00:00,551.16,505.0,59.0,1.0,0.0,88.0,83.0,1.0
36673,2023-03-09 01:00:00,539.58,499.0,57.0,1.0,0.0,102.0,83.0,1.0
36674,2023-03-09 02:00:00,538.85,499.0,57.0,1.0,0.0,100.0,86.0,1.0
36675,2023-03-09 03:00:00,551.7,514.0,55.0,1.0,0.0,90.0,85.0,1.0
36676,2023-03-09 04:00:00,555.51,508.0,54.0,0.0,0.0,85.0,84.0,1.0
36677,2023-03-09 05:00:00,549.39,525.0,53.0,0.0,3.0,96.0,85.0,1.0
36678,2023-03-09 06:00:00,542.1,517.0,50.0,0.0,17.0,91.0,84.0,1.0
36679,2023-03-09 07:00:00,538.42,515.0,48.0,1.0,44.0,68.0,84.0,1.0
36680,2023-03-09 08:00:00,514.72,535.0,50.0,1.0,92.0,64.0,84.0,1.0
36681,2023-03-09 09:00:00,481.95,535.0,51.0,0.0,155.0,57.0,85.0,1.0
36682,2023-03-09 10:00:00,451.91,518.0,52.0,0.0,204.0,61.0,79.0,1.0
36683,2023-03-09 11:00:00,445.7,516.0,54.0,0.0,225.0,54.0,76.0,1.0
36684,2023-03-09 12:00:00,443.59,511.0,53.0,0.0,218.0,55.0,83.0,1.0
36685,2023-03-09 13:00:00,469.77,518.0,53.0,0.0,177.0,48.0,84.0,1.0
36686,2023-03-09 14:00:00,528.37,534.0,54.0,1.0,98.0,35.0,84.0,1.0
36687,2023-03-09 15:00:00,592.45,535.0,54.0,1.0,21.0,25.0,84.0,1.0
36688,2023-03-09 16:00:00,610.02,530.0,54.0,1.0,1.0,23.0,84.0,1.0
36689,2023-03-09 17:00:00,608.64,531.0,51.0,1.0,0.0,27.0,84.0,1.0
36690,2023-03-09 18:00:00,596.86,527.0,50.0,1.0,0.0,41.0,83.0,1.0
36691,2023-03-09 19:00:00,586.05,517.0,50.0,1.0,0.0,52.0,82.0,1.0
36692,2023-03-09 20:00:00,570.11,509.0,50.0,1.0,0.0,70.0,81.0,1.0
36693,2023-03-09 21:00:00,561.65,506.0,49.0,0.0,0.0,81.0,81.0,1.0
36694,2023-03-09 22:00:00,558.19,502.0,49.0,0.0,0.0,84.0,81.0,1.0
36695,2023-03-09 23:00:00,550.68,514.0,47.0,0.0,0.0,98.0,82.0,1.0
36696,2023-03-10 00:00:00,497.91,395.0,47.0,0.0,0.0,122.0,74.0,1.0
36697,2023-03-10 01:00:00,451.23,315.0,49.0,0.0,0.0,135.0,72.0,1.0
36698,2023-03-10 02:00:00,435.47,315.0,47.0,0.0,0.0,154.0,74.0,1.0
36699,2023-03-10 03:00:00,446.83,369.0,46.0,0.0,0.0,175.0,76.0,1.0
36700,2023-03-10 04:00:00,484.66,477.0,43.0,0.0,1.0,178.0,82.0,1.0
36701,2023-03-10 05:00:00,494.15,517.0,45.0,0.0,23.0,161.0,83.0,1.0
36702,2023-03-10 06:00:00,465.69,526.0,47.0,0.0,93.0,146.0,84.0,1.0
36703,2023-03-10 07:00:00,442.07,527.0,51.0,0.0,174.0,113.0,84.0,1.0
36704,2023-03-10 08:00:00,416.33,514.0,51.0,0.0,234.0,102.0,83.0,1.0
36705,2023-03-10 09:00:00,394.63,513.0,55.0,0.0,277.0,111.0,84.0,1.0
36706,2023-03-10 10:00:00,391.12,516.0,58.0,0.0,300.0,98.0,86.0,1.0
36707,2023-03-10 11:00:00,394.71,520.0,59.0,1.0,307.0,84.0,86.0,1.0
36708,2023-03-10 12:00:00,405.08,520.0,58.0,1.0,289.0,74.0,87.0,1.0
36709,2023-03-10 13:00:00,436.5,515.0,59.0,1.0,225.0,58.0,89.0,1.0
36710,2023-03-10 14:00:00,497.01,529.0,59.0,1.0,119.0,50.0,95.0,1.0
36711,2023-03-10 15:00:00,556.68,525.0,59.0,1.0,25.0,49.0,97.0,1.0
36712,2023-03-10 16:00:00,555.69,515.0,58.0,1.0,1.0,68.0,100.0,1.0
36713,2023-03-10 17:00:00,520.86,504.0,57.0,1.0,0.0,112.0,102.0,1.0
36714,2023-03-10 18:00:00,500.53,513.0,54.0,0.0,0.0,151.0,101.0,1.0
36715,2023-03-10 19:00:00,485.07,511.0,54.0,0.0,0.0,175.0,102.0,1.0
36716,2023-03-10 20:00:00,471.85,506.0,52.0,0.0,0.0,194.0,104.0,1.0
36717,2023-03-10 21:00:00,421.64,388.0,55.0,0.0,0.0,209.0,96.0,1.0
36718,2023-03-10 22:00:00,398.09,337.0,54.0,0.0,0.0,208.0,95.0,1.0
36719,2023-03-10 23:00:00,402.63,320.0,55.0,0.0,0.0,193.0,87.0,1.0
36720,2023-03-11 00:00:00,411.0,311.0,55.0,0.0,0.0,177.0,82.0,1.0
36721,2023-03-11 01:00:00,415.02,304.0,56.0,0.0,0.0,161.0,86.0,1.0
36722,2023-03-11 02:00:00,414.71,320.0,54.0,0.0,0.0,164.0,97.0,1.0
36723,2023-03-11 03:00:00,420.59,316.0,53.0,0.0,0.0,154.0,95.0,1.0
36724,2023-03-11 04:00:00,424.25,315.0,52.0,0.0,1.0,148.0,94.0,1.0
36725,2023-03-11 05:00:00,474.14,422.0,53.0,0.0,12.0,131.0,100.0,1.0
36726,2023-03-11 06:00:00,488.11,520.0,53.0,0.0,38.0,134.0,105.0,1.0
36727,2023-03-11 07:00:00,480.19,519.0,55.0,0.0,58.0,128.0,104.0,1.0
36728,2023-03-11 08:00:00,485.49,525.0,59.0,0.0,64.0,114.0,105.0,1.0
36729,2023-03-11 09:00:00,493.97,490.0,60.0,0.0,52.0,95.0,102.0,1.0
36730,2023-03-11 10:00:00,496.21,446.0,60.0,0.0,42.0,81.0,99.0,1.0
36731,2023-03-11 11:00:00,498.05,415.0,60.0,1.0,32.0,73.0,97.0,1.0
36732,2023-03-11 12:00:00,509.4,399.0,60.0,1.0,22.0,60.0,97.0,1.0
36733,2023-03-11 13:00:00,519.41,355.0,61.0,1.0,13.0,37.0,96.0,1.0
36734,2023-03-11 14:00:00,537.06,370.0,60.0,1.0,5.0,32.0,97.0,1.0
36735,2023-03-11 15:00:00,545.76,393.0,60.0,1.0,1.0,35.0,98.0,1.0
36736,2023-03-11 16:00:00,572.79,480.0,59.0,1.0,0.0,31.0,104.0,1.0
36737,2023-03-11 17:00:00,584.91,518.0,60.0,1.0,0.0,26.0,106.0,1.0
36738,2023-03-11 18:00:00,585.21,515.0,62.0,1.0,0.0,24.0,106.0,1.0
36739,2023-03-11 19:00:00,566.45,495.0,61.0,1.0,0.0,42.0,105.0,1.0
36740,2023-03-11 20:00:00,528.44,495.0,60.0,1.0,0.0,94.0,104.0,1.0
36741,2023-03-11 21:00:00,534.64,507.0,61.0,1.0,0.0,91.0,103.0,1.0
36742,2023-03-11 22:00:00,484.0,376.0,62.0,1.0,0.0,103.0,96.0,1.0
36743,2023-03-11 23:00:00,474.26,326.0,62.0,1.0,0.0,86.0,96.0,1.0
36744,2023-03-12 00:00:00,465.4,311.0,59.0,1.0,0.0,90.0,94.0,1.0
36745,2023-03-12 01:00:00,444.07,310.0,59.0,1.0,0.0,116.0,94.0,1.0
36746,2023-03-12 02:00:00,447.38,309.0,59.0,1.0,0.0,116.0,89.0,1.0
36747,2023-03-12 03:00:00,473.48,323.0,58.0,1.0,0.0,99.0,83.0,1.0
36748,2023-03-12 04:00:00,498.91,335.0,56.0,1.0,0.0,76.0,84.0,1.0
36749,2023-03-12 05:00:00,486.33,326.0,57.0,1.0,2.0,85.0,82.0,1.0
36750,2023-03-12 06:00:00,477.11,340.0,57.0,1.0,12.0,93.0,83.0,1.0
36751,2023-03-12 07:00:00,465.4,353.0,57.0,1.0,34.0,93.0,84.0,1.0
36752,2023-03-12 08:00:00,447.02,399.0,56.0,0.0,80.0,102.0,88.0,1.0
36753,2023-03-12 09:00:00,365.72,317.0,57.0,0.0,138.0,123.0,82.0,1.0
36754,2023-03-12 10:00:00,332.49,314.0,58.0,0.0,196.0,133.0,82.0,1.0
36755,2023-03-12 11:00:00,315.34,314.0,60.0,0.0,240.0,132.0,82.0,1.0
36756,2023-03-12 12:00:00,308.83,313.0,60.0,0.0,244.0,143.0,83.0,1.0
36757,2023-03-12 13:00:00,331.4,321.0,61.0,0.0,194.0,145.0,84.0,1.0
36758,2023-03-12 14:00:00,379.46,348.0,60.0,0.0,101.0,152.0,95.0,1.0
36759,2023-03-12 15:00:00,422.85,341.0,58.0,1.0,22.0,147.0,95.0,1.0
36760,2023-03-12 16:00:00,470.23,389.0,56.0,1.0,1.0,130.0,96.0,1.0
36761,2023-03-12 17:00:00,497.73,509.0,56.0,1.0,0.0,149.0,104.0,1.0
36762,2023-03-12 18:00:00,495.26,514.0,55.0,1.0,0.0,154.0,106.0,1.0
36763,2023-03-12 19:00:00,509.98,488.0,56.0,1.0,0.0,119.0,104.0,1.0
36764,2023-03-12 20:00:00,482.94,375.0,57.0,1.0,0.0,106.0,95.0,1.0
36765,2023-03-12 21:00:00,462.54,324.0,58.0,1.0,0.0,101.0,95.0,1.0
36766,2023-03-12 22:00:00,471.1,347.0,56.0,1.0,0.0,105.0,95.0,1.0
36767,2023-03-12 23:00:00,478.6,321.0,57.0,1.0,0.0,88.0,87.0,1.0
36768,2023-03-13 00:00:00,484.77,318.0,58.0,1.0,0.0,82.0,84.0,1.0
36769,2023-03-13 01:00:00,469.94,319.0,57.0,1.0,0.0,94.0,90.0,1.0
36770,2023-03-13 02:00:00,466.02,315.0,58.0,1.0,0.0,96.0,90.0,1.0
36771,2023-03-13 03:00:00,476.4,315.0,57.0,1.0,0.0,89.0,85.0,1.0
36772,2023-03-13 04:00:00,480.96,318.0,55.0,1.0,1.0,82.0,88.0,1.0
36773,2023-03-13 05:00:00,470.04,336.0,54.0,1.0,19.0,81.0,95.0,1.0
36774,2023-03-13 06:00:00,495.39,491.0,57.0,1.0,70.0,73.0,104.0,1.0
36775,2023-03-13 07:00:00,434.93,429.0,60.0,1.0,155.0,57.0,99.0,1.0
36776,2023-03-13 08:00:00,344.57,325.0,61.0,1.0,237.0,65.0,94.0,1.0
36777,2023-03-13 09:00:00,310.57,329.0,63.0,1.0,290.0,104.0,94.0,1.0
36778,2023-03-13 10:00:00,288.68,317.0,62.0,1.0,308.0,133.0,94.0,1.0
36779,2023-03-13 11:00:00,308.76,352.0,64.0,1.0,287.0,145.0,95.0,1.0
36780,2023-03-13 12:00:00,305.51,315.0,64.0,1.0,217.0,171.0,94.0,1.0
36781,2023-03-13 13:00:00,347.59,345.0,62.0,1.0,118.0,198.0,97.0,1.0
36782,2023-03-13 14:00:00,359.26,317.0,60.0,1.0,45.0,216.0,94.0,1.0
36783,2023-03-13 15:00:00,367.12,313.0,60.0,1.0,11.0,230.0,94.0,1.0
36784,2023-03-13 16:00:00,354.61,313.0,59.0,1.0,1.0,265.0,94.0,1.0
36785,2023-03-13 17:00:00,350.84,313.0,61.0,1.0,0.0,283.0,85.0,1.0
36786,2023-03-13 18:00:00,353.24,313.0,62.0,1.0,0.0,287.0,76.0,1.0
36787,2023-03-13 19:00:00,355.12,313.0,60.0,1.0,0.0,287.0,72.0,1.0
36788,2023-03-13 20:00:00,360.69,316.0,61.0,1.0,0.0,285.0,66.0,1.0
36789,2023-03-13 21:00:00,362.43,311.0,60.0,1.0,0.0,287.0,55.0,1.0
36790,2023-03-13 22:00:00,365.98,310.0,61.0,1.0,0.0,280.0,54.0,1.0
36791,2023-03-13 23:00:00,377.29,326.0,62.0,1.0,0.0,278.0,51.0,1.0
36792,2023-03-14 00:00:00,370.72,311.0,64.0,1.0,0.0,276.0,50.0,1.0
36793,2023-03-14 01:00:00,366.51,310.0,64.0,1.0,0.0,282.0,51.0,1.0
36794,2023-03-14 02:00:00,367.58,311.0,65.0,1.0,0.0,282.0,50.0,1.0
36795,2023-03-14 03:00:00,364.96,310.0,64.0,1.0,0.0,286.0,50.0,1.0
36796,2023-03-14 04:00:00,375.04,353.0,64.0,1.0,1.0,288.0,72.0,1.0
36797,2023-03-14 05:00:00,362.25,347.0,66.0,1.0,11.0,285.0,86.0,1.0
36798,2023-03-14 06:00:00,354.12,352.0,65.0,0.0,34.0,284.0,89.0,1.0
36799,2023-03-14 07:00:00,355.09,389.0,67.0,0.0,68.0,282.0,97.0,1.0
36800,2023-03-14 08:00:00,314.6,328.0,67.0,0.0,97.0,283.0,97.0,1.0
36801,2023-03-14 09:00:00,301.71,327.0,68.0,0.0,142.0,275.0,96.0,1.0
36802,2023-03-14 10:00:00,297.93,321.0,67.0,0.0,162.0,257.0,96.0,1.0
36803,2023-03-14 11:00:00,310.8,322.0,67.0,0.0,140.0,243.0,96.0,1.0
36804,2023-03-14 12:00:00,317.61,316.0,67.0,1.0,124.0,232.0,95.0,1.0
36805,2023-03-14 13:00:00,337.6,318.0,67.0,1.0,80.0,228.0,96.0,1.0
36806,2023-03-14 14:00:00,383.13,380.0,67.0,1.0,44.0,226.0,101.0,1.0
36807,2023-03-14 15:00:00,447.21,502.0,66.0,1.0,11.0,222.0,106.0,1.0
36808,2023-03-14 16:00:00,465.25,515.0,66.0,1.0,1.0,204.0,107.0,1.0
36809,2023-03-14 17:00:00,458.41,516.0,66.0,1.0,1.0,218.0,107.0,1.0
36810,2023-03-14 18:00:00,448.43,507.0,66.0,1.0,0.0,233.0,107.0,1.0
36811,2023-03-14 19:00:00,404.11,401.0,66.0,1.0,0.0,246.0,101.0,1.0
36812,2023-03-14 20:00:00,445.99,480.0,66.0,1.0,0.0,221.0,105.0,1.0
36813,2023-03-14 21:00:00,444.56,465.0,67.0,1.0,0.0,213.0,105.0,1.0
36814,2023-03-14 22:00:00,398.41,321.0,67.0,1.0,0.0,190.0,96.0,1.0
36815,2023-03-14 23:00:00,410.39,310.0,66.0,1.0,0.0,164.0,93.0,1.0
36816,2023-03-15 00:00:00,431.28,311.0,66.0,1.0,0.0,133.0,94.0,1.0
36817,2023-03-15 01:00:00,459.36,319.0,67.0,1.0,0.0,101.0,94.0,1.0
36818,2023-03-15 02:00:00,451.43,316.0,68.0,1.0,0.0,107.0,96.0,1.0
36819,2023-03-15 03:00:00,491.23,379.0,67.0,1.0,0.0,92.0,98.0,1.0
36820,2023-03-15 04:00:00,525.44,481.0,67.0,1.0,1.0,89.0,104.0,1.0
36821,2023-03-15 05:00:00,538.09,521.0,67.0,1.0,8.0,80.0,105.0,1.0
36822,2023-03-15 06:00:00,520.73,508.0,64.0,1.0,32.0,78.0,104.0,1.0
36823,2023-03-15 07:00:00,471.73,499.0,61.0,1.0,95.0,92.0,104.0,1.0
36824,2023-03-15 08:00:00,414.09,482.0,66.0,1.0,186.0,110.0,99.0,1.0
36825,2023-03-15 09:00:00,354.75,433.0,64.0,1.0,276.0,126.0,95.0,1.0
36826,2023-03-15 10:00:00,289.6,348.0,64.0,1.0,336.0,153.0,94.0,1.0
36827,2023-03-15 11:00:00,269.54,318.0,65.0,1.0,351.0,159.0,93.0,1.0
36828,2023-03-15 12:00:00,262.53,316.0,66.0,1.0,332.0,201.0,93.0,1.0
36829,2023-03-15 13:00:00,274.17,318.0,67.0,1.0,259.0,235.0,93.0,1.0
36830,2023-03-15 14:00:00,323.68,329.0,68.0,1.0,151.0,209.0,93.0,1.0
36831,2023-03-15 15:00:00,396.64,345.0,67.0,1.0,40.0,179.0,92.0,1.0
36832,2023-03-15 16:00:00,437.45,359.0,65.0,1.0,3.0,158.0,93.0,1.0
36833,2023-03-15 17:00:00,462.14,362.0,63.0,1.0,1.0,125.0,94.0,1.0
36834,2023-03-15 18:00:00,466.41,345.0,60.0,1.0,0.0,107.0,97.0,1.0
36835,2023-03-15 19:00:00,499.67,423.0,56.0,1.0,0.0,104.0,101.0,1.0
36836,2023-03-15 20:00:00,476.97,344.0,55.0,1.0,0.0,95.0,96.0,1.0
36837,2023-03-15 21:00:00,474.71,331.0,55.0,1.0,0.0,90.0,96.0,1.0
36838,2023-03-15 22:00:00,471.18,310.0,57.0,1.0,0.0,82.0,95.0,1.0
36839,2023-03-15 23:00:00,481.17,320.0,59.0,1.0,0.0,79.0,92.0,1.0
36840,2023-03-16 00:00:00,481.11,309.0,62.0,1.0,0.0,72.0,92.0,1.0
36841,2023-03-16 01:00:00,494.11,319.0,63.0,1.0,0.0,62.0,93.0,1.0
36842,2023-03-16 02:00:00,501.91,310.0,63.0,1.0,0.0,49.0,93.0,1.0
36843,2023-03-16 03:00:00,538.03,374.0,62.0,1.0,0.0,40.0,94.0,1.0
36844,2023-03-16 04:00:00,570.24,452.0,61.0,1.0,2.0,23.0,103.0,1.0
36845,2023-03-16 05:00:00,565.32,488.0,61.0,1.0,24.0,17.0,105.0,1.0
36846,2023-03-16 06:00:00,532.33,521.0,62.0,1.0,81.0,16.0,106.0,1.0
36847,2023-03-16 07:00:00,475.48,511.0,63.0,1.0,167.0,21.0,103.0,1.0
36848,2023-03-16 08:00:00,390.88,418.0,60.0,1.0,266.0,28.0,97.0,1.0
36849,2023-03-16 09:00:00,350.01,396.0,61.0,1.0,339.0,35.0,93.0,1.0
36850,2023-03-16 10:00:00,299.68,327.0,63.0,1.0,387.0,37.0,93.0,1.0
36851,2023-03-16 11:00:00,296.99,323.0,59.0,1.0,390.0,35.0,93.0,1.0
36852,2023-03-16 12:00:00,302.82,315.0,61.0,1.0,363.0,34.0,92.0,1.0
36853,2023-03-16 13:00:00,347.23,330.0,62.0,1.0,274.0,27.0,95.0,1.0
36854,2023-03-16 14:00:00,413.04,319.0,61.0,1.0,148.0,19.0,94.0,1.0
36855,2023-03-16 15:00:00,540.68,418.0,59.0,1.0,39.0,12.0,99.0,1.0
36856,2023-03-16 16:00:00,600.47,522.0,59.0,1.0,2.0,8.0,105.0,1.0
36857,2023-03-16 17:00:00,604.65,530.0,57.0,1.0,0.0,8.0,105.0,1.0
36858,2023-03-16 18:00:00,598.92,513.0,60.0,1.0,0.0,9.0,105.0,1.0
36859,2023-03-16 19:00:00,593.28,467.0,59.0,1.0,0.0,8.0,100.0,1.0
36860,2023-03-16 20:00:00,585.19,433.0,58.0,1.0,0.0,8.0,99.0,1.0
36861,2023-03-16 21:00:00,556.82,341.0,58.0,1.0,0.0,7.0,97.0,1.0
36862,2023-03-16 22:00:00,540.17,284.0,56.0,1.0,0.0,8.0,89.0,1.0
36863,2023-03-16 23:00:00,550.06,254.0,58.0,1.0,0.0,9.0,68.0,1.0
36864,2023-03-17 00:00:00,538.79,226.0,57.0,1.0,0.0,10.0,64.0,1.0
36865,2023-03-17 01:00:00,522.49,224.0,58.0,1.0,0.0,17.0,67.0,1.0
36866,2023-03-17 02:00:00,521.34,250.0,57.0,1.0,0.0,18.0,79.0,1.0
36867,2023-03-17 03:00:00,510.24,234.0,57.0,1.0,1.0,19.0,78.0,1.0
36868,2023-03-17 04:00:00,529.05,275.0,57.0,1.0,4.0,20.0,78.0,1.0
36869,2023-03-17 05:00:00,506.46,362.0,57.0,1.0,57.0,28.0,80.0,1.0
36870,2023-03-17 06:00:00,414.7,370.0,60.0,1.0,184.0,37.0,80.0,1.0
36871,2023-03-17 07:00:00,327.63,326.0,62.0,1.0,318.0,41.0,79.0,1.0
36872,2023-03-17 08:00:00,267.92,265.0,66.0,1.0,391.0,43.0,78.0,1.0
36873,2023-03-17 09:00:00,237.61,228.0,67.0,1.0,416.0,50.0,73.0,1.0
36874,2023-03-17 10:00:00,237.97,219.0,67.0,1.0,393.0,52.0,73.0,1.0
36875,2023-03-17 11:00:00,256.02,225.0,67.0,1.0,352.0,55.0,66.0,1.0
36876,2023-03-17 12:00:00,279.13,221.0,59.0,1.0,285.0,53.0,62.0,1.0
36877,2023-03-17 13:00:00,296.63,217.0,61.0,1.0,210.0,76.0,68.0,1.0
36878,2023-03-17 14:00:00,388.66,285.0,58.0,1.0,100.0,93.0,76.0,1.0
36879,2023-03-17 15:00:00,442.01,300.0,56.0,1.0,28.0,103.0,75.0,1.0
36880,2023-03-17 16:00:00,455.72,311.0,58.0,1.0,2.0,119.0,75.0,1.0
36881,2023-03-17 17:00:00,458.51,308.0,61.0,1.0,0.0,114.0,76.0,1.0
36882,2023-03-17 18:00:00,432.05,287.0,57.0,1.0,0.0,133.0,76.0,1.0
36883,2023-03-17 19:00:00,383.43,246.0,60.0,1.0,0.0,165.0,74.0,1.0
36884,2023-03-17 20:00:00,361.77,218.0,63.0,1.0,0.0,187.0,54.0,1.0
36885,2023-03-17 21:00:00,361.74,237.0,65.0,1.0,0.0,211.0,51.0,1.0
36886,2023-03-17 22:00:00,298.48,167.0,62.0,1.0,0.0,220.0,53.0,1.0
36887,2023-03-17 23:00:00,214.64,79.0,63.0,1.0,0.0,203.0,44.0,1.0
36888,2023-03-18 00:00:00,208.16,76.0,64.0,1.0,0.0,213.0,39.0,1.0
36889,2023-03-18 01:00:00,181.46,60.0,65.0,1.0,0.0,222.0,38.0,1.0
36890,2023-03-18 02:00:00,177.98,57.0,68.0,1.0,0.0,223.0,38.0,1.0
36891,2023-03-18 03:00:00,179.76,61.0,67.0,1.0,0.0,231.0,38.0,1.0
36892,2023-03-18 04:00:00,182.87,66.0,67.0,1.0,2.0,236.0,40.0,1.0
36893,2023-03-18 05:00:00,164.0,64.0,66.0,1.0,20.0,253.0,44.0,1.0
36894,2023-03-18 06:00:00,162.47,74.0,66.0,1.0,54.0,260.0,44.0,1.0
36895,2023-03-18 07:00:00,136.78,67.0,66.0,1.0,107.0,269.0,44.0,1.0
36896,2023-03-18 08:00:00,114.89,60.0,64.0,1.0,168.0,270.0,44.0,1.0
36897,2023-03-18 09:00:00,105.32,61.0,67.0,1.0,232.0,275.0,44.0,1.0
36898,2023-03-18 10:00:00,98.79,61.0,67.0,1.0,266.0,286.0,44.0,1.0
36899,2023-03-18 11:00:00,97.1,60.0,66.0,1.0,261.0,298.0,40.0,1.0
36900,2023-03-18 12:00:00,108.54,67.0,65.0,1.0,225.0,298.0,39.0,1.0
36901,2023-03-18 13:00:00,129.89,71.0,65.0,1.0,140.0,288.0,39.0,1.0
36902,2023-03-18 14:00:00,169.36,87.0,66.0,1.0,65.0,278.0,40.0,1.0
36903,2023-03-18 15:00:00,172.14,77.0,65.0,1.0,18.0,280.0,41.0,1.0
36904,2023-03-18 16:00:00,161.08,68.0,66.0,1.0,1.0,275.0,64.0,1.0
36905,2023-03-18 17:00:00,234.29,139.0,65.0,1.0,0.0,264.0,86.0,1.0
36906,2023-03-18 18:00:00,212.58,112.0,66.0,1.0,0.0,255.0,83.0,1.0
36907,2023-03-18 19:00:00,180.48,64.0,66.0,1.0,0.0,198.0,78.0,1.0
36908,2023-03-18 20:00:00,193.35,63.0,65.0,1.0,0.0,183.0,62.0,1.0
36909,2023-03-18 21:00:00,211.72,69.0,65.0,1.0,0.0,183.0,45.0,1.0
36910,2023-03-18 22:00:00,198.36,61.0,64.0,1.0,0.0,184.0,45.0,1.0
36911,2023-03-18 23:00:00,207.88,63.0,64.0,1.0,0.0,176.0,42.0,1.0
36912,2023-03-19 00:00:00,228.53,61.0,64.0,1.0,0.0,144.0,38.0,1.0
36913,2023-03-19 01:00:00,235.23,62.0,65.0,1.0,0.0,138.0,38.0,1.0
36914,2023-03-19 02:00:00,249.05,61.0,67.0,1.0,0.0,116.0,42.0,1.0
36915,2023-03-19 03:00:00,266.86,57.0,66.0,1.0,0.0,89.0,42.0,1.0
36916,2023-03-19 04:00:00,269.24,59.0,65.0,1.0,2.0,74.0,56.0,1.0
36917,2023-03-19 05:00:00,259.6,65.0,67.0,1.0,14.0,61.0,79.0,1.0
36918,2023-03-19 06:00:00,254.81,63.0,66.0,1.0,35.0,42.0,78.0,1.0
36919,2023-03-19 07:00:00,269.42,79.0,67.0,1.0,59.0,30.0,80.0,1.0
36920,2023-03-19 08:00:00,289.82,102.0,67.0,1.0,80.0,30.0,74.0,1.0
36921,2023-03-19 09:00:00,258.57,84.0,67.0,1.0,94.0,25.0,73.0,1.0
36922,2023-03-19 10:00:00,259.99,91.0,68.0,1.0,107.0,25.0,72.0,1.0
36923,2023-03-19 11:00:00,247.33,75.0,71.0,1.0,104.0,25.0,62.0,1.0
36924,2023-03-19 12:00:00,255.96,61.0,71.0,1.0,77.0,21.0,54.0,1.0
36925,2023-03-19 13:00:00,283.11,66.0,71.0,1.0,54.0,19.0,60.0,1.0
36926,2023-03-19 14:00:00,358.19,108.0,68.0,1.0,34.0,16.0,73.0,1.0
36927,2023-03-19 15:00:00,472.93,193.0,66.0,1.0,13.0,16.0,73.0,1.0
36928,2023-03-19 16:00:00,495.53,202.0,67.0,1.0,1.0,15.0,74.0,1.0
36929,2023-03-19 17:00:00,482.12,205.0,66.0,1.0,0.0,22.0,80.0,1.0
36930,2023-03-19 18:00:00,490.41,212.0,64.0,1.0,0.0,18.0,82.0,1.0
36931,2023-03-19 19:00:00,474.32,192.0,63.0,1.0,0.0,16.0,85.0,1.0
36932,2023-03-19 20:00:00,449.61,129.0,64.0,1.0,0.0,16.0,61.0,1.0
36933,2023-03-19 21:00:00,401.4,79.0,64.0,1.0,0.0,19.0,46.0,1.0
36934,2023-03-19 22:00:00,363.93,61.0,62.0,1.0,0.0,21.0,46.0,1.0
36935,2023-03-19 23:00:00,369.6,60.0,64.0,1.0,0.0,21.0,42.0,1.0
36936,2023-03-20 00:00:00,388.07,59.0,65.0,1.0,0.0,15.0,38.0,1.0
36937,2023-03-20 01:00:00,377.54,61.0,66.0,1.0,0.0,15.0,45.0,1.0
36938,2023-03-20 02:00:00,336.79,58.0,65.0,1.0,0.0,14.0,65.0,1.0
36939,2023-03-20 03:00:00,317.84,58.0,64.0,1.0,0.0,21.0,70.0,1.0
36940,2023-03-20 04:00:00,415.28,126.0,64.0,1.0,4.0,22.0,71.0,1.0
36941,2023-03-20 05:00:00,423.06,184.0,63.0,1.0,33.0,30.0,75.0,1.0
36942,2023-03-20 06:00:00,381.51,203.0,63.0,1.0,90.0,37.0,72.0,1.0
36943,2023-03-20 07:00:00,350.09,197.0,65.0,1.0,126.0,43.0,65.0,1.0
36944,2023-03-20 08:00:00,320.23,195.0,67.0,1.0,160.0,55.0,63.0,1.0
36945,2023-03-20 09:00:00,295.13,197.0,70.0,1.0,200.0,65.0,63.0,1.0
36946,2023-03-20 10:00:00,269.74,194.0,68.0,1.0,246.0,70.0,62.0,1.0
36947,2023-03-20 11:00:00,251.48,166.0,68.0,1.0,234.0,75.0,59.0,1.0
36948,2023-03-20 12:00:00,279.97,169.0,69.0,1.0,162.0,91.0,59.0,1.0
36949,2023-03-20 13:00:00,314.38,158.0,69.0,1.0,91.0,86.0,59.0,1.0
36950,2023-03-20 14:00:00,364.37,156.0,67.0,1.0,39.0,72.0,59.0,1.0
36951,2023-03-20 15:00:00,424.46,185.0,67.0,1.0,12.0,61.0,64.0,1.0
36952,2023-03-20 16:00:00,429.32,180.0,65.0,1.0,1.0,60.0,68.0,1.0
36953,2023-03-20 17:00:00,446.68,188.0,65.0,1.0,0.0,52.0,68.0,1.0
36954,2023-03-20 18:00:00,448.53,202.0,66.0,1.0,0.0,58.0,70.0,1.0
36955,2023-03-20 19:00:00,455.15,193.0,67.0,1.0,0.0,47.0,69.0,1.0
36956,2023-03-20 20:00:00,471.41,194.0,65.0,1.0,0.0,33.0,71.0,1.0
36957,2023-03-20 21:00:00,468.81,176.0,69.0,1.0,0.0,23.0,71.0,1.0
36958,2023-03-20 22:00:00,444.06,146.0,67.0,1.0,0.0,21.0,71.0,1.0
36959,2023-03-20 23:00:00,430.59,154.0,65.0,1.0,0.0,39.0,69.0,1.0
36960,2023-03-21 00:00:00,423.8,162.0,62.0,1.0,0.0,53.0,67.0,1.0
36961,2023-03-21 01:00:00,391.58,153.0,62.0,1.0,0.0,72.0,68.0,1.0
36962,2023-03-21 02:00:00,378.84,151.0,62.0,1.0,0.0,79.0,71.0,1.0
36963,2023-03-21 03:00:00,372.82,154.0,63.0,1.0,0.0,87.0,72.0,1.0
36964,2023-03-21 04:00:00,394.29,189.0,61.0,1.0,1.0,97.0,73.0,1.0
36965,2023-03-21 05:00:00,426.11,210.0,60.0,1.0,10.0,72.0,74.0,1.0
36966,2023-03-21 06:00:00,435.44,216.0,62.0,1.0,32.0,44.0,75.0,1.0
36967,2023-03-21 07:00:00,419.85,216.0,62.0,1.0,58.0,36.0,73.0,1.0
36968,2023-03-21 08:00:00,401.15,213.0,64.0,1.0,84.0,28.0,73.0,1.0
36969,2023-03-21 09:00:00,353.07,198.0,66.0,1.0,131.0,28.0,72.0,1.0
36970,2023-03-21 10:00:00,303.36,200.0,64.0,1.0,204.0,38.0,73.0,1.0
36971,2023-03-21 11:00:00,268.55,196.0,64.0,1.0,264.0,50.0,69.0,1.0
36972,2023-03-21 12:00:00,231.52,165.0,65.0,0.0,290.0,59.0,68.0,1.0
36973,2023-03-21 13:00:00,243.14,161.0,64.0,1.0,253.0,55.0,68.0,1.0
36974,2023-03-21 14:00:00,297.69,166.0,67.0,1.0,155.0,50.0,69.0,1.0
36975,2023-03-21 15:00:00,413.62,205.0,67.0,1.0,44.0,46.0,74.0,1.0
36976,2023-03-21 16:00:00,461.1,203.0,65.0,1.0,4.0,40.0,74.0,1.0
36977,2023-03-21 17:00:00,460.91,204.0,64.0,1.0,1.0,43.0,75.0,1.0
36978,2023-03-21 18:00:00,452.44,208.0,64.0,1.0,0.0,54.0,75.0,1.0
36979,2023-03-21 19:00:00,430.98,192.0,63.0,1.0,0.0,62.0,75.0,1.0
36980,2023-03-21 20:00:00,409.65,161.0,63.0,1.0,0.0,69.0,62.0,1.0
36981,2023-03-21 21:00:00,406.99,156.0,63.0,1.0,0.0,68.0,61.0,1.0
36982,2023-03-21 22:00:00,437.79,165.0,63.0,1.0,0.0,50.0,61.0,1.0
36983,2023-03-21 23:00:00,473.63,170.0,64.0,1.0,0.0,38.0,50.0,1.0
36984,2023-03-22 00:00:00,477.29,159.0,64.0,1.0,0.0,34.0,45.0,1.0
36985,2023-03-22 01:00:00,474.63,158.0,69.0,1.0,0.0,32.0,47.0,1.0
36986,2023-03-22 02:00:00,466.49,159.0,69.0,1.0,0.0,37.0,48.0,1.0
36987,2023-03-22 03:00:00,457.25,157.0,64.0,1.0,0.0,46.0,45.0,1.0
36988,2023-03-22 04:00:00,414.43,159.0,65.0,1.0,3.0,61.0,61.0,1.0
36989,2023-03-22 05:00:00,381.95,163.0,59.0,1.0,17.0,68.0,74.0,1.0
36990,2023-03-22 06:00:00,354.63,179.0,64.0,1.0,36.0,93.0,78.0,1.0
36991,2023-03-22 07:00:00,339.99,189.0,66.0,1.0,51.0,110.0,78.0,1.0
36992,2023-03-22 08:00:00,332.7,193.0,66.0,1.0,61.0,128.0,66.0,1.0
36993,2023-03-22 09:00:00,283.93,169.0,68.0,1.0,81.0,165.0,58.0,1.0
36994,2023-03-22 10:00:00,252.92,162.0,69.0,1.0,104.0,198.0,55.0,1.0
36995,2023-03-22 11:00:00,258.2,161.0,69.0,1.0,92.0,218.0,33.0,1.0
36996,2023-03-22 12:00:00,296.56,183.0,69.0,1.0,56.0,222.0,25.0,1.0
36997,2023-03-22 13:00:00,306.3,172.0,69.0,1.0,32.0,213.0,24.0,1.0
36998,2023-03-22 14:00:00,304.66,166.0,70.0,1.0,15.0,223.0,25.0,1.0
36999,2023-03-22 15:00:00,307.89,161.0,68.0,1.0,5.0,220.0,25.0,1.0
37000,2023-03-22 16:00:00,314.91,170.0,68.0,1.0,1.0,227.0,24.0,1.0
37001,2023-03-22 17:00:00,312.2,174.0,68.0,1.0,0.0,237.0,25.0,1.0
37002,2023-03-22 18:00:00,292.37,161.0,66.0,1.0,0.0,250.0,25.0,1.0
37003,2023-03-22 19:00:00,286.09,160.0,68.0,1.0,0.0,257.0,28.0,1.0
37004,2023-03-22 20:00:00,277.43,159.0,67.0,1.0,0.0,265.0,34.0,1.0
37005,2023-03-22 21:00:00,282.83,162.0,67.0,1.0,0.0,255.0,39.0,1.0
37006,2023-03-22 22:00:00,275.26,154.0,66.0,1.0,0.0,254.0,40.0,1.0
37007,2023-03-22 23:00:00,274.3,156.0,65.0,1.0,0.0,259.0,40.0,1.0
37008,2023-03-23 00:00:00,266.79,154.0,65.0,1.0,0.0,269.0,41.0,1.0
37009,2023-03-23 01:00:00,271.47,155.0,66.0,1.0,0.0,263.0,40.0,1.0
37010,2023-03-23 02:00:00,281.65,156.0,67.0,1.0,0.0,246.0,40.0,1.0
37011,2023-03-23 03:00:00,292.61,155.0,66.0,1.0,0.0,231.0,34.0,1.0
37012,2023-03-23 04:00:00,300.32,156.0,66.0,1.0,1.0,225.0,28.0,1.0
37013,2023-03-23 05:00:00,299.55,157.0,67.0,1.0,17.0,216.0,24.0,1.0
37014,2023-03-23 06:00:00,291.76,162.0,71.0,1.0,53.0,202.0,24.0,1.0
37015,2023-03-23 07:00:00,259.71,160.0,72.0,1.0,104.0,210.0,25.0,1.0
37016,2023-03-23 08:00:00,240.86,167.0,74.0,1.0,168.0,208.0,24.0,1.0
37017,2023-03-23 09:00:00,224.32,165.0,73.0,1.0,212.0,206.0,24.0,1.0
37018,2023-03-23 10:00:00,223.3,163.0,71.0,1.0,216.0,198.0,25.0,1.0
37019,2023-03-23 11:00:00,229.9,167.0,68.0,1.0,207.0,195.0,25.0,1.0
37020,2023-03-23 12:00:00,246.38,160.0,64.0,1.0,158.0,180.0,28.0,1.0
37021,2023-03-23 13:00:00,280.23,160.0,50.0,1.0,108.0,145.0,37.0,1.0
37022,2023-03-23 14:00:00,336.97,166.0,50.0,1.0,52.0,115.0,46.0,1.0
37023,2023-03-23 15:00:00,391.94,176.0,49.0,1.0,16.0,95.0,51.0,1.0
37024,2023-03-23 16:00:00,394.17,161.0,47.0,1.0,2.0,84.0,60.0,1.0
37025,2023-03-23 17:00:00,386.73,158.0,46.0,1.0,0.0,75.0,75.0,1.0
37026,2023-03-23 18:00:00,400.8,168.0,39.0,1.0,0.0,71.0,76.0,1.0
37027,2023-03-23 19:00:00,406.6,166.0,41.0,1.0,0.0,67.0,73.0,1.0
37028,2023-03-23 20:00:00,440.26,166.0,43.0,1.0,0.0,67.0,46.0,1.0
37029,2023-03-23 21:00:00,453.5,155.0,49.0,1.0,0.0,62.0,33.0,1.0
37030,2023-03-23 22:00:00,471.63,155.0,51.0,1.0,0.0,50.0,33.0,1.0
37031,2023-03-23 23:00:00,509.98,159.0,44.0,1.0,0.0,34.0,31.0,1.0
37032,2023-03-24 00:00:00,522.36,152.0,42.0,1.0,0.0,31.0,25.0,1.0
37033,2023-03-24 01:00:00,516.22,152.0,42.0,1.0,0.0,34.0,25.0,1.0
37034,2023-03-24 02:00:00,478.67,152.0,42.0,1.0,0.0,44.0,35.0,1.0
37035,2023-03-24 03:00:00,449.06,153.0,41.0,1.0,0.0,65.0,33.0,1.0
37036,2023-03-24 04:00:00,414.94,160.0,41.0,1.0,3.0,82.0,43.0,1.0
37037,2023-03-24 05:00:00,369.99,156.0,40.0,1.0,18.0,91.0,55.0,1.0
37038,2023-03-24 06:00:00,342.99,158.0,41.0,1.0,45.0,92.0,58.0,1.0
37039,2023-03-24 07:00:00,312.02,160.0,40.0,1.0,77.0,99.0,61.0,1.0
37040,2023-03-24 08:00:00,292.22,162.0,44.0,1.0,116.0,112.0,43.0,1.0
37041,2023-03-24 09:00:00,241.51,158.0,44.0,1.0,189.0,139.0,35.0,1.0
37042,2023-03-24 10:00:00,202.71,161.0,37.0,1.0,269.0,173.0,32.0,1.0
37043,2023-03-24 11:00:00,210.98,158.0,36.0,1.0,252.0,159.0,28.0,1.0
37044,2023-03-24 12:00:00,227.78,156.0,40.0,1.0,213.0,151.0,26.0,1.0
37045,2023-03-24 13:00:00,305.34,186.0,48.0,1.0,123.0,137.0,27.0,1.0
37046,2023-03-24 14:00:00,368.87,204.0,41.0,1.0,40.0,149.0,27.0,1.0
37047,2023-03-24 15:00:00,374.05,186.0,42.0,1.0,12.0,152.0,27.0,1.0
37048,2023-03-24 16:00:00,353.44,169.0,42.0,1.0,1.0,154.0,41.0,1.0
37049,2023-03-24 17:00:00,320.08,154.0,42.0,1.0,0.0,171.0,47.0,1.0
37050,2023-03-24 18:00:00,312.28,160.0,42.0,1.0,0.0,191.0,46.0,1.0
37051,2023-03-24 19:00:00,290.08,156.0,41.0,1.0,0.0,221.0,43.0,1.0
37052,2023-03-24 20:00:00,295.27,158.0,41.0,1.0,0.0,227.0,32.0,1.0
37053,2023-03-24 21:00:00,303.03,158.0,40.0,1.0,0.0,221.0,26.0,1.0
37054,2023-03-24 22:00:00,299.48,157.0,41.0,1.0,0.0,225.0,26.0,1.0
37055,2023-03-24 23:00:00,283.73,154.0,41.0,1.0,0.0,241.0,30.0,1.0
37056,2023-03-25 00:00:00,285.15,153.0,41.0,1.0,0.0,232.0,35.0,1.0
37057,2023-03-25 01:00:00,278.14,153.0,42.0,1.0,0.0,238.0,41.0,1.0
37058,2023-03-25 02:00:00,267.63,155.0,41.0,1.0,0.0,260.0,41.0,1.0
37059,2023-03-25 03:00:00,265.35,157.0,41.0,1.0,1.0,267.0,41.0,1.0
37060,2023-03-25 04:00:00,254.64,154.0,40.0,1.0,3.0,278.0,43.0,1.0
37061,2023-03-25 05:00:00,248.0,155.0,40.0,1.0,13.0,281.0,46.0,1.0
37062,2023-03-25 06:00:00,245.6,158.0,37.0,1.0,30.0,277.0,43.0,1.0
37063,2023-03-25 07:00:00,234.67,156.0,37.0,1.0,61.0,272.0,38.0,1.0
37064,2023-03-25 08:00:00,216.16,157.0,37.0,1.0,131.0,259.0,32.0,1.0
37065,2023-03-25 09:00:00,197.99,156.0,36.0,1.0,212.0,233.0,30.0,1.0
37066,2023-03-25 10:00:00,198.67,160.0,36.0,1.0,258.0,197.0,29.0,1.0
37067,2023-03-25 11:00:00,214.73,161.0,38.0,1.0,258.0,150.0,29.0,1.0
37068,2023-03-25 12:00:00,241.93,160.0,51.0,1.0,213.0,127.0,30.0,1.0
37069,2023-03-25 13:00:00,284.15,159.0,52.0,1.0,162.0,90.0,30.0,1.0
37070,2023-03-25 14:00:00,364.41,159.0,53.0,1.0,85.0,59.0,29.0,1.0
37071,2023-03-25 15:00:00,436.4,159.0,54.0,1.0,31.0,46.0,32.0,1.0
37072,2023-03-25 16:00:00,463.99,161.0,59.0,1.0,4.0,50.0,36.0,1.0
37073,2023-03-25 17:00:00,425.5,159.0,64.0,1.0,0.0,75.0,41.0,1.0
37074,2023-03-25 18:00:00,426.75,159.0,64.0,1.0,0.0,76.0,39.0,1.0
37075,2023-03-25 19:00:00,407.78,151.0,63.0,1.0,0.0,88.0,36.0,1.0
37076,2023-03-25 20:00:00,420.1,157.0,62.0,1.0,0.0,85.0,34.0,1.0
37077,2023-03-25 21:00:00,405.49,159.0,62.0,1.0,0.0,101.0,32.0,1.0
37078,2023-03-25 22:00:00,445.79,155.0,62.0,1.0,0.0,66.0,32.0,1.0
37079,2023-03-25 23:00:00,491.05,170.0,62.0,1.0,0.0,48.0,29.0,1.0
37080,2023-03-26 00:00:00,501.98,154.0,62.0,1.0,0.0,37.0,25.0,1.0
37081,2023-03-26 01:00:00,499.66,152.0,63.0,1.0,0.0,35.0,27.0,1.0
37082,2023-03-26 02:00:00,514.34,151.0,65.0,1.0,0.0,28.0,25.0,1.0
37083,2023-03-26 03:00:00,523.06,155.0,66.0,1.0,0.0,24.0,26.0,1.0
37084,2023-03-26 04:00:00,509.65,150.0,65.0,1.0,3.0,22.0,30.0,1.0
37085,2023-03-26 05:00:00,481.98,152.0,64.0,1.0,16.0,26.0,30.0,1.0
37086,2023-03-26 06:00:00,422.88,154.0,65.0,1.0,34.0,34.0,46.0,1.0
37087,2023-03-26 07:00:00,402.09,166.0,65.0,1.0,48.0,41.0,53.0,1.0
37088,2023-03-26 08:00:00,399.54,181.0,64.0,1.0,64.0,41.0,53.0,1.0
37089,2023-03-26 09:00:00,371.52,169.0,64.0,1.0,81.0,42.0,53.0,1.0
37090,2023-03-26 10:00:00,317.74,111.0,65.0,0.0,87.0,44.0,35.0,1.0
37091,2023-03-26 11:00:00,302.77,93.0,66.0,1.0,77.0,47.0,31.0,1.0
37092,2023-03-26 12:00:00,283.35,90.0,64.0,1.0,71.0,57.0,43.0,1.0
37093,2023-03-26 13:00:00,284.54,98.0,64.0,1.0,67.0,62.0,54.0,1.0
37094,2023-03-26 14:00:00,280.31,93.0,65.0,1.0,47.0,75.0,58.0,1.0
37095,2023-03-26 15:00:00,335.3,130.0,64.0,1.0,17.0,84.0,70.0,1.0
37096,2023-03-26 16:00:00,357.41,144.0,62.0,1.0,2.0,86.0,76.0,1.0
37097,2023-03-26 17:00:00,347.54,141.0,62.0,1.0,0.0,95.0,76.0,1.0
37098,2023-03-26 18:00:00,311.05,111.0,63.0,1.0,0.0,98.0,74.0,1.0
37099,2023-03-26 19:00:00,313.26,98.0,63.0,1.0,0.0,101.0,50.0,1.0
37100,2023-03-26 20:00:00,333.98,107.0,63.0,1.0,0.0,108.0,35.0,1.0
37101,2023-03-26 21:00:00,332.16,101.0,63.0,1.0,0.0,101.0,36.0,1.0
37102,2023-03-26 22:00:00,343.96,108.0,62.0,1.0,0.0,99.0,36.0,1.0
37103,2023-03-26 23:00:00,334.35,94.0,62.0,1.0,0.0,93.0,33.0,1.0
37104,2023-03-27 00:00:00,343.34,91.0,63.0,1.0,0.0,82.0,33.0,1.0
37105,2023-03-27 01:00:00,342.18,91.0,64.0,1.0,0.0,78.0,38.0,1.0
37106,2023-03-27 02:00:00,352.85,93.0,63.0,1.0,0.0,71.0,39.0,1.0
37107,2023-03-27 03:00:00,354.56,102.0,63.0,1.0,0.0,67.0,52.0,1.0
37108,2023-03-27 04:00:00,388.31,151.0,64.0,1.0,3.0,64.0,74.0,1.0
37109,2023-03-27 05:00:00,422.46,206.0,64.0,1.0,13.0,66.0,77.0,1.0
37110,2023-03-27 06:00:00,407.79,217.0,63.0,1.0,34.0,71.0,76.0,1.0
37111,2023-03-27 07:00:00,378.2,194.0,63.0,1.0,52.0,66.0,76.0,1.0
37112,2023-03-27 08:00:00,321.64,150.0,65.0,1.0,70.0,68.0,76.0,1.0
37113,2023-03-27 09:00:00,234.96,91.0,63.0,1.0,96.0,69.0,75.0,1.0
37114,2023-03-27 10:00:00,215.39,94.0,65.0,1.0,123.0,95.0,67.0,1.0
37115,2023-03-27 11:00:00,207.58,94.0,64.0,1.0,139.0,101.0,61.0,1.0
37116,2023-03-27 12:00:00,201.33,91.0,64.0,1.0,128.0,118.0,61.0,1.0
37117,2023-03-27 13:00:00,207.23,91.0,63.0,1.0,92.0,140.0,61.0,1.0
37118,2023-03-27 14:00:00,208.47,90.0,66.0,1.0,60.0,169.0,61.0,1.0
37119,2023-03-27 15:00:00,236.47,91.0,71.0,1.0,28.0,148.0,66.0,1.0
37120,2023-03-27 16:00:00,323.59,155.0,71.0,1.0,4.0,140.0,75.0,1.0
37121,2023-03-27 17:00:00,379.71,184.0,70.0,1.0,1.0,102.0,79.0,1.0
37122,2023-03-27 18:00:00,354.32,133.0,70.0,1.0,0.0,79.0,76.0,1.0
37123,2023-03-27 19:00:00,338.69,91.0,66.0,1.0,0.0,70.0,49.0,1.0
37124,2023-03-27 20:00:00,362.35,93.0,64.0,1.0,0.0,61.0,42.0,1.0
37125,2023-03-27 21:00:00,385.68,98.0,64.0,1.0,0.0,51.0,41.0,1.0
37126,2023-03-27 22:00:00,429.05,126.0,62.0,1.0,0.0,46.0,42.0,1.0
37127,2023-03-27 23:00:00,379.79,100.0,63.0,1.0,0.0,55.0,43.0,1.0
37128,2023-03-28 00:00:00,337.49,89.0,61.0,1.0,0.0,68.0,49.0,1.0
37129,2023-03-28 01:00:00,330.27,89.0,62.0,1.0,0.0,73.0,50.0,1.0
37130,2023-03-28 02:00:00,338.44,88.0,61.0,1.0,0.0,68.0,47.0,1.0
37131,2023-03-28 03:00:00,413.22,168.0,61.0,1.0,1.0,66.0,67.0,1.0
37132,2023-03-28 04:00:00,428.61,211.0,62.0,1.0,8.0,68.0,78.0,1.0
37133,2023-03-28 05:00:00,416.4,215.0,61.0,1.0,40.0,52.0,78.0,1.0
37134,2023-03-28 06:00:00,379.91,213.0,62.0,1.0,89.0,45.0,77.0,1.0
37135,2023-03-28 07:00:00,322.51,197.0,61.0,1.0,140.0,58.0,78.0,1.0
37136,2023-03-28 08:00:00,252.05,146.0,63.0,1.0,187.0,60.0,77.0,1.0
37137,2023-03-28 09:00:00,183.74,88.0,64.0,1.0,207.0,60.0,75.0,1.0
37138,2023-03-28 10:00:00,190.35,88.0,60.0,1.0,209.0,51.0,61.0,1.0
37139,2023-03-28 11:00:00,201.96,87.0,61.0,1.0,192.0,43.0,57.0,1.0
37140,2023-03-28 12:00:00,222.78,87.0,66.0,1.0,151.0,42.0,61.0,1.0
37141,2023-03-28 13:00:00,244.18,86.0,64.0,1.0,113.0,30.0,72.0,1.0
37142,2023-03-28 14:00:00,324.27,129.0,63.0,1.0,83.0,23.0,76.0,1.0
37143,2023-03-28 15:00:00,432.36,198.0,65.0,1.0,42.0,19.0,79.0,1.0
37144,2023-03-28 16:00:00,483.42,212.0,66.0,1.0,9.0,17.0,79.0,1.0
37145,2023-03-28 17:00:00,491.12,213.0,64.0,1.0,1.0,20.0,79.0,1.0
37146,2023-03-28 18:00:00,473.29,203.0,65.0,1.0,1.0,29.0,78.0,1.0
37147,2023-03-28 19:00:00,460.87,195.0,65.0,1.0,0.0,35.0,78.0,1.0
37148,2023-03-28 20:00:00,437.78,179.0,65.0,1.0,0.0,42.0,79.0,1.0
37149,2023-03-28 21:00:00,335.71,101.0,65.0,1.0,0.0,57.0,77.0,1.0
37150,2023-03-28 22:00:00,326.24,93.0,64.0,1.0,0.0,63.0,69.0,1.0
37151,2023-03-28 23:00:00,309.11,84.0,64.0,1.0,0.0,73.0,62.0,1.0
37152,2023-03-29 00:00:00,316.85,86.0,65.0,1.0,0.0,65.0,66.0,1.0
37153,2023-03-29 01:00:00,307.54,86.0,67.0,1.0,0.0,62.0,78.0,1.0
37154,2023-03-29 02:00:00,314.35,93.0,64.0,1.0,0.0,66.0,77.0,1.0
37155,2023-03-29 03:00:00,393.07,176.0,64.0,1.0,0.0,82.0,78.0,1.0
37156,2023-03-29 04:00:00,416.42,232.0,61.0,1.0,7.0,98.0,79.0,1.0
37157,2023-03-29 05:00:00,410.28,246.0,62.0,1.0,25.0,99.0,79.0,1.0
37158,2023-03-29 06:00:00,389.9,260.0,64.0,1.0,59.0,105.0,79.0,1.0
37159,2023-03-29 07:00:00,334.14,227.0,65.0,1.0,102.0,115.0,79.0,1.0
37160,2023-03-29 08:00:00,317.72,230.0,67.0,1.0,129.0,127.0,75.0,1.0
37161,2023-03-29 09:00:00,331.66,282.0,61.0,1.0,172.0,120.0,79.0,1.0
37162,2023-03-29 10:00:00,297.0,247.0,57.0,1.0,205.0,115.0,79.0,1.0
37163,2023-03-29 11:00:00,301.07,265.0,53.0,1.0,233.0,103.0,80.0,1.0
37164,2023-03-29 12:00:00,285.18,253.0,63.0,1.0,258.0,103.0,79.0,1.0
37165,2023-03-29 13:00:00,281.03,239.0,62.0,1.0,251.0,97.0,79.0,1.0
37166,2023-03-29 14:00:00,325.41,250.0,61.0,1.0,182.0,81.0,79.0,1.0
37167,2023-03-29 15:00:00,416.46,266.0,61.0,1.0,68.0,65.0,79.0,1.0
37168,2023-03-29 16:00:00,493.89,274.0,59.0,1.0,8.0,44.0,80.0,1.0
37169,2023-03-29 17:00:00,516.61,290.0,59.0,1.0,1.0,39.0,79.0,1.0
37170,2023-03-29 18:00:00,528.59,302.0,61.0,1.0,0.0,33.0,80.0,1.0
37171,2023-03-29 19:00:00,537.79,305.0,58.0,1.0,0.0,27.0,80.0,1.0
37172,2023-03-29 20:00:00,522.88,255.0,47.0,1.0,0.0,23.0,78.0,1.0
37173,2023-03-29 21:00:00,469.35,172.0,46.0,1.0,0.0,20.0,76.0,1.0
37174,2023-03-29 22:00:00,473.28,182.0,48.0,1.0,0.0,21.0,78.0,1.0
37175,2023-03-29 23:00:00,454.3,162.0,50.0,1.0,0.0,23.0,76.0,1.0
37176,2023-03-30 00:00:00,474.49,188.0,56.0,1.0,0.0,24.0,76.0,1.0
37177,2023-03-30 01:00:00,447.95,166.0,57.0,1.0,0.0,27.0,78.0,1.0
37178,2023-03-30 02:00:00,447.65,164.0,56.0,1.0,0.0,28.0,76.0,1.0
37179,2023-03-30 03:00:00,498.06,232.0,59.0,1.0,0.0,29.0,77.0,1.0
37180,2023-03-30 04:00:00,484.84,249.0,57.0,1.0,11.0,37.0,79.0,1.0
37181,2023-03-30 05:00:00,481.1,307.0,57.0,1.0,45.0,38.0,81.0,1.0
37182,2023-03-30 06:00:00,454.17,320.0,58.0,1.0,84.0,39.0,81.0,1.0
37183,2023-03-30 07:00:00,422.84,301.0,59.0,1.0,109.0,42.0,81.0,1.0
37184,2023-03-30 08:00:00,399.48,228.0,57.0,1.0,94.0,32.0,75.0,1.0
37185,2023-03-30 09:00:00,387.96,190.0,58.0,1.0,78.0,26.0,75.0,1.0
37186,2023-03-30 10:00:00,410.8,191.0,58.0,1.0,66.0,24.0,66.0,1.0
37187,2023-03-30 11:00:00,433.71,193.0,58.0,1.0,53.0,21.0,62.0,1.0
37188,2023-03-30 12:00:00,450.52,203.0,60.0,1.0,43.0,23.0,62.0,1.0
37189,2023-03-30 13:00:00,472.16,213.0,65.0,1.0,35.0,18.0,62.0,1.0
37190,2023-03-30 14:00:00,451.82,170.0,62.0,1.0,24.0,19.0,61.0,1.0
37191,2023-03-30 15:00:00,472.3,176.0,62.0,1.0,11.0,15.0,67.0,1.0
37192,2023-03-30 16:00:00,518.24,235.0,62.0,1.0,2.0,14.0,75.0,1.0
37193,2023-03-30 17:00:00,549.86,305.0,63.0,1.0,0.0,15.0,80.0,1.0
37194,2023-03-30 18:00:00,547.38,297.0,63.0,1.0,0.0,14.0,80.0,1.0
37195,2023-03-30 19:00:00,539.08,257.0,65.0,1.0,0.0,14.0,70.0,1.0
37196,2023-03-30 20:00:00,486.91,167.0,66.0,1.0,0.0,12.0,65.0,1.0
37197,2023-03-30 21:00:00,450.16,130.0,66.0,1.0,0.0,13.0,64.0,1.0
37198,2023-03-30 22:00:00,450.38,129.0,67.0,1.0,0.0,15.0,61.0,1.0
37199,2023-03-30 23:00:00,441.53,117.0,66.0,1.0,0.0,16.0,57.0,1.0
37200,2023-03-31 00:00:00,420.34,106.0,67.0,1.0,0.0,20.0,57.0,1.0
37201,2023-03-31 01:00:00,350.3,69.0,65.0,1.0,0.0,26.0,58.0,1.0
37202,2023-03-31 02:00:00,337.63,64.0,65.0,1.0,0.0,30.0,56.0,1.0
37203,2023-03-31 03:00:00,428.63,143.0,65.0,1.0,0.0,34.0,67.0,1.0
37204,2023-03-31 04:00:00,475.91,229.0,67.0,1.0,7.0,36.0,78.0,1.0
37205,2023-03-31 05:00:00,463.27,248.0,65.0,1.0,26.0,39.0,80.0,1.0
37206,2023-03-31 06:00:00,439.39,256.0,64.0,1.0,57.0,39.0,80.0,1.0
37207,2023-03-31 07:00:00,415.21,256.0,64.0,1.0,84.0,42.0,79.0,1.0
37208,2023-03-31 08:00:00,400.57,257.0,66.0,1.0,98.0,50.0,77.0,1.0
37209,2023-03-31 09:00:00,374.31,237.0,65.0,1.0,101.0,66.0,76.0,1.0
37210,2023-03-31 10:00:00,379.86,243.0,65.0,1.0,86.0,79.0,76.0,1.0
37211,2023-03-31 11:00:00,352.94,217.0,64.0,1.0,73.0,104.0,76.0,1.0
37212,2023-03-31 12:00:00,317.79,172.0,66.0,1.0,58.0,117.0,75.0,1.0
37213,2023-03-31 13:00:00,336.06,194.0,65.0,1.0,41.0,135.0,75.0,1.0
37214,2023-03-31 14:00:00,371.4,231.0,65.0,1.0,23.0,141.0,77.0,1.0
37215,2023-03-31 15:00:00,384.34,221.0,67.0,1.0,12.0,125.0,76.0,1.0
37216,2023-03-31 16:00:00,353.61,183.0,66.0,1.0,3.0,138.0,72.0,1.0
37217,2023-03-31 17:00:00,300.47,122.0,67.0,1.0,0.0,132.0,70.0,1.0
37218,2023-03-31 18:00:00,296.96,128.0,67.0,1.0,0.0,148.0,68.0,1.0
37219,2023-03-31 19:00:00,294.2,127.0,62.0,1.0,0.0,162.0,55.0,1.0
37220,2023-03-31 20:00:00,269.5,117.0,40.0,1.0,0.0,178.0,50.0,1.0
37221,2023-03-31 21:00:00,270.91,122.0,40.0,1.0,0.0,185.0,50.0,1.0
37222,2023-03-31 22:00:00,260.68,123.0,41.0,1.0,0.0,205.0,48.0,1.0
37223,2023-03-31 23:00:00,245.18,108.0,41.0,1.0,0.0,202.0,46.0,1.0
37224,2023-04-01 00:00:00,253.73,110.0,42.0,1.0,0.0,192.0,47.0,1.0
37225,2023-04-01 01:00:00,247.12,110.0,43.0,1.0,0.0,202.0,48.0,1.0
37226,2023-04-01 02:00:00,250.49,109.0,44.0,1.0,0.0,195.0,48.0,1.0
37227,2023-04-01 03:00:00,247.03,108.0,43.0,1.0,0.0,199.0,47.0,1.0
37228,2023-04-01 04:00:00,240.62,107.0,44.0,1.0,2.0,205.0,48.0,1.0
37229,2023-04-01 05:00:00,237.22,111.0,41.0,1.0,15.0,205.0,48.0,1.0
37230,2023-04-01 06:00:00,228.67,121.0,41.0,1.0,41.0,218.0,48.0,1.0
37231,2023-04-01 07:00:00,237.38,145.0,40.0,1.0,75.0,219.0,48.0,1.0
37232,2023-04-01 08:00:00,212.85,135.0,41.0,1.0,122.0,208.0,48.0,1.0
37233,2023-04-01 09:00:00,175.42,112.0,41.0,1.0,160.0,212.0,48.0,1.0
37234,2023-04-01 10:00:00,167.75,113.0,42.0,1.0,188.0,215.0,48.0,1.0
37235,2023-04-01 11:00:00,184.16,130.0,41.0,1.0,198.0,203.0,48.0,1.0
37236,2023-04-01 12:00:00,196.34,139.0,43.0,1.0,204.0,185.0,49.0,1.0
37237,2023-04-01 13:00:00,185.24,107.0,43.0,1.0,176.0,155.0,45.0,1.0
37238,2023-04-01 14:00:00,216.96,106.0,44.0,1.0,124.0,125.0,48.0,1.0
37239,2023-04-01 15:00:00,280.83,109.0,44.0,1.0,52.0,101.0,47.0,1.0
37240,2023-04-01 16:00:00,346.98,108.0,42.0,1.0,8.0,75.0,48.0,1.0
37241,2023-04-01 17:00:00,380.5,133.0,42.0,1.0,1.0,81.0,49.0,1.0
37242,2023-04-01 18:00:00,333.89,129.0,43.0,1.0,0.0,121.0,48.0,1.0
37243,2023-04-01 19:00:00,304.2,118.0,43.0,1.0,0.0,138.0,48.0,1.0
37244,2023-04-01 20:00:00,326.8,143.0,43.0,1.0,0.0,148.0,47.0,1.0
37245,2023-04-01 21:00:00,268.27,115.0,45.0,1.0,0.0,182.0,46.0,1.0
37246,2023-04-01 22:00:00,251.09,107.0,44.0,1.0,0.0,192.0,46.0,1.0
37247,2023-04-01 23:00:00,263.18,109.0,42.0,1.0,0.0,176.0,47.0,1.0
37248,2023-04-02 00:00:00,273.03,108.0,43.0,1.0,0.0,161.0,47.0,1.0
37249,2023-04-02 01:00:00,284.6,109.0,43.0,1.0,0.0,146.0,49.0,1.0
37250,2023-04-02 02:00:00,288.2,108.0,43.0,1.0,0.0,142.0,47.0,1.0
37251,2023-04-02 03:00:00,290.28,108.0,41.0,1.0,1.0,139.0,46.0,1.0
37252,2023-04-02 04:00:00,272.98,108.0,40.0,1.0,23.0,137.0,47.0,1.0
37253,2023-04-02 05:00:00,230.66,111.0,41.0,1.0,116.0,118.0,46.0,1.0
37254,2023-04-02 06:00:00,181.35,116.0,42.0,1.0,257.0,112.0,46.0,1.0
37255,2023-04-02 07:00:00,152.74,120.0,43.0,1.0,376.0,118.0,46.0,1.0
37256,2023-04-02 08:00:00,126.2,107.0,43.0,1.0,436.0,141.0,46.0,1.0
37257,2023-04-02 09:00:00,127.29,114.0,45.0,1.0,458.0,150.0,47.0,1.0
37258,2023-04-02 10:00:00,131.98,123.0,44.0,1.0,462.0,158.0,47.0,1.0
37259,2023-04-02 11:00:00,123.33,113.0,42.0,1.0,445.0,175.0,50.0,1.0
37260,2023-04-02 12:00:00,126.82,113.0,45.0,1.0,419.0,183.0,51.0,1.0
37261,2023-04-02 13:00:00,140.82,111.0,46.0,1.0,349.0,166.0,50.0,1.0
37262,2023-04-02 14:00:00,172.86,110.0,43.0,1.0,223.0,148.0,53.0,1.0
37263,2023-04-02 15:00:00,235.57,115.0,43.0,1.0,87.0,130.0,64.0,1.0
37264,2023-04-02 16:00:00,333.81,158.0,42.0,1.0,13.0,118.0,75.0,1.0
37265,2023-04-02 17:00:00,420.72,245.0,41.0,1.0,1.0,114.0,77.0,1.0
37266,2023-04-02 18:00:00,339.38,178.0,41.0,1.0,0.0,149.0,75.0,1.0
37267,2023-04-02 19:00:00,270.75,120.0,41.0,1.0,0.0,158.0,74.0,1.0
37268,2023-04-02 20:00:00,260.69,111.0,41.0,1.0,0.0,156.0,74.0,1.0
37269,2023-04-02 21:00:00,259.58,112.0,42.0,1.0,0.0,161.0,73.0,1.0
37270,2023-04-02 22:00:00,240.26,107.0,41.0,1.0,0.0,177.0,77.0,1.0
37271,2023-04-02 23:00:00,238.92,108.0,42.0,1.0,0.0,184.0,75.0,1.0
37272,2023-04-03 00:00:00,234.18,105.0,41.0,1.0,0.0,185.0,75.0,1.0
37273,2023-04-03 01:00:00,234.46,107.0,41.0,1.0,0.0,186.0,78.0,1.0
37274,2023-04-03 02:00:00,299.67,165.0,41.0,1.0,0.0,185.0,78.0,1.0
37275,2023-04-03 03:00:00,364.24,240.0,41.0,1.0,1.0,180.0,80.0,1.0
37276,2023-04-03 04:00:00,366.58,260.0,42.0,1.0,24.0,175.0,80.0,1.0
37277,2023-04-03 05:00:00,305.14,247.0,42.0,1.0,99.0,197.0,81.0,1.0
37278,2023-04-03 06:00:00,253.05,235.0,41.0,1.0,186.0,224.0,80.0,1.0
37279,2023-04-03 07:00:00,212.87,218.0,42.0,1.0,259.0,254.0,79.0,1.0
37280,2023-04-03 08:00:00,160.61,153.0,41.0,1.0,290.0,261.0,75.0,1.0
37281,2023-04-03 09:00:00,147.97,133.0,42.0,1.0,293.0,248.0,74.0,1.0
37282,2023-04-03 10:00:00,135.93,115.0,44.0,1.0,286.0,246.0,74.0,1.0
37283,2023-04-03 11:00:00,143.41,116.0,47.0,1.0,253.0,247.0,75.0,1.0
37284,2023-04-03 12:00:00,139.11,99.0,50.0,1.0,217.0,236.0,74.0,1.0
37285,2023-04-03 13:00:00,187.16,133.0,50.0,1.0,174.0,208.0,75.0,1.0
37286,2023-04-03 14:00:00,273.19,198.0,51.0,1.0,109.0,186.0,76.0,1.0
37287,2023-04-03 15:00:00,352.94,240.0,53.0,1.0,45.0,157.0,77.0,1.0
37288,2023-04-03 16:00:00,390.13,227.0,52.0,1.0,9.0,126.0,77.0,1.0
37289,2023-04-03 17:00:00,423.12,250.0,51.0,1.0,1.0,111.0,80.0,1.0
37290,2023-04-03 18:00:00,427.07,248.0,50.0,1.0,0.0,106.0,80.0,1.0
37291,2023-04-03 19:00:00,424.16,240.0,50.0,1.0,0.0,103.0,80.0,1.0
37292,2023-04-03 20:00:00,416.3,229.0,49.0,1.0,0.0,103.0,80.0,1.0
37293,2023-04-03 21:00:00,406.69,198.0,49.0,1.0,0.0,88.0,79.0,1.0
37294,2023-04-03 22:00:00,364.14,145.0,49.0,1.0,0.0,80.0,78.0,1.0
37295,2023-04-03 23:00:00,342.75,117.0,49.0,1.0,0.0,71.0,75.0,1.0
37296,2023-04-04 00:00:00,329.58,105.0,50.0,1.0,0.0,68.0,75.0,1.0
37297,2023-04-04 01:00:00,381.42,148.0,47.0,1.0,0.0,66.0,79.0,1.0
37298,2023-04-04 02:00:00,420.96,193.0,48.0,1.0,0.0,70.0,79.0,1.0
37299,2023-04-04 03:00:00,444.41,228.0,49.0,1.0,1.0,72.0,80.0,1.0
37300,2023-04-04 04:00:00,428.13,240.0,47.0,1.0,17.0,82.0,80.0,1.0
37301,2023-04-04 05:00:00,383.93,234.0,47.0,1.0,72.0,74.0,81.0,1.0
37302,2023-04-04 06:00:00,335.74,237.0,47.0,1.0,150.0,74.0,80.0,1.0
37303,2023-04-04 07:00:00,282.8,233.0,48.0,1.0,239.0,90.0,79.0,1.0
37304,2023-04-04 08:00:00,203.61,161.0,48.0,1.0,304.0,102.0,74.0,1.0
37305,2023-04-04 09:00:00,219.94,196.0,50.0,1.0,345.0,96.0,75.0,1.0
37306,2023-04-04 10:00:00,231.11,211.0,51.0,1.0,340.0,99.0,75.0,1.0
37307,2023-04-04 11:00:00,208.45,164.0,52.0,1.0,305.0,96.0,74.0,1.0
37308,2023-04-04 12:00:00,223.55,156.0,52.0,1.0,247.0,88.0,74.0,1.0
37309,2023-04-04 13:00:00,273.85,178.0,51.0,1.0,178.0,81.0,75.0,1.0
37310,2023-04-04 14:00:00,326.5,194.0,50.0,1.0,112.0,77.0,75.0,1.0
37311,2023-04-04 15:00:00,421.09,236.0,52.0,1.0,48.0,59.0,76.0,1.0
37312,2023-04-04 16:00:00,487.44,251.0,52.0,1.0,10.0,41.0,76.0,1.0
37313,2023-04-04 17:00:00,502.65,257.0,52.0,1.0,1.0,40.0,76.0,1.0
37314,2023-04-04 18:00:00,497.52,260.0,52.0,1.0,0.0,47.0,76.0,1.0
37315,2023-04-04 19:00:00,479.46,237.0,52.0,1.0,0.0,50.0,76.0,1.0
37316,2023-04-04 20:00:00,470.61,221.0,52.0,1.0,0.0,57.0,67.0,1.0
37317,2023-04-04 21:00:00,506.51,233.0,51.0,1.0,0.0,48.0,54.0,1.0
37318,2023-04-04 22:00:00,516.48,241.0,52.0,1.0,0.0,42.0,56.0,1.0
37319,2023-04-04 23:00:00,486.68,252.0,53.0,1.0,0.0,60.0,68.0,1.0
37320,2023-04-05 00:00:00,418.94,200.0,53.0,1.0,0.0,80.0,76.0,1.0
37321,2023-04-05 01:00:00,393.18,184.0,53.0,1.0,0.0,88.0,80.0,1.0
37322,2023-04-05 02:00:00,444.71,239.0,52.0,1.0,0.0,81.0,79.0,1.0
37323,2023-04-05 03:00:00,435.71,241.0,51.0,1.0,0.0,92.0,79.0,1.0
37324,2023-04-05 04:00:00,446.13,251.0,52.0,1.0,1.0,88.0,78.0,1.0
37325,2023-04-05 05:00:00,451.79,257.0,53.0,1.0,6.0,81.0,78.0,1.0
37326,2023-04-05 06:00:00,447.39,256.0,53.0,1.0,14.0,77.0,78.0,1.0
37327,2023-04-05 07:00:00,424.48,246.0,53.0,1.0,30.0,79.0,78.0,1.0
37328,2023-04-05 08:00:00,410.01,240.0,54.0,1.0,57.0,67.0,75.0,1.0
37329,2023-04-05 09:00:00,402.16,246.0,54.0,1.0,82.0,56.0,76.0,1.0
37330,2023-04-05 10:00:00,412.39,253.0,55.0,1.0,87.0,47.0,73.0,1.0
37331,2023-04-05 11:00:00,410.5,228.0,56.0,1.0,77.0,39.0,72.0,1.0
37332,2023-04-05 12:00:00,415.03,221.0,56.0,1.0,67.0,38.0,72.0,1.0
37333,2023-04-05 13:00:00,428.1,227.0,54.0,1.0,53.0,43.0,72.0,1.0
37334,2023-04-05 14:00:00,443.53,231.0,55.0,1.0,34.0,46.0,75.0,1.0
37335,2023-04-05 15:00:00,471.44,233.0,55.0,1.0,18.0,36.0,76.0,1.0
37336,2023-04-05 16:00:00,488.38,252.0,55.0,1.0,5.0,45.0,76.0,1.0
37337,2023-04-05 17:00:00,494.19,255.0,53.0,1.0,0.0,47.0,76.0,1.0
37338,2023-04-05 18:00:00,486.19,253.0,53.0,1.0,0.0,53.0,76.0,1.0
37339,2023-04-05 19:00:00,475.56,235.0,53.0,1.0,0.0,53.0,75.0,1.0
37340,2023-04-05 20:00:00,414.23,149.0,54.0,1.0,0.0,44.0,74.0,1.0
37341,2023-04-05 21:00:00,394.47,125.0,53.0,1.0,0.0,38.0,74.0,1.0
37342,2023-04-05 22:00:00,386.47,125.0,54.0,1.0,0.0,42.0,76.0,1.0
37343,2023-04-05 23:00:00,359.71,114.0,54.0,1.0,0.0,53.0,75.0,1.0
37344,2023-04-06 00:00:00,376.03,110.0,53.0,1.0,0.0,37.0,74.0,1.0
37345,2023-04-06 01:00:00,373.23,108.0,53.0,1.0,0.0,33.0,78.0,1.0
37346,2023-04-06 02:00:00,390.02,112.0,53.0,1.0,0.0,27.0,76.0,1.0
37347,2023-04-06 03:00:00,467.16,201.0,54.0,1.0,2.0,37.0,75.0,1.0
37348,2023-04-06 04:00:00,492.67,247.0,53.0,1.0,15.0,29.0,76.0,1.0
37349,2023-04-06 05:00:00,476.79,260.0,52.0,1.0,36.0,30.0,76.0,1.0
37350,2023-04-06 06:00:00,466.09,258.0,53.0,1.0,49.0,27.0,75.0,1.0
37351,2023-04-06 07:00:00,450.79,254.0,53.0,1.0,61.0,28.0,75.0,1.0
37352,2023-04-06 08:00:00,418.45,234.0,55.0,1.0,76.0,33.0,75.0,1.0
37353,2023-04-06 09:00:00,400.49,237.0,55.0,1.0,96.0,36.0,76.0,1.0
37354,2023-04-06 10:00:00,358.8,217.0,56.0,1.0,131.0,41.0,72.0,1.0
37355,2023-04-06 11:00:00,247.19,139.0,57.0,1.0,197.0,50.0,70.0,1.0
37356,2023-04-06 12:00:00,186.97,110.0,57.0,1.0,267.0,59.0,68.0,1.0
37357,2023-04-06 13:00:00,199.67,128.0,55.0,1.0,276.0,62.0,69.0,1.0
37358,2023-04-06 14:00:00,219.09,119.0,56.0,1.0,200.0,64.0,69.0,1.0
37359,2023-04-06 15:00:00,316.06,142.0,57.0,1.0,85.0,55.0,69.0,1.0
37360,2023-04-06 16:00:00,368.66,134.0,55.0,1.0,15.0,57.0,70.0,1.0
37361,2023-04-06 17:00:00,383.29,151.0,55.0,1.0,1.0,74.0,71.0,1.0
37362,2023-04-06 18:00:00,345.99,120.0,54.0,1.0,0.0,77.0,70.0,1.0
37363,2023-04-06 19:00:00,348.73,123.0,54.0,1.0,0.0,78.0,70.0,1.0
37364,2023-04-06 20:00:00,325.55,111.0,52.0,1.0,0.0,86.0,69.0,1.0
37365,2023-04-06 21:00:00,322.57,118.0,49.0,1.0,0.0,98.0,69.0,1.0
37366,2023-04-06 22:00:00,331.55,129.0,48.0,1.0,0.0,98.0,74.0,1.0
37367,2023-04-06 23:00:00,301.58,110.0,48.0,1.0,0.0,104.0,74.0,1.0
37368,2023-04-07 00:00:00,290.22,108.0,48.0,1.0,0.0,114.0,74.0,1.0
37369,2023-04-07 01:00:00,290.22,108.0,48.0,1.0,0.0,110.0,78.0,1.0
37370,2023-04-07 02:00:00,287.9,107.0,51.0,1.0,0.0,114.0,76.0,1.0
37371,2023-04-07 03:00:00,296.59,111.0,51.0,1.0,3.0,110.0,73.0,1.0
37372,2023-04-07 04:00:00,279.74,109.0,49.0,1.0,36.0,105.0,62.0,1.0
37373,2023-04-07 05:00:00,264.58,134.0,50.0,1.0,144.0,68.0,59.0,1.0
37374,2023-04-07 06:00:00,214.66,139.0,50.0,1.0,292.0,41.0,57.0,1.0
37375,2023-04-07 07:00:00,164.8,121.0,51.0,1.0,405.0,41.0,56.0,1.0
37376,2023-04-07 08:00:00,145.87,115.0,52.0,1.0,463.0,47.0,56.0,1.0
37377,2023-04-07 09:00:00,140.98,116.0,49.0,1.0,479.0,56.0,56.0,1.0
37378,2023-04-07 10:00:00,126.47,104.0,47.0,1.0,486.0,77.0,51.0,1.0
37379,2023-04-07 11:00:00,129.24,109.0,47.0,1.0,482.0,89.0,51.0,1.0
37380,2023-04-07 12:00:00,134.66,110.0,48.0,1.0,454.0,84.0,59.0,1.0
37381,2023-04-07 13:00:00,151.04,113.0,48.0,1.0,379.0,79.0,69.0,1.0
37382,2023-04-07 14:00:00,188.01,109.0,52.0,1.0,248.0,67.0,68.0,1.0
37383,2023-04-07 15:00:00,277.73,124.0,50.0,1.0,102.0,61.0,69.0,1.0
37384,2023-04-07 16:00:00,355.49,133.0,50.0,1.0,18.0,66.0,69.0,1.0
37385,2023-04-07 17:00:00,336.83,122.0,51.0,1.0,1.0,87.0,70.0,1.0
37386,2023-04-07 18:00:00,306.05,109.0,50.0,1.0,0.0,102.0,70.0,1.0
37387,2023-04-07 19:00:00,313.26,108.0,45.0,1.0,0.0,100.0,62.0,1.0
37388,2023-04-07 20:00:00,346.18,108.0,47.0,1.0,0.0,74.0,58.0,1.0
37389,2023-04-07 21:00:00,361.44,110.0,47.0,1.0,0.0,64.0,58.0,1.0
37390,2023-04-07 22:00:00,380.49,116.0,44.0,1.0,0.0,53.0,61.0,1.0
37391,2023-04-07 23:00:00,387.41,112.0,49.0,1.0,0.0,43.0,62.0,1.0
37392,2023-04-08 00:00:00,396.06,113.0,50.0,1.0,0.0,36.0,64.0,1.0
37393,2023-04-08 01:00:00,394.68,112.0,50.0,1.0,0.0,33.0,67.0,1.0
37394,2023-04-08 02:00:00,394.96,112.0,47.0,1.0,0.0,35.0,65.0,1.0
37395,2023-04-08 03:00:00,387.48,113.0,47.0,1.0,4.0,41.0,61.0,1.0
37396,2023-04-08 04:00:00,333.25,114.0,48.0,1.0,40.0,49.0,62.0,1.0
37397,2023-04-08 05:00:00,256.67,125.0,49.0,1.0,148.0,57.0,62.0,1.0
37398,2023-04-08 06:00:00,186.14,115.0,51.0,1.0,295.0,49.0,62.0,1.0
37399,2023-04-08 07:00:00,154.51,114.0,52.0,1.0,407.0,45.0,69.0,1.0
37400,2023-04-08 08:00:00,139.31,110.0,53.0,1.0,463.0,48.0,69.0,1.0
37401,2023-04-08 09:00:00,134.41,109.0,51.0,1.0,482.0,47.0,70.0,1.0
37402,2023-04-08 10:00:00,134.88,110.0,51.0,1.0,485.0,52.0,64.0,1.0
37403,2023-04-08 11:00:00,136.69,109.0,52.0,1.0,472.0,64.0,52.0,1.0
37404,2023-04-08 12:00:00,131.75,101.0,47.0,1.0,439.0,76.0,54.0,1.0
37405,2023-04-08 13:00:00,154.37,109.0,47.0,1.0,369.0,69.0,57.0,1.0
37406,2023-04-08 14:00:00,196.04,107.0,51.0,1.0,244.0,54.0,56.0,1.0
37407,2023-04-08 15:00:00,283.89,113.0,51.0,1.0,102.0,40.0,63.0,1.0
37408,2023-04-08 16:00:00,365.99,116.0,50.0,1.0,19.0,35.0,71.0,1.0
37409,2023-04-08 17:00:00,390.67,124.0,51.0,1.0,1.0,42.0,71.0,1.0
37410,2023-04-08 18:00:00,361.66,111.0,50.0,1.0,0.0,52.0,71.0,1.0
37411,2023-04-08 19:00:00,361.37,109.0,49.0,1.0,0.0,62.0,59.0,1.0
37412,2023-04-08 20:00:00,372.34,116.0,50.0,1.0,0.0,62.0,58.0,1.0
37413,2023-04-08 21:00:00,373.33,109.0,49.0,1.0,0.0,55.0,57.0,1.0
37414,2023-04-08 22:00:00,377.48,110.0,50.0,1.0,0.0,53.0,57.0,1.0
37415,2023-04-08 23:00:00,383.14,109.0,50.0,1.0,0.0,48.0,57.0,1.0
37416,2023-04-09 00:00:00,402.96,109.0,49.0,1.0,0.0,34.0,58.0,1.0
37417,2023-04-09 01:00:00,411.63,107.0,49.0,1.0,0.0,26.0,59.0,1.0
37418,2023-04-09 02:00:00,422.97,110.0,48.0,1.0,0.0,23.0,58.0,1.0
37419,2023-04-09 03:00:00,427.31,117.0,48.0,1.0,5.0,22.0,57.0,1.0
37420,2023-04-09 04:00:00,352.72,110.0,48.0,1.0,44.0,27.0,58.0,1.0
37421,2023-04-09 05:00:00,257.35,112.0,48.0,1.0,153.0,29.0,58.0,1.0
37422,2023-04-09 06:00:00,188.8,114.0,48.0,1.0,297.0,32.0,63.0,1.0
37423,2023-04-09 07:00:00,144.54,103.0,49.0,1.0,408.0,39.0,70.0,1.0
37424,2023-04-09 08:00:00,137.63,110.0,50.0,1.0,465.0,48.0,71.0,1.0
37425,2023-04-09 09:00:00,133.0,110.0,50.0,1.0,486.0,54.0,70.0,1.0
37426,2023-04-09 10:00:00,134.04,110.0,50.0,1.0,488.0,57.0,59.0,1.0
37427,2023-04-09 11:00:00,135.76,109.0,49.0,1.0,472.0,64.0,52.0,1.0
37428,2023-04-09 12:00:00,142.17,110.0,48.0,1.0,433.0,70.0,54.0,1.0
37429,2023-04-09 13:00:00,157.06,106.0,49.0,1.0,353.0,65.0,57.0,1.0
37430,2023-04-09 14:00:00,203.61,108.0,49.0,1.0,216.0,63.0,57.0,1.0
37431,2023-04-09 15:00:00,283.44,112.0,48.0,1.0,92.0,55.0,56.0,1.0
37432,2023-04-09 16:00:00,362.25,116.0,49.0,1.0,19.0,53.0,56.0,1.0
37433,2023-04-09 17:00:00,366.77,111.0,48.0,1.0,2.0,61.0,56.0,1.0
37434,2023-04-09 18:00:00,357.67,110.0,48.0,1.0,0.0,70.0,55.0,1.0
37435,2023-04-09 19:00:00,355.17,110.0,48.0,1.0,0.0,72.0,55.0,1.0
37436,2023-04-09 20:00:00,372.09,111.0,47.0,1.0,0.0,60.0,55.0,1.0
37437,2023-04-09 21:00:00,398.61,117.0,49.0,1.0,0.0,48.0,54.0,1.0
37438,2023-04-09 22:00:00,413.59,119.0,48.0,1.0,0.0,43.0,51.0,1.0
37439,2023-04-09 23:00:00,403.09,109.0,48.0,1.0,0.0,40.0,52.0,1.0
37440,2023-04-10 00:00:00,396.87,109.0,47.0,1.0,0.0,43.0,53.0,1.0
37441,2023-04-10 01:00:00,380.52,108.0,44.0,1.0,0.0,49.0,57.0,1.0
37442,2023-04-10 02:00:00,377.59,110.0,46.0,1.0,0.0,51.0,59.0,1.0
37443,2023-04-10 03:00:00,372.11,111.0,45.0,1.0,5.0,48.0,62.0,1.0
37444,2023-04-10 04:00:00,325.39,110.0,46.0,1.0,44.0,44.0,65.0,1.0
37445,2023-04-10 05:00:00,260.79,122.0,46.0,1.0,145.0,36.0,72.0,1.0
37446,2023-04-10 06:00:00,199.79,122.0,47.0,1.0,281.0,32.0,70.0,1.0
37447,2023-04-10 07:00:00,165.25,119.0,47.0,1.0,387.0,40.0,61.0,1.0
37448,2023-04-10 08:00:00,146.44,112.0,49.0,1.0,441.0,44.0,61.0,1.0
37449,2023-04-10 09:00:00,141.31,110.0,49.0,1.0,462.0,44.0,57.0,1.0
37450,2023-04-10 10:00:00,140.99,111.0,49.0,1.0,465.0,47.0,57.0,1.0
37451,2023-04-10 11:00:00,138.89,108.0,51.0,1.0,456.0,57.0,57.0,1.0
37452,2023-04-10 12:00:00,161.19,126.0,52.0,1.0,420.0,59.0,58.0,1.0
37453,2023-04-10 13:00:00,174.5,117.0,51.0,1.0,338.0,55.0,58.0,1.0
37454,2023-04-10 14:00:00,219.49,114.0,52.0,1.0,215.0,45.0,57.0,1.0
37455,2023-04-10 15:00:00,309.15,115.0,53.0,1.0,96.0,29.0,53.0,1.0
37456,2023-04-10 16:00:00,390.48,109.0,50.0,1.0,22.0,28.0,50.0,1.0
37457,2023-04-10 17:00:00,403.26,116.0,49.0,1.0,2.0,46.0,50.0,1.0
37458,2023-04-10 18:00:00,393.25,128.0,48.0,1.0,0.0,61.0,55.0,1.0
37459,2023-04-10 19:00:00,361.83,113.0,47.0,1.0,0.0,65.0,60.0,1.0
37460,2023-04-10 20:00:00,335.54,107.0,48.0,1.0,0.0,78.0,62.0,1.0
37461,2023-04-10 21:00:00,213.5,40.0,49.0,1.0,0.0,78.0,61.0,1.0
37462,2023-04-10 22:00:00,111.13,2.0,49.0,1.0,0.0,69.0,60.0,1.0
37463,2023-04-10 23:00:00,92.13,0.0,47.0,1.0,0.0,87.0,59.0,1.0
37464,2023-04-11 00:00:00,86.79,0.0,47.0,1.0,0.0,99.0,59.0,1.0
37465,2023-04-11 01:00:00,93.06,0.0,49.0,1.0,0.0,92.0,58.0,1.0
37466,2023-04-11 02:00:00,99.93,0.0,53.0,1.0,0.0,94.0,53.0,1.0
37467,2023-04-11 03:00:00,100.12,0.0,55.0,1.0,5.0,99.0,48.0,1.0
37468,2023-04-11 04:00:00,100.6,0.0,55.0,1.0,35.0,68.0,48.0,1.0
37469,2023-04-11 05:00:00,79.47,0.0,53.0,1.0,104.0,44.0,51.0,1.0
37470,2023-04-11 06:00:00,55.45,0.0,50.0,1.0,205.0,36.0,51.0,1.0
37471,2023-04-11 07:00:00,47.05,0.0,53.0,1.0,290.0,37.0,47.0,1.0
37472,2023-04-11 08:00:00,172.96,107.0,54.0,1.0,340.0,38.0,48.0,1.0
37473,2023-04-11 09:00:00,181.38,123.0,61.0,1.0,369.0,42.0,46.0,1.0
37474,2023-04-11 10:00:00,192.76,129.0,57.0,1.0,345.0,43.0,45.0,1.0
37475,2023-04-11 11:00:00,209.9,129.0,54.0,1.0,295.0,41.0,44.0,1.0
37476,2023-04-11 12:00:00,229.6,135.0,55.0,1.0,265.0,37.0,44.0,1.0
37477,2023-04-11 13:00:00,249.12,128.0,54.0,1.0,209.0,36.0,44.0,1.0
37478,2023-04-11 14:00:00,292.54,125.0,54.0,1.0,137.0,34.0,43.0,1.0
37479,2023-04-11 15:00:00,353.83,114.0,55.0,1.0,61.0,26.0,46.0,1.0
37480,2023-04-11 16:00:00,453.84,173.0,54.0,1.0,20.0,21.0,65.0,1.0
37481,2023-04-11 17:00:00,500.63,218.0,54.0,1.0,2.0,28.0,68.0,1.0
37482,2023-04-11 18:00:00,454.07,187.0,50.0,1.0,0.0,48.0,68.0,1.0
37483,2023-04-11 19:00:00,386.18,140.0,48.0,1.0,0.0,72.0,61.0,1.0
37484,2023-04-11 20:00:00,355.4,111.0,49.0,1.0,0.0,79.0,49.0,1.0
37485,2023-04-11 21:00:00,354.0,110.0,49.0,1.0,0.0,81.0,47.0,1.0
37486,2023-04-11 22:00:00,328.62,109.0,49.0,1.0,0.0,105.0,44.0,1.0
37487,2023-04-11 23:00:00,334.03,109.0,49.0,1.0,0.0,102.0,42.0,1.0
37488,2023-04-12 00:00:00,323.39,109.0,49.0,1.0,0.0,109.0,45.0,1.0
37489,2023-04-12 01:00:00,344.11,113.0,50.0,1.0,0.0,90.0,50.0,1.0
37490,2023-04-12 02:00:00,353.27,113.0,48.0,1.0,0.0,83.0,49.0,1.0
37491,2023-04-12 03:00:00,358.61,116.0,49.0,1.0,6.0,71.0,54.0,1.0
37492,2023-04-12 04:00:00,333.78,119.0,49.0,1.0,38.0,58.0,61.0,1.0
37493,2023-04-12 05:00:00,301.56,136.0,50.0,1.0,128.0,43.0,47.0,1.0
37494,2023-04-12 06:00:00,232.82,132.0,52.0,1.0,249.0,34.0,47.0,1.0
37495,2023-04-12 07:00:00,186.66,124.0,53.0,1.0,354.0,36.0,44.0,1.0
37496,2023-04-12 08:00:00,159.98,113.0,53.0,1.0,410.0,40.0,45.0,1.0
37497,2023-04-12 09:00:00,155.34,117.0,52.0,1.0,434.0,46.0,49.0,1.0
37498,2023-04-12 10:00:00,155.38,115.0,52.0,1.0,417.0,55.0,49.0,1.0
37499,2023-04-12 11:00:00,172.91,113.0,50.0,1.0,342.0,55.0,45.0,1.0
37500,2023-04-12 12:00:00,231.81,116.0,49.0,1.0,195.0,54.0,45.0,1.0
37501,2023-04-12 13:00:00,210.21,115.0,48.0,1.0,234.0,63.0,41.0,1.0
37502,2023-04-12 14:00:00,248.24,116.0,48.0,1.0,143.0,79.0,41.0,1.0
37503,2023-04-12 15:00:00,287.55,117.0,48.0,1.0,70.0,95.0,41.0,1.0
37504,2023-04-12 16:00:00,330.73,116.0,48.0,1.0,20.0,95.0,41.0,1.0
37505,2023-04-12 17:00:00,345.52,116.0,45.0,1.0,2.0,99.0,41.0,1.0
37506,2023-04-12 18:00:00,304.33,115.0,46.0,1.0,0.0,138.0,44.0,1.0
37507,2023-04-12 19:00:00,287.43,115.0,45.0,1.0,0.0,152.0,50.0,1.0
37508,2023-04-12 20:00:00,276.54,115.0,44.0,1.0,0.0,161.0,55.0,1.0
37509,2023-04-12 21:00:00,273.72,110.0,44.0,1.0,0.0,155.0,56.0,1.0
37510,2023-04-12 22:00:00,278.21,109.0,46.0,1.0,0.0,148.0,56.0,1.0
37511,2023-04-12 23:00:00,280.46,108.0,51.0,1.0,0.0,145.0,56.0,1.0
37512,2023-04-13 00:00:00,271.49,106.0,50.0,1.0,0.0,153.0,56.0,1.0
37513,2023-04-13 01:00:00,281.34,110.0,47.0,1.0,0.0,147.0,55.0,1.0
37514,2023-04-13 02:00:00,284.52,109.0,46.0,1.0,0.0,146.0,50.0,1.0
37515,2023-04-13 03:00:00,274.5,110.0,47.0,1.0,4.0,157.0,50.0,1.0
37516,2023-04-13 04:00:00,261.42,111.0,46.0,1.0,28.0,143.0,60.0,1.0
37517,2023-04-13 05:00:00,249.33,112.0,44.0,1.0,65.0,125.0,61.0,1.0
37518,2023-04-13 06:00:00,258.55,133.0,46.0,1.0,109.0,108.0,61.0,1.0
37519,2023-04-13 07:00:00,252.32,144.0,45.0,1.0,150.0,111.0,50.0,1.0
37520,2023-04-13 08:00:00,224.9,147.0,46.0,1.0,187.0,149.0,44.0,1.0
37521,2023-04-13 09:00:00,174.99,115.0,46.0,1.0,214.0,181.0,42.0,1.0
37522,2023-04-13 10:00:00,159.72,111.0,45.0,1.0,227.0,207.0,44.0,1.0
37523,2023-04-13 11:00:00,154.84,110.0,42.0,1.0,232.0,218.0,40.0,1.0
37524,2023-04-13 12:00:00,160.04,110.0,45.0,1.0,202.0,231.0,40.0,1.0
37525,2023-04-13 13:00:00,184.71,120.0,45.0,1.0,156.0,225.0,39.0,1.0
37526,2023-04-13 14:00:00,202.18,117.0,45.0,1.0,97.0,225.0,39.0,1.0
37527,2023-04-13 15:00:00,215.26,112.0,43.0,1.0,47.0,228.0,40.0,1.0
37528,2023-04-13 16:00:00,231.81,113.0,42.0,1.0,16.0,226.0,41.0,1.0
37529,2023-04-13 17:00:00,250.75,119.0,40.0,1.0,1.0,220.0,40.0,1.0
37530,2023-04-13 18:00:00,247.52,112.0,40.0,1.0,0.0,209.0,43.0,1.0
37531,2023-04-13 19:00:00,250.24,110.0,41.0,1.0,0.0,194.0,50.0,1.0
37532,2023-04-13 20:00:00,260.01,111.0,41.0,1.0,0.0,176.0,55.0,1.0
37533,2023-04-13 21:00:00,260.07,110.0,41.0,1.0,0.0,173.0,56.0,1.0
37534,2023-04-13 22:00:00,265.11,108.0,41.0,1.0,0.0,162.0,56.0,1.0
37535,2023-04-13 23:00:00,263.34,107.0,42.0,1.0,0.0,163.0,56.0,1.0
37536,2023-04-14 00:00:00,270.78,108.0,43.0,1.0,0.0,155.0,56.0,1.0
37537,2023-04-14 01:00:00,260.52,107.0,42.0,1.0,0.0,168.0,55.0,1.0
37538,2023-04-14 02:00:00,263.76,107.0,41.0,1.0,0.0,168.0,50.0,1.0
37539,2023-04-14 03:00:00,261.31,112.0,41.0,1.0,5.0,170.0,56.0,1.0
37540,2023-04-14 04:00:00,255.16,126.0,41.0,1.0,38.0,167.0,63.0,1.0
37541,2023-04-14 05:00:00,282.84,198.0,42.0,1.0,112.0,168.0,67.0,1.0
37542,2023-04-14 06:00:00,251.88,205.0,43.0,1.0,213.0,154.0,67.0,1.0
37543,2023-04-14 07:00:00,174.37,146.0,44.0,1.0,323.0,162.0,56.0,1.0
37544,2023-04-14 08:00:00,137.32,127.0,46.0,1.0,413.0,195.0,48.0,1.0
37545,2023-04-14 09:00:00,129.44,124.0,46.0,1.0,450.0,198.0,44.0,1.0
37546,2023-04-14 10:00:00,121.06,117.0,48.0,1.0,465.0,210.0,44.0,1.0
37547,2023-04-14 11:00:00,121.85,120.0,49.0,1.0,462.0,227.0,42.0,1.0
37548,2023-04-14 12:00:00,122.8,115.0,47.0,1.0,422.0,230.0,42.0,1.0
37549,2023-04-14 13:00:00,134.15,111.0,46.0,1.0,346.0,214.0,41.0,1.0
37550,2023-04-14 14:00:00,161.14,109.0,45.0,1.0,216.0,208.0,41.0,1.0
37551,2023-04-14 15:00:00,201.96,111.0,45.0,1.0,98.0,205.0,42.0,1.0
37552,2023-04-14 16:00:00,245.33,110.0,47.0,1.0,27.0,186.0,42.0,1.0
37553,2023-04-14 17:00:00,284.33,114.0,44.0,1.0,3.0,159.0,42.0,1.0
37554,2023-04-14 18:00:00,274.11,109.0,42.0,1.0,0.0,163.0,45.0,1.0
37555,2023-04-14 19:00:00,263.46,109.0,43.0,1.0,0.0,172.0,51.0,1.0
37556,2023-04-14 20:00:00,267.82,112.0,42.0,1.0,0.0,166.0,56.0,1.0
37557,2023-04-14 21:00:00,279.93,112.0,40.0,1.0,0.0,148.0,57.0,1.0
37558,2023-04-14 22:00:00,290.77,111.0,40.0,1.0,0.0,133.0,57.0,1.0
37559,2023-04-14 23:00:00,294.07,112.0,41.0,1.0,0.0,131.0,57.0,1.0
37560,2023-04-15 00:00:00,296.71,113.0,43.0,1.0,0.0,130.0,57.0,1.0
37561,2023-04-15 01:00:00,296.44,112.0,44.0,1.0,0.0,125.0,61.0,1.0
37562,2023-04-15 02:00:00,291.64,113.0,43.0,1.0,0.0,137.0,56.0,1.0
37563,2023-04-15 03:00:00,295.22,113.0,44.0,1.0,6.0,133.0,50.0,1.0
37564,2023-04-15 04:00:00,288.35,113.0,43.0,1.0,38.0,109.0,50.0,1.0
37565,2023-04-15 05:00:00,260.69,114.0,44.0,1.0,101.0,83.0,53.0,1.0
37566,2023-04-15 06:00:00,221.82,115.0,44.0,1.0,181.0,76.0,52.0,1.0
37567,2023-04-15 07:00:00,210.95,130.0,45.0,1.0,258.0,63.0,52.0,1.0
37568,2023-04-15 08:00:00,184.48,122.0,47.0,1.0,307.0,71.0,51.0,1.0
37569,2023-04-15 09:00:00,156.51,121.0,46.0,1.0,354.0,129.0,48.0,1.0
37570,2023-04-15 10:00:00,125.33,104.0,47.0,1.0,410.0,163.0,48.0,1.0
37571,2023-04-15 11:00:00,121.2,103.0,45.0,1.0,427.0,164.0,47.0,1.0
37572,2023-04-15 12:00:00,130.7,106.0,46.0,1.0,410.0,139.0,48.0,1.0
37573,2023-04-15 13:00:00,155.89,116.0,45.0,1.0,336.0,126.0,51.0,1.0
37574,2023-04-15 14:00:00,195.08,117.0,46.0,1.0,231.0,99.0,51.0,1.0
37575,2023-04-15 15:00:00,248.29,109.0,47.0,1.0,109.0,80.0,59.0,1.0
37576,2023-04-15 16:00:00,313.47,110.0,47.0,1.0,26.0,70.0,69.0,1.0
37577,2023-04-15 17:00:00,329.67,113.0,47.0,1.0,3.0,80.0,70.0,1.0
37578,2023-04-15 18:00:00,318.23,113.0,45.0,1.0,0.0,95.0,69.0,1.0
37579,2023-04-15 19:00:00,317.84,112.0,45.0,1.0,0.0,107.0,56.0,1.0
37580,2023-04-15 20:00:00,340.23,126.0,44.0,1.0,1.0,106.0,52.0,1.0
37581,2023-04-15 21:00:00,313.45,114.0,43.0,1.0,0.0,114.0,56.0,1.0
37582,2023-04-15 22:00:00,304.4,112.0,44.0,1.0,0.0,111.0,66.0,1.0
37583,2023-04-15 23:00:00,301.46,110.0,43.0,1.0,0.0,111.0,66.0,1.0
37584,2023-04-16 00:00:00,311.79,110.0,43.0,1.0,0.0,101.0,65.0,1.0
37585,2023-04-16 01:00:00,316.56,110.0,42.0,1.0,0.0,90.0,71.0,1.0
37586,2023-04-16 02:00:00,321.88,111.0,41.0,1.0,0.0,84.0,73.0,1.0
37587,2023-04-16 03:00:00,332.51,117.0,43.0,1.0,6.0,76.0,73.0,1.0
37588,2023-04-16 04:00:00,316.92,113.0,43.0,1.0,33.0,59.0,73.0,1.0
37589,2023-04-16 05:00:00,305.53,133.0,44.0,1.0,92.0,41.0,74.0,1.0
37590,2023-04-16 06:00:00,270.32,149.0,46.0,1.0,189.0,28.0,70.0,1.0
37591,2023-04-16 07:00:00,223.46,147.0,48.0,1.0,284.0,31.0,70.0,1.0
37592,2023-04-16 08:00:00,199.86,139.0,50.0,1.0,327.0,38.0,68.0,1.0
37593,2023-04-16 09:00:00,180.8,125.0,51.0,1.0,338.0,49.0,68.0,1.0
37594,2023-04-16 10:00:00,211.3,152.0,50.0,1.0,316.0,51.0,66.0,1.0
37595,2023-04-16 11:00:00,230.35,155.0,48.0,1.0,267.0,53.0,66.0,1.0
37596,2023-04-16 12:00:00,252.28,143.0,47.0,1.0,198.0,46.0,66.0,1.0
37597,2023-04-16 13:00:00,298.81,147.0,47.0,1.0,133.0,39.0,66.0,1.0
37598,2023-04-16 14:00:00,344.97,147.0,48.0,1.0,78.0,36.0,66.0,1.0
37599,2023-04-16 15:00:00,382.62,140.0,48.0,1.0,37.0,31.0,68.0,1.0
37600,2023-04-16 16:00:00,471.32,199.0,47.0,1.0,12.0,28.0,71.0,1.0
37601,2023-04-16 17:00:00,509.86,238.0,47.0,1.0,1.0,30.0,72.0,1.0
37602,2023-04-16 18:00:00,519.93,233.0,44.0,1.0,0.0,22.0,72.0,1.0
37603,2023-04-16 19:00:00,534.29,252.0,44.0,1.0,0.0,21.0,71.0,1.0
37604,2023-04-16 20:00:00,501.59,191.0,44.0,1.0,0.0,16.0,70.0,1.0
37605,2023-04-16 21:00:00,431.07,118.0,45.0,1.0,0.0,16.0,67.0,1.0
37606,2023-04-16 22:00:00,428.38,111.0,46.0,1.0,0.0,15.0,64.0,1.0
37607,2023-04-16 23:00:00,428.79,110.0,46.0,1.0,0.0,15.0,63.0,1.0
37608,2023-04-17 00:00:00,428.2,107.0,46.0,1.0,0.0,12.0,64.0,1.0
37609,2023-04-17 01:00:00,421.78,109.0,47.0,1.0,0.0,11.0,70.0,1.0
37610,2023-04-17 02:00:00,497.55,187.0,46.0,1.0,0.0,14.0,72.0,1.0
37611,2023-04-17 03:00:00,507.9,250.0,45.0,1.0,5.0,27.0,79.0,1.0
37612,2023-04-17 04:00:00,497.77,276.0,45.0,1.0,25.0,30.0,78.0,1.0
37613,2023-04-17 05:00:00,455.21,270.0,43.0,1.0,65.0,28.0,79.0,1.0
37614,2023-04-17 06:00:00,398.82,270.0,41.0,1.0,138.0,24.0,79.0,1.0
37615,2023-04-17 07:00:00,332.36,263.0,43.0,1.0,232.0,32.0,79.0,1.0
37616,2023-04-17 08:00:00,283.85,243.0,44.0,1.0,307.0,40.0,74.0,1.0
37617,2023-04-17 09:00:00,261.39,234.0,42.0,1.0,346.0,44.0,74.0,1.0
37618,2023-04-17 10:00:00,274.27,249.0,37.0,1.0,336.0,51.0,67.0,1.0
37619,2023-04-17 11:00:00,289.87,266.0,42.0,1.0,327.0,49.0,67.0,1.0
37620,2023-04-17 12:00:00,254.26,202.0,46.0,1.0,297.0,61.0,65.0,1.0
37621,2023-04-17 13:00:00,242.95,158.75,50.25,1.0,233.0,66.0,65.5,1.0
37622,2023-04-17 14:00:00,294.76,173.0,47.0,1.0,165.0,55.0,65.0,1.0
37623,2023-04-17 15:00:00,403.35,222.0,45.0,1.0,83.0,42.0,67.0,1.0
37624,2023-04-17 16:00:00,498.96,269.0,46.0,1.0,23.0,34.0,71.0,1.0
37625,2023-04-17 17:00:00,517.83,271.0,45.0,1.0,3.0,37.0,73.0,1.0
37626,2023-04-17 18:00:00,518.99,266.0,44.0,1.0,0.0,37.0,73.0,1.0
37627,2023-04-17 19:00:00,480.01,200.0,43.0,1.0,0.0,35.0,71.0,1.0
37628,2023-04-17 20:00:00,384.74,114.0,44.0,1.0,0.0,39.0,70.0,1.0
37629,2023-04-17 21:00:00,380.51,111.0,44.0,1.0,0.0,40.0,69.0,1.0
37630,2023-04-17 22:00:00,393.85,110.0,45.0,1.0,0.0,33.0,66.0,1.0
37631,2023-04-17 23:00:00,406.41,110.0,46.0,1.0,0.0,26.0,65.0,1.0
37632,2023-04-18 00:00:00,435.94,130.0,46.0,1.0,0.0,24.0,65.0,1.0
37633,2023-04-18 01:00:00,430.4,141.0,45.0,1.0,0.0,29.0,72.0,1.0
37634,2023-04-18 02:00:00,387.62,114.0,44.0,1.0,0.0,34.0,73.0,1.0
37635,2023-04-18 03:00:00,432.36,181.0,45.0,1.0,10.0,46.0,74.0,1.0
37636,2023-04-18 04:00:00,446.27,268.0,45.0,1.0,53.0,52.0,75.0,1.0
37637,2023-04-18 05:00:00,384.12,271.0,46.0,1.0,146.0,41.0,76.0,1.0
37638,2023-04-18 06:00:00,326.3,269.0,50.0,1.0,253.0,39.0,72.0,1.0
37639,2023-04-18 07:00:00,292.66,270.0,45.0,1.0,323.0,51.0,69.0,1.0
37640,2023-04-18 08:00:00,261.57,242.0,45.0,1.0,345.0,69.0,66.0,1.0
37641,2023-04-18 09:00:00,220.76,189.0,44.0,1.0,346.0,80.0,66.0,1.0
37642,2023-04-18 10:00:00,161.27,119.0,43.0,1.0,341.0,93.0,65.0,1.0
37643,2023-04-18 11:00:00,171.85,122.0,53.0,1.0,318.0,97.0,65.0,1.0
37644,2023-04-18 12:00:00,190.55,132.0,60.0,1.0,294.0,92.0,66.0,1.0
37645,2023-04-18 13:00:00,187.65,113.0,61.0,1.0,230.0,109.0,66.0,1.0
37646,2023-04-18 14:00:00,194.55,111.0,67.0,1.0,168.0,150.0,66.0,1.0
37647,2023-04-18 15:00:00,219.35,114.0,69.0,1.0,97.0,166.0,66.0,1.0
37648,2023-04-18 16:00:00,253.93,113.0,69.0,1.0,32.0,156.0,69.0,1.0
37649,2023-04-18 17:00:00,325.06,147.0,69.0,1.0,5.0,132.0,69.0,1.0
37650,2023-04-18 18:00:00,328.89,148.0,66.0,1.0,1.0,132.0,69.0,1.0
37651,2023-04-18 19:00:00,313.59,146.0,63.0,1.0,0.0,150.0,69.0,1.0
37652,2023-04-18 20:00:00,264.15,114.0,42.0,1.0,0.0,162.0,69.0,1.0
37653,2023-04-18 21:00:00,240.76,106.0,41.0,1.0,0.0,182.0,69.0,1.0
37654,2023-04-18 22:00:00,225.87,94.0,41.0,1.0,0.0,184.0,65.0,1.0
37655,2023-04-18 23:00:00,244.69,110.0,41.0,1.0,0.0,188.0,65.0,1.0
37656,2023-04-19 00:00:00,242.11,111.0,42.0,1.0,0.0,193.0,67.0,1.0
37657,2023-04-19 01:00:00,239.65,110.0,40.0,1.0,0.0,188.0,73.0,1.0
37658,2023-04-19 02:00:00,242.51,109.0,40.0,1.0,1.0,183.0,70.0,1.0
37659,2023-04-19 03:00:00,242.42,111.0,43.0,1.0,11.0,180.0,69.0,1.0
37660,2023-04-19 04:00:00,230.6,114.0,41.0,1.0,57.0,161.0,69.0,1.0
37661,2023-04-19 05:00:00,238.42,165.0,41.0,1.0,180.0,134.0,70.0,1.0
37662,2023-04-19 06:00:00,151.47,118.0,41.0,1.0,323.0,144.0,68.0,1.0
37663,2023-04-19 07:00:00,121.35,107.0,43.0,1.0,425.0,168.0,61.0,1.0
37664,2023-04-19 08:00:00,116.79,112.0,43.0,1.0,471.0,181.0,61.0,1.0
37665,2023-04-19 09:00:00,114.5,111.0,44.0,1.0,489.0,177.0,61.0,1.0
37666,2023-04-19 10:00:00,118.77,113.0,44.0,1.0,489.0,162.0,55.0,1.0
37667,2023-04-19 11:00:00,123.01,112.0,45.0,1.0,479.0,147.0,47.0,1.0
37668,2023-04-19 12:00:00,128.7,113.0,46.0,1.0,456.0,139.0,48.0,1.0
37669,2023-04-19 13:00:00,139.6,111.0,47.0,1.0,391.0,134.0,48.0,1.0
37670,2023-04-19 14:00:00,174.35,120.0,46.0,1.0,268.0,140.0,48.0,1.0
37671,2023-04-19 15:00:00,214.1,108.0,48.0,1.0,124.0,132.0,55.0,1.0
37672,2023-04-19 16:00:00,295.8,112.0,49.0,1.0,29.0,98.0,61.0,1.0
37673,2023-04-19 17:00:00,346.2,118.0,48.0,1.0,4.0,79.0,61.0,1.0
37674,2023-04-19 18:00:00,323.06,115.0,46.0,1.0,0.0,101.0,61.0,1.0
37675,2023-04-19 19:00:00,309.95,112.0,44.0,1.0,0.0,119.0,52.0,1.0
37676,2023-04-19 20:00:00,306.71,111.0,44.0,1.0,0.0,126.0,47.0,1.0
37677,2023-04-19 21:00:00,309.02,112.0,44.0,1.0,0.0,126.0,46.0,1.0
37678,2023-04-19 22:00:00,314.91,110.0,44.0,1.0,0.0,119.0,44.0,1.0
37679,2023-04-19 23:00:00,323.69,109.0,44.0,1.0,0.0,113.0,40.0,1.0
37680,2023-04-20 00:00:00,334.85,110.0,44.0,1.0,0.0,101.0,43.0,1.0
37681,2023-04-20 01:00:00,324.05,98.0,45.0,1.0,0.0,85.0,53.0,1.0
37682,2023-04-20 02:00:00,365.59,113.0,43.0,1.0,1.0,65.0,56.0,1.0
37683,2023-04-20 03:00:00,365.17,109.0,43.0,1.0,11.0,51.0,56.0,1.0
37684,2023-04-20 04:00:00,318.0,112.0,46.0,1.0,56.0,35.0,72.0,1.0
37685,2023-04-20 05:00:00,236.19,104.0,44.0,1.0,160.0,24.0,72.0,1.0
37686,2023-04-20 06:00:00,215.77,142.0,45.0,1.0,296.0,26.0,69.0,1.0
37687,2023-04-20 07:00:00,175.0,131.0,42.0,1.0,391.0,37.0,58.0,1.0
37688,2023-04-20 08:00:00,144.38,112.0,47.0,1.0,455.0,46.0,52.0,1.0
37689,2023-04-20 09:00:00,138.95,113.0,48.0,1.0,481.0,53.0,53.0,1.0
37690,2023-04-20 10:00:00,135.74,111.0,50.0,1.0,485.0,62.0,52.0,1.0
37691,2023-04-20 11:00:00,136.82,111.0,50.0,1.0,472.0,68.0,53.0,1.0
37692,2023-04-20 12:00:00,142.76,113.0,48.0,1.0,443.0,71.0,53.0,1.0
37693,2023-04-20 13:00:00,156.62,109.0,48.0,1.0,362.0,72.0,53.0,1.0
37694,2023-04-20 14:00:00,200.64,111.0,47.0,1.0,221.0,76.0,53.0,1.0
37695,2023-04-20 15:00:00,264.82,111.0,46.0,1.0,100.0,73.0,53.0,1.0
37696,2023-04-20 16:00:00,327.0,117.0,48.0,1.0,31.0,73.0,57.0,1.0
37697,2023-04-20 17:00:00,345.98,117.0,48.0,1.0,4.0,82.0,57.0,1.0
37698,2023-04-20 18:00:00,342.57,112.0,48.0,1.0,0.0,84.0,56.0,1.0
37699,2023-04-20 19:00:00,355.68,113.0,48.0,1.0,0.0,81.0,49.0,1.0
37700,2023-04-20 20:00:00,360.33,111.0,48.0,1.0,0.0,77.0,47.0,1.0
37701,2023-04-20 21:00:00,388.93,112.0,48.0,1.0,0.0,57.0,47.0,1.0
37702,2023-04-20 22:00:00,398.97,116.0,47.0,1.0,0.0,54.0,47.0,1.0
37703,2023-04-20 23:00:00,383.44,107.0,45.0,1.0,0.0,56.0,47.0,1.0
37704,2023-04-21 00:00:00,379.02,107.0,45.0,1.0,0.0,51.0,55.0,1.0
37705,2023-04-21 01:00:00,370.47,107.0,45.0,1.0,0.0,39.0,73.0,1.0
37706,2023-04-21 02:00:00,393.85,110.0,45.0,1.0,1.0,28.0,70.0,1.0
37707,2023-04-21 03:00:00,455.45,183.0,46.0,1.0,13.0,30.0,70.0,1.0
37708,2023-04-21 04:00:00,464.44,267.0,45.0,1.0,55.0,33.0,72.0,1.0
37709,2023-04-21 05:00:00,394.47,268.0,45.0,1.0,146.0,27.0,72.0,1.0
37710,2023-04-21 06:00:00,319.83,268.0,47.0,1.0,270.0,34.0,72.0,1.0
37711,2023-04-21 07:00:00,273.56,260.0,47.0,1.0,376.0,43.0,60.0,1.0
37712,2023-04-21 08:00:00,206.86,189.0,48.0,1.0,440.0,51.0,53.0,1.0
37713,2023-04-21 09:00:00,135.67,104.0,47.0,1.0,451.0,59.0,52.0,1.0
37714,2023-04-21 10:00:00,149.48,111.0,48.0,1.0,413.0,66.0,47.0,1.0
37715,2023-04-21 11:00:00,160.79,111.0,49.0,1.0,355.0,77.0,47.0,1.0
37716,2023-04-21 12:00:00,177.6,111.0,45.0,1.0,288.0,78.0,48.0,1.0
37717,2023-04-21 13:00:00,192.77,109.0,46.0,1.0,240.0,72.0,52.0,1.0
37718,2023-04-21 14:00:00,219.43,111.0,48.0,1.0,184.0,71.0,52.0,1.0
37719,2023-04-21 15:00:00,348.59,185.0,49.0,1.0,97.0,66.0,58.0,1.0
37720,2023-04-21 16:00:00,459.2,252.0,48.0,1.0,29.0,58.0,68.0,1.0
37721,2023-04-21 17:00:00,519.03,267.0,49.0,1.0,5.0,35.0,69.0,1.0
37722,2023-04-21 18:00:00,514.16,249.0,47.0,1.0,1.0,35.0,69.0,1.0
37723,2023-04-21 19:00:00,459.93,182.0,46.0,1.0,0.0,41.0,68.0,1.0
37724,2023-04-21 20:00:00,425.29,142.0,47.0,1.0,0.0,38.0,67.0,1.0
37725,2023-04-21 21:00:00,389.36,108.0,46.0,1.0,0.0,34.0,66.0,1.0
37726,2023-04-21 22:00:00,414.05,107.0,45.0,1.0,0.0,28.0,56.0,1.0
37727,2023-04-21 23:00:00,418.21,105.0,45.0,1.0,0.0,28.0,52.0,1.0
37728,2023-04-22 00:00:00,411.79,109.0,45.0,1.0,0.0,31.0,56.0,1.0
37729,2023-04-22 01:00:00,402.04,108.0,45.0,1.0,0.0,36.0,56.0,1.0
37730,2023-04-22 02:00:00,401.74,109.0,46.0,1.0,1.0,41.0,51.0,1.0
37731,2023-04-22 03:00:00,411.11,111.0,46.0,1.0,12.0,32.0,45.0,1.0
37732,2023-04-22 04:00:00,352.43,113.0,54.0,1.0,56.0,31.0,46.0,1.0
37733,2023-04-22 05:00:00,273.4,128.0,54.0,1.0,167.0,30.0,50.0,1.0
37734,2023-04-22 06:00:00,204.82,127.0,52.0,1.0,300.0,36.0,51.0,1.0
37735,2023-04-22 07:00:00,155.86,113.0,49.0,1.0,414.0,44.0,49.0,1.0
37736,2023-04-22 08:00:00,140.28,111.0,51.0,1.0,471.0,56.0,49.0,1.0
37737,2023-04-22 09:00:00,140.21,114.0,50.0,1.0,484.0,57.0,47.0,1.0
37738,2023-04-22 10:00:00,147.27,118.0,51.0,1.0,465.0,57.0,48.0,1.0
37739,2023-04-22 11:00:00,149.85,114.0,49.0,1.0,436.0,59.0,43.0,1.0
37740,2023-04-22 12:00:00,153.24,111.0,50.0,1.0,408.0,61.0,43.0,1.0
37741,2023-04-22 13:00:00,173.55,114.0,49.0,1.0,344.0,55.0,43.0,1.0
37742,2023-04-22 14:00:00,207.7,111.0,50.0,1.0,242.0,50.0,43.0,1.0
37743,2023-04-22 15:00:00,282.61,111.0,50.0,1.0,122.0,37.0,44.0,1.0
37744,2023-04-22 16:00:00,385.86,113.0,50.0,1.0,32.0,28.0,47.0,1.0
37745,2023-04-22 17:00:00,435.5,113.0,50.0,1.0,5.0,25.0,46.0,1.0
37746,2023-04-22 18:00:00,472.09,138.0,48.0,1.0,1.0,25.0,47.0,1.0
37747,2023-04-22 19:00:00,450.18,128.0,47.0,1.0,0.0,29.0,50.0,1.0
37748,2023-04-22 20:00:00,416.94,119.0,47.0,1.0,0.0,45.0,47.0,1.0
37749,2023-04-22 21:00:00,399.86,110.0,47.0,1.0,0.0,50.0,45.0,1.0
37750,2023-04-22 22:00:00,401.32,110.0,48.0,1.0,0.0,54.0,40.0,1.0
37751,2023-04-22 23:00:00,420.69,118.0,46.0,1.0,0.0,54.0,35.0,1.0
37752,2023-04-23 00:00:00,428.96,109.0,47.0,1.0,0.0,45.0,32.0,1.0
37753,2023-04-23 01:00:00,425.42,110.0,45.0,1.0,0.0,48.0,32.0,1.0
37754,2023-04-23 02:00:00,424.36,117.0,46.0,1.0,1.0,53.0,32.0,1.0
37755,2023-04-23 03:00:00,406.6,132.0,46.0,1.0,14.0,64.0,32.0,1.0
37756,2023-04-23 04:00:00,317.36,115.0,47.0,1.0,68.0,68.0,32.0,1.0
37757,2023-04-23 05:00:00,234.06,112.0,48.0,1.0,197.0,52.0,31.0,1.0
37758,2023-04-23 06:00:00,174.55,110.0,48.0,1.0,337.0,53.0,34.0,1.0
37759,2023-04-23 07:00:00,146.32,109.0,49.0,1.0,435.0,59.0,40.0,1.0
37760,2023-04-23 08:00:00,135.5,110.0,49.0,1.0,481.0,71.0,42.0,1.0
37761,2023-04-23 09:00:00,133.57,113.0,49.0,1.0,497.0,80.0,42.0,1.0
37762,2023-04-23 10:00:00,138.07,120.0,49.0,0.0,493.0,91.0,42.0,1.0
37763,2023-04-23 11:00:00,139.65,117.0,48.0,0.0,472.0,88.0,42.0,1.0
37764,2023-04-23 12:00:00,148.8,119.0,48.0,0.0,429.0,93.0,41.0,1.0
37765,2023-04-23 13:00:00,158.35,112.0,47.0,0.0,355.0,95.0,41.0,1.0
37766,2023-04-23 14:00:00,193.04,111.0,48.0,0.0,247.0,84.0,41.0,1.0
37767,2023-04-23 15:00:00,263.17,113.0,48.0,0.0,121.0,72.0,41.0,1.0
37768,2023-04-23 16:00:00,395.01,151.0,47.0,0.0,33.0,62.0,42.0,1.0
37769,2023-04-23 17:00:00,437.66,159.0,48.0,0.0,6.0,62.0,42.0,1.0
37770,2023-04-23 18:00:00,399.92,139.0,48.0,1.0,0.0,79.0,42.0,1.0
37771,2023-04-23 19:00:00,356.53,111.0,47.0,1.0,0.0,86.0,41.0,1.0
37772,2023-04-23 20:00:00,348.41,101.0,49.0,1.0,0.0,81.0,41.0,1.0
37773,2023-04-23 21:00:00,301.28,107.0,49.0,1.0,0.0,133.0,41.0,1.0
37774,2023-04-23 22:00:00,247.42,110.0,48.0,1.0,0.0,208.0,44.0,1.0
37775,2023-04-23 23:00:00,261.49,130.0,65.0,1.0,0.0,233.0,42.0,1.0
37776,2023-04-24 00:00:00,241.71,115.0,66.0,1.0,0.0,242.0,40.0,1.0
37777,2023-04-24 01:00:00,244.74,108.0,65.0,1.0,0.0,222.0,39.0,1.0
37778,2023-04-24 02:00:00,262.13,107.0,67.0,1.0,1.0,190.0,40.0,1.0
37779,2023-04-24 03:00:00,263.31,103.0,63.0,1.0,15.0,164.0,41.0,1.0
37780,2023-04-24 04:00:00,288.82,110.0,66.0,1.0,59.0,94.0,45.0,1.0
37781,2023-04-24 05:00:00,263.24,138.0,70.0,1.0,143.0,92.0,54.0,1.0
37782,2023-04-24 06:00:00,197.02,114.0,71.0,1.0,234.0,101.0,54.0,1.0
37783,2023-04-24 07:00:00,178.38,113.0,72.0,1.0,292.0,101.0,54.0,1.0
37784,2023-04-24 08:00:00,177.1,111.0,72.0,1.0,295.0,97.0,53.0,1.0
37785,2023-04-24 09:00:00,170.61,103.0,70.0,1.0,284.0,105.0,50.0,1.0
37786,2023-04-24 10:00:00,185.4,113.0,70.0,1.0,273.0,98.0,50.0,1.0
37787,2023-04-24 11:00:00,207.3,129.0,73.0,1.0,280.0,75.0,47.0,1.0
37788,2023-04-24 12:00:00,236.18,134.0,73.0,1.0,247.0,44.0,48.0,1.0
37789,2023-04-24 13:00:00,266.98,142.0,69.0,1.0,211.0,31.0,47.0,1.0
37790,2023-04-24 14:00:00,353.6,182.0,69.0,1.0,136.0,27.0,49.0,1.0
37791,2023-04-24 15:00:00,457.43,224.0,65.0,1.0,68.0,17.0,50.0,1.0
37792,2023-04-24 16:00:00,525.56,270.0,66.0,1.0,23.0,14.0,63.0,1.0
37793,2023-04-24 17:00:00,538.41,250.0,67.0,1.0,4.0,10.0,67.0,1.0
37794,2023-04-24 18:00:00,533.19,250.0,70.0,1.0,1.0,16.0,67.0,1.0
37795,2023-04-24 19:00:00,529.96,242.0,70.0,1.0,0.0,22.0,61.0,1.0
37796,2023-04-24 20:00:00,475.44,178.0,71.0,1.0,0.0,35.0,55.0,1.0
37797,2023-04-24 21:00:00,400.77,126.0,70.0,1.0,0.0,53.0,54.0,1.0
37798,2023-04-24 22:00:00,404.23,114.0,68.0,1.0,0.0,41.0,53.0,1.0
37799,2023-04-24 23:00:00,401.53,112.0,69.0,1.0,0.0,44.0,50.0,1.0
37800,2023-04-25 00:00:00,391.34,112.0,73.0,0.0,0.0,54.0,48.0,1.0
37801,2023-04-25 01:00:00,368.32,112.0,73.0,0.0,0.0,72.0,48.0,1.0
37802,2023-04-25 02:00:00,356.43,111.0,71.0,0.0,1.0,81.0,47.0,1.0
37803,2023-04-25 03:00:00,407.63,184.0,70.0,0.0,13.0,93.0,47.0,1.0
37804,2023-04-25 04:00:00,414.88,254.0,71.0,0.0,52.0,104.0,48.0,1.0
37805,2023-04-25 05:00:00,361.58,272.0,73.0,0.0,132.0,120.0,50.0,1.0
37806,2023-04-25 06:00:00,314.82,267.0,72.0,0.0,230.0,111.0,50.0,1.0
37807,2023-04-25 07:00:00,249.0,215.0,73.0,0.0,318.0,116.0,44.0,1.0
37808,2023-04-25 08:00:00,176.42,145.0,73.0,0.0,389.0,132.0,41.0,1.0
37809,2023-04-25 09:00:00,167.81,140.0,71.0,0.0,383.0,158.0,41.0,1.0
37810,2023-04-25 10:00:00,191.69,147.0,69.0,1.0,304.0,155.0,42.0,1.0
37811,2023-04-25 11:00:00,211.42,148.0,71.0,1.0,248.0,150.0,40.0,1.0
37812,2023-04-25 12:00:00,232.36,162.0,72.0,1.0,239.0,132.0,40.0,1.0
37813,2023-04-25 13:00:00,264.11,167.0,73.0,1.0,204.0,98.0,41.0,1.0
37814,2023-04-25 14:00:00,283.87,144.0,74.0,1.0,149.0,73.0,42.0,1.0
37815,2023-04-25 15:00:00,336.98,149.0,74.0,1.0,89.0,60.0,45.0,1.0
37816,2023-04-25 16:00:00,446.44,193.0,75.0,1.0,31.0,43.0,48.0,1.0
37817,2023-04-25 17:00:00,528.18,241.0,73.0,1.0,6.0,28.0,49.0,1.0
37818,2023-04-25 18:00:00,533.15,253.0,71.0,1.0,1.0,33.0,51.0,1.0
37819,2023-04-25 19:00:00,493.83,228.0,68.0,1.0,0.0,55.0,50.0,1.0
37820,2023-04-25 20:00:00,450.19,172.0,71.0,1.0,0.0,57.0,48.0,1.0
37821,2023-04-25 21:00:00,375.79,115.0,72.0,1.0,0.0,69.0,47.0,1.0
37822,2023-04-25 22:00:00,380.8,111.0,72.0,1.0,0.0,65.0,43.0,1.0
37823,2023-04-25 23:00:00,395.55,112.0,72.0,1.0,0.0,53.0,45.0,1.0
37824,2023-04-26 00:00:00,398.09,114.0,72.0,1.0,0.0,52.0,46.0,1.0
37825,2023-04-26 01:00:00,399.84,113.0,70.0,1.0,0.0,48.0,48.0,1.0
37826,2023-04-26 02:00:00,411.09,121.0,71.0,1.0,1.0,47.0,47.0,1.0
37827,2023-04-26 03:00:00,431.61,143.0,71.0,0.0,15.0,40.0,44.0,1.0
37828,2023-04-26 04:00:00,412.91,182.0,71.0,0.0,55.0,46.0,45.0,1.0
37829,2023-04-26 05:00:00,405.32,250.0,71.0,0.0,125.0,39.0,49.0,1.0
37830,2023-04-26 06:00:00,361.86,267.0,73.0,0.0,209.0,33.0,54.0,1.0
37831,2023-04-26 07:00:00,321.69,271.0,73.0,0.0,290.0,37.0,54.0,1.0
37832,2023-04-26 08:00:00,301.14,260.0,74.0,0.0,318.0,43.0,53.0,1.0
37833,2023-04-26 09:00:00,306.36,262.0,73.0,0.0,304.0,48.0,52.0,1.0
37834,2023-04-26 10:00:00,308.39,257.0,74.0,0.0,291.0,49.0,52.0,1.0
37835,2023-04-26 11:00:00,256.25,185.0,70.0,0.0,282.0,62.0,52.0,1.0
37836,2023-04-26 12:00:00,213.52,126.0,68.0,0.0,265.0,58.0,51.0,1.0
37837,2023-04-26 13:00:00,262.16,146.0,67.0,0.0,209.0,45.0,52.0,1.0
37838,2023-04-26 14:00:00,309.85,147.0,70.0,0.0,125.0,51.0,52.0,1.0
37839,2023-04-26 15:00:00,436.71,197.0,73.0,0.0,42.0,34.0,59.0,1.0
37840,2023-04-26 16:00:00,489.61,204.0,73.0,1.0,9.0,24.0,61.0,1.0
37841,2023-04-26 17:00:00,542.63,275.0,73.0,1.0,1.0,25.0,60.0,1.0
37842,2023-04-26 18:00:00,544.34,271.0,70.0,1.0,1.0,23.0,60.0,1.0
37843,2023-04-26 19:00:00,556.38,268.0,69.0,1.0,0.0,24.0,50.0,1.0
37844,2023-04-26 20:00:00,519.74,218.0,69.0,1.0,0.0,34.0,46.0,1.0
37845,2023-04-26 21:00:00,441.86,139.0,70.0,1.0,0.0,43.0,45.0,1.0
37846,2023-04-26 22:00:00,495.36,184.0,69.0,1.0,0.0,36.0,44.0,1.0
37847,2023-04-26 23:00:00,502.52,166.0,69.0,1.0,0.0,23.0,43.0,1.0
37848,2023-04-27 00:00:00,451.55,113.0,69.0,1.0,0.0,20.0,44.0,1.0
37849,2023-04-27 01:00:00,442.55,112.0,71.0,1.0,0.0,19.0,49.0,1.0
37850,2023-04-27 02:00:00,511.79,182.0,70.0,1.0,0.0,18.0,50.0,1.0
37851,2023-04-27 03:00:00,548.99,270.0,70.0,1.0,7.0,19.0,54.0,1.0
37852,2023-04-27 04:00:00,520.52,272.0,70.0,1.0,26.0,20.0,58.0,1.0
37853,2023-04-27 05:00:00,466.63,274.0,70.0,0.0,61.0,38.0,59.0,1.0
37854,2023-04-27 06:00:00,425.25,268.0,64.0,0.0,103.0,43.0,57.0,1.0
37855,2023-04-27 07:00:00,379.23,261.0,65.0,0.0,164.0,49.0,48.0,1.0
37856,2023-04-27 08:00:00,297.35,191.0,65.0,0.0,223.0,47.0,44.0,1.0
37857,2023-04-27 09:00:00,224.66,123.0,67.0,0.0,246.0,52.0,40.0,1.0
37858,2023-04-27 10:00:00,237.98,144.0,68.0,0.0,257.0,58.0,40.0,1.0
37859,2023-04-27 11:00:00,249.01,147.0,68.0,0.0,243.0,53.0,40.0,1.0
37860,2023-04-27 12:00:00,230.84,116.0,69.0,0.0,219.0,51.0,39.0,1.0
37861,2023-04-27 13:00:00,239.43,112.0,68.0,0.0,197.0,45.0,40.0,1.0
37862,2023-04-27 14:00:00,322.65,161.0,68.0,0.0,149.0,37.0,43.0,1.0
37863,2023-04-27 15:00:00,413.92,222.0,66.0,0.0,90.0,32.0,57.0,1.0
37864,2023-04-27 16:00:00,485.33,265.0,68.0,0.0,37.0,33.0,64.0,1.0
37865,2023-04-27 17:00:00,510.68,269.0,67.0,1.0,8.0,36.0,68.0,1.0
37866,2023-04-27 18:00:00,513.23,268.0,68.0,1.0,1.0,40.0,68.0,1.0
37867,2023-04-27 19:00:00,528.56,267.0,70.0,1.0,0.0,26.0,69.0,1.0
37868,2023-04-27 20:00:00,531.12,267.0,73.0,1.0,0.0,23.0,69.0,1.0
37869,2023-04-27 21:00:00,522.49,266.0,72.0,1.0,0.0,31.0,68.0,1.0
37870,2023-04-27 22:00:00,468.11,181.0,72.0,1.0,0.0,42.0,55.0,1.0
37871,2023-04-27 23:00:00,399.28,109.0,67.0,1.0,0.0,45.0,48.0,1.0
37872,2023-04-28 00:00:00,395.0,109.0,66.0,1.0,0.0,44.0,52.0,1.0
37873,2023-04-28 01:00:00,393.28,111.0,67.0,1.0,0.0,40.0,59.0,1.0
37874,2023-04-28 02:00:00,474.55,191.0,64.0,1.0,2.0,43.0,55.0,1.0
37875,2023-04-28 03:00:00,493.24,265.0,66.0,1.0,21.0,47.0,58.0,1.0
37876,2023-04-28 04:00:00,437.2,267.0,68.0,1.0,78.0,47.0,61.0,1.0
37877,2023-04-28 05:00:00,361.47,271.0,69.0,1.0,190.0,49.0,61.0,1.0
37878,2023-04-28 06:00:00,316.83,269.0,71.0,1.0,270.0,60.0,58.0,1.0
37879,2023-04-28 07:00:00,306.59,267.0,69.0,1.0,291.0,70.0,48.0,1.0
37880,2023-04-28 08:00:00,312.57,270.0,69.0,1.0,283.0,72.0,44.0,1.0
37881,2023-04-28 09:00:00,326.27,268.0,67.0,1.0,245.0,75.0,45.0,1.0
37882,2023-04-28 10:00:00,326.09,269.0,69.0,1.0,257.0,65.0,45.0,1.0
37883,2023-04-28 11:00:00,328.91,268.0,72.0,1.0,254.0,63.0,43.0,1.0
37884,2023-04-28 12:00:00,276.76,189.0,71.0,0.0,260.0,56.0,39.0,1.0
37885,2023-04-28 13:00:00,219.68,123.0,67.0,0.0,242.0,65.0,43.0,1.0
37886,2023-04-28 14:00:00,304.2,191.0,69.0,0.0,175.0,82.0,45.0,1.0
37887,2023-04-28 15:00:00,392.21,266.0,69.0,0.0,108.0,87.0,51.0,1.0
37888,2023-04-28 16:00:00,457.91,268.0,68.0,0.0,36.0,70.0,58.0,1.0
37889,2023-04-28 17:00:00,492.62,269.0,69.0,0.0,8.0,63.0,58.0,1.0
37890,2023-04-28 18:00:00,506.43,268.0,68.0,0.0,1.0,57.0,58.0,1.0
37891,2023-04-28 19:00:00,511.26,268.0,67.0,0.0,0.0,58.0,54.0,1.0
37892,2023-04-28 20:00:00,504.46,267.0,69.0,0.0,0.0,67.0,50.0,1.0
37893,2023-04-28 21:00:00,501.69,265.0,67.0,0.0,0.0,66.0,53.0,1.0
37894,2023-04-28 22:00:00,475.6,241.0,69.0,0.0,0.0,72.0,57.0,1.0
37895,2023-04-28 23:00:00,439.83,182.0,68.0,0.0,0.0,66.0,56.0,1.0
37896,2023-04-29 00:00:00,373.61,120.0,67.0,1.0,0.0,67.0,56.0,1.0
37897,2023-04-29 01:00:00,377.3,124.0,67.0,1.0,0.0,63.0,61.0,1.0
37898,2023-04-29 02:00:00,457.43,188.0,66.0,1.0,2.0,49.0,60.0,1.0
37899,2023-04-29 03:00:00,482.76,262.0,67.0,1.0,18.0,53.0,63.0,1.0
37900,2023-04-29 04:00:00,448.57,266.0,74.0,1.0,60.0,49.0,62.0,1.0
37901,2023-04-29 05:00:00,386.18,270.0,68.0,1.0,146.0,50.0,62.0,1.0
37902,2023-04-29 06:00:00,325.38,269.0,65.0,1.0,253.0,54.0,61.0,1.0
37903,2023-04-29 07:00:00,246.73,208.0,64.0,1.0,346.0,68.0,51.0,1.0
37904,2023-04-29 08:00:00,172.02,124.0,65.0,1.0,371.0,81.0,48.0,1.0
37905,2023-04-29 09:00:00,162.41,112.0,66.0,1.0,359.0,94.0,45.0,1.0
37906,2023-04-29 10:00:00,170.46,112.0,66.0,1.0,334.0,85.0,47.0,1.0
37907,2023-04-29 11:00:00,176.25,116.0,66.0,1.0,325.0,85.0,48.0,1.0
37908,2023-04-29 12:00:00,181.95,116.0,69.0,1.0,289.0,104.0,48.0,1.0
37909,2023-04-29 13:00:00,193.09,111.0,70.0,1.0,251.0,100.0,40.0,1.0
37910,2023-04-29 14:00:00,221.38,111.0,72.0,1.0,178.0,101.0,40.0,1.0
37911,2023-04-29 15:00:00,275.26,111.0,71.0,1.0,89.0,88.0,43.0,1.0
37912,2023-04-29 16:00:00,331.2,113.0,68.0,1.0,28.0,79.0,47.0,1.0
37913,2023-04-29 17:00:00,363.8,115.0,69.0,1.0,5.0,75.0,46.0,1.0
37914,2023-04-29 18:00:00,379.65,114.0,68.0,0.0,0.0,70.0,43.0,1.0
37915,2023-04-29 19:00:00,332.3,113.0,69.0,0.0,0.0,119.0,35.0,1.0
37916,2023-04-29 20:00:00,321.92,111.0,68.0,0.0,0.0,130.0,32.0,1.0
37917,2023-04-29 21:00:00,336.19,113.0,68.0,0.0,0.0,119.0,31.0,1.0
37918,2023-04-29 22:00:00,335.22,109.0,69.0,0.0,0.0,112.0,34.0,1.0
37919,2023-04-29 23:00:00,330.23,106.0,69.0,0.0,0.0,107.0,40.0,1.0
37920,2023-04-30 00:00:00,303.89,108.0,69.0,0.0,0.0,132.0,46.0,1.0
37921,2023-04-30 01:00:00,291.09,109.0,68.0,0.0,0.0,149.0,46.0,1.0
37922,2023-04-30 02:00:00,317.1,108.0,68.0,0.0,1.0,118.0,44.0,1.0
37923,2023-04-30 03:00:00,322.38,110.0,67.0,1.0,8.0,110.0,41.0,1.0
37924,2023-04-30 04:00:00,291.82,111.0,67.0,1.0,35.0,120.0,41.0,1.0
37925,2023-04-30 05:00:00,242.78,123.0,66.0,1.0,105.0,148.0,44.0,1.0
37926,2023-04-30 06:00:00,185.17,115.0,65.0,1.0,202.0,174.0,47.0,1.0
37927,2023-04-30 07:00:00,159.05,112.0,68.0,1.0,251.0,217.0,47.0,1.0
37928,2023-04-30 08:00:00,158.18,111.0,68.0,1.0,264.0,204.0,47.0,1.0
37929,2023-04-30 09:00:00,159.07,113.0,69.0,1.0,268.0,203.0,49.0,1.0
37930,2023-04-30 10:00:00,156.05,113.0,70.0,1.0,266.0,222.0,47.0,1.0
37931,2023-04-30 11:00:00,157.01,106.0,68.0,1.0,252.0,199.0,50.0,1.0
37932,2023-04-30 12:00:00,161.74,110.0,68.0,1.0,256.0,189.0,51.0,1.0
37933,2023-04-30 13:00:00,181.77,113.0,67.0,1.0,220.0,159.0,51.0,1.0
37934,2023-04-30 14:00:00,201.76,111.0,66.0,1.0,163.0,149.0,51.0,1.0
37935,2023-04-30 15:00:00,235.36,117.0,66.0,1.0,90.0,150.0,59.0,1.0
37936,2023-04-30 16:00:00,265.68,111.0,67.0,1.0,34.0,134.0,65.0,1.0
37937,2023-04-30 17:00:00,301.87,112.0,67.0,1.0,8.0,117.0,60.0,1.0
37938,2023-04-30 18:00:00,324.8,109.0,66.0,1.0,1.0,99.0,55.0,1.0
37939,2023-04-30 19:00:00,346.88,110.0,65.0,1.0,0.0,83.0,52.0,1.0
37940,2023-04-30 20:00:00,355.8,109.0,64.0,1.0,0.0,68.0,58.0,1.0
37941,2023-04-30 21:00:00,357.43,112.0,64.0,1.0,0.0,64.0,64.0,1.0
37942,2023-04-30 22:00:00,375.0,124.0,63.0,1.0,0.0,72.0,54.0,1.0
37943,2023-04-30 23:00:00,359.72,112.0,62.0,1.0,0.0,84.0,42.0,1.0
37944,2023-05-01 00:00:00,377.23,112.0,61.0,1.0,0.0,76.0,36.0,1.0
37945,2023-05-01 01:00:00,381.21,113.0,61.0,1.0,0.0,77.0,33.0,1.0
37946,2023-05-01 02:00:00,375.95,113.0,61.0,1.0,3.0,81.0,30.0,1.0
37947,2023-05-01 03:00:00,367.6,134.0,60.0,1.0,22.0,81.0,40.0,1.0
37948,2023-05-01 04:00:00,308.45,134.0,60.0,1.0,87.0,73.0,48.0,1.0
37949,2023-05-01 05:00:00,228.86,131.0,64.0,1.0,225.0,71.0,48.0,1.0
37950,2023-05-01 06:00:00,168.04,113.0,67.0,1.0,363.0,71.0,46.0,1.0
37951,2023-05-01 07:00:00,151.78,121.0,67.0,1.0,454.0,93.0,36.0,1.0
37952,2023-05-01 08:00:00,153.24,116.0,65.0,1.0,410.0,111.0,32.0,1.0
37953,2023-05-01 09:00:00,176.67,112.0,63.0,1.0,305.0,101.0,34.0,1.0
37954,2023-05-01 10:00:00,171.84,127.0,65.0,1.0,348.0,127.0,36.0,1.0
37955,2023-05-01 11:00:00,170.99,127.0,68.0,1.0,353.0,127.0,38.0,1.0
37956,2023-05-01 12:00:00,172.95,120.0,67.0,1.0,333.0,112.0,40.0,1.0
37957,2023-05-01 13:00:00,190.78,119.0,67.0,1.0,270.0,105.0,44.0,1.0
37958,2023-05-01 14:00:00,242.53,130.0,69.0,1.0,163.0,107.0,44.0,1.0
37959,2023-05-01 15:00:00,299.37,124.0,69.0,1.0,67.0,97.0,43.0,1.0
37960,2023-05-01 16:00:00,345.35,122.0,68.0,1.0,23.0,86.0,42.0,1.0
37961,2023-05-01 17:00:00,379.65,117.0,68.0,1.0,5.0,70.0,40.0,1.0
37962,2023-05-01 18:00:00,359.51,127.0,66.0,1.0,0.0,105.0,38.0,1.0
37963,2023-05-01 19:00:00,338.41,123.0,65.0,1.0,0.0,120.0,39.0,1.0
37964,2023-05-01 20:00:00,304.99,118.0,66.0,1.0,0.0,146.0,44.0,1.0
37965,2023-05-01 21:00:00,291.05,118.0,66.0,1.0,0.0,156.0,52.0,1.0
37966,2023-05-01 22:00:00,275.47,104.0,67.0,1.0,0.0,152.0,54.0,1.0
37967,2023-05-01 23:00:00,279.13,109.0,65.0,1.0,0.0,155.0,54.0,1.0
37968,2023-05-02 00:00:00,275.7,104.0,65.0,1.0,0.0,153.0,52.0,1.0
37969,2023-05-02 01:00:00,260.31,107.0,65.0,1.0,0.0,178.0,55.0,1.0
37970,2023-05-02 02:00:00,256.85,108.0,64.0,1.0,3.0,186.0,51.0,1.0
37971,2023-05-02 03:00:00,311.12,184.0,67.0,1.0,25.0,201.0,52.0,1.0
37972,2023-05-02 04:00:00,316.02,227.0,66.0,1.0,75.0,205.0,50.0,1.0
37973,2023-05-02 05:00:00,286.12,257.0,66.0,1.0,163.0,229.0,53.0,1.0
37974,2023-05-02 06:00:00,232.72,234.0,65.0,1.0,265.0,249.0,55.0,1.0
37975,2023-05-02 07:00:00,195.38,209.0,65.0,1.0,343.0,271.0,49.0,1.0
37976,2023-05-02 08:00:00,189.11,207.0,67.0,1.0,367.0,275.0,48.0,1.0
37977,2023-05-02 09:00:00,190.09,198.0,68.0,1.0,354.0,260.0,45.0,1.0
37978,2023-05-02 10:00:00,212.24,201.0,68.0,1.0,291.0,235.0,44.0,1.0
37979,2023-05-02 11:00:00,231.21,187.0,68.0,1.0,184.0,242.0,43.0,1.0
37980,2023-05-02 12:00:00,222.72,149.0,68.0,1.0,103.0,258.0,44.0,1.0
37981,2023-05-02 13:00:00,209.34,121.0,69.0,1.0,70.0,258.0,44.0,1.0
37982,2023-05-02 14:00:00,274.15,181.0,69.0,1.0,54.0,245.0,46.0,1.0
37983,2023-05-02 15:00:00,283.56,190.0,68.0,1.0,47.0,242.0,51.0,1.0
37984,2023-05-02 16:00:00,302.94,196.0,65.0,1.0,30.0,226.0,54.0,1.0
37985,2023-05-02 17:00:00,294.38,179.0,62.0,1.0,9.0,237.0,53.0,1.0
37986,2023-05-02 18:00:00,306.83,176.0,64.0,1.0,1.0,221.0,51.0,1.0
37987,2023-05-02 19:00:00,333.28,193.0,65.0,1.0,0.0,206.0,48.0,1.0
37988,2023-05-02 20:00:00,330.7,177.0,63.0,1.0,0.0,189.0,48.0,1.0
37989,2023-05-02 21:00:00,300.4,132.0,61.0,1.0,0.0,169.0,47.0,1.0
37990,2023-05-02 22:00:00,303.45,125.0,64.0,1.0,0.0,166.0,36.0,1.0
37991,2023-05-02 23:00:00,301.55,113.0,63.0,1.0,0.0,147.0,39.0,1.0
37992,2023-05-03 00:00:00,303.64,114.0,63.0,1.0,0.0,137.0,48.0,1.0
37993,2023-05-03 01:00:00,321.58,114.0,65.0,1.0,0.0,117.0,48.0,1.0
37994,2023-05-03 02:00:00,349.11,116.0,64.0,1.0,4.0,94.0,42.0,1.0
37995,2023-05-03 03:00:00,422.19,183.0,63.0,1.0,25.0,71.0,42.0,1.0
37996,2023-05-03 04:00:00,414.04,242.0,62.0,1.0,91.0,55.0,49.0,1.0
37997,2023-05-03 05:00:00,340.62,268.0,62.0,1.0,220.0,66.0,49.0,1.0
37998,2023-05-03 06:00:00,268.2,250.0,67.0,1.0,347.0,89.0,48.0,1.0
37999,2023-05-03 07:00:00,237.02,247.0,67.0,1.0,432.0,107.0,44.0,1.0
38000,2023-05-03 08:00:00,253.32,261.0,71.0,1.0,403.0,108.0,44.0,1.0
38001,2023-05-03 09:00:00,241.61,219.0,71.0,1.0,363.0,106.0,39.0,1.0
38002,2023-05-03 10:00:00,190.11,142.0,69.0,1.0,339.0,116.0,37.0,1.0
38003,2023-05-03 11:00:00,174.79,121.0,65.0,1.0,330.0,112.0,37.0,1.0
38004,2023-05-03 12:00:00,176.66,114.0,67.0,1.0,320.0,94.0,37.0,1.0
38005,2023-05-03 13:00:00,189.53,119.0,67.0,1.0,283.0,102.0,38.0,1.0
38006,2023-05-03 14:00:00,285.8,190.0,67.0,1.0,213.0,84.0,38.0,1.0
38007,2023-05-03 15:00:00,403.11,269.0,68.0,1.0,119.0,64.0,49.0,1.0
38008,2023-05-03 16:00:00,462.65,271.0,67.0,1.0,46.0,54.0,60.0,1.0
38009,2023-05-03 17:00:00,503.46,274.0,67.0,1.0,12.0,45.0,64.0,1.0
38010,2023-05-03 18:00:00,485.02,268.0,68.0,1.0,1.0,74.0,60.0,1.0
38011,2023-05-03 19:00:00,410.12,225.0,65.0,1.0,0.0,129.0,56.0,1.0
38012,2023-05-03 20:00:00,350.58,177.0,66.0,1.0,0.0,154.0,56.0,1.0
38013,2023-05-03 21:00:00,296.84,117.0,67.0,1.0,0.0,144.0,55.0,1.0
38014,2023-05-03 22:00:00,314.69,121.0,68.0,1.0,0.0,132.0,51.0,1.0
38015,2023-05-03 23:00:00,300.85,113.0,68.0,1.0,0.0,137.0,51.0,1.0
38016,2023-05-04 00:00:00,298.05,113.0,66.0,1.0,0.0,138.0,53.0,1.0
38017,2023-05-04 01:00:00,324.27,134.0,65.0,1.0,0.0,132.0,57.0,1.0
38018,2023-05-04 02:00:00,351.34,153.0,64.0,1.0,3.0,124.0,54.0,1.0
38019,2023-05-04 03:00:00,411.11,218.0,64.0,1.0,21.0,98.0,59.0,1.0
38020,2023-05-04 04:00:00,398.49,258.0,63.0,1.0,73.0,95.0,61.0,1.0
38021,2023-05-04 05:00:00,323.94,255.0,63.0,1.0,185.0,107.0,60.0,1.0
38022,2023-05-04 06:00:00,262.31,248.0,64.0,1.0,311.0,126.0,60.0,1.0
38023,2023-05-04 07:00:00,237.98,238.0,64.0,1.0,365.0,132.0,61.0,1.0
38024,2023-05-04 08:00:00,228.68,212.0,63.0,1.0,353.0,122.0,57.0,1.0
38025,2023-05-04 09:00:00,185.05,149.0,63.0,1.0,360.0,116.0,51.0,1.0
38026,2023-05-04 10:00:00,187.1,154.0,73.0,1.0,366.0,125.0,53.0,1.0
38027,2023-05-04 11:00:00,175.19,134.0,84.0,1.0,350.0,138.0,54.0,1.0
38028,2023-05-04 12:00:00,168.4,122.0,66.0,1.0,319.0,136.0,54.0,1.0
38029,2023-05-04 13:00:00,203.09,149.0,64.0,1.0,286.0,120.0,56.0,1.0
38030,2023-05-04 14:00:00,257.37,194.0,66.0,1.0,220.0,131.0,57.0,1.0
38031,2023-05-04 15:00:00,332.74,228.0,67.0,1.0,129.0,112.0,59.0,1.0
38032,2023-05-04 16:00:00,404.98,249.0,66.0,1.0,49.0,105.0,58.0,1.0
38033,2023-05-04 17:00:00,454.45,268.0,67.0,1.0,13.0,95.0,59.0,1.0
38034,2023-05-04 18:00:00,483.02,269.0,66.0,1.0,1.0,78.0,59.0,1.0
38035,2023-05-04 19:00:00,497.49,262.0,64.0,1.0,0.0,64.0,57.0,1.0
38036,2023-05-04 20:00:00,497.85,246.0,65.0,1.0,0.0,56.0,56.0,1.0
38037,2023-05-04 21:00:00,443.3,156.0,65.0,1.0,0.0,46.0,54.0,1.0
38038,2023-05-04 22:00:00,390.33,114.0,66.0,1.0,0.0,51.0,53.0,1.0
38039,2023-05-04 23:00:00,363.26,111.0,64.0,1.0,0.0,69.0,53.0,1.0
38040,2023-05-05 00:00:00,368.27,112.0,64.0,1.0,0.0,64.0,55.0,1.0
38041,2023-05-05 01:00:00,343.72,111.0,64.0,1.0,0.0,80.0,59.0,1.0
38042,2023-05-05 02:00:00,330.04,114.0,64.0,1.0,4.0,94.0,58.0,1.0
38043,2023-05-05 03:00:00,372.23,164.0,65.0,1.0,26.0,84.0,60.0,1.0
38044,2023-05-05 04:00:00,370.28,219.0,65.0,1.0,82.0,87.0,61.0,1.0
38045,2023-05-05 05:00:00,316.87,245.0,63.0,1.0,185.0,107.0,61.0,1.0
38046,2023-05-05 06:00:00,286.44,243.0,66.0,1.0,247.0,114.0,60.0,1.0
38047,2023-05-05 07:00:00,289.48,244.0,59.0,1.0,234.0,120.0,59.0,1.0
38048,2023-05-05 08:00:00,256.92,193.0,61.0,1.0,232.0,116.0,57.0,1.0
38049,2023-05-05 09:00:00,197.67,127.0,64.0,1.0,252.0,110.0,56.0,1.0
38050,2023-05-05 10:00:00,182.44,115.0,64.0,1.0,270.0,106.0,55.0,1.0
38051,2023-05-05 11:00:00,181.99,112.0,64.0,1.0,265.0,103.0,55.0,1.0
38052,2023-05-05 12:00:00,195.5,122.0,67.0,1.0,261.0,96.0,56.0,1.0
38053,2023-05-05 13:00:00,208.81,129.0,67.0,1.0,236.0,101.0,56.0,1.0
38054,2023-05-05 14:00:00,253.43,146.0,65.0,1.0,179.0,88.0,55.0,1.0
38055,2023-05-05 15:00:00,320.01,154.0,67.0,1.0,104.0,63.0,55.0,1.0
38056,2023-05-05 16:00:00,431.94,205.0,63.0,1.0,46.0,45.0,55.0,1.0
38057,2023-05-05 17:00:00,523.33,269.0,64.0,1.0,14.0,32.0,56.0,1.0
38058,2023-05-05 18:00:00,528.56,238.0,61.0,1.0,1.0,25.0,59.0,1.0
38059,2023-05-05 19:00:00,505.15,211.0,62.0,1.0,0.0,33.0,56.0,1.0
38060,2023-05-05 20:00:00,444.61,147.0,63.0,1.0,0.0,37.0,56.0,1.0
38061,2023-05-05 21:00:00,406.21,114.0,64.0,1.0,0.0,38.0,55.0,1.0
38062,2023-05-05 22:00:00,412.32,108.0,63.0,1.0,0.0,37.0,47.0,1.0
38063,2023-05-05 23:00:00,424.28,111.0,64.0,1.0,0.0,36.0,43.0,1.0
38064,2023-05-06 00:00:00,425.94,111.0,64.0,1.0,0.0,33.0,45.0,1.0
38065,2023-05-06 01:00:00,412.23,109.0,62.0,1.0,0.0,34.0,51.0,1.0
38066,2023-05-06 02:00:00,425.58,112.0,64.0,1.0,6.0,26.0,47.0,1.0
38067,2023-05-06 03:00:00,405.22,112.0,63.0,1.0,28.0,17.0,47.0,1.0
38068,2023-05-06 04:00:00,320.51,114.0,64.0,1.0,101.0,20.0,45.0,1.0
38069,2023-05-06 05:00:00,240.23,128.0,66.0,1.0,231.0,35.0,47.0,1.0
38070,2023-05-06 06:00:00,175.19,113.0,67.0,1.0,344.0,52.0,57.0,1.0
38071,2023-05-06 07:00:00,179.74,118.0,66.0,1.0,342.0,63.0,47.0,1.0
38072,2023-05-06 08:00:00,196.49,121.0,68.0,1.0,285.0,67.0,56.0,1.0
38073,2023-05-06 09:00:00,174.35,115.0,69.0,1.0,329.0,80.0,56.0,1.0
38074,2023-05-06 10:00:00,165.32,114.0,69.0,1.0,354.0,91.0,52.0,1.0
38075,2023-05-06 11:00:00,166.92,114.0,67.0,0.0,351.0,87.0,51.0,1.0
38076,2023-05-06 12:00:00,173.65,119.0,68.0,0.0,341.0,89.0,51.0,1.0
38077,2023-05-06 13:00:00,188.9,121.0,69.0,0.0,305.0,80.0,49.0,1.0
38078,2023-05-06 14:00:00,224.02,126.0,69.0,0.0,237.0,62.0,49.0,1.0
38079,2023-05-06 15:00:00,280.32,124.0,68.0,0.0,138.0,47.0,50.0,1.0
38080,2023-05-06 16:00:00,376.26,131.0,68.0,0.0,50.0,28.0,55.0,1.0
38081,2023-05-06 17:00:00,434.14,130.0,67.0,0.0,14.0,19.0,55.0,1.0
38082,2023-05-06 18:00:00,440.17,123.0,67.0,0.0,1.0,22.0,56.0,1.0
38083,2023-05-06 19:00:00,428.47,117.0,65.0,0.0,0.0,26.0,56.0,1.0
38084,2023-05-06 20:00:00,418.0,115.0,65.0,0.0,0.0,31.0,56.0,1.0
38085,2023-05-06 21:00:00,399.07,112.0,65.0,1.0,0.0,39.0,57.0,1.0
38086,2023-05-06 22:00:00,405.52,117.0,65.0,1.0,0.0,40.0,56.0,1.0
38087,2023-05-06 23:00:00,399.5,109.0,65.0,1.0,0.0,37.0,56.0,1.0
38088,2023-05-07 00:00:00,402.28,111.0,64.0,1.0,0.0,31.0,62.0,1.0
38089,2023-05-07 01:00:00,394.87,111.0,65.0,1.0,0.0,29.0,69.0,1.0
38090,2023-05-07 02:00:00,401.06,110.0,63.0,1.0,6.0,24.0,63.0,1.0
38091,2023-05-07 03:00:00,381.01,119.0,65.0,1.0,29.0,26.0,61.0,1.0
38092,2023-05-07 04:00:00,311.52,125.0,65.0,1.0,104.0,29.0,59.0,1.0
38093,2023-05-07 05:00:00,232.57,132.0,68.0,1.0,245.0,36.0,59.0,1.0
38094,2023-05-07 06:00:00,173.59,124.0,67.0,1.0,384.0,53.0,59.0,1.0
38095,2023-05-07 07:00:00,148.55,114.0,67.0,1.0,467.0,63.0,41.0,1.0
38096,2023-05-07 08:00:00,153.45,121.0,68.0,1.0,479.0,58.0,39.0,1.0
38097,2023-05-07 09:00:00,146.08,115.0,69.0,1.0,482.0,74.0,35.0,1.0
38098,2023-05-07 10:00:00,145.46,118.0,69.0,1.0,491.0,80.0,36.0,1.0
38099,2023-05-07 11:00:00,140.61,112.0,69.0,1.0,495.0,78.0,35.0,1.0
38100,2023-05-07 12:00:00,157.91,130.0,69.0,1.0,480.0,72.0,38.0,1.0
38101,2023-05-07 13:00:00,158.9,115.0,68.0,0.0,423.0,60.0,45.0,1.0
38102,2023-05-07 14:00:00,204.57,125.0,69.0,0.0,309.0,43.0,45.0,1.0
38103,2023-05-07 15:00:00,288.46,130.0,69.0,0.0,161.0,24.0,48.0,1.0
38104,2023-05-07 16:00:00,464.96,204.0,67.0,0.0,49.0,9.0,58.0,1.0
38105,2023-05-07 17:00:00,546.34,258.0,68.0,0.0,13.0,6.0,60.0,1.0
38106,2023-05-07 18:00:00,557.87,237.0,68.0,0.0,1.0,5.0,57.0,1.0
38107,2023-05-07 19:00:00,549.96,217.0,67.0,0.0,0.0,5.0,56.0,1.0
38108,2023-05-07 20:00:00,483.84,132.0,66.0,0.0,0.0,5.0,55.0,1.0
38109,2023-05-07 21:00:00,460.35,116.0,65.0,0.0,0.0,7.0,56.0,1.0
38110,2023-05-07 22:00:00,446.98,111.0,64.0,0.0,0.0,12.0,55.0,1.0
38111,2023-05-07 23:00:00,439.59,115.0,64.0,0.0,0.0,18.0,56.0,1.0
38112,2023-05-08 00:00:00,436.35,125.0,66.0,0.0,0.0,25.0,58.0,1.0
38113,2023-05-08 01:00:00,429.12,124.0,65.0,0.0,0.0,21.0,66.0,1.0
38114,2023-05-08 02:00:00,422.15,125.0,68.0,0.0,6.0,22.0,64.0,1.0
38115,2023-05-08 03:00:00,441.53,178.0,66.0,0.0,33.0,20.0,65.0,1.0
38116,2023-05-08 04:00:00,447.45,246.0,70.0,0.0,79.0,20.0,61.0,1.0
38117,2023-05-08 05:00:00,374.06,259.0,71.0,1.0,180.0,25.0,61.0,1.0
38118,2023-05-08 06:00:00,293.83,250.0,71.0,1.0,310.0,45.0,60.0,1.0
38119,2023-05-08 07:00:00,260.24,248.0,70.0,1.0,397.0,57.0,52.0,1.0
38120,2023-05-08 08:00:00,209.13,199.0,69.0,1.0,460.0,65.0,53.0,1.0
38121,2023-05-08 09:00:00,152.78,129.0,70.0,1.0,490.0,73.0,51.0,1.0
38122,2023-05-08 10:00:00,138.45,114.0,70.0,1.0,503.0,76.0,52.0,1.0
38123,2023-05-08 11:00:00,145.21,117.0,87.0,1.0,502.0,77.0,53.0,1.0
38124,2023-05-08 12:00:00,142.25,114.0,68.0,1.0,480.0,73.0,53.0,1.0
38125,2023-05-08 13:00:00,159.43,119.0,69.0,1.0,419.0,67.0,55.0,1.0
38126,2023-05-08 14:00:00,241.07,175.0,69.0,1.0,304.0,53.0,57.0,1.0
38127,2023-05-08 15:00:00,384.3,265.0,69.0,1.0,161.0,35.0,60.0,1.0
38128,2023-05-08 16:00:00,477.87,253.0,69.0,0.0,50.0,22.0,62.0,1.0
38129,2023-05-08 17:00:00,528.46,257.0,69.0,0.0,15.0,16.0,61.0,1.0
38130,2023-05-08 18:00:00,548.43,262.0,68.0,0.0,2.0,17.0,60.0,1.0
38131,2023-05-08 19:00:00,548.6,258.0,69.0,0.0,1.0,14.0,62.0,1.0
38132,2023-05-08 20:00:00,539.34,228.0,68.0,0.0,0.0,13.0,59.0,1.0
38133,2023-05-08 21:00:00,450.84,118.0,68.0,0.0,0.0,11.0,58.0,1.0
38134,2023-05-08 22:00:00,530.02,187.0,67.0,0.0,0.0,8.0,53.0,1.0
38135,2023-05-08 23:00:00,508.14,159.0,66.0,0.0,0.0,8.0,53.0,1.0
38136,2023-05-09 00:00:00,453.53,122.0,69.0,0.0,0.0,13.0,57.0,1.0
38137,2023-05-09 01:00:00,411.38,121.0,69.0,0.0,0.0,33.0,63.0,1.0
38138,2023-05-09 02:00:00,452.34,181.0,68.0,0.0,7.0,42.0,62.0,1.0
38139,2023-05-09 03:00:00,464.03,231.0,67.0,0.0,30.0,41.0,63.0,1.0
38140,2023-05-09 04:00:00,413.55,246.0,71.0,0.0,99.0,43.0,57.0,1.0
38141,2023-05-09 05:00:00,334.54,246.0,70.0,0.0,234.0,37.0,50.0,1.0
38142,2023-05-09 06:00:00,259.35,231.0,70.0,0.0,367.0,58.0,52.0,1.0
38143,2023-05-09 07:00:00,168.56,141.0,71.0,0.0,454.0,76.0,52.0,1.0
38144,2023-05-09 08:00:00,139.41,116.0,68.0,0.0,489.0,94.0,49.0,1.0
38145,2023-05-09 09:00:00,134.6,113.0,69.0,0.0,497.0,99.0,53.0,1.0
38146,2023-05-09 10:00:00,138.17,114.0,69.0,1.0,492.0,84.0,55.0,1.0
38147,2023-05-09 11:00:00,142.02,119.0,68.0,0.0,484.0,88.0,58.0,1.0
38148,2023-05-09 12:00:00,146.78,119.0,69.0,0.0,460.0,86.0,59.0,1.0
38149,2023-05-09 13:00:00,159.43,119.0,69.0,0.0,399.0,79.0,64.0,1.0
38150,2023-05-09 14:00:00,252.21,187.0,69.0,0.0,292.0,55.0,63.0,1.0
38151,2023-05-09 15:00:00,343.08,199.0,70.0,0.0,159.0,31.0,58.0,1.0
38152,2023-05-09 16:00:00,470.44,227.0,70.0,0.0,56.0,16.0,53.0,1.0
38153,2023-05-09 17:00:00,543.85,265.0,70.0,0.0,18.0,13.0,52.0,1.0
38154,2023-05-09 18:00:00,556.35,247.0,70.0,0.0,2.0,11.0,54.0,1.0
38155,2023-05-09 19:00:00,487.21,182.0,71.0,0.0,0.0,13.0,72.0,1.0
38156,2023-05-09 20:00:00,471.19,171.0,70.0,0.0,0.0,17.0,73.0,1.0
38157,2023-05-09 21:00:00,456.09,141.0,70.0,0.0,0.0,15.0,66.0,1.0
38158,2023-05-09 22:00:00,472.51,115.0,70.0,0.0,0.0,9.0,46.0,1.0
38159,2023-05-09 23:00:00,466.1,111.0,69.0,0.0,0.0,8.0,48.0,1.0
38160,2023-05-10 00:00:00,462.97,111.0,67.0,0.0,0.0,10.0,48.0,1.0
38161,2023-05-10 01:00:00,443.63,111.0,63.0,0.0,0.0,16.0,53.0,1.0
38162,2023-05-10 02:00:00,485.08,169.0,42.0,0.0,9.0,25.0,52.0,1.0
38163,2023-05-10 03:00:00,496.24,239.0,44.0,0.0,37.0,27.0,52.0,1.0
38164,2023-05-10 04:00:00,444.93,256.0,45.0,0.0,100.0,24.0,50.0,1.0
38165,2023-05-10 05:00:00,351.36,263.0,47.0,0.0,226.0,30.0,53.0,1.0
38166,2023-05-10 06:00:00,241.21,202.0,49.0,0.0,356.0,46.0,60.0,1.0
38167,2023-05-10 07:00:00,170.23,147.0,48.0,0.0,444.0,59.0,65.0,1.0
38168,2023-05-10 08:00:00,140.72,119.0,48.0,0.0,483.0,65.0,57.0,1.0
38169,2023-05-10 09:00:00,134.2,114.0,49.0,1.0,492.0,70.0,58.0,1.0
38170,2023-05-10 10:00:00,137.33,117.0,48.0,1.0,487.0,71.0,56.0,1.0
38171,2023-05-10 11:00:00,139.43,112.0,48.0,1.0,462.0,66.0,52.0,1.0
38172,2023-05-10 12:00:00,147.96,114.0,49.0,1.0,429.0,64.0,54.0,1.0
38173,2023-05-10 13:00:00,166.55,121.0,47.0,1.0,373.0,59.0,58.0,1.0
38174,2023-05-10 14:00:00,263.85,188.0,48.0,1.0,278.0,39.0,56.0,1.0
38175,2023-05-10 15:00:00,385.98,242.0,48.0,1.0,153.0,27.0,52.0,1.0
38176,2023-05-10 16:00:00,486.0,263.0,48.0,1.0,54.0,12.0,70.0,1.0
38177,2023-05-10 17:00:00,545.35,266.0,49.0,1.0,16.0,7.0,65.0,1.0
38178,2023-05-10 18:00:00,584.35,267.0,47.0,0.0,2.0,7.0,54.0,1.0
38179,2023-05-10 19:00:00,588.79,254.0,48.0,0.0,0.0,7.0,49.0,1.0
38180,2023-05-10 20:00:00,583.53,240.0,48.0,0.0,0.0,7.0,48.0,1.0
38181,2023-05-10 21:00:00,553.67,192.0,47.0,0.0,0.0,10.0,46.0,1.0
38182,2023-05-10 22:00:00,483.83,129.0,46.0,0.0,0.0,19.0,44.0,1.0
38183,2023-05-10 23:00:00,448.27,125.0,47.0,0.0,0.0,29.0,50.0,1.0
38184,2023-05-11 00:00:00,421.7,125.0,46.0,0.0,0.0,39.0,56.0,1.0
38185,2023-05-11 01:00:00,400.59,125.0,47.0,0.0,0.0,51.0,58.0,1.0
38186,2023-05-11 02:00:00,453.95,184.0,45.0,0.0,9.0,50.0,57.0,1.0
38187,2023-05-11 03:00:00,452.31,228.0,46.0,0.0,32.0,58.0,57.0,1.0
38188,2023-05-11 04:00:00,410.15,251.0,46.0,0.0,98.0,52.0,60.0,1.0
38189,2023-05-11 05:00:00,345.96,265.0,46.0,0.0,219.0,41.0,61.0,1.0
38190,2023-05-11 06:00:00,250.16,214.0,45.0,0.0,344.0,54.0,61.0,1.0
38191,2023-05-11 07:00:00,153.06,126.0,47.0,0.0,439.0,63.0,67.0,1.0
38192,2023-05-11 08:00:00,138.39,119.0,48.0,0.0,484.0,67.0,67.0,1.0
38193,2023-05-11 09:00:00,133.79,115.0,45.0,0.0,491.0,70.0,60.0,1.0
38194,2023-05-11 10:00:00,144.03,127.0,42.0,0.0,484.0,72.0,56.0,1.0
38195,2023-05-11 11:00:00,133.22,111.0,43.0,0.0,475.0,71.0,56.0,1.0
38196,2023-05-11 12:00:00,147.15,118.0,44.0,0.0,437.0,68.0,56.0,1.0
38197,2023-05-11 13:00:00,173.56,126.0,45.0,0.0,367.0,56.0,56.0,1.0
38198,2023-05-11 14:00:00,286.77,206.0,45.0,0.0,263.0,38.0,53.0,1.0
38199,2023-05-11 15:00:00,393.63,242.0,45.0,0.0,144.0,23.0,56.0,1.0
38200,2023-05-11 16:00:00,482.55,257.0,47.0,0.0,58.0,12.0,67.0,1.0
38201,2023-05-11 17:00:00,524.43,251.0,47.0,0.0,21.0,8.0,70.0,1.0
38202,2023-05-11 18:00:00,554.41,256.0,45.0,0.0,3.0,7.0,70.0,1.0
38203,2023-05-11 19:00:00,544.92,251.0,44.0,0.0,1.0,14.0,70.0,1.0
38204,2023-05-11 20:00:00,516.13,242.0,44.0,0.0,0.0,32.0,70.0,1.0
38205,2023-05-11 21:00:00,448.56,172.0,44.0,0.0,0.0,44.0,68.0,1.0
38206,2023-05-11 22:00:00,421.82,141.0,44.0,0.0,0.0,49.0,59.0,1.0
38207,2023-05-11 23:00:00,406.42,126.0,45.0,0.0,0.0,48.0,58.0,1.0
38208,2023-05-12 00:00:00,449.92,165.0,45.0,0.0,0.0,49.0,57.0,1.0
38209,2023-05-12 01:00:00,491.36,208.0,36.0,0.0,1.0,46.0,58.0,1.0
38210,2023-05-12 02:00:00,492.15,215.0,37.0,0.0,9.0,42.0,57.0,1.0
38211,2023-05-12 03:00:00,472.51,211.0,35.0,0.0,31.0,35.0,55.0,1.0
38212,2023-05-12 04:00:00,401.01,211.0,43.0,0.0,100.0,31.0,55.0,1.0
38213,2023-05-12 05:00:00,310.23,212.0,56.0,0.0,227.0,34.0,58.0,1.0
38214,2023-05-12 06:00:00,241.61,201.0,59.0,0.0,354.0,48.0,62.0,1.0
38215,2023-05-12 07:00:00,216.57,210.0,57.0,0.0,444.0,62.0,63.0,1.0
38216,2023-05-12 08:00:00,204.01,211.0,53.0,0.0,487.0,69.0,64.0,1.0
38217,2023-05-12 09:00:00,198.15,208.0,58.0,0.0,499.0,80.0,63.0,1.0
38218,2023-05-12 10:00:00,197.03,214.0,44.0,0.0,497.0,97.0,58.0,1.0
38219,2023-05-12 11:00:00,202.05,219.0,45.0,0.0,486.0,100.0,58.0,1.0
38220,2023-05-12 12:00:00,217.05,226.0,44.0,0.0,462.0,78.0,58.0,1.0
38221,2023-05-12 13:00:00,252.07,248.0,47.0,0.0,400.0,65.0,58.0,1.0
38222,2023-05-12 14:00:00,265.94,212.0,46.0,0.0,289.0,70.0,54.0,1.0
38223,2023-05-12 15:00:00,335.83,211.0,47.0,0.0,157.0,65.0,50.0,1.0
38224,2023-05-12 16:00:00,437.52,210.0,46.0,0.0,53.0,44.0,51.0,1.0
38225,2023-05-12 17:00:00,492.21,210.0,46.0,0.0,17.0,35.0,51.0,1.0
38226,2023-05-12 18:00:00,524.66,230.0,45.0,0.0,3.0,36.0,51.0,1.0
38227,2023-05-12 19:00:00,537.86,251.0,44.0,0.0,0.0,42.0,48.0,1.0
38228,2023-05-12 20:00:00,519.67,240.0,42.0,0.0,0.0,49.0,50.0,1.0
38229,2023-05-12 21:00:00,460.55,174.0,63.0,0.0,0.0,51.0,50.0,1.0
38230,2023-05-12 22:00:00,463.06,180.0,68.0,0.0,0.0,50.0,52.0,1.0
38231,2023-05-12 23:00:00,456.99,179.0,68.0,0.0,0.0,48.0,58.0,1.0
38232,2023-05-13 00:00:00,405.8,137.0,68.0,0.0,0.0,54.0,60.0,1.0
38233,2023-05-13 01:00:00,415.06,148.0,68.0,0.0,1.0,55.0,60.0,1.0
38234,2023-05-13 02:00:00,399.02,140.0,70.0,0.0,9.0,53.0,60.0,1.0
38235,2023-05-13 03:00:00,395.98,161.0,68.0,0.0,32.0,52.0,60.0,1.0
38236,2023-05-13 04:00:00,355.39,170.0,69.0,0.0,105.0,39.0,53.0,1.0
38237,2023-05-13 05:00:00,242.63,143.0,68.0,0.0,240.0,46.0,56.0,1.0
38238,2023-05-13 06:00:00,190.98,141.0,66.0,0.0,371.0,57.0,56.0,1.0
38239,2023-05-13 07:00:00,186.64,168.0,67.0,0.0,461.0,67.0,56.0,1.0
38240,2023-05-13 08:00:00,170.31,159.0,70.0,0.0,503.0,76.0,56.0,1.0
38241,2023-05-13 09:00:00,169.67,163.0,69.0,0.0,517.0,78.0,56.0,1.0
38242,2023-05-13 10:00:00,158.12,147.0,70.0,0.0,520.0,85.0,51.0,1.0
38243,2023-05-13 11:00:00,158.13,145.0,69.0,0.0,512.0,89.0,46.0,1.0
38244,2023-05-13 12:00:00,173.54,157.0,69.0,0.0,486.0,80.0,45.0,1.0
38245,2023-05-13 13:00:00,197.75,165.0,70.0,0.0,420.0,67.0,45.0,1.0
38246,2023-05-13 14:00:00,214.25,136.0,70.0,0.0,305.0,52.0,42.0,1.0
38247,2023-05-13 15:00:00,325.01,173.0,70.0,0.0,164.0,33.0,45.0,1.0
38248,2023-05-13 16:00:00,461.11,203.0,70.0,0.0,54.0,17.0,47.0,1.0
38249,2023-05-13 17:00:00,544.99,252.0,70.0,0.0,17.0,13.0,47.0,1.0
38250,2023-05-13 18:00:00,557.27,246.0,70.0,0.0,3.0,16.0,47.0,1.0
38251,2023-05-13 19:00:00,552.88,237.0,69.0,0.0,0.0,17.0,49.0,1.0
38252,2023-05-13 20:00:00,547.49,243.0,69.0,0.0,1.0,22.0,49.0,1.0
38253,2023-05-13 21:00:00,531.68,221.0,69.0,0.0,0.0,24.0,50.0,1.0
38254,2023-05-13 22:00:00,514.6,195.0,68.0,0.0,0.0,24.0,50.0,1.0
38255,2023-05-13 23:00:00,487.7,171.0,69.0,0.0,0.0,22.0,57.0,1.0
38256,2023-05-14 00:00:00,479.19,163.0,69.0,0.0,0.0,18.0,62.0,1.0
38257,2023-05-14 01:00:00,456.91,140.0,69.0,0.0,1.0,18.0,61.0,1.0
38258,2023-05-14 02:00:00,405.71,106.0,68.0,0.0,9.0,18.0,60.0,1.0
38259,2023-05-14 03:00:00,227.44,27.0,69.0,0.0,32.0,22.0,54.0,1.0
38260,2023-05-14 04:00:00,167.94,22.0,69.0,0.0,107.0,22.0,34.0,1.0
38261,2023-05-14 05:00:00,83.12,9.0,66.0,0.0,242.0,30.0,35.0,1.0
38262,2023-05-14 06:00:00,56.89,6.0,67.0,0.0,372.0,45.0,35.0,1.0
38263,2023-05-14 07:00:00,49.96,8.0,66.0,0.0,460.0,56.0,31.0,1.0
38264,2023-05-14 08:00:00,86.24,45.0,68.0,0.0,501.0,62.0,18.0,1.0
38265,2023-05-14 09:00:00,144.12,115.0,68.0,0.0,514.0,66.0,21.0,1.0
38266,2023-05-14 10:00:00,147.78,118.0,68.0,0.0,509.0,67.0,18.0,1.0
38267,2023-05-14 11:00:00,173.5,149.0,68.0,0.0,495.0,69.0,19.0,1.0
38268,2023-05-14 12:00:00,192.77,165.0,68.0,0.0,463.0,67.0,20.0,1.0
38269,2023-05-14 13:00:00,179.06,128.0,68.0,0.0,402.0,56.0,32.0,1.0
38270,2023-05-14 14:00:00,203.68,113.0,68.0,0.0,290.0,42.0,34.0,1.0
38271,2023-05-14 15:00:00,280.89,113.0,70.0,0.0,159.0,26.0,31.0,1.0
38272,2023-05-14 16:00:00,436.16,147.0,69.0,0.0,56.0,14.0,29.0,1.0
38273,2023-05-14 17:00:00,537.75,193.0,70.0,0.0,19.0,10.0,29.0,1.0
38274,2023-05-14 18:00:00,582.64,233.0,71.0,0.0,4.0,11.0,30.0,1.0
38275,2023-05-14 19:00:00,583.99,239.0,71.0,0.0,1.0,15.0,30.0,1.0
38276,2023-05-14 20:00:00,563.09,223.0,70.0,0.0,0.0,24.0,30.0,1.0
38277,2023-05-14 21:00:00,511.29,172.0,68.0,0.0,0.0,36.0,29.0,1.0
38278,2023-05-14 22:00:00,430.16,123.0,69.0,0.0,0.0,54.0,31.0,1.0
38279,2023-05-14 23:00:00,414.75,119.0,69.0,0.0,0.0,53.0,39.0,1.0
38280,2023-05-15 00:00:00,408.73,120.0,69.0,0.0,0.0,55.0,42.0,1.0
38281,2023-05-15 01:00:00,421.37,122.0,69.0,0.0,0.0,49.0,41.0,1.0
38282,2023-05-15 02:00:00,491.72,201.0,68.0,0.0,8.0,47.0,38.0,1.0
38283,2023-05-15 03:00:00,499.18,243.0,70.0,0.0,32.0,42.0,35.0,1.0
38284,2023-05-15 04:00:00,411.84,203.0,69.0,0.0,98.0,29.0,38.0,1.0
38285,2023-05-15 05:00:00,351.85,255.0,69.0,0.0,222.0,33.0,45.0,1.0
38286,2023-05-15 06:00:00,293.67,263.0,67.0,0.0,340.0,47.0,49.0,1.0
38287,2023-05-15 07:00:00,225.92,207.0,66.0,0.0,426.0,59.0,48.0,1.0
38288,2023-05-15 08:00:00,185.71,167.0,69.0,0.0,472.0,68.0,47.0,1.0
38289,2023-05-15 09:00:00,171.79,151.0,69.0,0.0,474.0,79.0,46.0,1.0
38290,2023-05-15 10:00:00,179.33,153.0,69.0,0.0,440.0,90.0,41.0,1.0
38291,2023-05-15 11:00:00,168.34,130.0,69.0,0.0,419.0,86.0,37.0,1.0
38292,2023-05-15 12:00:00,172.11,119.0,68.0,0.0,374.0,75.0,38.0,1.0
38293,2023-05-15 13:00:00,203.05,128.0,67.0,0.0,305.0,66.0,37.0,1.0
38294,2023-05-15 14:00:00,238.52,121.0,69.0,0.0,217.0,50.0,37.0,1.0
38295,2023-05-15 15:00:00,358.17,173.0,70.0,0.0,126.0,31.0,40.0,1.0
38296,2023-05-15 16:00:00,455.67,190.0,70.0,0.0,52.0,18.0,44.0,1.0
38297,2023-05-15 17:00:00,530.19,247.0,70.0,0.0,19.0,22.0,45.0,1.0
38298,2023-05-15 18:00:00,519.72,243.0,71.0,0.0,3.0,41.0,48.0,1.0
38299,2023-05-15 19:00:00,459.07,240.0,70.0,0.0,1.0,94.0,49.0,1.0
38300,2023-05-15 20:00:00,411.62,211.0,69.0,0.0,0.0,124.0,48.0,1.0
38301,2023-05-15 21:00:00,326.13,127.0,69.0,0.0,0.0,132.0,47.0,1.0
38302,2023-05-15 22:00:00,335.81,134.0,69.0,0.0,0.0,132.0,45.0,1.0
38303,2023-05-15 23:00:00,341.48,131.0,69.0,0.0,0.0,122.0,45.0,1.0
38304,2023-05-16 00:00:00,364.2,142.0,69.0,0.0,0.0,111.0,45.0,1.0
38305,2023-05-16 01:00:00,327.44,113.0,69.0,0.0,0.0,114.0,45.0,1.0
38306,2023-05-16 02:00:00,337.05,112.0,69.0,0.0,4.0,100.0,44.0,1.0
38307,2023-05-16 03:00:00,351.88,149.0,69.0,0.0,15.0,118.0,44.0,1.0
38308,2023-05-16 04:00:00,370.54,187.0,71.0,0.0,23.0,132.0,42.0,1.0
38309,2023-05-16 05:00:00,420.15,246.0,70.0,0.0,31.0,123.0,37.0,1.0
38310,2023-05-16 06:00:00,434.17,253.0,69.0,0.0,41.0,102.0,37.0,1.0
38311,2023-05-16 07:00:00,417.68,246.0,70.0,0.0,50.0,106.0,38.0,1.0
38312,2023-05-16 08:00:00,386.01,217.0,66.0,0.0,66.0,101.0,41.0,1.0
38313,2023-05-16 09:00:00,381.27,230.0,67.0,0.0,73.0,104.0,50.0,1.0
38314,2023-05-16 10:00:00,386.17,238.0,69.0,0.0,65.0,115.0,48.0,1.0
38315,2023-05-16 11:00:00,364.38,226.0,68.0,0.0,74.0,123.0,50.0,1.0
38316,2023-05-16 12:00:00,381.22,235.0,68.0,0.0,62.0,122.0,48.0,1.0
38317,2023-05-16 13:00:00,367.86,213.0,66.0,0.0,50.0,131.0,47.0,1.0
38318,2023-05-16 14:00:00,400.58,245.0,69.0,0.0,46.0,120.0,49.0,1.0
38319,2023-05-16 15:00:00,403.39,239.0,69.0,0.0,42.0,117.0,47.0,1.0
38320,2023-05-16 16:00:00,420.61,223.0,69.0,0.0,29.0,102.0,41.0,1.0
38321,2023-05-16 17:00:00,450.21,227.0,70.0,0.0,14.0,93.0,37.0,1.0
38322,2023-05-16 18:00:00,486.39,257.0,70.0,0.0,3.0,87.0,38.0,1.0
38323,2023-05-16 19:00:00,481.52,259.0,69.0,0.0,0.0,96.0,38.0,1.0
38324,2023-05-16 20:00:00,440.16,195.0,69.0,0.0,0.0,94.0,37.0,1.0
38325,2023-05-16 21:00:00,387.84,155.0,70.0,0.0,0.0,111.0,35.0,1.0
38326,2023-05-16 22:00:00,349.02,136.0,70.0,1.0,0.0,126.0,38.0,1.0
38327,2023-05-16 23:00:00,339.46,134.0,70.0,1.0,0.0,130.0,42.0,1.0
38328,2023-05-17 00:00:00,345.86,134.0,70.0,1.0,0.0,122.0,43.0,1.0
38329,2023-05-17 01:00:00,343.28,135.0,70.0,1.0,0.0,127.0,42.0,1.0
38330,2023-05-17 02:00:00,324.22,138.0,69.0,1.0,4.0,154.0,37.0,1.0
38331,2023-05-17 03:00:00,318.98,149.0,70.0,1.0,13.0,173.0,31.0,1.0
38332,2023-05-17 04:00:00,325.89,192.0,70.0,1.0,32.0,201.0,32.0,1.0
38333,2023-05-17 05:00:00,309.52,207.0,71.0,0.0,68.0,215.0,33.0,1.0
38334,2023-05-17 06:00:00,272.96,202.0,66.0,0.0,129.0,220.0,36.0,1.0
38335,2023-05-17 07:00:00,206.99,179.0,66.0,0.0,245.0,245.0,42.0,1.0
38336,2023-05-17 08:00:00,160.89,142.0,69.0,0.0,321.0,255.0,45.0,1.0
38337,2023-05-17 09:00:00,147.45,136.0,69.0,0.0,362.0,263.0,47.0,1.0
38338,2023-05-17 10:00:00,149.54,139.0,69.0,0.0,366.0,265.0,41.0,1.0
38339,2023-05-17 11:00:00,160.81,141.0,70.0,0.0,334.0,244.0,41.0,1.0
38340,2023-05-17 12:00:00,179.83,141.0,68.0,0.0,270.0,217.0,42.0,1.0
38341,2023-05-17 13:00:00,194.24,144.0,67.0,0.0,208.0,232.0,42.0,1.0
38342,2023-05-17 14:00:00,224.74,148.0,68.0,0.0,133.0,226.0,39.0,1.0
38343,2023-05-17 15:00:00,274.3,168.0,70.0,0.0,74.0,212.0,37.0,1.0
38344,2023-05-17 16:00:00,326.93,206.0,71.0,0.0,41.0,203.0,39.0,1.0
38345,2023-05-17 17:00:00,349.5,202.0,70.0,0.0,18.0,184.0,40.0,1.0
38346,2023-05-17 18:00:00,381.28,209.0,71.0,0.0,5.0,158.0,43.0,1.0
38347,2023-05-17 19:00:00,384.12,183.0,70.0,0.0,1.0,134.0,42.0,1.0
38348,2023-05-17 20:00:00,418.88,195.0,70.0,0.0,0.0,108.0,43.0,1.0
38349,2023-05-17 21:00:00,366.96,167.0,68.0,0.0,0.0,138.0,42.0,1.0
38350,2023-05-17 22:00:00,355.2,154.0,69.0,0.0,0.0,137.0,42.0,1.0
38351,2023-05-17 23:00:00,357.64,144.0,69.0,0.0,0.0,121.0,44.0,1.0
38352,2023-05-18 00:00:00,421.91,151.0,68.0,0.0,0.0,72.0,41.0,1.0
38353,2023-05-18 01:00:00,432.19,146.0,70.0,0.0,1.0,60.0,40.0,1.0
38354,2023-05-18 02:00:00,376.35,137.0,70.0,0.0,13.0,79.0,47.0,1.0
38355,2023-05-18 03:00:00,402.35,188.0,69.0,0.0,41.0,69.0,52.0,1.0
38356,2023-05-18 04:00:00,354.27,215.0,71.0,0.0,107.0,84.0,59.0,1.0
38357,2023-05-18 05:00:00,286.97,212.0,71.0,0.0,222.0,87.0,62.0,1.0
38358,2023-05-18 06:00:00,192.94,154.0,68.0,0.0,344.0,107.0,66.0,1.0
38359,2023-05-18 07:00:00,172.47,147.0,68.0,0.0,376.0,138.0,67.0,1.0
38360,2023-05-18 08:00:00,167.3,144.0,68.0,0.0,393.0,139.0,63.0,1.0
38361,2023-05-18 09:00:00,174.8,160.0,69.0,0.0,416.0,137.0,62.0,1.0
38362,2023-05-18 10:00:00,160.64,147.0,69.0,0.0,442.0,141.0,58.0,1.0
38363,2023-05-18 11:00:00,155.1,143.0,69.0,0.0,453.0,148.0,55.0,1.0
38364,2023-05-18 12:00:00,155.34,140.0,69.0,0.0,448.0,141.0,54.0,1.0
38365,2023-05-18 13:00:00,162.81,141.0,67.0,0.0,403.0,148.0,54.0,1.0
38366,2023-05-18 14:00:00,192.03,144.0,67.0,0.0,308.0,131.0,51.0,1.0
38367,2023-05-18 15:00:00,265.09,163.0,67.0,0.0,175.0,106.0,51.0,1.0
38368,2023-05-18 16:00:00,403.06,215.0,71.0,0.0,61.0,69.0,55.0,1.0
38369,2023-05-18 17:00:00,447.67,211.0,72.0,0.0,20.0,59.0,56.0,1.0
38370,2023-05-18 18:00:00,461.83,212.0,71.0,0.0,5.0,58.0,60.0,1.0
38371,2023-05-18 19:00:00,456.97,210.0,71.0,0.0,1.0,61.0,64.0,1.0
38372,2023-05-18 20:00:00,465.57,214.0,71.0,0.0,0.0,56.0,65.0,1.0
38373,2023-05-18 21:00:00,446.09,184.0,69.0,0.0,0.0,56.0,62.0,1.0
38374,2023-05-18 22:00:00,435.31,150.0,68.0,0.0,0.0,42.0,60.0,1.0
38375,2023-05-18 23:00:00,444.22,141.0,69.0,0.0,0.0,23.0,66.0,1.0
38376,2023-05-19 00:00:00,440.62,139.0,69.0,0.0,0.0,24.0,66.0,1.0
38377,2023-05-19 01:00:00,448.31,138.0,70.0,0.0,1.0,21.0,62.0,1.0
38378,2023-05-19 02:00:00,458.6,148.0,70.0,0.0,12.0,16.0,56.0,1.0
38379,2023-05-19 03:00:00,479.77,200.0,70.0,0.0,36.0,11.0,54.0,1.0
38380,2023-05-19 04:00:00,408.64,219.0,71.0,0.0,111.0,18.0,53.0,1.0
38381,2023-05-19 05:00:00,316.64,220.0,72.0,0.0,243.0,33.0,45.0,1.0
38382,2023-05-19 06:00:00,240.13,193.0,68.0,0.0,364.0,47.0,45.0,1.0
38383,2023-05-19 07:00:00,202.1,174.0,66.0,0.0,433.0,59.0,45.0,1.0
38384,2023-05-19 08:00:00,174.07,150.0,70.0,0.0,471.0,66.0,49.0,1.0
38385,2023-05-19 09:00:00,171.26,154.0,70.0,0.0,488.0,72.0,53.0,1.0
38386,2023-05-19 10:00:00,162.64,143.0,70.0,0.0,494.0,76.0,47.0,1.0
38387,2023-05-19 11:00:00,170.16,151.0,70.0,0.0,489.0,78.0,41.0,1.0
38388,2023-05-19 12:00:00,169.07,145.0,68.0,0.0,470.0,80.0,40.0,1.0
38389,2023-05-19 13:00:00,183.73,146.0,67.0,0.0,415.0,74.0,39.0,1.0
38390,2023-05-19 14:00:00,228.42,155.0,69.0,0.0,308.0,56.0,41.0,1.0
38391,2023-05-19 15:00:00,335.54,197.0,69.0,0.0,174.0,35.0,48.0,1.0
38392,2023-05-19 16:00:00,456.58,217.0,71.0,0.0,62.0,19.0,50.0,1.0
38393,2023-05-19 17:00:00,516.8,219.0,71.0,0.0,22.0,14.0,47.0,1.0
38394,2023-05-19 18:00:00,542.31,213.0,71.0,0.0,5.0,15.0,43.0,1.0
38395,2023-05-19 19:00:00,529.11,197.0,70.0,0.0,0.0,18.0,47.0,1.0
38396,2023-05-19 20:00:00,503.14,179.0,70.0,0.0,0.0,26.0,47.0,1.0
38397,2023-05-19 21:00:00,513.86,205.0,69.0,0.0,0.0,32.0,47.0,1.0
38398,2023-05-19 22:00:00,480.17,174.0,68.0,0.0,0.0,39.0,47.0,1.0
38399,2023-05-19 23:00:00,446.85,139.0,68.0,0.0,0.0,33.0,53.0,1.0
38400,2023-05-20 00:00:00,444.08,139.0,67.0,0.0,0.0,29.0,59.0,1.0
38401,2023-05-20 01:00:00,439.61,139.0,67.0,0.0,1.0,31.0,59.0,1.0
38402,2023-05-20 02:00:00,419.89,139.0,67.0,0.0,13.0,34.0,58.0,1.0
38403,2023-05-20 03:00:00,389.72,140.0,69.0,0.0,39.0,35.0,56.0,1.0
38404,2023-05-20 04:00:00,356.81,176.0,68.0,0.0,116.0,35.0,51.0,1.0
38405,2023-05-20 05:00:00,275.02,173.0,69.0,0.0,247.0,35.0,48.0,1.0
38406,2023-05-20 06:00:00,204.86,151.0,67.0,0.0,370.0,47.0,48.0,1.0
38407,2023-05-20 07:00:00,199.71,180.0,67.0,0.0,455.0,57.0,52.0,1.0
38408,2023-05-20 08:00:00,188.51,175.0,69.0,0.0,490.0,57.0,52.0,1.0
38409,2023-05-20 09:00:00,178.45,165.0,69.0,0.0,502.0,60.0,52.0,1.0
38410,2023-05-20 10:00:00,162.94,142.0,67.0,1.0,502.0,64.0,41.0,1.0
38411,2023-05-20 11:00:00,162.74,139.0,67.0,1.0,495.0,68.0,34.0,1.0
38412,2023-05-20 12:00:00,166.81,138.0,68.0,1.0,472.0,68.0,35.0,1.0
38413,2023-05-20 13:00:00,183.01,140.0,68.0,1.0,413.0,59.0,40.0,1.0
38414,2023-05-20 14:00:00,218.39,138.0,65.0,1.0,306.0,41.0,41.0,1.0
38415,2023-05-20 15:00:00,292.12,142.0,66.0,1.0,174.0,27.0,44.0,1.0
38416,2023-05-20 16:00:00,427.07,176.0,64.0,1.0,63.0,15.0,50.0,1.0
38417,2023-05-20 17:00:00,473.53,164.0,66.0,1.0,22.0,12.0,50.0,1.0
38418,2023-05-20 18:00:00,519.15,206.0,65.0,1.0,6.0,19.0,51.0,1.0
38419,2023-05-20 19:00:00,485.0,164.0,64.0,1.0,1.0,27.0,49.0,1.0
38420,2023-05-20 20:00:00,453.7,143.0,64.0,0.0,0.0,36.0,49.0,1.0
38421,2023-05-20 21:00:00,447.59,143.0,64.0,0.0,0.0,41.0,48.0,1.0
38422,2023-05-20 22:00:00,437.36,139.0,64.0,0.0,0.0,44.0,49.0,1.0
38423,2023-05-20 23:00:00,456.31,138.0,64.0,0.0,0.0,32.0,48.0,1.0
38424,2023-05-21 00:00:00,461.2,138.0,64.0,0.0,0.0,28.0,49.0,1.0
38425,2023-05-21 01:00:00,469.95,138.0,63.0,0.0,1.0,21.0,50.0,1.0
38426,2023-05-21 02:00:00,459.63,139.0,62.0,0.0,13.0,17.0,49.0,1.0
38427,2023-05-21 03:00:00,415.64,142.0,64.0,0.0,37.0,23.0,51.0,1.0
38428,2023-05-21 04:00:00,335.03,143.0,66.0,0.0,113.0,30.0,46.0,1.0
38429,2023-05-21 05:00:00,252.65,141.0,68.0,0.0,242.0,32.0,42.0,1.0
38430,2023-05-21 06:00:00,203.43,142.0,68.0,0.0,364.0,41.0,41.0,1.0
38431,2023-05-21 07:00:00,177.93,142.0,66.0,0.0,446.0,51.0,41.0,1.0
38432,2023-05-21 08:00:00,173.58,145.0,67.0,0.0,474.0,54.0,40.0,1.0
38433,2023-05-21 09:00:00,179.13,150.0,67.0,0.0,460.0,59.0,41.0,1.0
38434,2023-05-21 10:00:00,181.84,148.0,65.0,0.0,436.0,63.0,41.0,1.0
38435,2023-05-21 11:00:00,175.13,133.0,67.0,0.0,416.0,64.0,41.0,1.0
38436,2023-05-21 12:00:00,186.31,137.0,67.0,1.0,385.0,63.0,41.0,1.0
38437,2023-05-21 13:00:00,209.35,139.0,66.0,1.0,319.0,57.0,41.0,1.0
38438,2023-05-21 14:00:00,248.65,141.0,65.0,1.0,232.0,49.0,41.0,1.0
38439,2023-05-21 15:00:00,325.77,160.0,66.0,1.0,132.0,42.0,48.0,1.0
38440,2023-05-21 16:00:00,415.68,182.0,65.0,1.0,58.0,33.0,52.0,1.0
38441,2023-05-21 17:00:00,446.81,167.0,66.0,1.0,22.0,32.0,51.0,1.0
38442,2023-05-21 18:00:00,505.36,208.0,67.0,1.0,4.0,30.0,52.0,1.0
38443,2023-05-21 19:00:00,496.02,190.0,68.0,0.0,0.0,33.0,51.0,1.0
38444,2023-05-21 20:00:00,472.73,175.0,67.0,0.0,0.0,41.0,51.0,1.0
38445,2023-05-21 21:00:00,427.81,140.0,67.0,0.0,0.0,50.0,50.0,1.0
38446,2023-05-21 22:00:00,421.11,135.0,66.0,0.0,0.0,51.0,50.0,1.0
38447,2023-05-21 23:00:00,433.06,137.0,67.0,0.0,0.0,41.0,53.0,1.0
38448,2023-05-22 00:00:00,464.8,149.0,68.0,0.0,0.0,28.0,53.0,1.0
38449,2023-05-22 01:00:00,464.15,143.0,66.0,0.0,1.0,23.0,54.0,1.0
38450,2023-05-22 02:00:00,465.07,154.0,68.0,0.0,13.0,17.0,54.0,1.0
38451,2023-05-22 03:00:00,474.27,210.0,67.0,0.0,40.0,18.0,54.0,1.0
38452,2023-05-22 04:00:00,434.55,257.0,66.0,0.0,108.0,23.0,52.0,1.0
38453,2023-05-22 05:00:00,309.69,194.0,67.0,0.0,214.0,33.0,49.0,1.0
38454,2023-05-22 06:00:00,272.16,213.0,67.0,0.0,316.0,39.0,52.0,1.0
38455,2023-05-22 07:00:00,229.99,183.0,67.0,0.0,370.0,42.0,52.0,1.0
38456,2023-05-22 08:00:00,191.81,143.0,65.0,0.0,387.0,48.0,51.0,1.0
38457,2023-05-22 09:00:00,226.25,187.0,65.0,0.0,388.0,45.0,51.0,1.0
38458,2023-05-22 10:00:00,219.79,168.0,68.0,0.0,361.0,49.0,51.0,1.0
38459,2023-05-22 11:00:00,243.67,180.0,66.0,0.0,309.0,57.0,51.0,1.0
38460,2023-05-22 12:00:00,234.65,151.0,65.0,0.0,268.0,59.0,50.0,1.0
38461,2023-05-22 13:00:00,255.37,162.0,66.0,0.0,245.0,55.0,51.0,1.0
38462,2023-05-22 14:00:00,340.13,224.0,66.0,0.0,186.0,45.0,52.0,1.0
38463,2023-05-22 15:00:00,392.23,220.0,66.0,0.0,125.0,31.0,47.0,1.0
38464,2023-05-22 16:00:00,484.94,230.0,66.0,0.0,54.0,18.0,43.0,1.0
38465,2023-05-22 17:00:00,528.15,243.0,66.0,0.0,22.0,18.0,47.0,1.0
38466,2023-05-22 18:00:00,531.06,255.0,66.0,0.0,5.0,35.0,50.0,1.0
38467,2023-05-22 19:00:00,521.38,223.0,66.0,0.0,0.0,32.0,51.0,1.0
38468,2023-05-22 20:00:00,498.63,201.0,64.0,0.0,0.0,39.0,50.0,1.0
38469,2023-05-22 21:00:00,502.22,184.0,63.0,0.0,0.0,29.0,49.0,1.0
38470,2023-05-22 22:00:00,450.44,137.0,64.0,0.0,0.0,35.0,48.0,1.0
38471,2023-05-22 23:00:00,433.64,121.0,64.0,0.0,0.0,31.0,51.0,1.0
38472,2023-05-23 00:00:00,455.51,128.0,63.0,0.0,0.0,22.0,52.0,1.0
38473,2023-05-23 01:00:00,459.24,131.0,62.0,0.0,1.0,21.0,52.0,1.0
38474,2023-05-23 02:00:00,431.9,135.0,62.0,0.0,14.0,29.0,51.0,1.0
38475,2023-05-23 03:00:00,434.16,181.0,62.0,0.0,40.0,35.0,52.0,1.0
38476,2023-05-23 04:00:00,427.45,255.0,65.0,0.0,107.0,30.0,53.0,1.0
38477,2023-05-23 05:00:00,355.22,270.0,65.0,0.0,228.0,30.0,53.0,1.0
38478,2023-05-23 06:00:00,293.24,270.0,66.0,0.0,353.0,44.0,51.0,1.0
38479,2023-05-23 07:00:00,256.6,261.0,65.0,0.0,434.0,58.0,50.0,1.0
38480,2023-05-23 08:00:00,211.18,191.0,65.0,0.0,443.0,54.0,50.0,1.0
38481,2023-05-23 09:00:00,185.22,136.0,64.0,0.0,389.0,49.0,50.0,1.0
38482,2023-05-23 10:00:00,197.37,134.0,63.0,0.0,349.0,39.0,51.0,1.0
38483,2023-05-23 11:00:00,227.4,153.0,64.0,0.0,308.0,41.0,51.0,1.0
38484,2023-05-23 12:00:00,239.37,155.0,65.0,0.0,274.0,49.0,51.0,1.0
38485,2023-05-23 13:00:00,285.79,203.0,65.0,0.0,271.0,34.0,52.0,1.0
38486,2023-05-23 14:00:00,345.97,258.0,66.0,0.0,232.0,29.0,53.0,1.0
38487,2023-05-23 15:00:00,418.33,266.0,66.0,0.0,141.0,17.0,52.0,1.0
38488,2023-05-23 16:00:00,485.24,264.0,66.0,0.0,66.0,16.0,52.0,1.0
38489,2023-05-23 17:00:00,533.11,262.0,64.0,0.0,25.0,14.0,53.0,1.0
38490,2023-05-23 18:00:00,559.36,262.0,65.0,0.0,6.0,14.0,52.0,1.0
38491,2023-05-23 19:00:00,556.54,261.0,64.0,0.0,0.0,21.0,53.0,1.0
38492,2023-05-23 20:00:00,553.94,247.0,63.0,0.0,0.0,19.0,52.0,1.0
38493,2023-05-23 21:00:00,512.75,192.0,60.0,0.0,0.0,25.0,51.0,1.0
38494,2023-05-23 22:00:00,460.6,135.0,61.0,0.0,0.0,26.0,50.0,1.0
38495,2023-05-23 23:00:00,438.88,122.0,61.0,0.0,0.0,30.0,50.0,1.0
38496,2023-05-24 00:00:00,447.14,113.0,60.0,0.0,0.0,21.0,48.0,1.0
38497,2023-05-24 01:00:00,454.27,113.0,61.0,0.0,2.0,14.0,49.0,1.0
38498,2023-05-24 02:00:00,445.43,119.0,61.0,0.0,14.0,10.0,50.0,1.0
38499,2023-05-24 03:00:00,480.04,198.0,64.0,0.0,40.0,12.0,49.0,1.0
38500,2023-05-24 04:00:00,445.87,258.0,65.0,0.0,110.0,17.0,44.0,1.0
38501,2023-05-24 05:00:00,347.95,252.0,62.0,0.0,230.0,30.0,43.0,1.0
38502,2023-05-24 06:00:00,279.7,243.0,64.0,0.0,347.0,44.0,48.0,1.0
38503,2023-05-24 07:00:00,246.31,240.0,64.0,0.0,430.0,53.0,51.0,1.0
38504,2023-05-24 08:00:00,215.3,205.0,65.0,0.0,459.0,57.0,51.0,1.0
38505,2023-05-24 09:00:00,135.66,92.0,61.0,0.0,427.0,60.0,45.0,1.0
38506,2023-05-24 10:00:00,117.18,68.0,64.0,0.0,413.0,64.0,38.0,1.0
38507,2023-05-24 11:00:00,115.84,66.0,62.0,0.0,408.0,62.0,37.0,1.0
38508,2023-05-24 12:00:00,123.03,67.0,60.0,0.0,377.0,57.0,37.0,1.0
38509,2023-05-24 13:00:00,136.51,68.0,58.0,0.0,323.0,52.0,38.0,1.0
38510,2023-05-24 14:00:00,230.89,124.0,62.0,0.0,243.0,41.0,39.0,1.0
38511,2023-05-24 15:00:00,387.99,231.0,64.0,0.0,152.0,23.0,44.0,1.0
38512,2023-05-24 16:00:00,487.3,251.0,65.0,0.0,64.0,13.0,48.0,1.0
38513,2023-05-24 17:00:00,542.65,262.0,66.0,0.0,25.0,8.0,51.0,1.0
38514,2023-05-24 18:00:00,568.78,264.0,68.0,0.0,6.0,8.0,51.0,1.0
38515,2023-05-24 19:00:00,574.65,262.0,66.0,0.0,1.0,6.0,54.0,1.0
38516,2023-05-24 20:00:00,551.92,253.0,65.0,0.0,0.0,20.0,54.0,1.0
38517,2023-05-24 21:00:00,507.97,194.0,64.0,0.0,0.0,26.0,53.0,1.0
38518,2023-05-24 22:00:00,490.77,192.0,63.0,0.0,0.0,36.0,54.0,1.0
38519,2023-05-24 23:00:00,452.33,187.0,63.0,0.0,0.0,61.0,55.0,1.0
38520,2023-05-25 00:00:00,357.45,120.0,64.0,0.0,0.0,83.0,55.0,1.0
38521,2023-05-25 01:00:00,339.07,110.0,63.0,0.0,2.0,85.0,56.0,1.0
38522,2023-05-25 02:00:00,333.08,115.0,62.0,0.0,16.0,86.0,53.0,1.0
38523,2023-05-25 03:00:00,387.02,184.0,64.0,0.0,47.0,79.0,49.0,1.0
38524,2023-05-25 04:00:00,391.27,241.0,66.0,0.0,109.0,71.0,44.0,1.0
38525,2023-05-25 05:00:00,360.41,263.0,68.0,0.0,179.0,71.0,44.0,1.0
38526,2023-05-25 06:00:00,323.97,242.0,60.0,0.0,235.0,67.0,33.0,1.0
38527,2023-05-25 07:00:00,285.51,201.0,64.0,0.0,263.0,57.0,34.0,1.0
38528,2023-05-25 08:00:00,223.02,142.0,63.0,0.0,281.0,72.0,32.0,1.0
38529,2023-05-25 09:00:00,203.34,123.0,64.0,0.0,271.0,88.0,32.0,1.0
38530,2023-05-25 10:00:00,266.74,176.0,63.0,0.0,241.0,77.0,33.0,1.0
38531,2023-05-25 11:00:00,290.94,189.0,60.0,0.0,222.0,67.0,33.0,1.0
38532,2023-05-25 12:00:00,255.89,152.0,59.0,1.0,217.0,76.0,33.0,1.0
38533,2023-05-25 13:00:00,275.63,166.0,59.0,1.0,194.0,85.0,33.0,1.0
38534,2023-05-25 14:00:00,294.76,201.0,58.0,1.0,181.0,117.0,34.0,1.0
38535,2023-05-25 15:00:00,328.84,233.0,62.0,0.0,129.0,151.0,34.0,1.0
38536,2023-05-25 16:00:00,384.67,254.0,61.0,0.0,64.0,147.0,35.0,1.0
38537,2023-05-25 17:00:00,440.8,262.0,50.0,0.0,26.0,121.0,35.0,1.0
38538,2023-05-25 18:00:00,479.12,262.0,43.0,0.0,6.0,103.0,35.0,1.0
38539,2023-05-25 19:00:00,484.73,258.0,41.0,0.0,1.0,100.0,36.0,1.0
38540,2023-05-25 20:00:00,465.01,202.0,41.0,0.0,0.0,86.0,34.0,1.0
38541,2023-05-25 21:00:00,420.35,128.0,40.0,0.0,0.0,67.0,32.0,1.0
38542,2023-05-25 22:00:00,403.65,111.0,41.0,0.0,0.0,62.0,33.0,1.0
38543,2023-05-25 23:00:00,408.52,112.0,40.0,0.0,0.0,60.0,33.0,1.0
38544,2023-05-26 00:00:00,426.06,112.0,39.0,0.0,0.0,50.0,33.0,1.0
38545,2023-05-26 01:00:00,436.93,112.0,40.0,0.0,2.0,42.0,33.0,1.0
38546,2023-05-26 02:00:00,414.12,110.0,40.0,0.0,18.0,37.0,33.0,1.0
38547,2023-05-26 03:00:00,409.98,147.0,40.0,0.0,50.0,38.0,34.0,1.0
38548,2023-05-26 04:00:00,406.36,230.0,40.0,0.0,113.0,48.0,36.0,1.0
38549,2023-05-26 05:00:00,335.69,247.0,40.0,0.0,202.0,79.0,36.0,1.0
38550,2023-05-26 06:00:00,264.34,243.0,38.0,0.0,303.0,134.0,35.0,1.0
38551,2023-05-26 07:00:00,207.6,199.0,38.0,0.0,383.0,144.0,34.0,1.0
38552,2023-05-26 08:00:00,149.32,133.0,36.0,0.0,416.0,151.0,33.0,1.0
38553,2023-05-26 09:00:00,135.26,114.0,37.0,0.0,408.0,153.0,33.0,1.0
38554,2023-05-26 10:00:00,139.58,115.0,38.0,0.0,381.0,163.0,33.0,1.0
38555,2023-05-26 11:00:00,140.32,114.0,40.0,0.0,352.0,187.0,33.0,1.0
38556,2023-05-26 12:00:00,140.71,114.0,40.0,0.0,349.0,188.0,33.0,1.0
38557,2023-05-26 13:00:00,157.48,130.0,40.0,0.0,318.0,202.0,34.0,1.0
38558,2023-05-26 14:00:00,173.33,133.0,41.0,0.0,258.0,207.0,34.0,1.0
38559,2023-05-26 15:00:00,185.96,119.0,42.0,0.0,158.0,219.0,34.0,1.0
38560,2023-05-26 16:00:00,245.95,122.0,41.0,0.0,72.0,171.0,34.0,1.0
38561,2023-05-26 17:00:00,365.16,208.0,39.0,0.0,28.0,162.0,36.0,1.0
38562,2023-05-26 18:00:00,428.63,238.0,39.0,0.0,9.0,134.0,36.0,1.0
38563,2023-05-26 19:00:00,451.29,235.0,39.0,0.0,1.0,117.0,36.0,1.0
38564,2023-05-26 20:00:00,456.1,243.0,38.0,0.0,0.0,118.0,37.0,1.0
38565,2023-05-26 21:00:00,434.49,222.0,38.0,0.0,0.0,124.0,37.0,1.0
38566,2023-05-26 22:00:00,434.32,204.0,56.0,0.0,0.0,107.0,38.0,1.0
38567,2023-05-26 23:00:00,430.14,194.0,58.0,0.0,0.0,103.0,38.0,1.0
38568,2023-05-27 00:00:00,453.48,224.0,58.0,0.0,0.0,102.0,39.0,1.0
38569,2023-05-27 01:00:00,446.19,217.0,58.0,0.0,2.0,102.0,39.0,1.0
38570,2023-05-27 02:00:00,447.55,220.0,57.0,0.0,15.0,90.0,39.0,1.0
38571,2023-05-27 03:00:00,459.45,263.0,58.0,0.0,41.0,81.0,39.0,1.0
38572,2023-05-27 04:00:00,368.56,229.0,59.0,0.0,123.0,82.0,39.0,1.0
38573,2023-05-27 05:00:00,290.21,234.0,59.0,0.0,263.0,95.0,38.0,1.0
38574,2023-05-27 06:00:00,217.25,201.0,60.0,0.0,389.0,120.0,37.0,1.0
38575,2023-05-27 07:00:00,160.37,133.0,59.0,0.0,422.0,120.0,35.0,1.0
38576,2023-05-27 08:00:00,145.5,112.0,59.0,0.0,406.0,127.0,34.0,1.0
38577,2023-05-27 09:00:00,155.99,130.0,59.0,0.0,416.0,137.0,34.0,1.0
38578,2023-05-27 10:00:00,142.05,119.0,60.0,0.0,437.0,146.0,34.0,1.0
38579,2023-05-27 11:00:00,136.92,112.0,60.0,0.0,445.0,136.0,34.0,1.0
38580,2023-05-27 12:00:00,151.58,125.0,60.0,0.0,435.0,122.0,34.0,1.0
38581,2023-05-27 13:00:00,158.99,121.0,58.0,0.0,402.0,101.0,34.0,1.0
38582,2023-05-27 14:00:00,182.4,115.0,59.0,0.0,315.0,78.0,34.0,1.0
38583,2023-05-27 15:00:00,270.79,135.0,60.0,0.0,186.0,47.0,34.0,1.0
38584,2023-05-27 16:00:00,458.31,218.0,61.0,0.0,71.0,25.0,36.0,1.0
38585,2023-05-27 17:00:00,538.29,234.0,59.0,0.0,25.0,16.0,37.0,1.0
38586,2023-05-27 18:00:00,565.67,233.0,58.0,0.0,8.0,12.0,40.0,1.0
38587,2023-05-27 19:00:00,571.15,216.0,58.0,0.0,1.0,12.0,38.0,1.0
38588,2023-05-27 20:00:00,558.3,210.0,59.0,0.0,0.0,23.0,33.0,1.0
38589,2023-05-27 21:00:00,532.48,202.0,57.0,0.0,0.0,36.0,33.0,1.0
38590,2023-05-27 22:00:00,511.61,195.0,39.0,0.0,0.0,51.0,33.0,1.0
38591,2023-05-27 23:00:00,417.92,133.0,37.0,0.0,0.0,72.0,33.0,1.0
38592,2023-05-28 00:00:00,348.35,110.0,38.0,0.0,0.0,99.0,34.0,1.0
38593,2023-05-28 01:00:00,309.98,108.0,38.0,0.0,2.0,122.0,41.0,1.0
38594,2023-05-28 02:00:00,281.72,109.0,38.0,0.0,15.0,140.0,43.0,1.0
38595,2023-05-28 03:00:00,275.1,130.0,37.0,0.0,41.0,157.0,45.0,1.0
38596,2023-05-28 04:00:00,234.72,133.0,38.0,0.0,122.0,154.0,45.0,1.0
38597,2023-05-28 05:00:00,163.21,120.0,40.0,0.0,259.0,189.0,44.0,1.0
38598,2023-05-28 06:00:00,126.74,114.0,39.0,0.0,386.0,217.0,45.0,1.0
38599,2023-05-28 07:00:00,115.77,114.0,39.0,0.0,448.0,229.0,47.0,1.0
38600,2023-05-28 08:00:00,123.05,125.0,40.0,0.0,461.0,222.0,48.0,1.0
38601,2023-05-28 09:00:00,126.46,132.0,38.0,0.0,467.0,223.0,48.0,1.0
38602,2023-05-28 10:00:00,114.47,114.0,39.0,0.0,461.0,225.0,48.0,1.0
38603,2023-05-28 11:00:00,121.97,117.0,37.0,0.0,432.0,211.0,48.0,1.0
38604,2023-05-28 12:00:00,128.58,114.0,35.0,0.0,381.0,200.0,48.0,1.0
38605,2023-05-28 13:00:00,149.95,130.0,37.0,0.0,331.0,207.0,48.0,1.0
38606,2023-05-28 14:00:00,157.22,115.0,38.0,0.0,247.0,201.0,47.0,1.0
38607,2023-05-28 15:00:00,211.89,126.0,38.0,0.0,147.0,161.0,48.0,1.0
38608,2023-05-28 16:00:00,296.56,142.0,41.0,0.0,68.0,117.0,48.0,1.0
38609,2023-05-28 17:00:00,427.56,206.0,41.0,0.0,27.0,78.0,50.0,1.0
38610,2023-05-28 18:00:00,521.15,252.0,40.0,0.0,8.0,46.0,50.0,1.0
38611,2023-05-28 19:00:00,557.78,266.0,40.0,0.0,1.0,32.0,50.0,1.0
38612,2023-05-28 20:00:00,502.38,185.0,38.0,0.0,0.0,37.0,48.0,1.0
38613,2023-05-28 21:00:00,418.49,114.0,38.0,0.0,0.0,42.0,47.0,1.0
38614,2023-05-28 22:00:00,442.08,125.0,38.0,1.0,0.0,36.0,47.0,1.0
38615,2023-05-28 23:00:00,438.66,121.0,38.0,1.0,0.0,36.0,46.0,1.0
38616,2023-05-29 00:00:00,436.24,114.0,39.0,1.0,0.0,32.0,46.0,1.0
38617,2023-05-29 01:00:00,434.29,113.0,41.0,0.0,2.0,31.0,46.0,1.0
38618,2023-05-29 02:00:00,409.62,113.0,42.0,0.0,16.0,31.0,46.0,1.0
38619,2023-05-29 03:00:00,443.1,178.0,40.0,0.0,44.0,29.0,48.0,1.0
38620,2023-05-29 04:00:00,350.88,140.0,39.0,0.0,93.0,25.0,48.0,1.0
38621,2023-05-29 05:00:00,259.02,114.0,38.0,0.0,165.0,24.0,49.0,1.0
38622,2023-05-29 06:00:00,204.17,120.0,40.0,0.0,273.0,39.0,49.0,1.0
38623,2023-05-29 07:00:00,172.77,120.0,41.0,0.0,354.0,54.0,49.0,1.0
38624,2023-05-29 08:00:00,158.02,117.0,40.0,0.0,386.0,68.0,48.0,1.0
38625,2023-05-29 09:00:00,162.47,127.0,41.0,0.0,392.0,81.0,49.0,1.0
38626,2023-05-29 10:00:00,161.44,125.0,41.0,0.0,372.0,97.0,50.0,1.0
38627,2023-05-29 11:00:00,148.63,115.0,39.0,0.0,385.0,100.0,49.0,1.0
38628,2023-05-29 12:00:00,151.39,116.0,38.0,0.0,369.0,106.0,49.0,1.0
38629,2023-05-29 13:00:00,162.14,121.0,40.0,0.0,342.0,109.0,49.0,1.0
38630,2023-05-29 14:00:00,201.49,138.0,39.0,0.0,269.0,98.0,50.0,1.0
38631,2023-05-29 15:00:00,259.22,143.0,41.0,0.0,167.0,78.0,50.0,1.0
38632,2023-05-29 16:00:00,413.03,214.0,40.0,0.0,70.0,54.0,52.0,1.0
38633,2023-05-29 17:00:00,509.25,252.0,41.0,0.0,25.0,37.0,51.0,1.0
38634,2023-05-29 18:00:00,550.61,257.0,42.0,0.0,6.0,26.0,52.0,1.0
38635,2023-05-29 19:00:00,540.21,229.0,42.0,0.0,1.0,29.0,50.0,1.0
38636,2023-05-29 20:00:00,504.29,181.0,41.0,0.0,0.0,32.0,49.0,1.0
38637,2023-05-29 21:00:00,455.75,128.0,41.0,0.0,0.0,30.0,48.0,1.0
38638,2023-05-29 22:00:00,465.52,128.0,40.0,0.0,0.0,25.0,48.0,1.0
38639,2023-05-29 23:00:00,441.31,111.0,40.0,0.0,0.0,25.0,49.0,1.0
38640,2023-05-30 00:00:00,431.74,114.0,42.0,0.0,0.0,32.0,49.0,1.0
38641,2023-05-30 01:00:00,421.9,113.0,40.0,0.0,1.0,37.0,48.0,1.0
38642,2023-05-30 02:00:00,394.23,110.0,41.0,0.0,11.0,40.0,49.0,1.0
38643,2023-05-30 03:00:00,399.07,140.0,42.0,0.0,37.0,37.0,50.0,1.0
38644,2023-05-30 04:00:00,400.11,191.0,43.0,0.0,84.0,35.0,50.0,1.0
38645,2023-05-30 05:00:00,373.91,243.0,43.0,1.0,157.0,41.0,52.0,1.0
38646,2023-05-30 06:00:00,324.08,238.0,43.0,1.0,232.0,43.0,51.0,1.0
38647,2023-05-30 07:00:00,232.07,189.0,43.0,1.0,326.0,79.0,51.0,1.0
38648,2023-05-30 08:00:00,218.22,193.0,42.0,0.0,357.0,102.0,51.0,1.0
38649,2023-05-30 09:00:00,204.7,187.0,42.0,0.0,368.0,124.0,51.0,1.0
38650,2023-05-30 10:00:00,210.44,190.0,41.0,0.0,349.0,130.0,50.0,1.0
38651,2023-05-30 11:00:00,209.42,188.0,43.0,0.0,347.0,131.0,51.0,1.0
38652,2023-05-30 12:00:00,202.3,187.0,43.0,0.0,367.0,136.0,50.0,1.0
38653,2023-05-30 13:00:00,204.95,190.0,43.0,0.0,360.0,141.0,50.0,1.0
38654,2023-05-30 14:00:00,216.79,181.0,45.0,0.0,293.0,143.0,51.0,1.0
38655,2023-05-30 15:00:00,261.15,160.0,46.0,0.0,178.0,98.0,50.0,1.0
38656,2023-05-30 16:00:00,376.67,184.0,44.0,0.0,70.0,66.0,51.0,1.0
38657,2023-05-30 17:00:00,494.34,238.0,44.0,0.0,25.0,36.0,56.0,1.0
38658,2023-05-30 18:00:00,526.2,252.0,44.0,0.0,8.0,32.0,59.0,1.0
38659,2023-05-30 19:00:00,519.67,219.0,43.0,0.0,1.0,34.0,54.0,1.0
38660,2023-05-30 20:00:00,438.78,152.0,42.0,0.0,1.0,55.0,49.0,1.0
38661,2023-05-30 21:00:00,349.37,114.0,40.0,0.0,0.0,88.0,49.0,1.0
38662,2023-05-30 22:00:00,346.84,113.0,41.0,0.0,0.0,89.0,49.0,1.0
38663,2023-05-30 23:00:00,340.4,106.0,42.0,0.0,0.0,86.0,49.0,1.0
38664,2023-05-31 00:00:00,350.63,108.0,41.0,0.0,0.0,80.0,49.0,1.0
38665,2023-05-31 01:00:00,317.61,108.0,41.0,0.0,3.0,106.0,49.0,1.0
38666,2023-05-31 02:00:00,314.55,108.0,41.0,0.0,16.0,96.0,49.0,1.0
38667,2023-05-31 03:00:00,327.91,129.0,41.0,0.0,42.0,84.0,50.0,1.0
38668,2023-05-31 04:00:00,271.51,138.0,43.0,0.0,113.0,103.0,49.0,1.0
38669,2023-05-31 05:00:00,187.74,129.0,44.0,0.0,236.0,152.0,50.0,1.0
38670,2023-05-31 06:00:00,156.07,135.0,43.0,0.0,355.0,179.0,50.0,1.0
38671,2023-05-31 07:00:00,120.37,118.0,43.0,0.0,440.0,232.0,48.0,1.0
38672,2023-05-31 08:00:00,113.45,119.0,45.0,0.0,472.0,263.0,49.0,1.0
38673,2023-05-31 09:00:00,122.45,132.0,46.0,0.0,480.0,255.0,49.0,1.0
38674,2023-05-31 10:00:00,136.61,134.0,47.0,0.0,450.0,204.0,41.0,1.0
38675,2023-05-31 11:00:00,156.71,135.0,46.0,0.0,387.0,160.0,38.0,1.0
38676,2023-05-31 12:00:00,161.66,119.0,45.0,0.0,334.0,130.0,37.0,1.0
38677,2023-05-31 13:00:00,175.07,119.0,45.0,0.0,265.0,147.0,38.0,1.0
38678,2023-05-31 14:00:00,176.06,117.0,46.0,0.0,214.0,186.0,41.0,1.0
38679,2023-05-31 15:00:00,228.79,137.0,46.0,0.0,142.0,163.0,43.0,1.0
38680,2023-05-31 16:00:00,326.39,189.0,46.0,0.0,76.0,129.0,53.0,1.0
38681,2023-05-31 17:00:00,407.05,250.0,46.0,0.0,33.0,122.0,58.0,1.0
38682,2023-05-31 18:00:00,441.92,261.0,44.0,0.0,9.0,117.0,55.0,1.0
38683,2023-05-31 19:00:00,420.3,230.0,44.0,0.0,1.0,127.0,53.0,1.0
38684,2023-05-31 20:00:00,407.47,240.0,44.0,0.0,1.0,149.0,54.0,1.0
38685,2023-05-31 21:00:00,399.08,243.0,44.0,0.0,0.0,163.0,54.0,1.0
38686,2023-05-31 22:00:00,401.77,231.0,43.0,0.0,0.0,155.0,48.0,1.0
38687,2023-05-31 23:00:00,354.46,170.0,43.0,0.0,0.0,157.0,40.0,1.0
38688,2023-06-01 00:00:00,299.96,120.0,43.0,0.0,0.0,160.0,35.0,1.0
38689,2023-06-01 01:00:00,299.17,109.0,43.0,0.0,3.0,142.0,34.0,1.0
38690,2023-06-01 02:00:00,343.19,130.0,44.0,0.0,18.0,110.0,34.0,1.0
38691,2023-06-01 03:00:00,407.69,202.0,43.0,0.0,48.0,89.0,34.0,1.0
38692,2023-06-01 04:00:00,372.82,228.0,42.0,0.0,122.0,81.0,34.0,1.0
38693,2023-06-01 05:00:00,309.24,248.0,44.0,0.0,227.0,109.0,35.0,1.0
38694,2023-06-01 06:00:00,242.1,236.0,45.0,0.0,320.0,175.0,35.0,1.0
38695,2023-06-01 07:00:00,190.14,194.0,45.0,0.0,373.0,219.0,34.0,1.0
38696,2023-06-01 08:00:00,148.87,141.0,46.0,0.0,383.0,234.0,33.0,1.0
38697,2023-06-01 09:00:00,132.4,118.0,44.0,0.0,380.0,229.0,36.0,2.0
38698,2023-06-01 10:00:00,126.76,115.0,44.0,0.0,381.0,246.0,39.0,2.0
38699,2023-06-01 11:00:00,126.31,114.0,43.0,0.0,363.0,261.0,38.0,2.0
38700,2023-06-01 12:00:00,147.48,136.0,44.0,0.0,343.0,258.0,36.0,2.0
38701,2023-06-01 13:00:00,138.59,119.0,42.0,0.0,318.0,256.0,36.0,2.0
38702,2023-06-01 14:00:00,201.57,177.0,43.0,0.0,243.0,253.0,34.0,2.0
38703,2023-06-01 15:00:00,275.58,235.0,43.0,0.0,154.0,241.0,35.0,2.0
38704,2023-06-01 16:00:00,311.74,224.0,44.0,0.0,79.0,217.0,36.0,2.0
38705,2023-06-01 17:00:00,415.92,260.0,44.0,0.0,36.0,138.0,37.0,2.0
38706,2023-06-01 18:00:00,475.12,262.0,43.0,0.0,12.0,96.0,40.0,2.0
38707,2023-06-01 19:00:00,478.26,245.0,43.0,0.0,1.0,97.0,37.0,2.0
38708,2023-06-01 20:00:00,504.52,228.0,44.0,0.0,0.0,69.0,35.0,2.0
38709,2023-06-01 21:00:00,457.95,177.0,43.0,0.0,0.0,74.0,35.0,2.0
38710,2023-06-01 22:00:00,501.24,244.0,43.0,1.0,0.0,74.0,40.0,2.0
38711,2023-06-01 23:00:00,451.14,196.0,43.0,1.0,0.0,81.0,45.0,2.0
38712,2023-06-02 00:00:00,349.16,131.0,43.0,1.0,0.0,109.0,48.0,2.0
38713,2023-06-02 01:00:00,313.84,113.0,43.0,0.0,3.0,117.0,50.0,2.0
38714,2023-06-02 02:00:00,389.23,184.0,45.0,0.0,18.0,105.0,51.0,2.0
38715,2023-06-02 03:00:00,439.24,248.0,49.0,0.0,44.0,82.0,48.0,2.0
38716,2023-06-02 04:00:00,384.0,259.0,44.0,0.0,127.0,84.0,42.0,2.0
38717,2023-06-02 05:00:00,275.91,237.0,44.0,0.0,250.0,141.0,42.0,2.0
38718,2023-06-02 06:00:00,202.39,185.0,43.0,0.0,327.0,175.0,47.0,2.0
38719,2023-06-02 07:00:00,224.98,219.0,42.0,0.0,329.0,172.0,50.0,2.0
38720,2023-06-02 08:00:00,204.45,189.0,43.0,0.0,339.0,164.0,49.0,2.0
38721,2023-06-02 09:00:00,145.51,120.0,43.0,0.0,343.0,189.0,47.0,2.0
38722,2023-06-02 10:00:00,170.15,151.0,41.0,0.0,335.0,191.0,48.0,1.0
38723,2023-06-02 11:00:00,190.21,172.0,41.0,0.0,317.0,190.0,49.0,1.0
38724,2023-06-02 12:00:00,181.65,159.0,43.0,0.0,324.0,180.0,49.0,1.0
38725,2023-06-02 13:00:00,164.52,124.0,45.0,0.0,298.0,163.0,49.0,2.0
38726,2023-06-02 14:00:00,187.93,120.0,45.0,0.0,218.0,146.0,49.0,2.0
38727,2023-06-02 15:00:00,301.37,193.0,46.0,0.0,130.0,126.0,50.0,2.0
38728,2023-06-02 16:00:00,396.23,240.0,49.0,0.0,66.0,103.0,49.0,2.0
38729,2023-06-02 17:00:00,462.86,256.0,49.0,0.0,28.0,83.0,44.0,2.0
38730,2023-06-02 18:00:00,518.05,258.0,48.0,0.0,8.0,61.0,38.0,2.0
38731,2023-06-02 19:00:00,500.58,246.0,49.0,0.0,1.0,71.0,43.0,2.0
38732,2023-06-02 20:00:00,476.32,238.0,50.0,0.0,0.0,83.0,48.0,2.0
38733,2023-06-02 21:00:00,486.78,243.0,49.0,0.0,0.0,72.0,53.0,2.0
38734,2023-06-02 22:00:00,510.17,249.0,48.0,0.0,0.0,56.0,53.0,2.0
38735,2023-06-02 23:00:00,458.52,187.0,49.0,0.0,0.0,62.0,52.0,2.0
38736,2023-06-03 00:00:00,398.54,143.0,50.0,0.0,0.0,77.0,50.0,2.0
38737,2023-06-03 01:00:00,364.82,110.0,49.0,0.0,2.0,68.0,51.0,2.0
38738,2023-06-03 02:00:00,338.21,110.0,47.0,0.0,16.0,76.0,51.0,2.0
38739,2023-06-03 03:00:00,311.64,112.0,49.0,0.0,42.0,80.0,50.0,2.0
38740,2023-06-03 04:00:00,284.23,112.0,48.0,0.0,87.0,66.0,51.0,2.0
38741,2023-06-03 05:00:00,242.43,115.0,47.0,0.0,156.0,66.0,51.0,2.0
38742,2023-06-03 06:00:00,210.26,114.0,48.0,0.0,218.0,69.0,51.0,2.0
38743,2023-06-03 07:00:00,201.25,134.0,48.0,1.0,281.0,83.0,51.0,2.0
38744,2023-06-03 08:00:00,172.71,117.0,48.0,1.0,309.0,94.0,51.0,1.0
38745,2023-06-03 09:00:00,159.55,118.0,48.0,1.0,339.0,112.0,58.0,1.0
38746,2023-06-03 10:00:00,152.52,117.0,48.0,0.0,353.0,129.0,58.0,2.0
38747,2023-06-03 11:00:00,144.02,115.0,46.0,0.0,368.0,145.0,57.0,2.0
38748,2023-06-03 12:00:00,155.71,113.0,48.0,0.0,312.0,141.0,57.0,2.0
38749,2023-06-03 13:00:00,168.47,113.0,48.0,0.0,251.0,151.0,57.0,2.0
38750,2023-06-03 14:00:00,193.45,124.0,47.0,0.0,207.0,146.0,57.0,2.0
38751,2023-06-03 15:00:00,214.44,127.0,49.0,0.0,148.0,156.0,58.0,2.0
38752,2023-06-03 16:00:00,323.2,192.0,48.0,0.0,79.0,129.0,60.0,2.0
38753,2023-06-03 17:00:00,396.77,220.0,49.0,0.0,32.0,108.0,59.0,2.0
38754,2023-06-03 18:00:00,450.45,238.0,51.0,0.0,10.0,84.0,61.0,2.0
38755,2023-06-03 19:00:00,467.85,237.0,50.0,0.0,1.0,77.0,60.0,2.0
38756,2023-06-03 20:00:00,445.39,228.0,51.0,0.0,0.0,93.0,60.0,2.0
38757,2023-06-03 21:00:00,390.19,161.0,49.0,0.0,0.0,93.0,58.0,2.0
38758,2023-06-03 22:00:00,356.36,112.0,50.0,0.0,0.0,72.0,58.0,2.0
38759,2023-06-03 23:00:00,383.9,111.0,48.0,0.0,0.0,50.0,58.0,2.0
38760,2023-06-04 00:00:00,394.35,111.0,46.0,0.0,0.0,44.0,57.0,2.0
38761,2023-06-04 01:00:00,371.42,110.0,47.0,0.0,1.0,57.0,58.0,2.0
38762,2023-06-04 02:00:00,365.03,112.0,49.0,0.0,10.0,56.0,57.0,2.0
38763,2023-06-04 03:00:00,339.49,114.0,49.0,0.0,26.0,63.0,58.0,2.0
38764,2023-06-04 04:00:00,335.19,114.0,49.0,0.0,47.0,47.0,57.0,2.0
38765,2023-06-04 05:00:00,286.23,115.0,50.0,0.0,85.0,64.0,58.0,2.0
38766,2023-06-04 06:00:00,247.03,117.0,49.0,0.0,146.0,66.0,58.0,2.0
38767,2023-06-04 07:00:00,190.15,114.0,49.0,0.0,237.0,95.0,58.0,1.0
38768,2023-06-04 08:00:00,176.24,114.0,49.0,0.0,274.0,104.0,58.0,2.0
38769,2023-06-04 09:00:00,156.36,117.0,49.0,0.0,318.0,148.0,58.0,2.0
38770,2023-06-04 10:00:00,141.46,112.0,49.0,0.0,355.0,163.0,57.0,2.0
38771,2023-06-04 11:00:00,155.68,112.0,50.0,0.0,316.0,136.0,57.0,2.0
38772,2023-06-04 12:00:00,160.63,108.0,49.0,0.0,288.0,127.0,57.0,2.0
38773,2023-06-04 13:00:00,166.71,108.0,49.0,0.0,252.0,140.0,57.0,2.0
38774,2023-06-04 14:00:00,189.47,110.0,49.0,0.0,181.0,144.0,57.0,2.0
38775,2023-06-04 15:00:00,250.98,149.0,49.0,0.0,129.0,141.0,58.0,2.0
38776,2023-06-04 16:00:00,357.39,222.0,48.0,0.0,71.0,122.0,60.0,2.0
38777,2023-06-04 17:00:00,441.49,289.0,50.0,0.0,32.0,108.0,61.0,2.0
38778,2023-06-04 18:00:00,484.91,312.0,48.0,0.0,10.0,94.0,62.0,2.0
38779,2023-06-04 19:00:00,506.02,326.0,48.0,0.0,1.0,90.0,60.0,2.0
38780,2023-06-04 20:00:00,502.29,335.0,50.0,0.0,0.0,98.0,61.0,2.0
38781,2023-06-04 21:00:00,503.19,333.0,50.0,0.0,0.0,97.0,60.0,2.0
38782,2023-06-04 22:00:00,463.34,263.0,49.0,0.0,0.0,100.0,59.0,2.0
38783,2023-06-04 23:00:00,416.81,182.0,50.0,0.0,0.0,88.0,57.0,2.0
38784,2023-06-05 00:00:00,408.34,181.0,50.0,0.0,0.0,94.0,58.0,2.0
38785,2023-06-05 01:00:00,416.02,181.0,49.0,0.0,2.0,85.0,58.0,2.0
38786,2023-06-05 02:00:00,482.82,261.0,48.0,0.0,15.0,63.0,61.0,2.0
38787,2023-06-05 03:00:00,514.34,357.0,49.0,0.0,43.0,52.0,62.0,2.0
38788,2023-06-05 04:00:00,476.19,422.0,49.0,1.0,113.0,64.0,63.0,2.0
38789,2023-06-05 05:00:00,385.09,381.0,49.0,1.0,225.0,82.0,62.0,2.0
38790,2023-06-05 06:00:00,333.54,378.0,48.0,0.0,335.0,94.0,61.0,2.0
38791,2023-06-05 07:00:00,305.56,377.0,50.0,0.0,410.0,101.0,62.0,2.0
38792,2023-06-05 08:00:00,256.23,315.0,50.0,0.0,452.0,132.0,60.0,2.0
38793,2023-06-05 09:00:00,246.44,301.0,50.0,0.0,454.0,141.0,60.0,2.0
38794,2023-06-05 10:00:00,268.09,341.0,50.0,0.0,437.0,149.0,61.0,2.0
38795,2023-06-05 11:00:00,253.11,308.0,49.0,0.0,416.0,166.0,60.0,2.0
38796,2023-06-05 12:00:00,249.79,301.0,49.0,0.0,403.0,178.0,60.0,2.0
38797,2023-06-05 13:00:00,267.66,324.0,49.0,0.0,364.0,192.0,61.0,2.0
38798,2023-06-05 14:00:00,271.72,307.0,50.0,0.0,298.0,211.0,63.0,2.0
38799,2023-06-05 15:00:00,349.84,376.0,50.0,0.0,188.0,189.0,68.0,2.0
38800,2023-06-05 16:00:00,404.99,329.0,49.0,0.0,77.0,137.0,71.0,2.0
38801,2023-06-05 17:00:00,442.46,296.0,49.0,0.0,29.0,101.0,75.0,2.0
38802,2023-06-05 18:00:00,457.85,285.0,50.0,0.0,10.0,94.0,75.0,2.0
38803,2023-06-05 19:00:00,487.67,316.0,49.0,0.0,1.0,85.0,79.0,2.0
38804,2023-06-05 20:00:00,513.5,389.0,50.0,0.0,1.0,91.0,81.0,2.0
38805,2023-06-05 21:00:00,516.19,374.0,49.0,0.0,0.0,83.0,80.0,2.0
38806,2023-06-05 22:00:00,520.28,371.0,49.0,0.0,1.0,79.0,77.0,2.0
38807,2023-06-05 23:00:00,504.52,317.0,48.0,0.0,0.0,76.0,72.0,2.0
38808,2023-06-06 00:00:00,509.87,328.0,48.0,0.0,0.0,78.0,70.0,2.0
38809,2023-06-06 01:00:00,531.03,370.0,32.0,0.0,3.0,76.0,71.0,2.0
38810,2023-06-06 02:00:00,522.78,368.0,28.0,0.0,16.0,73.0,70.0,2.0
38811,2023-06-06 03:00:00,506.41,362.0,28.0,0.0,44.0,57.0,73.0,2.0
38812,2023-06-06 04:00:00,478.05,397.0,29.0,0.0,96.0,54.0,78.0,2.0
38813,2023-06-06 05:00:00,418.26,400.0,31.0,0.0,179.0,64.0,81.0,2.0
38814,2023-06-06 06:00:00,371.19,400.0,30.0,1.0,278.0,63.0,78.0,2.0
38815,2023-06-06 07:00:00,337.6,397.0,30.0,1.0,354.0,72.0,74.0,2.0
38816,2023-06-06 08:00:00,308.52,374.0,30.0,1.0,402.0,83.0,69.0,2.0
38817,2023-06-06 09:00:00,305.28,372.0,29.0,0.0,416.0,80.0,66.0,2.0
38818,2023-06-06 10:00:00,284.05,324.0,30.0,0.0,423.0,66.0,65.0,2.0
38819,2023-06-06 11:00:00,274.21,314.0,33.0,0.0,443.0,67.0,60.0,2.0
38820,2023-06-06 12:00:00,263.38,298.0,29.0,0.0,445.0,70.0,61.0,2.0
38821,2023-06-06 13:00:00,298.62,327.0,29.0,0.0,387.0,67.0,60.0,2.0
38822,2023-06-06 14:00:00,329.84,309.0,29.0,0.0,289.0,56.0,63.0,2.0
38823,2023-06-06 15:00:00,439.77,390.0,29.0,0.0,172.0,46.0,62.0,2.0
38824,2023-06-06 16:00:00,527.79,420.0,30.0,0.0,77.0,33.0,66.0,2.0
38825,2023-06-06 17:00:00,575.02,458.0,29.0,0.0,35.0,28.0,74.0,2.0
38826,2023-06-06 18:00:00,595.93,452.0,30.0,0.0,12.0,25.0,76.0,2.0
38827,2023-06-06 19:00:00,596.57,442.0,29.0,0.0,1.0,28.0,81.0,2.0
38828,2023-06-06 20:00:00,608.83,449.0,29.0,0.0,0.0,20.0,80.0,2.0
38829,2023-06-06 21:00:00,574.3,382.0,38.0,0.0,0.0,31.0,79.0,2.0
38830,2023-06-06 22:00:00,558.49,369.0,48.0,0.0,0.0,42.0,75.0,2.0
38831,2023-06-06 23:00:00,547.65,370.0,48.0,0.0,0.0,56.0,72.0,2.0
38832,2023-06-07 00:00:00,537.93,371.0,49.0,0.0,0.0,67.0,71.0,2.0
38833,2023-06-07 01:00:00,550.28,383.0,49.0,0.0,4.0,56.0,70.0,2.0
38834,2023-06-07 02:00:00,534.22,380.0,48.0,0.0,19.0,58.0,69.0,2.0
38835,2023-06-07 03:00:00,508.84,373.0,49.0,0.0,48.0,51.0,72.0,2.0
38836,2023-06-07 04:00:00,464.97,386.0,46.0,0.0,125.0,36.0,75.0,2.0
38837,2023-06-07 05:00:00,382.24,385.0,47.0,0.0,255.0,48.0,77.0,2.0
38838,2023-06-07 06:00:00,321.65,372.0,43.0,0.0,382.0,58.0,75.0,2.0
38839,2023-06-07 07:00:00,294.16,374.0,42.0,0.0,467.0,67.0,71.0,2.0
38840,2023-06-07 08:00:00,257.66,322.0,43.0,0.0,508.0,76.0,65.0,2.0
38841,2023-06-07 09:00:00,249.94,313.0,43.0,0.0,520.0,81.0,61.0,2.0
38842,2023-06-07 10:00:00,236.29,285.0,45.0,0.0,516.0,83.0,61.0,2.0
38843,2023-06-07 11:00:00,248.15,308.0,49.0,0.0,513.0,87.0,62.0,2.0
38844,2023-06-07 12:00:00,244.51,292.0,52.0,0.0,494.0,89.0,62.0,2.0
38845,2023-06-07 13:00:00,262.96,300.0,53.0,0.0,441.0,89.0,61.0,2.0
38846,2023-06-07 14:00:00,338.91,375.0,51.0,0.0,338.0,68.0,66.0,2.0
38847,2023-06-07 15:00:00,413.79,382.0,51.0,1.0,200.0,45.0,69.0,2.0
38848,2023-06-07 16:00:00,501.12,379.0,50.0,0.0,80.0,31.0,72.0,2.0
38849,2023-06-07 17:00:00,554.4,397.0,49.0,0.0,30.0,24.0,77.0,2.0
38850,2023-06-07 18:00:00,569.12,399.0,51.0,0.0,11.0,28.0,77.0,2.0
38851,2023-06-07 19:00:00,576.06,390.0,49.0,0.0,1.0,26.0,80.0,2.0
38852,2023-06-07 20:00:00,576.59,379.0,49.0,1.0,0.0,22.0,80.0,2.0
38853,2023-06-07 21:00:00,573.58,357.0,48.0,0.0,0.0,19.0,80.0,2.0
38854,2023-06-07 22:00:00,583.43,360.0,49.0,0.0,0.0,15.0,76.0,2.0
38855,2023-06-07 23:00:00,586.72,356.0,49.0,0.0,0.0,13.0,74.0,2.0
38856,2023-06-08 00:00:00,591.85,357.0,49.0,0.0,0.0,13.0,70.0,2.0
38857,2023-06-08 01:00:00,564.41,291.0,49.0,0.0,4.0,12.0,68.0,2.0
38858,2023-06-08 02:00:00,533.85,283.0,49.0,0.0,19.0,17.0,69.0,2.0
38859,2023-06-08 03:00:00,535.27,362.0,49.0,0.0,46.0,18.0,73.0,2.0
38860,2023-06-08 04:00:00,471.84,389.0,51.0,0.0,127.0,23.0,77.0,2.0
38861,2023-06-08 05:00:00,390.86,400.0,51.0,0.0,261.0,35.0,80.0,2.0
38862,2023-06-08 06:00:00,330.94,387.0,49.0,0.0,385.0,47.0,77.0,2.0
38863,2023-06-08 07:00:00,268.13,315.0,47.0,0.0,468.0,58.0,72.0,2.0
38864,2023-06-08 08:00:00,260.8,325.0,49.0,0.0,507.0,70.0,68.0,2.0
38865,2023-06-08 09:00:00,239.47,288.0,48.0,0.0,520.0,72.0,63.0,2.0
38866,2023-06-08 10:00:00,260.77,331.0,48.0,0.0,516.0,75.0,64.0,1.0
38867,2023-06-08 11:00:00,253.69,299.0,48.0,0.0,484.0,72.0,64.0,1.0
38868,2023-06-08 12:00:00,288.21,333.0,49.0,0.0,441.0,67.0,52.0,1.0
38869,2023-06-08 13:00:00,328.82,379.0,50.0,0.0,380.0,77.0,47.0,1.0
38870,2023-06-08 14:00:00,321.52,296.0,50.0,0.0,298.0,62.0,52.0,1.0
38871,2023-06-08 15:00:00,419.37,368.0,48.0,0.0,183.0,45.0,66.0,2.0
38872,2023-06-08 16:00:00,493.12,398.0,47.0,0.0,79.0,51.0,74.0,2.0
38873,2023-06-08 17:00:00,522.15,390.0,51.0,0.0,32.0,51.0,80.0,2.0
38874,2023-06-08 18:00:00,545.96,392.0,49.0,0.0,11.0,46.0,81.0,2.0
38875,2023-06-08 19:00:00,564.76,393.0,49.0,0.0,1.0,37.0,81.0,2.0
38876,2023-06-08 20:00:00,562.55,381.0,49.0,0.0,0.0,42.0,75.0,2.0
38877,2023-06-08 21:00:00,537.06,364.0,49.0,0.0,0.0,64.0,72.0,2.0
38878,2023-06-08 22:00:00,523.81,373.0,49.0,0.0,0.0,85.0,69.0,2.0
38879,2023-06-08 23:00:00,519.54,372.0,50.0,0.0,0.0,92.0,66.0,2.0
38880,2023-06-09 00:00:00,488.57,302.0,50.0,0.0,0.0,97.0,59.0,2.0
38881,2023-06-09 01:00:00,469.9,298.0,49.0,0.0,4.0,111.0,59.0,2.0
38882,2023-06-09 02:00:00,449.17,300.0,52.0,0.0,20.0,120.0,59.0,2.0
38883,2023-06-09 03:00:00,470.16,355.0,53.0,0.0,48.0,100.0,60.0,2.0
38884,2023-06-09 04:00:00,422.75,367.0,52.0,0.0,129.0,96.0,62.0,2.0
38885,2023-06-09 05:00:00,361.12,378.0,52.0,0.0,267.0,92.0,61.0,2.0
38886,2023-06-09 06:00:00,306.99,373.0,48.0,0.0,398.0,103.0,61.0,2.0
38887,2023-06-09 07:00:00,278.14,365.0,50.0,0.0,480.0,110.0,61.0,2.0
38888,2023-06-09 08:00:00,240.35,303.0,51.0,0.0,513.0,111.0,60.0,1.0
38889,2023-06-09 09:00:00,204.48,241.0,50.0,0.0,526.0,111.0,60.0,1.0
38890,2023-06-09 10:00:00,208.14,245.0,51.0,0.0,526.0,105.0,60.0,1.0
38891,2023-06-09 11:00:00,212.6,248.0,51.0,0.0,522.0,96.0,60.0,1.0
38892,2023-06-09 12:00:00,210.42,236.0,46.0,0.0,501.0,92.0,60.0,1.0
38893,2023-06-09 13:00:00,226.75,241.0,47.0,0.0,452.0,86.0,60.0,1.0
38894,2023-06-09 14:00:00,261.03,240.0,48.0,0.0,350.0,70.0,60.0,1.0
38895,2023-06-09 15:00:00,368.56,310.0,49.0,0.0,209.0,61.0,60.0,1.0
38896,2023-06-09 16:00:00,495.37,380.0,52.0,0.0,83.0,45.0,62.0,1.0
38897,2023-06-09 17:00:00,554.66,387.0,52.0,0.0,30.0,34.0,62.0,1.0
38898,2023-06-09 18:00:00,579.94,388.0,51.0,0.0,11.0,29.0,62.0,1.0
38899,2023-06-09 19:00:00,585.55,374.0,50.0,0.0,1.0,30.0,62.0,1.0
38900,2023-06-09 20:00:00,583.67,373.0,51.0,0.0,0.0,32.0,62.0,1.0
38901,2023-06-09 21:00:00,576.81,361.0,52.0,0.0,0.0,34.0,62.0,1.0
38902,2023-06-09 22:00:00,569.33,338.0,52.0,0.0,0.0,34.0,61.0,1.0
38903,2023-06-09 23:00:00,537.15,258.0,52.0,0.0,0.0,31.0,60.0,2.0
38904,2023-06-10 00:00:00,562.11,306.0,52.0,0.0,0.0,29.0,61.0,2.0
38905,2023-06-10 01:00:00,531.07,235.0,51.0,0.0,4.0,23.0,59.0,2.0
38906,2023-06-10 02:00:00,513.96,243.0,52.0,0.0,20.0,22.0,60.0,2.0
38907,2023-06-10 03:00:00,475.78,232.0,54.0,0.0,48.0,20.0,59.0,2.0
38908,2023-06-10 04:00:00,418.99,271.0,54.0,0.0,132.0,23.0,60.0,2.0
38909,2023-06-10 05:00:00,353.69,317.0,56.0,0.0,271.0,36.0,61.0,2.0
38910,2023-06-10 06:00:00,296.93,287.0,55.0,0.0,352.0,51.0,60.0,2.0
38911,2023-06-10 07:00:00,264.73,265.0,55.0,0.0,398.0,62.0,60.0,2.0
38912,2023-06-10 08:00:00,236.62,248.0,55.0,0.0,448.0,73.0,60.0,1.0
38913,2023-06-10 09:00:00,215.4,232.0,54.0,0.0,485.0,83.0,59.0,1.0
38914,2023-06-10 10:00:00,225.04,261.0,55.0,0.0,502.0,102.0,55.0,2.0
38915,2023-06-10 11:00:00,216.03,248.0,55.0,0.0,508.0,110.0,49.0,2.0
38916,2023-06-10 12:00:00,212.41,234.0,53.0,0.0,498.0,100.0,48.0,2.0
38917,2023-06-10 13:00:00,228.18,234.0,54.0,0.0,452.0,82.0,48.0,2.0
38918,2023-06-10 14:00:00,259.05,233.0,56.0,0.0,352.0,77.0,48.0,2.0
38919,2023-06-10 15:00:00,325.01,233.0,55.0,0.0,212.0,57.0,52.0,2.0
38920,2023-06-10 16:00:00,458.88,305.0,55.0,0.0,85.0,44.0,61.0,2.0
38921,2023-06-10 17:00:00,540.99,367.0,56.0,0.0,31.0,38.0,62.0,2.0
38922,2023-06-10 18:00:00,559.21,371.0,54.0,0.0,12.0,41.0,62.0,2.0
38923,2023-06-10 19:00:00,546.14,343.0,54.0,0.0,2.0,53.0,62.0,2.0
38924,2023-06-10 20:00:00,515.94,303.0,55.0,0.0,0.0,67.0,61.0,2.0
38925,2023-06-10 21:00:00,487.28,245.0,56.0,0.0,0.0,65.0,59.0,2.0
38926,2023-06-10 22:00:00,496.29,229.0,55.0,0.0,0.0,47.0,61.0,2.0
38927,2023-06-10 23:00:00,510.83,230.0,56.0,0.0,0.0,37.0,60.0,2.0
38928,2023-06-11 00:00:00,497.36,232.0,54.0,0.0,0.0,49.0,60.0,2.0
38929,2023-06-11 01:00:00,490.0,228.0,53.0,0.0,4.0,49.0,60.0,2.0
38930,2023-06-11 02:00:00,485.65,231.0,54.0,0.0,20.0,37.0,61.0,2.0
38931,2023-06-11 03:00:00,464.84,233.0,56.0,0.0,47.0,29.0,61.0,2.0
38932,2023-06-11 04:00:00,397.55,233.0,56.0,0.0,134.0,21.0,54.0,1.0
38933,2023-06-11 05:00:00,310.16,232.0,56.0,0.0,275.0,24.0,50.0,2.0
38934,2023-06-11 06:00:00,257.37,233.0,56.0,0.0,403.0,31.0,48.0,2.0
38935,2023-06-11 07:00:00,233.52,235.0,56.0,0.0,479.0,37.0,48.0,1.0
38936,2023-06-11 08:00:00,228.18,236.0,57.0,0.0,499.0,40.0,48.0,1.0
38937,2023-06-11 09:00:00,227.43,237.0,55.0,0.0,499.0,44.0,48.0,1.0
38938,2023-06-11 10:00:00,226.73,236.0,56.0,0.0,497.0,47.0,48.0,1.0
38939,2023-06-11 11:00:00,229.06,236.0,56.0,0.0,488.0,47.0,48.0,1.0
38940,2023-06-11 12:00:00,233.91,235.0,55.0,0.0,469.0,45.0,48.0,1.0
38941,2023-06-11 13:00:00,250.97,235.0,55.0,0.0,417.0,39.0,48.0,1.0
38942,2023-06-11 14:00:00,290.43,235.0,55.0,0.0,320.0,28.0,48.0,1.0
38943,2023-06-11 15:00:00,351.93,235.0,56.0,0.0,202.0,18.0,56.0,1.0
38944,2023-06-11 16:00:00,490.8,308.0,58.0,0.0,82.0,12.0,61.0,2.0
38945,2023-06-11 17:00:00,576.96,388.0,56.0,0.0,30.0,10.0,63.0,2.0
38946,2023-06-11 18:00:00,598.26,396.0,55.0,0.0,12.0,11.0,63.0,2.0
38947,2023-06-11 19:00:00,597.81,371.0,54.0,0.0,2.0,16.0,62.0,2.0
38948,2023-06-11 20:00:00,594.07,356.0,54.0,0.0,0.0,18.0,61.0,2.0
38949,2023-06-11 21:00:00,583.71,347.0,54.0,0.0,0.0,24.0,61.0,2.0
38950,2023-06-11 22:00:00,579.04,328.0,54.0,0.0,0.0,23.0,60.0,2.0
38951,2023-06-11 23:00:00,589.47,354.0,52.0,0.0,0.0,22.0,61.0,2.0
38952,2023-06-12 00:00:00,597.89,373.0,50.0,0.0,0.0,22.0,60.0,2.0
38953,2023-06-12 01:00:00,558.12,298.0,50.0,0.0,4.0,24.0,63.0,2.0
38954,2023-06-12 02:00:00,542.62,299.0,50.0,0.0,19.0,18.0,67.0,2.0
38955,2023-06-12 03:00:00,541.35,373.0,53.0,0.0,45.0,16.0,73.0,2.0
38956,2023-06-12 04:00:00,474.36,384.0,53.0,0.0,127.0,20.0,73.0,2.0
38957,2023-06-12 05:00:00,398.08,398.0,53.0,0.0,258.0,24.0,77.0,2.0
38958,2023-06-12 06:00:00,333.13,372.0,53.0,0.0,380.0,31.0,73.0,2.0
38959,2023-06-12 07:00:00,296.62,354.0,53.0,0.0,463.0,37.0,68.0,2.0
38960,2023-06-12 08:00:00,280.52,344.0,53.0,0.0,505.0,41.0,61.0,2.0
38961,2023-06-12 09:00:00,257.09,304.0,52.0,0.0,520.0,46.0,54.0,2.0
38962,2023-06-12 10:00:00,229.38,257.0,53.0,0.0,524.0,49.0,57.0,2.0
38963,2023-06-12 11:00:00,210.53,224.0,54.0,0.0,517.0,54.0,58.0,2.0
38964,2023-06-12 12:00:00,214.43,229.0,51.0,0.0,494.0,67.0,62.0,2.0
38965,2023-06-12 13:00:00,266.93,297.0,52.0,0.0,439.0,65.0,67.0,2.0
38966,2023-06-12 14:00:00,339.77,367.0,53.0,0.0,336.0,52.0,72.0,2.0
38967,2023-06-12 15:00:00,410.43,362.0,52.0,0.0,202.0,32.0,70.0,2.0
38968,2023-06-12 16:00:00,518.9,376.0,52.0,0.0,83.0,17.0,60.0,2.0
38969,2023-06-12 17:00:00,579.76,396.0,50.0,0.0,31.0,12.0,62.0,2.0
38970,2023-06-12 18:00:00,597.04,396.0,50.0,0.0,12.0,15.0,62.0,2.0
38971,2023-06-12 19:00:00,595.38,382.0,49.0,0.0,2.0,23.0,62.0,2.0
38972,2023-06-12 20:00:00,587.53,363.0,50.0,0.0,0.0,27.0,61.0,2.0
38973,2023-06-12 21:00:00,572.38,357.0,51.0,0.0,0.0,38.0,61.0,2.0
38974,2023-06-12 22:00:00,561.64,353.0,49.0,0.0,0.0,50.0,58.0,2.0
38975,2023-06-12 23:00:00,547.51,300.0,51.0,0.0,0.0,47.0,53.0,2.0
38976,2023-06-13 00:00:00,549.92,252.0,50.0,1.0,0.0,30.0,49.0,2.0
38977,2023-06-13 01:00:00,586.85,300.0,50.0,0.0,4.0,19.0,47.0,2.0
38978,2023-06-13 02:00:00,570.62,300.0,50.0,0.0,20.0,18.0,44.0,2.0
38979,2023-06-13 03:00:00,549.98,335.0,52.0,1.0,46.0,18.0,46.0,2.0
38980,2023-06-13 04:00:00,486.49,367.0,53.0,0.0,126.0,21.0,47.0,2.0
38981,2023-06-13 05:00:00,409.43,402.0,52.0,0.0,257.0,31.0,52.0,2.0
38982,2023-06-13 06:00:00,351.58,408.0,53.0,0.0,380.0,46.0,52.0,2.0
38983,2023-06-13 07:00:00,319.04,408.0,53.0,0.0,465.0,58.0,51.0,2.0
38984,2023-06-13 08:00:00,295.42,382.0,53.0,0.0,506.0,63.0,47.0,2.0
38985,2023-06-13 09:00:00,293.76,388.0,55.0,0.0,523.0,66.0,43.0,2.0
38986,2023-06-13 10:00:00,288.75,379.0,55.0,0.0,526.0,67.0,43.0,2.0
38987,2023-06-13 11:00:00,287.72,373.0,55.0,0.0,518.0,66.0,46.0,2.0
38988,2023-06-13 12:00:00,300.12,390.0,54.0,0.0,496.0,66.0,50.0,2.0
38989,2023-06-13 13:00:00,322.64,398.0,54.0,0.0,436.0,58.0,55.0,2.0
38990,2023-06-13 14:00:00,362.84,399.0,55.0,0.0,332.0,48.0,59.0,2.0
38991,2023-06-13 15:00:00,432.28,397.0,53.0,0.0,200.0,32.0,62.0,2.0
38992,2023-06-13 16:00:00,520.13,384.0,53.0,0.0,83.0,18.0,61.0,2.0
38993,2023-06-13 17:00:00,574.76,401.0,54.0,0.0,32.0,16.0,62.0,2.0
38994,2023-06-13 18:00:00,595.58,398.0,47.0,0.0,12.0,18.0,62.0,2.0
38995,2023-06-13 19:00:00,598.42,387.0,43.0,0.0,1.0,25.0,62.0,2.0
38996,2023-06-13 20:00:00,597.32,384.0,46.0,0.0,0.0,26.0,61.0,2.0
38997,2023-06-13 21:00:00,585.3,337.0,45.0,0.0,0.0,23.0,61.0,2.0
38998,2023-06-13 22:00:00,579.96,324.0,43.0,0.0,0.0,27.0,58.0,2.0
38999,2023-06-13 23:00:00,570.3,300.0,45.0,0.0,0.0,30.0,54.0,2.0
39000,2023-06-14 00:00:00,584.85,317.0,46.0,0.0,0.0,28.0,50.0,2.0
39001,2023-06-14 01:00:00,593.14,331.0,48.0,0.0,4.0,19.0,52.0,2.0
39002,2023-06-14 02:00:00,579.0,332.0,52.0,0.0,19.0,14.0,52.0,2.0
39003,2023-06-14 03:00:00,541.28,325.0,52.0,0.0,46.0,15.0,54.0,2.0
39004,2023-06-14 04:00:00,485.37,391.0,53.0,0.0,126.0,22.0,61.0,2.0
39005,2023-06-14 05:00:00,383.24,365.0,53.0,0.0,255.0,33.0,70.0,2.0
39006,2023-06-14 06:00:00,325.55,365.0,54.0,0.0,377.0,47.0,72.0,2.0
39007,2023-06-14 07:00:00,297.77,369.0,55.0,0.0,460.0,55.0,73.0,2.0
39008,2023-06-14 08:00:00,284.95,367.0,54.0,0.0,499.0,61.0,70.0,2.0
39009,2023-06-14 09:00:00,280.86,367.0,53.0,0.0,513.0,66.0,66.0,2.0
39010,2023-06-14 10:00:00,268.54,349.0,53.0,0.0,518.0,78.0,65.0,2.0
39011,2023-06-14 11:00:00,262.03,333.0,48.0,0.0,511.0,78.0,66.0,2.0
39012,2023-06-14 12:00:00,273.07,343.0,54.0,0.0,487.0,76.0,70.0,2.0
39013,2023-06-14 13:00:00,310.1,383.0,55.0,0.0,429.0,66.0,73.0,2.0
39014,2023-06-14 14:00:00,344.24,374.0,53.0,0.0,329.0,51.0,77.0,2.0
39015,2023-06-14 15:00:00,408.61,370.0,53.0,0.0,198.0,36.0,80.0,2.0
39016,2023-06-14 16:00:00,489.29,363.0,50.0,0.0,86.0,23.0,80.0,2.0
39017,2023-06-14 17:00:00,548.28,400.0,54.0,0.0,35.0,21.0,81.0,2.0
39018,2023-06-14 18:00:00,568.71,396.0,55.0,0.0,13.0,20.0,81.0,2.0
39019,2023-06-14 19:00:00,575.45,396.0,56.0,0.0,1.0,26.0,80.0,2.0
39020,2023-06-14 20:00:00,558.04,343.0,54.0,0.0,0.0,27.0,79.0,2.0
39021,2023-06-14 21:00:00,558.06,332.0,54.0,0.0,0.0,24.0,78.0,2.0
39022,2023-06-14 22:00:00,559.59,332.0,53.0,0.0,0.0,23.0,78.0,2.0
39023,2023-06-14 23:00:00,554.11,319.0,53.0,0.0,0.0,24.0,77.0,2.0
39024,2023-06-15 00:00:00,552.41,332.0,51.0,0.0,0.0,30.0,78.0,2.0
39025,2023-06-15 01:00:00,542.59,323.0,52.0,0.0,4.0,31.0,78.0,2.0
39026,2023-06-15 02:00:00,520.16,306.0,53.0,0.0,23.0,25.0,78.0,2.0
39027,2023-06-15 03:00:00,524.28,379.0,53.0,0.0,53.0,21.0,81.0,2.0
39028,2023-06-15 04:00:00,474.23,399.0,54.0,0.0,127.0,21.0,81.0,2.0
39029,2023-06-15 05:00:00,372.23,341.0,54.0,0.0,244.0,31.0,81.0,2.0
39030,2023-06-15 06:00:00,320.29,338.0,54.0,0.0,352.0,42.0,80.0,2.0
39031,2023-06-15 07:00:00,287.82,335.0,54.0,0.0,434.0,53.0,80.0,2.0
39032,2023-06-15 08:00:00,274.44,338.0,54.0,0.0,483.0,58.0,78.0,2.0
39033,2023-06-15 09:00:00,267.47,339.0,56.0,0.0,506.0,63.0,79.0,2.0
39034,2023-06-15 10:00:00,265.12,338.0,55.0,0.0,508.0,68.0,79.0,2.0
39035,2023-06-15 11:00:00,265.43,335.0,57.0,0.0,497.0,73.0,79.0,2.0
39036,2023-06-15 12:00:00,272.48,335.0,57.0,0.0,470.0,74.0,78.0,2.0
39037,2023-06-15 13:00:00,320.19,390.0,56.0,0.0,399.0,68.0,79.0,2.0
39038,2023-06-15 14:00:00,361.51,396.0,56.0,0.0,300.0,59.0,80.0,2.0
39039,2023-06-15 15:00:00,426.49,397.0,54.0,0.0,183.0,42.0,79.0,2.0
39040,2023-06-15 16:00:00,497.85,388.0,53.0,0.0,86.0,26.0,79.0,2.0
39041,2023-06-15 17:00:00,544.1,397.0,52.0,0.0,37.0,25.0,79.0,2.0
39042,2023-06-15 18:00:00,555.93,395.0,54.0,0.0,13.0,34.0,80.0,2.0
39043,2023-06-15 19:00:00,551.44,394.0,55.0,0.0,1.0,50.0,80.0,2.0
39044,2023-06-15 20:00:00,547.06,388.0,56.0,0.0,0.0,53.0,80.0,2.0
39045,2023-06-15 21:00:00,527.09,337.0,54.0,0.0,0.0,55.0,78.0,2.0
39046,2023-06-15 22:00:00,544.24,379.0,48.0,0.0,0.0,56.0,79.0,2.0
39047,2023-06-15 23:00:00,559.25,382.0,36.0,0.0,0.0,47.0,78.0,2.0
39048,2023-06-16 00:00:00,565.33,370.0,36.0,0.0,0.0,37.0,78.0,2.0
39049,2023-06-16 01:00:00,556.03,368.0,48.0,0.0,5.0,35.0,79.0,2.0
39050,2023-06-16 02:00:00,537.66,367.0,51.0,0.0,25.0,32.0,79.0,2.0
39051,2023-06-16 03:00:00,510.5,350.0,52.0,0.0,57.0,24.0,76.0,2.0
39052,2023-06-16 04:00:00,467.55,376.0,51.0,0.0,126.0,27.0,72.0,2.0
39053,2023-06-16 05:00:00,389.47,356.0,53.0,0.0,235.0,34.0,68.0,2.0
39054,2023-06-16 06:00:00,290.85,269.0,52.0,0.0,343.0,44.0,63.0,2.0
39055,2023-06-16 07:00:00,250.44,250.0,56.0,0.0,426.0,54.0,58.0,2.0
39056,2023-06-16 08:00:00,241.12,251.0,57.0,0.0,457.0,58.0,57.0,1.0
39057,2023-06-16 09:00:00,248.49,253.0,55.0,0.0,433.0,58.0,58.0,1.0
39058,2023-06-16 10:00:00,252.68,254.0,49.0,0.0,415.0,61.0,58.0,1.0
39059,2023-06-16 11:00:00,256.52,254.0,48.0,0.0,401.0,63.0,57.0,1.0
39060,2023-06-16 12:00:00,272.41,252.0,47.0,0.0,356.0,55.0,58.0,1.0
39061,2023-06-16 13:00:00,270.43,229.0,47.0,0.0,324.0,51.0,58.0,1.0
39062,2023-06-16 14:00:00,298.42,227.0,54.0,0.0,261.0,42.0,62.0,1.0
39063,2023-06-16 15:00:00,356.84,227.0,52.0,0.0,169.0,28.0,62.0,1.0
39064,2023-06-16 16:00:00,433.68,229.0,52.0,0.0,83.0,17.0,65.0,1.0
39065,2023-06-16 17:00:00,516.79,284.0,52.0,0.0,36.0,13.0,70.0,1.0
39066,2023-06-16 18:00:00,569.37,385.0,54.0,0.0,15.0,19.0,76.0,1.0
39067,2023-06-16 19:00:00,577.37,391.0,52.0,0.0,2.0,23.0,80.0,1.0
39068,2023-06-16 20:00:00,569.43,362.0,49.0,0.0,0.0,24.0,80.0,1.0
39069,2023-06-16 21:00:00,572.41,377.0,44.0,0.0,0.0,28.0,80.0,1.0
39070,2023-06-16 22:00:00,528.91,288.0,43.0,0.0,0.0,35.0,78.0,1.0
39071,2023-06-16 23:00:00,450.68,183.0,44.0,0.0,0.0,43.0,75.0,1.0
39072,2023-06-17 00:00:00,432.81,159.0,45.0,0.0,0.0,40.0,74.0,1.0
39073,2023-06-17 01:00:00,437.23,159.0,50.0,0.0,5.0,34.0,71.0,1.0
39074,2023-06-17 02:00:00,317.42,86.0,50.0,0.0,22.0,37.0,70.0,1.0
39075,2023-06-17 03:00:00,275.97,75.0,51.0,0.0,50.0,33.0,67.0,1.0
39076,2023-06-17 04:00:00,223.78,76.0,51.0,0.0,125.0,29.0,63.0,1.0
39077,2023-06-17 05:00:00,167.91,76.0,52.0,0.0,242.0,31.0,60.0,1.0
39078,2023-06-17 06:00:00,133.52,76.0,52.0,0.0,355.0,42.0,55.0,1.0
39079,2023-06-17 07:00:00,112.01,74.0,52.0,0.0,443.0,54.0,55.0,1.0
39080,2023-06-17 08:00:00,105.47,76.0,51.0,0.0,483.0,66.0,55.0,1.0
39081,2023-06-17 09:00:00,104.47,76.0,51.0,0.0,481.0,74.0,56.0,1.0
39082,2023-06-17 10:00:00,106.12,76.0,52.0,0.0,463.0,83.0,56.0,1.0
39083,2023-06-17 11:00:00,106.62,75.0,51.0,0.0,440.0,94.0,56.0,1.0
39084,2023-06-17 12:00:00,119.51,78.0,54.0,0.0,380.0,99.0,56.0,1.0
39085,2023-06-17 13:00:00,136.84,78.0,52.0,0.0,290.0,100.0,57.0,1.0
39086,2023-06-17 14:00:00,163.55,79.0,51.0,0.0,205.0,91.0,59.0,1.0
39087,2023-06-17 15:00:00,189.7,79.0,51.0,0.0,136.0,92.0,60.0,1.0
39088,2023-06-17 16:00:00,227.36,82.0,50.0,0.0,72.0,89.0,64.0,1.0
39089,2023-06-17 17:00:00,267.21,82.0,51.0,0.0,35.0,70.0,67.0,1.0
39090,2023-06-17 18:00:00,283.16,81.0,54.0,0.0,11.0,71.0,72.0,1.0
39091,2023-06-17 19:00:00,293.79,84.0,53.0,0.0,1.0,72.0,75.0,1.0
39092,2023-06-17 20:00:00,293.88,82.0,54.0,0.0,0.0,70.0,75.0,1.0
39093,2023-06-17 21:00:00,287.9,82.0,51.0,0.0,0.0,75.0,75.0,1.0
39094,2023-06-17 22:00:00,295.37,81.0,50.0,0.0,0.0,66.0,75.0,1.0
39095,2023-06-17 23:00:00,285.0,79.0,48.0,0.0,0.0,74.0,73.0,1.0
39096,2023-06-18 00:00:00,274.55,81.0,48.0,0.0,0.0,88.0,73.0,1.0
39097,2023-06-18 01:00:00,280.05,82.0,48.0,0.0,4.0,83.0,70.0,1.0
39098,2023-06-18 02:00:00,262.72,82.0,48.0,0.0,22.0,87.0,67.0,1.0
39099,2023-06-18 03:00:00,248.26,84.0,48.0,0.0,56.0,77.0,65.0,1.0
39100,2023-06-18 04:00:00,220.23,83.0,47.0,0.0,107.0,70.0,60.0,1.0
39101,2023-06-18 05:00:00,194.6,87.0,48.0,0.0,170.0,72.0,56.0,1.0
39102,2023-06-18 06:00:00,164.42,92.0,49.0,0.0,257.0,84.0,56.0,1.0
39103,2023-06-18 07:00:00,132.33,87.0,49.0,0.0,347.0,102.0,55.0,1.0
39104,2023-06-18 08:00:00,112.87,87.0,47.0,0.0,418.0,137.0,55.0,1.0
39105,2023-06-18 09:00:00,105.54,86.0,48.0,0.0,431.0,171.0,56.0,1.0
39106,2023-06-18 10:00:00,104.21,87.0,49.0,0.0,441.0,181.0,55.0,1.0
39107,2023-06-18 11:00:00,103.38,86.0,47.0,0.0,434.0,182.0,56.0,1.0
39108,2023-06-18 12:00:00,107.03,86.0,48.0,0.0,416.0,175.0,56.0,1.0
39109,2023-06-18 13:00:00,115.47,87.0,46.0,0.0,358.0,177.0,56.0,1.0
39110,2023-06-18 14:00:00,135.31,87.0,41.0,0.0,256.0,160.0,60.0,1.0
39111,2023-06-18 15:00:00,153.47,84.0,25.0,0.0,156.0,151.0,63.0,1.0
39112,2023-06-18 16:00:00,197.77,84.0,21.0,0.0,75.0,117.0,67.0,1.0
39113,2023-06-18 17:00:00,251.17,89.0,22.0,0.0,33.0,89.0,70.0,1.0
39114,2023-06-18 18:00:00,286.79,86.0,21.0,0.0,12.0,67.0,70.0,1.0
39115,2023-06-18 19:00:00,306.96,87.0,23.0,0.0,2.0,59.0,73.0,1.0
39116,2023-06-18 20:00:00,291.63,86.0,22.0,0.0,0.0,72.0,73.0,1.0
39117,2023-06-18 21:00:00,293.26,85.0,22.0,0.0,0.0,69.0,73.0,1.0
39118,2023-06-18 22:00:00,302.07,86.0,21.0,0.0,0.0,66.0,70.0,1.0
39119,2023-06-18 23:00:00,304.66,86.0,26.0,0.0,0.0,69.0,66.0,1.0
39120,2023-06-19 00:00:00,319.19,87.0,38.0,0.0,0.0,64.0,63.0,1.0
39121,2023-06-19 01:00:00,323.04,87.0,45.0,0.0,6.0,57.0,62.0,1.0
39122,2023-06-19 02:00:00,308.53,88.0,47.0,0.0,24.0,52.0,63.0,1.0
39123,2023-06-19 03:00:00,291.96,87.0,47.0,0.0,50.0,39.0,64.0,1.0
39124,2023-06-19 04:00:00,232.14,87.0,50.0,0.0,122.0,38.0,69.0,1.0
39125,2023-06-19 05:00:00,176.04,90.0,51.0,0.0,238.0,47.0,72.0,1.0
39126,2023-06-19 06:00:00,137.12,87.0,51.0,0.0,353.0,59.0,73.0,1.0
39127,2023-06-19 07:00:00,122.52,90.0,52.0,0.0,434.0,74.0,69.0,1.0
39128,2023-06-19 08:00:00,113.24,90.0,52.0,0.0,479.0,91.0,66.0,1.0
39129,2023-06-19 09:00:00,107.2,86.0,53.0,0.0,500.0,96.0,62.0,1.0
39130,2023-06-19 10:00:00,104.56,86.0,49.0,0.0,510.0,101.0,57.0,1.0
39131,2023-06-19 11:00:00,106.65,85.0,53.0,0.0,497.0,103.0,56.0,1.0
39132,2023-06-19 12:00:00,110.02,85.0,54.0,0.0,471.0,106.0,57.0,1.0
39133,2023-06-19 13:00:00,119.81,86.0,53.0,0.0,419.0,97.0,58.0,1.0
39134,2023-06-19 14:00:00,138.13,84.0,54.0,0.0,323.0,87.0,62.0,1.0
39135,2023-06-19 15:00:00,180.03,85.0,54.0,0.0,197.0,70.0,66.0,1.0
39136,2023-06-19 16:00:00,263.83,93.0,52.0,0.0,82.0,46.0,69.0,1.0
39137,2023-06-19 17:00:00,359.79,124.0,52.0,0.0,31.0,36.0,73.0,1.0
39138,2023-06-19 18:00:00,355.67,105.0,50.0,0.0,13.0,37.0,72.0,1.0
39139,2023-06-19 19:00:00,363.51,105.0,50.0,0.0,2.0,41.0,73.0,1.0
39140,2023-06-19 20:00:00,342.54,102.0,50.0,0.0,0.0,57.0,72.0,1.0
39141,2023-06-19 21:00:00,296.32,83.0,49.0,0.0,0.0,71.0,72.0,1.0
39142,2023-06-19 22:00:00,299.32,83.0,48.0,0.0,0.0,68.0,72.0,1.0
39143,2023-06-19 23:00:00,300.95,82.0,48.0,0.0,0.0,65.0,72.0,1.0
39144,2023-06-20 00:00:00,295.79,83.0,51.0,0.0,0.0,72.0,72.0,1.0
39145,2023-06-20 01:00:00,297.11,83.0,52.0,0.0,4.0,67.0,72.0,1.0
39146,2023-06-20 02:00:00,299.26,83.0,52.0,0.0,19.0,50.0,72.0,1.0
39147,2023-06-20 03:00:00,294.56,84.0,52.0,0.0,44.0,30.0,73.0,1.0
39148,2023-06-20 04:00:00,242.57,85.0,52.0,0.0,119.0,22.0,69.0,1.0
39149,2023-06-20 05:00:00,179.78,87.0,52.0,0.0,240.0,31.0,67.0,1.0
39150,2023-06-20 06:00:00,143.26,88.0,50.0,0.0,359.0,42.0,60.0,1.0
39151,2023-06-20 07:00:00,125.48,89.0,51.0,0.0,442.0,53.0,58.0,1.0
39152,2023-06-20 08:00:00,113.83,86.0,51.0,0.0,488.0,63.0,56.0,1.0
39153,2023-06-20 09:00:00,109.07,84.0,52.0,0.0,505.0,71.0,54.0,1.0
39154,2023-06-20 10:00:00,108.93,84.0,52.0,0.0,505.0,71.0,55.0,1.0
39155,2023-06-20 11:00:00,113.01,85.0,52.0,0.0,485.0,70.0,54.0,1.0
39156,2023-06-20 12:00:00,119.43,85.0,54.0,0.0,451.0,67.0,55.0,1.0
39157,2023-06-20 13:00:00,134.52,83.0,53.0,0.0,379.0,50.0,53.0,1.0
39158,2023-06-20 14:00:00,165.65,87.0,53.0,0.0,284.0,38.0,58.0,1.0
39159,2023-06-20 15:00:00,216.74,88.0,52.0,0.0,174.0,23.0,62.0,1.0
39160,2023-06-20 16:00:00,288.63,89.0,52.0,0.0,80.0,16.0,65.0,1.0
39161,2023-06-20 17:00:00,350.14,91.0,50.0,0.0,32.0,11.0,67.0,1.0
39162,2023-06-20 18:00:00,368.91,88.0,51.0,0.0,13.0,13.0,68.0,1.0
39163,2023-06-20 19:00:00,373.44,84.0,53.0,0.0,2.0,14.0,71.0,1.0
39164,2023-06-20 20:00:00,363.86,85.0,52.0,0.0,0.0,21.0,73.0,1.0
39165,2023-06-20 21:00:00,360.37,83.0,51.0,0.0,0.0,24.0,70.0,1.0
39166,2023-06-20 22:00:00,348.73,85.0,51.0,0.0,0.0,33.0,71.0,1.0
39167,2023-06-20 23:00:00,340.58,86.0,51.0,0.0,0.0,41.0,70.0,1.0
39168,2023-06-21 00:00:00,334.02,86.0,52.0,0.0,0.0,45.0,71.0,1.0
39169,2023-06-21 01:00:00,343.31,87.0,48.0,0.0,4.0,34.0,72.0,1.0
39170,2023-06-21 02:00:00,327.75,88.0,48.0,0.0,18.0,33.0,72.0,1.0
39171,2023-06-21 03:00:00,301.67,89.0,48.0,0.0,45.0,29.0,73.0,1.0
39172,2023-06-21 04:00:00,249.9,89.0,50.0,0.0,115.0,22.0,70.0,1.0
39173,2023-06-21 05:00:00,184.94,90.0,50.0,0.0,234.0,32.0,66.0,1.0
39174,2023-06-21 06:00:00,147.1,89.0,51.0,0.0,348.0,41.0,62.0,1.0
39175,2023-06-21 07:00:00,129.73,90.0,52.0,0.0,430.0,48.0,59.0,1.0
39176,2023-06-21 08:00:00,121.97,89.0,52.0,0.0,467.0,53.0,55.0,1.0
39177,2023-06-21 09:00:00,128.15,94.0,53.0,0.0,460.0,52.0,55.0,1.0
39178,2023-06-21 10:00:00,132.7,95.0,54.0,0.0,431.0,63.0,55.0,1.0
39179,2023-06-21 11:00:00,137.55,90.0,53.0,0.0,393.0,48.0,59.0,1.0
39180,2023-06-21 12:00:00,154.9,97.0,55.0,0.0,346.0,54.0,58.0,1.0
39181,2023-06-21 13:00:00,164.85,96.0,55.0,0.0,303.0,58.0,59.0,2.0
39182,2023-06-21 14:00:00,185.74,90.0,55.0,0.0,234.0,40.0,63.0,2.0
39183,2023-06-21 15:00:00,223.83,95.0,51.0,0.0,160.0,37.0,67.0,2.0
39184,2023-06-21 16:00:00,268.75,90.0,51.0,0.0,81.0,35.0,70.0,2.0
39185,2023-06-21 17:00:00,315.32,91.0,52.0,0.0,34.0,33.0,72.0,2.0
39186,2023-06-21 18:00:00,311.13,90.0,50.0,0.0,13.0,55.0,73.0,2.0
39187,2023-06-21 19:00:00,332.62,91.0,50.0,0.0,2.0,48.0,74.0,2.0
39188,2023-06-21 20:00:00,327.74,93.0,53.0,0.0,0.0,58.0,73.0,2.0
39189,2023-06-21 21:00:00,318.85,94.0,52.0,0.0,0.0,68.0,72.0,2.0
39190,2023-06-21 22:00:00,303.11,91.0,50.0,0.0,0.0,76.0,74.0,2.0
39191,2023-06-21 23:00:00,293.98,84.0,50.0,0.0,0.0,81.0,67.0,2.0
39192,2023-06-22 00:00:00,320.87,87.0,48.0,0.0,0.0,64.0,64.0,2.0
39193,2023-06-22 01:00:00,343.56,89.0,49.0,0.0,5.0,44.0,64.0,2.0
39194,2023-06-22 02:00:00,298.79,84.0,44.0,0.0,22.0,55.0,65.0,2.0
39195,2023-06-22 03:00:00,277.64,88.0,45.0,0.0,49.0,55.0,66.0,2.0
39196,2023-06-22 04:00:00,255.09,91.0,43.0,0.0,93.0,39.0,70.0,2.0
39197,2023-06-22 05:00:00,246.52,94.0,47.0,0.0,116.0,32.0,74.0,2.0
39198,2023-06-22 06:00:00,262.26,99.0,48.0,0.0,104.0,31.0,75.0,2.0
39199,2023-06-22 07:00:00,291.62,100.0,50.0,0.0,73.0,31.0,72.0,2.0
39200,2023-06-22 08:00:00,313.27,105.0,53.0,0.0,61.0,30.0,70.0,2.0
39201,2023-06-22 09:00:00,279.52,96.0,49.0,0.0,88.0,25.0,70.0,2.0
39202,2023-06-22 10:00:00,247.44,92.0,48.0,0.0,116.0,35.0,66.0,2.0
39203,2023-06-22 11:00:00,245.79,93.0,49.0,0.0,123.0,33.0,66.0,2.0
39204,2023-06-22 12:00:00,225.98,91.0,50.0,0.0,126.0,60.0,64.0,2.0
39205,2023-06-22 13:00:00,199.24,85.0,49.0,0.0,143.0,83.0,59.0,2.0
39206,2023-06-22 14:00:00,184.8,86.0,50.0,0.0,146.0,113.0,63.0,2.0
39207,2023-06-22 15:00:00,190.96,88.0,52.0,0.0,121.0,127.0,67.0,2.0
39208,2023-06-22 16:00:00,213.84,86.0,52.0,0.0,76.0,115.0,70.0,2.0
39209,2023-06-22 17:00:00,224.81,83.0,50.0,0.0,36.0,125.0,72.0,2.0
39210,2023-06-22 18:00:00,271.6,86.0,50.0,0.0,12.0,88.0,75.0,2.0
39211,2023-06-22 19:00:00,284.73,85.0,47.0,0.0,2.0,81.0,75.0,2.0
39212,2023-06-22 20:00:00,291.93,87.0,47.0,0.0,0.0,80.0,74.0,2.0
39213,2023-06-22 21:00:00,295.85,81.0,48.0,0.0,0.0,69.0,72.0,2.0
39214,2023-06-22 22:00:00,322.05,104.0,47.0,0.0,0.0,79.0,71.0,2.0
39215,2023-06-22 23:00:00,277.86,77.0,46.0,0.0,0.0,84.0,67.0,2.0
39216,2023-06-23 00:00:00,298.15,83.0,48.0,0.0,0.0,79.0,63.0,2.0
39217,2023-06-23 01:00:00,320.15,85.0,49.0,0.0,4.0,63.0,59.0,2.0
39218,2023-06-23 02:00:00,326.38,85.0,49.0,0.0,20.0,45.0,56.0,2.0
39219,2023-06-23 03:00:00,318.75,92.0,50.0,0.0,49.0,32.0,56.0,2.0
39220,2023-06-23 04:00:00,249.94,84.0,52.0,0.0,117.0,26.0,56.0,2.0
39221,2023-06-23 05:00:00,182.9,87.0,52.0,0.0,241.0,35.0,56.0,2.0
39222,2023-06-23 06:00:00,139.98,87.0,52.0,0.0,371.0,50.0,56.0,2.0
39223,2023-06-23 07:00:00,115.97,83.0,48.0,0.0,461.0,58.0,55.0,2.0
39224,2023-06-23 08:00:00,110.45,87.0,49.0,0.0,504.0,72.0,55.0,1.0
39225,2023-06-23 09:00:00,107.21,86.0,51.0,0.0,518.0,80.0,55.0,1.0
39226,2023-06-23 10:00:00,107.8,85.0,51.0,0.0,509.0,87.0,51.0,2.0
39227,2023-06-23 11:00:00,110.71,85.0,50.0,0.0,484.0,94.0,46.0,2.0
39228,2023-06-23 12:00:00,120.04,88.0,52.0,0.0,442.0,97.0,46.0,2.0
39229,2023-06-23 13:00:00,126.71,85.0,49.0,0.0,384.0,95.0,47.0,2.0
39230,2023-06-23 14:00:00,155.22,83.0,50.0,0.0,272.0,80.0,46.0,2.0
39231,2023-06-23 15:00:00,201.81,82.0,51.0,0.0,167.0,58.0,48.0,2.0
39232,2023-06-23 16:00:00,255.34,83.0,50.0,0.0,84.0,50.0,55.0,2.0
39233,2023-06-23 17:00:00,301.41,84.0,50.0,0.0,39.0,44.0,58.0,2.0
39234,2023-06-23 18:00:00,333.58,89.0,53.0,0.0,14.0,44.0,63.0,2.0
39235,2023-06-23 19:00:00,322.97,87.0,53.0,0.0,2.0,58.0,67.0,2.0
39236,2023-06-23 20:00:00,314.31,86.0,53.0,0.0,0.0,66.0,67.0,2.0
39237,2023-06-23 21:00:00,307.28,85.0,54.0,0.0,0.0,71.0,67.0,2.0
39238,2023-06-23 22:00:00,306.57,92.0,54.0,0.0,0.0,79.0,70.0,2.0
39239,2023-06-23 23:00:00,310.07,91.0,53.0,0.0,0.0,75.0,69.0,2.0
39240,2023-06-24 00:00:00,305.37,88.0,53.0,0.0,0.0,77.0,67.0,2.0
39241,2023-06-24 01:00:00,308.37,88.0,52.0,0.0,4.0,73.0,64.0,2.0
39242,2023-06-24 02:00:00,315.98,90.0,52.0,0.0,19.0,58.0,60.0,2.0
39243,2023-06-24 03:00:00,305.63,91.0,52.0,0.0,45.0,47.0,56.0,2.0
39244,2023-06-24 04:00:00,244.06,92.0,50.0,0.0,124.0,49.0,50.0,2.0
39245,2023-06-24 05:00:00,171.83,91.0,51.0,0.0,261.0,68.0,46.0,2.0
39246,2023-06-24 06:00:00,132.61,90.0,50.0,0.0,391.0,85.0,46.0,2.0
39247,2023-06-24 07:00:00,115.31,91.0,49.0,0.0,466.0,114.0,45.0,2.0
39248,2023-06-24 08:00:00,113.13,91.0,50.0,0.0,478.0,118.0,46.0,2.0
39249,2023-06-24 09:00:00,114.28,92.0,51.0,0.0,472.0,124.0,46.0,2.0
39250,2023-06-24 10:00:00,85.13,58.0,51.0,0.0,463.0,134.0,45.0,2.0
39251,2023-06-24 11:00:00,84.06,59.0,52.0,0.0,468.0,150.0,45.0,2.0
39252,2023-06-24 12:00:00,86.21,61.0,51.0,0.0,458.0,153.0,45.0,2.0
39253,2023-06-24 13:00:00,94.16,62.0,52.0,0.0,417.0,139.0,45.0,2.0
39254,2023-06-24 14:00:00,110.98,62.0,54.0,0.0,325.0,124.0,48.0,2.0
39255,2023-06-24 15:00:00,142.21,64.0,53.0,0.0,208.0,109.0,52.0,2.0
39256,2023-06-24 16:00:00,224.33,82.0,54.0,0.0,93.0,78.0,63.0,2.0
39257,2023-06-24 17:00:00,280.16,85.0,54.0,0.0,37.0,61.0,67.0,2.0
39258,2023-06-24 18:00:00,284.13,78.0,54.0,0.0,14.0,64.0,71.0,2.0
39259,2023-06-24 19:00:00,273.1,80.0,54.0,0.0,3.0,86.0,75.0,2.0
39260,2023-06-24 20:00:00,229.36,57.0,54.0,0.0,0.0,94.0,74.0,2.0
39261,2023-06-24 21:00:00,238.69,52.0,52.0,0.0,0.0,71.0,74.0,2.0
39262,2023-06-24 22:00:00,265.27,54.0,48.0,0.0,0.0,51.0,71.0,2.0
39263,2023-06-24 23:00:00,293.33,58.0,49.0,0.0,0.0,39.0,68.0,2.0
39264,2023-06-25 00:00:00,319.11,64.0,50.0,0.0,0.0,32.0,66.0,2.0
39265,2023-06-25 01:00:00,323.87,64.0,51.0,0.0,4.0,30.0,61.0,2.0
39266,2023-06-25 02:00:00,301.73,61.0,51.0,0.0,19.0,29.0,58.0,2.0
39267,2023-06-25 03:00:00,274.56,60.0,51.0,0.0,50.0,20.0,56.0,2.0
39268,2023-06-25 04:00:00,203.49,58.0,51.0,0.0,121.0,27.0,56.0,2.0
39269,2023-06-25 05:00:00,151.56,62.0,51.0,0.0,236.0,36.0,56.0,2.0
39270,2023-06-25 06:00:00,127.44,60.0,50.0,0.0,300.0,44.0,56.0,2.0
39271,2023-06-25 07:00:00,130.2,62.0,49.0,0.0,298.0,43.0,56.0,2.0
39272,2023-06-25 08:00:00,131.52,66.0,49.0,0.0,303.0,52.0,56.0,2.0
39273,2023-06-25 09:00:00,119.65,59.0,50.0,0.0,314.0,58.0,56.0,2.0
39274,2023-06-25 10:00:00,112.06,60.0,49.0,0.0,357.0,61.0,50.0,2.0
39275,2023-06-25 11:00:00,120.12,62.0,52.0,0.0,342.0,60.0,44.0,2.0
39276,2023-06-25 12:00:00,129.12,62.0,51.0,0.0,290.0,70.0,45.0,2.0
39277,2023-06-25 13:00:00,142.16,60.0,55.0,0.0,243.0,67.0,45.0,2.0
39278,2023-06-25 14:00:00,162.25,60.0,53.0,0.0,191.0,54.0,49.0,2.0
39279,2023-06-25 15:00:00,189.07,61.0,53.0,0.0,144.0,41.0,54.0,2.0
39280,2023-06-25 16:00:00,238.64,62.0,54.0,0.0,81.0,23.0,64.0,2.0
39281,2023-06-25 17:00:00,333.37,88.0,54.0,0.0,37.0,15.0,68.0,2.0
39282,2023-06-25 18:00:00,400.26,115.0,56.0,0.0,14.0,14.0,72.0,2.0
39283,2023-06-25 19:00:00,407.5,108.0,57.0,0.0,2.0,12.0,75.0,2.0
39284,2023-06-25 20:00:00,400.52,102.0,58.0,0.0,0.0,13.0,75.0,2.0
39285,2023-06-25 21:00:00,361.41,73.0,55.0,0.0,0.0,9.0,74.0,2.0
39286,2023-06-25 22:00:00,207.81,13.0,55.0,0.0,0.0,8.0,73.0,2.0
39287,2023-06-25 23:00:00,212.26,12.0,56.0,0.0,0.0,7.0,69.0,2.0
39288,2023-06-26 00:00:00,219.65,11.0,58.0,0.0,0.0,6.0,64.0,2.0
39289,2023-06-26 01:00:00,199.38,9.0,56.0,0.0,4.0,7.0,66.0,2.0
39290,2023-06-26 02:00:00,174.94,9.0,55.0,0.0,22.0,8.0,66.0,2.0
39291,2023-06-26 03:00:00,155.03,11.0,56.0,0.0,51.0,10.0,65.0,2.0
39292,2023-06-26 04:00:00,100.07,7.0,55.0,0.0,116.0,18.0,70.0,2.0
39293,2023-06-26 05:00:00,69.24,8.0,54.0,0.0,224.0,31.0,74.0,2.0
39294,2023-06-26 06:00:00,54.0,8.0,53.0,0.0,322.0,43.0,69.0,2.0
39295,2023-06-26 07:00:00,44.41,5.0,53.0,0.0,376.0,52.0,65.0,2.0
39296,2023-06-26 08:00:00,46.34,5.0,54.0,0.0,359.0,58.0,60.0,2.0
39297,2023-06-26 09:00:00,46.98,6.0,53.0,0.0,357.0,64.0,57.0,2.0
39298,2023-06-26 10:00:00,52.07,7.0,54.0,0.0,317.0,71.0,57.0,2.0
39299,2023-06-26 11:00:00,54.91,7.0,53.0,1.0,295.0,60.0,57.0,2.0
39300,2023-06-26 12:00:00,56.89,10.0,54.0,0.0,322.0,56.0,61.0,2.0
39301,2023-06-26 13:00:00,52.16,5.0,55.0,0.0,304.0,55.0,64.0,2.0
39302,2023-06-26 14:00:00,59.22,5.0,54.0,0.0,245.0,47.0,68.0,2.0
39303,2023-06-26 15:00:00,74.41,5.0,56.0,0.0,164.0,46.0,72.0,2.0
39304,2023-06-26 16:00:00,103.27,5.0,55.0,0.0,85.0,25.0,73.0,2.0
39305,2023-06-26 17:00:00,122.78,5.0,51.0,0.0,42.0,22.0,72.0,2.0
39306,2023-06-26 18:00:00,222.53,29.0,54.0,0.0,17.0,14.0,78.0,2.0
39307,2023-06-26 19:00:00,284.18,45.0,55.0,0.0,2.0,11.0,81.0,2.0
39308,2023-06-26 20:00:00,304.98,53.0,57.0,0.0,0.0,13.0,80.0,2.0
39309,2023-06-26 21:00:00,315.79,60.0,58.0,0.0,0.0,14.0,82.0,2.0
39310,2023-06-26 22:00:00,355.64,84.0,56.0,0.0,0.0,17.0,82.0,2.0
39311,2023-06-26 23:00:00,311.64,63.0,57.0,0.0,0.0,26.0,77.0,2.0
39312,2023-06-27 00:00:00,361.87,85.0,58.0,0.0,0.0,21.0,75.0,2.0
39313,2023-06-27 01:00:00,340.53,81.0,56.0,0.0,4.0,27.0,75.0,2.0
39314,2023-06-27 02:00:00,278.49,61.0,56.0,0.0,18.0,34.0,74.0,2.0
39315,2023-06-27 03:00:00,250.77,60.0,58.0,0.0,44.0,33.0,75.0,2.0
39316,2023-06-27 04:00:00,249.38,91.0,58.0,0.0,117.0,21.0,79.0,2.0
39317,2023-06-27 05:00:00,226.56,136.0,58.0,0.0,244.0,32.0,84.0,2.0
39318,2023-06-27 06:00:00,199.2,155.0,57.0,0.0,360.0,48.0,81.0,2.0
39319,2023-06-27 07:00:00,183.13,157.0,56.0,0.0,416.0,62.0,78.0,2.0
39320,2023-06-27 08:00:00,185.07,158.0,57.0,0.0,408.0,69.0,75.0,2.0
39321,2023-06-27 09:00:00,182.21,152.0,56.0,0.0,399.0,74.0,71.0,2.0
39322,2023-06-27 10:00:00,173.69,136.0,56.0,0.0,379.0,77.0,71.0,2.0
39323,2023-06-27 11:00:00,198.12,161.0,56.0,0.0,361.0,77.0,71.0,2.0
39324,2023-06-27 12:00:00,210.08,167.0,57.0,0.0,349.0,65.0,70.0,2.0
39325,2023-06-27 13:00:00,239.89,192.0,57.0,0.0,323.0,59.0,68.0,2.0
39326,2023-06-27 14:00:00,253.25,177.0,57.0,0.0,262.0,56.0,65.0,2.0
39327,2023-06-27 15:00:00,342.6,234.0,57.0,0.0,162.0,59.0,70.0,2.0
39328,2023-06-27 16:00:00,377.23,206.0,56.0,0.0,78.0,58.0,73.0,2.0
39329,2023-06-27 17:00:00,429.41,199.0,57.0,1.0,37.0,31.0,77.0,2.0
39330,2023-06-27 18:00:00,477.67,219.0,57.0,1.0,15.0,24.0,77.0,2.0
39331,2023-06-27 19:00:00,484.5,220.0,57.0,1.0,2.0,32.0,77.0,2.0
39332,2023-06-27 20:00:00,475.05,220.0,56.0,1.0,1.0,42.0,76.0,2.0
39333,2023-06-27 21:00:00,479.32,212.0,55.0,0.0,0.0,36.0,76.0,2.0
39334,2023-06-27 22:00:00,469.28,194.0,55.0,0.0,0.0,36.0,73.0,2.0
39335,2023-06-27 23:00:00,489.34,194.0,56.0,0.0,0.0,25.0,69.0,2.0
39336,2023-06-28 00:00:00,501.68,195.0,56.0,0.0,0.0,19.0,67.0,2.0
39337,2023-06-28 01:00:00,483.62,196.0,57.0,0.0,4.0,29.0,66.0,2.0
39338,2023-06-28 02:00:00,456.53,196.0,57.0,0.0,19.0,36.0,65.0,2.0
39339,2023-06-28 03:00:00,432.37,197.0,55.0,0.0,46.0,28.0,68.0,2.0
39340,2023-06-28 04:00:00,376.45,208.0,57.0,0.0,117.0,23.0,72.0,2.0
39341,2023-06-28 05:00:00,302.7,214.0,58.0,0.0,234.0,28.0,76.0,2.0
39342,2023-06-28 06:00:00,238.68,197.0,58.0,0.0,347.0,42.0,76.0,2.0
39343,2023-06-28 07:00:00,211.56,199.0,57.0,0.0,439.0,51.0,72.0,2.0
39344,2023-06-28 08:00:00,189.34,184.0,57.0,0.0,485.0,58.0,68.0,1.0
39345,2023-06-28 09:00:00,186.6,177.0,57.0,0.0,478.0,59.0,65.0,1.0
39346,2023-06-28 10:00:00,202.14,188.0,57.0,0.0,450.0,58.0,60.0,1.0
39347,2023-06-28 11:00:00,201.35,178.0,59.0,0.0,429.0,59.0,59.0,2.0
39348,2023-06-28 12:00:00,209.28,180.0,61.0,0.0,400.0,61.0,63.0,2.0
39349,2023-06-28 13:00:00,224.07,177.0,60.0,0.0,341.0,59.0,64.0,1.0
39350,2023-06-28 14:00:00,258.61,176.0,57.0,0.0,243.0,58.0,66.0,1.0
39351,2023-06-28 15:00:00,321.55,198.0,56.0,0.0,157.0,52.0,71.0,2.0
39352,2023-06-28 16:00:00,363.61,176.0,55.0,0.0,85.0,36.0,73.0,2.0
39353,2023-06-28 17:00:00,424.29,184.0,57.0,0.0,43.0,23.0,73.0,2.0
39354,2023-06-28 18:00:00,470.0,181.0,57.0,0.0,16.0,12.0,72.0,2.0
39355,2023-06-28 19:00:00,495.56,182.0,57.0,0.0,2.0,9.0,72.0,2.0
39356,2023-06-28 20:00:00,518.45,217.0,57.0,0.0,0.0,12.0,73.0,2.0
39357,2023-06-28 21:00:00,503.47,192.0,57.0,0.0,0.0,10.0,73.0,2.0
39358,2023-06-28 22:00:00,478.08,167.0,57.0,0.0,0.0,11.0,75.0,2.0
39359,2023-06-28 23:00:00,518.65,213.0,57.0,0.0,0.0,11.0,72.0,2.0
39360,2023-06-29 00:00:00,516.26,218.0,57.0,0.0,0.0,15.0,72.0,2.0
39361,2023-06-29 01:00:00,505.53,218.0,56.0,0.0,4.0,18.0,73.0,2.0
39362,2023-06-29 02:00:00,489.12,219.0,56.0,0.0,18.0,18.0,72.0,2.0
39363,2023-06-29 03:00:00,440.6,195.0,56.0,0.0,46.0,14.0,73.0,2.0
39364,2023-06-29 04:00:00,375.46,197.0,57.0,0.0,109.0,17.0,76.0,2.0
39365,2023-06-29 05:00:00,298.31,198.0,57.0,0.0,218.0,28.0,76.0,2.0
39366,2023-06-29 06:00:00,232.82,185.0,58.0,0.0,338.0,43.0,75.0,2.0
39367,2023-06-29 07:00:00,195.92,176.0,59.0,0.0,435.0,56.0,72.0,2.0
39368,2023-06-29 08:00:00,190.63,188.0,60.0,0.0,487.0,64.0,69.0,1.0
39369,2023-06-29 09:00:00,181.79,176.0,58.0,0.0,483.0,74.0,65.0,1.0
39370,2023-06-29 10:00:00,211.01,207.0,58.0,0.0,446.0,78.0,60.0,1.0
39371,2023-06-29 11:00:00,200.19,190.0,40.0,0.0,425.0,84.0,60.0,2.0
39372,2023-06-29 12:00:00,196.06,179.0,33.0,0.0,406.0,79.0,63.0,2.0
39373,2023-06-29 13:00:00,212.82,193.0,33.0,0.0,368.0,88.0,68.0,2.0
39374,2023-06-29 14:00:00,225.3,176.0,33.0,0.0,286.0,85.0,71.0,2.0
39375,2023-06-29 15:00:00,300.31,203.0,32.0,0.0,172.0,73.0,75.0,2.0
39376,2023-06-29 16:00:00,368.17,198.0,30.0,0.0,80.0,57.0,75.0,2.0
39377,2023-06-29 17:00:00,441.36,209.0,34.0,0.0,33.0,38.0,75.0,2.0
39378,2023-06-29 18:00:00,480.8,220.0,31.0,0.0,12.0,33.0,76.0,2.0
39379,2023-06-29 19:00:00,492.55,224.0,32.0,0.0,2.0,35.0,77.0,2.0
39380,2023-06-29 20:00:00,482.03,211.0,39.0,0.0,0.0,36.0,77.0,2.0
39381,2023-06-29 21:00:00,478.33,194.0,47.0,0.0,0.0,28.0,76.0,2.0
39382,2023-06-29 22:00:00,491.44,205.0,46.0,0.0,0.0,25.0,76.0,2.0
39383,2023-06-29 23:00:00,502.51,212.0,49.0,0.0,0.0,23.0,73.0,2.0
39384,2023-06-30 00:00:00,504.11,214.0,48.0,0.0,0.0,23.0,73.0,1.0
39385,2023-06-30 01:00:00,503.66,211.0,51.0,0.0,3.0,17.0,74.0,1.0
39386,2023-06-30 02:00:00,497.1,221.0,51.0,0.0,17.0,12.0,75.0,1.0
39387,2023-06-30 03:00:00,446.67,200.0,50.0,0.0,43.0,15.0,74.0,1.0
39388,2023-06-30 04:00:00,374.34,200.0,50.0,0.0,113.0,19.0,74.0,1.0
39389,2023-06-30 05:00:00,298.09,207.0,51.0,0.0,234.0,29.0,71.0,1.0
39390,2023-06-30 06:00:00,239.78,200.0,51.0,0.0,356.0,40.0,67.0,1.0
39391,2023-06-30 07:00:00,205.81,189.0,48.0,0.0,438.0,48.0,63.0,1.0
39392,2023-06-30 08:00:00,210.13,201.0,49.0,0.0,458.0,48.0,59.0,1.0
39393,2023-06-30 09:00:00,182.06,162.0,49.0,0.0,453.0,56.0,58.0,1.0
39394,2023-06-30 10:00:00,190.06,175.0,53.0,0.0,447.0,71.0,59.0,1.0
39395,2023-06-30 11:00:00,172.05,149.0,54.0,0.0,432.0,86.0,58.0,2.0
39396,2023-06-30 12:00:00,178.09,148.0,54.0,0.0,401.0,85.0,58.0,1.0
39397,2023-06-30 13:00:00,201.18,150.0,53.0,0.0,338.0,67.0,58.0,1.0
39398,2023-06-30 14:00:00,226.39,149.0,54.0,0.0,274.0,56.0,57.0,1.0
39399,2023-06-30 15:00:00,287.76,158.0,55.0,0.0,176.0,44.0,57.0,2.0
39400,2023-06-30 16:00:00,366.06,161.0,55.0,0.0,84.0,30.0,61.0,2.0
39401,2023-06-30 17:00:00,451.33,195.0,55.0,0.0,36.0,23.0,65.0,2.0
39402,2023-06-30 18:00:00,493.46,210.0,55.0,0.0,12.0,18.0,70.0,2.0
39403,2023-06-30 19:00:00,478.65,178.0,53.0,0.0,2.0,18.0,73.0,2.0
39404,2023-06-30 20:00:00,502.1,214.0,54.0,0.0,0.0,22.0,74.0,2.0
39405,2023-06-30 21:00:00,457.54,177.0,55.0,0.0,0.0,35.0,72.0,2.0
39406,2023-06-30 22:00:00,465.66,194.0,54.0,0.0,1.0,42.0,69.0,2.0
39407,2023-06-30 23:00:00,441.84,178.0,54.0,0.0,0.0,52.0,68.0,2.0
39408,2023-07-01 00:00:00,400.82,152.0,53.0,0.0,0.0,68.0,65.0,2.0
39409,2023-07-01 01:00:00,389.82,143.0,54.0,0.0,3.0,70.0,61.0,2.0
39410,2023-07-01 02:00:00,384.03,144.0,54.0,0.0,20.0,61.0,59.0,2.0
39411,2023-07-01 03:00:00,351.99,145.0,52.0,0.0,46.0,66.0,60.0,2.0
39412,2023-07-01 04:00:00,321.14,151.0,53.0,0.0,80.0,76.0,60.0,2.0
39413,2023-07-01 05:00:00,279.77,163.0,53.0,0.0,123.0,115.0,61.0,2.0
39414,2023-07-01 06:00:00,242.88,155.0,54.0,0.0,159.0,143.0,59.0,2.0
39415,2023-07-01 07:00:00,218.2,150.0,55.0,0.0,177.0,177.0,60.0,2.0
39416,2023-07-01 08:00:00,215.4,155.0,54.0,0.0,209.0,165.0,60.0,2.0
39417,2023-07-01 09:00:00,197.14,154.0,53.0,0.0,261.0,169.0,60.0,2.0
39418,2023-07-01 10:00:00,185.46,164.0,51.0,0.0,323.0,186.0,54.0,2.0
39419,2023-07-01 11:00:00,175.07,165.0,54.0,0.0,373.0,193.0,50.0,2.0
39420,2023-07-01 12:00:00,159.06,148.0,54.0,0.0,381.0,205.0,50.0,2.0
39421,2023-07-01 13:00:00,173.82,163.0,52.0,0.0,368.0,195.0,50.0,2.0
39422,2023-07-01 14:00:00,186.52,157.0,53.0,0.0,290.0,199.0,50.0,2.0
39423,2023-07-01 15:00:00,210.0,142.0,52.0,0.0,172.0,189.0,54.0,2.0
39424,2023-07-01 16:00:00,254.05,149.0,52.0,0.0,90.0,174.0,59.0,2.0
39425,2023-07-01 17:00:00,317.7,184.0,56.0,0.0,44.0,163.0,60.0,2.0
39426,2023-07-01 18:00:00,348.17,187.0,56.0,0.0,15.0,151.0,60.0,2.0
39427,2023-07-01 19:00:00,357.74,192.0,55.0,0.0,2.0,157.0,60.0,2.0
39428,2023-07-01 20:00:00,319.54,145.0,54.0,0.0,0.0,152.0,58.0,2.0
39429,2023-07-01 21:00:00,268.28,104.0,53.0,0.0,0.0,156.0,57.0,2.0
39430,2023-07-01 22:00:00,251.7,75.0,51.0,0.0,0.0,138.0,40.0,2.0
39431,2023-07-01 23:00:00,264.08,74.0,52.0,0.0,0.0,121.0,40.0,1.0
39432,2023-07-02 00:00:00,258.81,74.0,50.0,0.0,0.0,126.0,40.0,1.0
39433,2023-07-02 01:00:00,286.32,75.0,51.0,0.0,2.0,99.0,40.0,2.0
39434,2023-07-02 02:00:00,281.81,76.0,51.0,0.0,15.0,92.0,40.0,2.0
39435,2023-07-02 03:00:00,284.36,99.0,51.0,0.0,42.0,101.0,40.0,2.0
39436,2023-07-02 04:00:00,249.81,92.0,53.0,0.0,79.0,97.0,40.0,2.0
39437,2023-07-02 05:00:00,204.01,79.0,48.0,0.0,107.0,111.0,40.0,2.0
39438,2023-07-02 06:00:00,186.6,77.0,45.0,0.0,131.0,114.0,40.0,2.0
39439,2023-07-02 07:00:00,194.26,93.0,50.0,0.0,152.0,128.0,40.0,2.0
39440,2023-07-02 08:00:00,177.32,88.0,50.0,0.0,167.0,141.0,40.0,2.0
39441,2023-07-02 09:00:00,205.26,102.0,52.0,0.0,152.0,129.0,40.0,2.0
39442,2023-07-02 10:00:00,242.67,114.0,50.0,0.0,129.0,103.0,40.0,2.0
39443,2023-07-02 11:00:00,223.64,105.0,52.0,0.0,158.0,91.0,40.0,2.0
39444,2023-07-02 12:00:00,195.33,84.0,54.0,0.0,158.0,97.0,40.0,2.0
39445,2023-07-02 13:00:00,222.29,85.0,53.0,0.0,107.0,97.0,40.0,2.0
39446,2023-07-02 14:00:00,220.76,76.0,52.0,0.0,72.0,112.0,40.0,2.0
39447,2023-07-02 15:00:00,286.12,93.0,51.0,0.0,40.0,91.0,40.0,2.0
39448,2023-07-02 16:00:00,331.81,109.0,51.0,0.0,21.0,87.0,40.0,2.0
39449,2023-07-02 17:00:00,333.44,122.0,50.0,0.0,14.0,108.0,41.0,2.0
39450,2023-07-02 18:00:00,252.95,69.0,50.0,0.0,6.0,119.0,39.0,2.0
39451,2023-07-02 19:00:00,110.0,7.0,50.0,0.0,1.0,130.0,37.0,2.0
39452,2023-07-02 20:00:00,123.63,14.0,51.0,0.0,1.0,143.0,37.0,2.0
39453,2023-07-02 21:00:00,120.16,14.0,49.0,0.0,1.0,146.0,37.0,2.0
39454,2023-07-02 22:00:00,116.88,14.0,49.0,0.0,0.0,153.0,38.0,2.0
39455,2023-07-02 23:00:00,118.12,15.0,51.0,0.0,0.0,160.0,38.0,2.0
39456,2023-07-03 00:00:00,104.48,16.0,51.0,0.0,0.0,201.0,38.0,2.0
39457,2023-07-03 01:00:00,107.63,16.0,51.0,0.0,2.0,191.0,37.0,2.0
39458,2023-07-03 02:00:00,118.69,16.0,50.0,0.0,12.0,150.0,38.0,2.0
39459,2023-07-03 03:00:00,95.47,18.0,51.0,0.0,36.0,208.0,38.0,2.0
39460,2023-07-03 04:00:00,80.82,17.0,50.0,0.0,94.0,202.0,38.0,2.0
39461,2023-07-03 05:00:00,67.17,19.0,51.0,0.0,169.0,234.0,38.0,2.0
39462,2023-07-03 06:00:00,60.98,21.0,50.0,0.0,207.0,266.0,38.0,2.0
39463,2023-07-03 07:00:00,54.22,21.0,49.0,0.0,260.0,280.0,38.0,2.0
39464,2023-07-03 08:00:00,48.84,21.0,48.0,0.0,306.0,299.0,38.0,2.0
39465,2023-07-03 09:00:00,47.3,21.0,49.0,0.0,333.0,302.0,38.0,2.0
39466,2023-07-03 10:00:00,45.45,22.0,48.0,0.0,367.0,307.0,38.0,2.0
39467,2023-07-03 11:00:00,46.8,21.0,49.0,0.0,331.0,312.0,38.0,2.0
39468,2023-07-03 12:00:00,53.17,22.0,51.0,0.0,295.0,283.0,38.0,2.0
39469,2023-07-03 13:00:00,62.69,23.0,53.0,0.0,218.0,276.0,38.0,2.0
39470,2023-07-03 14:00:00,65.33,23.0,51.0,0.0,185.0,275.0,38.0,2.0
39471,2023-07-03 15:00:00,75.47,23.0,50.0,0.0,123.0,256.0,38.0,2.0
39472,2023-07-03 16:00:00,87.46,23.0,52.0,0.0,60.0,258.0,38.0,2.0
39473,2023-07-03 17:00:00,96.32,23.0,53.0,0.0,30.0,251.0,38.0,2.0
39474,2023-07-03 18:00:00,101.43,23.0,53.0,0.0,10.0,251.0,38.0,2.0
39475,2023-07-03 19:00:00,105.78,23.0,52.0,0.0,1.0,242.0,38.0,2.0
39476,2023-07-03 20:00:00,104.3,23.0,50.0,0.0,0.0,243.0,38.0,2.0
39477,2023-07-03 21:00:00,102.46,23.0,51.0,0.0,0.0,253.0,37.0,2.0
39478,2023-07-03 22:00:00,103.43,23.0,50.0,0.0,0.0,247.0,37.0,2.0
39479,2023-07-03 23:00:00,106.53,23.0,51.0,0.0,0.0,239.0,37.0,2.0
39480,2023-07-04 00:00:00,109.83,24.0,50.0,0.0,0.0,231.0,38.0,2.0
39481,2023-07-04 01:00:00,109.08,23.0,49.0,0.0,3.0,222.0,38.0,2.0
39482,2023-07-04 02:00:00,101.45,23.0,50.0,0.0,15.0,238.0,38.0,2.0
39483,2023-07-04 03:00:00,103.19,23.0,52.0,0.0,38.0,214.0,38.0,2.0
39484,2023-07-04 04:00:00,92.82,23.0,52.0,0.0,104.0,189.0,38.0,2.0
39485,2023-07-04 05:00:00,64.58,16.0,52.0,0.0,188.0,208.0,38.0,2.0
39486,2023-07-04 06:00:00,50.97,14.0,53.0,0.0,285.0,224.0,38.0,2.0
39487,2023-07-04 07:00:00,41.31,11.0,51.0,0.0,347.0,239.0,37.0,2.0
39488,2023-07-04 08:00:00,37.28,10.0,50.0,0.0,377.0,254.0,38.0,2.0
39489,2023-07-04 09:00:00,37.57,9.0,50.0,0.0,374.0,233.0,37.0,2.0
39490,2023-07-04 10:00:00,38.87,8.0,50.0,0.0,348.0,217.0,37.0,2.0
39491,2023-07-04 11:00:00,53.39,13.0,51.0,0.0,263.0,193.0,38.0,2.0
39492,2023-07-04 12:00:00,193.75,110.0,49.0,0.0,165.0,165.0,40.0,2.0
39493,2023-07-04 13:00:00,263.52,148.0,49.0,0.0,121.0,139.0,41.0,2.0
39494,2023-07-04 14:00:00,295.39,192.0,48.0,0.0,130.0,141.0,45.0,2.0
39495,2023-07-04 15:00:00,250.18,157.0,49.0,0.0,129.0,169.0,48.0,2.0
39496,2023-07-04 16:00:00,300.2,191.0,50.0,0.0,76.0,179.0,51.0,2.0
39497,2023-07-04 17:00:00,358.35,224.0,53.0,0.0,36.0,162.0,56.0,2.0
39498,2023-07-04 18:00:00,378.99,226.0,52.0,0.0,13.0,157.0,57.0,2.0
39499,2023-07-04 19:00:00,378.22,219.0,51.0,0.0,2.0,159.0,60.0,2.0
39500,2023-07-04 20:00:00,363.7,212.0,48.0,0.0,0.0,173.0,60.0,2.0
39501,2023-07-04 21:00:00,370.11,204.0,50.0,0.0,0.0,156.0,60.0,2.0
39502,2023-07-04 22:00:00,350.09,181.0,49.0,0.0,0.0,160.0,56.0,2.0
39503,2023-07-04 23:00:00,339.69,178.0,49.0,0.0,0.0,173.0,53.0,2.0
39504,2023-07-05 00:00:00,337.7,180.0,47.0,0.0,0.0,181.0,50.0,2.0
39505,2023-07-05 01:00:00,338.5,180.0,48.0,0.0,3.0,181.0,46.0,2.0
39506,2023-07-05 02:00:00,333.35,180.0,47.0,0.0,16.0,178.0,43.0,2.0
39507,2023-07-05 03:00:00,308.3,179.0,50.0,0.0,42.0,191.0,41.0,2.0
39508,2023-07-05 04:00:00,275.57,190.0,52.0,0.0,107.0,206.0,41.0,2.0
39509,2023-07-05 05:00:00,250.76,216.0,50.0,0.0,204.0,219.0,42.0,2.0
39510,2023-07-05 06:00:00,205.37,182.0,51.0,0.0,264.0,231.0,41.0,2.0
39511,2023-07-05 07:00:00,194.37,178.0,51.0,0.0,293.0,234.0,41.0,2.0
39512,2023-07-05 08:00:00,196.8,179.0,51.0,0.0,300.0,220.0,41.0,2.0
39513,2023-07-05 09:00:00,198.3,179.0,51.0,0.0,278.0,236.0,41.0,2.0
39514,2023-07-05 10:00:00,189.61,176.0,52.0,0.0,282.0,260.0,41.0,2.0
39515,2023-07-05 11:00:00,184.5,172.0,51.0,0.0,298.0,253.0,41.0,2.0
39516,2023-07-05 12:00:00,195.57,178.0,52.0,0.0,286.0,237.0,41.0,2.0
39517,2023-07-05 13:00:00,197.93,174.0,53.0,0.0,286.0,217.0,41.0,2.0
39518,2023-07-05 14:00:00,222.06,174.0,53.0,0.0,244.0,173.0,43.0,2.0
39519,2023-07-05 15:00:00,293.56,214.0,54.0,0.0,174.0,133.0,49.0,2.0
39520,2023-07-05 16:00:00,365.65,219.0,56.0,0.0,84.0,101.0,53.0,2.0
39521,2023-07-05 17:00:00,429.93,219.0,56.0,0.0,31.0,73.0,57.0,2.0
39522,2023-07-05 18:00:00,472.72,221.0,54.0,0.0,12.0,54.0,57.0,2.0
39523,2023-07-05 19:00:00,490.95,218.0,52.0,0.0,2.0,44.0,61.0,2.0
39524,2023-07-05 20:00:00,497.46,207.0,49.0,0.0,0.0,37.0,60.0,2.0
39525,2023-07-05 21:00:00,485.34,201.0,51.0,0.0,0.0,43.0,59.0,2.0
39526,2023-07-05 22:00:00,486.01,174.0,48.0,0.0,0.0,31.0,56.0,2.0
39527,2023-07-05 23:00:00,495.88,172.0,47.0,0.0,0.0,27.0,53.0,2.0
39528,2023-07-06 00:00:00,497.11,172.0,48.0,0.0,0.0,29.0,50.0,2.0
39529,2023-07-06 01:00:00,466.44,172.0,47.0,0.0,4.0,50.0,45.0,2.0
39530,2023-07-06 02:00:00,435.35,172.0,46.0,0.0,21.0,58.0,43.0,2.0
39531,2023-07-06 03:00:00,424.47,212.0,49.0,0.0,53.0,63.0,46.0,2.0
39532,2023-07-06 04:00:00,386.78,215.0,56.0,0.0,106.0,52.0,48.0,2.0
39533,2023-07-06 05:00:00,339.54,220.0,69.0,0.0,179.0,49.0,52.0,2.0
39534,2023-07-06 06:00:00,278.92,201.0,71.0,0.0,262.0,55.0,55.0,2.0
39535,2023-07-06 07:00:00,275.74,211.0,71.0,0.0,284.0,57.0,56.0,2.0
39536,2023-07-06 08:00:00,283.8,209.0,70.0,0.0,265.0,57.0,52.0,2.0
39537,2023-07-06 09:00:00,296.22,216.0,68.0,0.0,249.0,60.0,48.0,2.0
39538,2023-07-06 10:00:00,298.52,199.0,69.0,0.0,217.0,65.0,44.0,2.0
39539,2023-07-06 11:00:00,330.4,224.0,69.0,0.0,185.0,71.0,45.0,2.0
39540,2023-07-06 12:00:00,334.17,193.0,71.0,0.0,148.0,63.0,44.0,2.0
39541,2023-07-06 13:00:00,371.07,210.0,71.0,0.0,121.0,56.0,44.0,2.0
39542,2023-07-06 14:00:00,391.59,203.0,71.0,0.0,90.0,51.0,47.0,2.0
39543,2023-07-06 15:00:00,408.74,199.0,72.0,0.0,69.0,43.0,53.0,2.0
39544,2023-07-06 16:00:00,440.17,209.0,72.0,0.0,42.0,43.0,56.0,2.0
39545,2023-07-06 17:00:00,468.94,212.0,76.0,0.0,18.0,38.0,60.0,2.0
39546,2023-07-06 18:00:00,489.48,208.0,75.0,0.0,8.0,29.0,60.0,2.0
39547,2023-07-06 19:00:00,473.11,206.0,75.0,0.0,1.0,48.0,60.0,2.0
39548,2023-07-06 20:00:00,485.77,210.0,71.0,0.0,0.0,42.0,60.0,2.0
39549,2023-07-06 21:00:00,460.52,196.0,71.0,0.0,0.0,54.0,60.0,2.0
39550,2023-07-06 22:00:00,455.18,192.0,70.0,0.0,0.0,59.0,57.0,2.0
39551,2023-07-06 23:00:00,436.08,164.0,69.0,0.0,0.0,60.0,52.0,2.0
39552,2023-07-07 00:00:00,463.66,165.0,69.0,0.0,0.0,42.0,50.0,2.0
39553,2023-07-07 01:00:00,470.59,166.0,68.0,0.0,2.0,40.0,46.0,2.0
39554,2023-07-07 02:00:00,458.98,166.0,69.0,0.0,13.0,40.0,43.0,2.0
39555,2023-07-07 03:00:00,449.41,184.0,72.0,0.0,39.0,35.0,41.0,2.0
39556,2023-07-07 04:00:00,398.07,186.0,71.0,0.0,96.0,28.0,41.0,2.0
39557,2023-07-07 05:00:00,323.71,190.0,71.0,0.0,187.0,39.0,41.0,1.0
39558,2023-07-07 06:00:00,258.21,176.0,71.0,0.0,281.0,52.0,41.0,1.0
39559,2023-07-07 07:00:00,220.09,165.0,67.0,0.0,341.0,70.0,41.0,1.0
39560,2023-07-07 08:00:00,206.78,171.0,63.0,0.0,375.0,93.0,41.0,1.0
39561,2023-07-07 09:00:00,204.72,170.0,67.0,0.0,375.0,101.0,41.0,1.0
39562,2023-07-07 10:00:00,204.94,172.0,65.0,0.0,381.0,98.0,41.0,1.0
39563,2023-07-07 11:00:00,217.94,177.0,69.0,0.0,377.0,72.0,41.0,1.0
39564,2023-07-07 12:00:00,211.61,171.0,71.0,0.0,382.0,75.0,41.0,1.0
39565,2023-07-07 13:00:00,225.1,173.0,72.0,0.0,339.0,79.0,41.0,1.0
39566,2023-07-07 14:00:00,247.63,175.0,72.0,0.0,278.0,76.0,45.0,1.0
39567,2023-07-07 15:00:00,314.45,191.0,72.0,0.0,175.0,61.0,49.0,2.0
39568,2023-07-07 16:00:00,400.19,211.0,74.0,0.0,81.0,51.0,53.0,2.0
39569,2023-07-07 17:00:00,448.66,217.0,75.0,0.0,32.0,49.0,57.0,2.0
39570,2023-07-07 18:00:00,473.68,218.0,74.0,0.0,11.0,48.0,57.0,2.0
39571,2023-07-07 19:00:00,494.15,224.0,71.0,0.0,1.0,44.0,58.0,2.0
39572,2023-07-07 20:00:00,493.3,207.0,61.0,0.0,0.0,40.0,57.0,2.0
39573,2023-07-07 21:00:00,500.27,213.0,61.0,0.0,0.0,38.0,57.0,2.0
39574,2023-07-07 22:00:00,486.83,176.0,63.0,0.0,0.0,30.0,54.0,2.0
39575,2023-07-07 23:00:00,487.69,169.0,61.0,0.0,0.0,30.0,50.0,2.0
39576,2023-07-08 00:00:00,502.16,170.0,63.0,0.0,0.0,24.0,47.0,2.0
39577,2023-07-08 01:00:00,485.9,170.0,64.0,0.0,2.0,35.0,44.0,2.0
39578,2023-07-08 02:00:00,457.64,170.0,67.0,0.0,13.0,45.0,42.0,2.0
39579,2023-07-08 03:00:00,444.68,169.0,68.0,0.0,33.0,34.0,42.0,2.0
39580,2023-07-08 04:00:00,407.04,169.0,70.0,0.0,72.0,27.0,42.0,2.0
39581,2023-07-08 05:00:00,361.45,177.0,70.0,0.0,126.0,30.0,42.0,2.0
39582,2023-07-08 06:00:00,337.22,197.0,68.0,0.0,182.0,31.0,42.0,2.0
39583,2023-07-08 07:00:00,268.81,173.0,68.0,0.0,258.0,44.0,42.0,2.0
39584,2023-07-08 08:00:00,247.53,174.0,71.0,0.0,305.0,51.0,42.0,2.0
39585,2023-07-08 09:00:00,220.97,172.0,70.0,0.0,362.0,66.0,42.0,2.0
39586,2023-07-08 10:00:00,217.1,172.0,69.0,0.0,364.0,76.0,42.0,2.0
39587,2023-07-08 11:00:00,212.86,176.0,68.0,0.0,372.0,92.0,42.0,2.0
39588,2023-07-08 12:00:00,207.38,169.0,69.0,0.0,359.0,107.0,42.0,2.0
39589,2023-07-08 13:00:00,225.49,170.0,67.0,0.0,296.0,111.0,42.0,2.0
39590,2023-07-08 14:00:00,260.63,185.0,67.0,0.0,233.0,110.0,42.0,2.0
39591,2023-07-08 15:00:00,317.61,179.0,67.0,0.0,140.0,80.0,42.0,2.0
39592,2023-07-08 16:00:00,399.52,193.0,68.0,0.0,67.0,61.0,42.0,2.0
39593,2023-07-08 17:00:00,467.46,214.0,69.0,0.0,31.0,46.0,43.0,2.0
39594,2023-07-08 18:00:00,472.02,200.0,53.0,0.0,11.0,57.0,43.0,2.0
39595,2023-07-08 19:00:00,502.31,215.0,44.0,0.0,2.0,54.0,43.0,2.0
39596,2023-07-08 20:00:00,497.13,215.0,43.0,0.0,0.0,60.0,43.0,2.0
39597,2023-07-08 21:00:00,496.12,215.0,42.0,0.0,0.0,61.0,43.0,2.0
39598,2023-07-08 22:00:00,463.85,172.0,41.0,0.0,0.0,60.0,42.0,2.0
39599,2023-07-08 23:00:00,456.24,168.0,39.0,0.0,0.0,63.0,42.0,2.0
39600,2023-07-09 00:00:00,477.49,192.0,40.0,0.0,0.0,63.0,42.0,2.0
39601,2023-07-09 01:00:00,468.18,186.0,40.0,0.0,2.0,64.0,42.0,2.0
39602,2023-07-09 02:00:00,452.06,164.0,40.0,0.0,12.0,51.0,42.0,2.0
39603,2023-07-09 03:00:00,447.34,171.0,41.0,0.0,31.0,40.0,42.0,2.0
39604,2023-07-09 04:00:00,427.82,193.0,41.0,0.0,65.0,38.0,42.0,2.0
39605,2023-07-09 05:00:00,378.16,192.0,42.0,0.0,119.0,33.0,42.0,2.0
39606,2023-07-09 06:00:00,324.24,188.0,41.0,0.0,181.0,37.0,42.0,2.0
39607,2023-07-09 07:00:00,286.43,201.0,40.0,0.0,250.0,53.0,43.0,2.0
39608,2023-07-09 08:00:00,238.05,176.0,42.0,0.0,298.0,72.0,42.0,2.0
39609,2023-07-09 09:00:00,223.16,178.0,42.0,0.0,327.0,90.0,42.0,2.0
39610,2023-07-09 10:00:00,232.4,185.0,44.0,0.0,313.0,94.0,42.0,2.0
39611,2023-07-09 11:00:00,221.36,166.0,43.0,0.0,288.0,106.0,42.0,2.0
39612,2023-07-09 12:00:00,243.44,184.0,42.0,0.0,266.0,107.0,42.0,2.0
39613,2023-07-09 13:00:00,266.88,194.0,42.0,0.0,231.0,104.0,42.0,2.0
39614,2023-07-09 14:00:00,295.09,198.0,40.0,0.0,184.0,98.0,42.0,2.0
39615,2023-07-09 15:00:00,334.94,198.0,41.0,0.0,132.0,83.0,42.0,2.0
39616,2023-07-09 16:00:00,419.06,219.0,42.0,0.0,67.0,64.0,43.0,2.0
39617,2023-07-09 17:00:00,489.29,223.0,44.0,0.0,29.0,41.0,43.0,2.0
39618,2023-07-09 18:00:00,537.58,223.0,43.0,0.0,10.0,26.0,43.0,2.0
39619,2023-07-09 19:00:00,548.67,217.0,42.0,0.0,1.0,27.0,42.0,2.0
39620,2023-07-09 20:00:00,537.0,203.0,40.0,0.0,0.0,30.0,42.0,2.0
39621,2023-07-09 21:00:00,518.03,176.0,40.0,0.0,0.0,30.0,41.0,2.0
39622,2023-07-09 22:00:00,512.58,164.0,41.0,0.0,0.0,27.0,41.0,2.0
39623,2023-07-09 23:00:00,522.83,169.0,44.0,0.0,0.0,23.0,41.0,2.0
39624,2023-07-10 00:00:00,520.65,168.0,43.0,0.0,0.0,24.0,41.0,2.0
39625,2023-07-10 01:00:00,521.12,167.0,44.0,0.0,2.0,21.0,41.0,2.0
39626,2023-07-10 02:00:00,502.13,167.0,42.0,0.0,15.0,15.0,45.0,2.0
39627,2023-07-10 03:00:00,475.35,190.0,46.0,0.0,40.0,15.0,49.0,2.0
39628,2023-07-10 04:00:00,403.58,197.0,46.0,0.0,108.0,15.0,48.0,2.0
39629,2023-07-10 05:00:00,300.07,190.0,47.0,0.0,230.0,23.0,51.0,2.0
39630,2023-07-10 06:00:00,256.87,198.0,47.0,0.0,328.0,34.0,49.0,2.0
39631,2023-07-10 07:00:00,227.14,189.0,47.0,0.0,386.0,42.0,48.0,2.0
39632,2023-07-10 08:00:00,212.54,175.0,47.0,0.0,402.0,43.0,44.0,2.0
39633,2023-07-10 09:00:00,211.97,170.0,47.0,0.0,391.0,46.0,41.0,2.0
39634,2023-07-10 10:00:00,207.11,171.0,47.0,0.0,405.0,52.0,40.0,2.0
39635,2023-07-10 11:00:00,217.97,185.0,44.0,0.0,400.0,50.0,44.0,2.0
39636,2023-07-10 12:00:00,227.72,184.0,43.0,0.0,370.0,46.0,44.0,2.0
39637,2023-07-10 13:00:00,226.21,174.0,43.0,0.0,355.0,42.0,44.0,2.0
39638,2023-07-10 14:00:00,254.29,177.0,45.0,0.0,291.0,36.0,48.0,2.0
39639,2023-07-10 15:00:00,338.87,215.0,48.0,0.0,189.0,31.0,53.0,2.0
39640,2023-07-10 16:00:00,431.43,221.0,49.0,0.0,83.0,23.0,56.0,2.0
39641,2023-07-10 17:00:00,493.71,221.0,50.0,0.0,30.0,17.0,60.0,2.0
39642,2023-07-10 18:00:00,519.23,224.0,49.0,0.0,11.0,19.0,60.0,2.0
39643,2023-07-10 19:00:00,522.51,224.0,48.0,0.0,2.0,26.0,60.0,2.0
39644,2023-07-10 20:00:00,512.6,224.0,48.0,0.0,0.0,35.0,60.0,2.0
39645,2023-07-10 21:00:00,514.99,218.0,46.0,0.0,0.0,32.0,59.0,2.0
39646,2023-07-10 22:00:00,527.64,217.0,46.0,0.0,0.0,26.0,56.0,2.0
39647,2023-07-10 23:00:00,538.61,205.0,46.0,0.0,0.0,17.0,53.0,2.0
39648,2023-07-11 00:00:00,538.78,185.0,45.0,0.0,0.0,13.0,49.0,2.0
39649,2023-07-11 01:00:00,522.33,175.0,44.0,0.0,2.0,16.0,49.0,2.0
39650,2023-07-11 02:00:00,523.3,210.0,45.0,0.0,16.0,16.0,50.0,2.0
39651,2023-07-11 03:00:00,490.06,210.0,45.0,0.0,42.0,11.0,52.0,2.0
39652,2023-07-11 04:00:00,420.52,219.0,46.0,0.0,108.0,12.0,52.0,2.0
39653,2023-07-11 05:00:00,332.26,223.0,48.0,0.0,226.0,16.0,52.0,2.0
39654,2023-07-11 06:00:00,252.65,200.0,47.0,0.0,354.0,24.0,48.0,2.0
39655,2023-07-11 07:00:00,213.12,178.0,46.0,0.0,421.0,29.0,44.0,2.0
39656,2023-07-11 08:00:00,218.59,187.0,47.0,0.0,422.0,36.0,41.0,2.0
39657,2023-07-11 09:00:00,208.89,168.0,47.0,0.0,401.0,42.0,40.0,2.0
39658,2023-07-11 10:00:00,194.12,158.0,48.0,0.0,416.0,52.0,40.0,2.0
39659,2023-07-11 11:00:00,187.03,156.0,48.0,0.0,422.0,63.0,44.0,2.0
39660,2023-07-11 12:00:00,189.36,159.0,48.0,0.0,413.0,68.0,48.0,2.0
39661,2023-07-11 13:00:00,199.7,158.0,48.0,0.0,376.0,64.0,48.0,2.0
39662,2023-07-11 14:00:00,236.74,167.0,48.0,0.0,295.0,53.0,51.0,2.0
39663,2023-07-11 15:00:00,330.37,211.0,51.0,0.0,186.0,40.0,56.0,2.0
39664,2023-07-11 16:00:00,432.07,229.0,52.0,0.0,83.0,24.0,60.0,2.0
39665,2023-07-11 17:00:00,493.38,227.0,52.0,0.0,32.0,18.0,60.0,2.0
39666,2023-07-11 18:00:00,522.02,228.0,52.0,0.0,11.0,19.0,59.0,2.0
39667,2023-07-11 19:00:00,535.48,224.0,52.0,0.0,1.0,18.0,59.0,2.0
39668,2023-07-11 20:00:00,518.24,198.0,51.0,0.0,0.0,19.0,59.0,2.0
39669,2023-07-11 21:00:00,511.37,176.0,50.0,0.0,0.0,13.0,59.0,2.0
39670,2023-07-11 22:00:00,291.96,31.0,50.0,0.0,0.0,12.0,53.0,2.0
39671,2023-07-11 23:00:00,174.09,0.0,51.0,0.0,0.0,13.0,49.0,2.0
39672,2023-07-12 00:00:00,173.69,0.0,49.0,0.0,0.0,14.0,46.0,2.0
39673,2023-07-12 01:00:00,170.62,0.0,49.0,0.0,2.0,18.0,42.0,2.0
39674,2023-07-12 02:00:00,160.67,0.0,49.0,0.0,14.0,16.0,39.0,2.0
39675,2023-07-12 03:00:00,141.37,0.0,50.0,0.0,37.0,13.0,37.0,2.0
39676,2023-07-12 04:00:00,93.99,0.0,51.0,0.0,109.0,15.0,36.0,2.0
39677,2023-07-12 05:00:00,56.08,0.0,51.0,0.0,242.0,26.0,36.0,2.0
39678,2023-07-12 06:00:00,39.27,0.0,49.0,0.0,370.0,33.0,37.0,2.0
39679,2023-07-12 07:00:00,32.66,0.0,48.0,0.0,453.0,39.0,37.0,2.0
39680,2023-07-12 08:00:00,29.95,0.0,47.0,0.0,489.0,44.0,37.0,2.0
39681,2023-07-12 09:00:00,29.06,0.0,47.0,0.0,504.0,48.0,37.0,2.0
39682,2023-07-12 10:00:00,59.24,29.0,47.0,0.0,516.0,54.0,37.0,2.0
39683,2023-07-12 11:00:00,83.79,53.0,47.0,0.0,508.0,51.0,41.0,2.0
39684,2023-07-12 12:00:00,96.4,63.0,47.0,0.0,492.0,44.0,41.0,2.0
39685,2023-07-12 13:00:00,119.15,78.0,46.0,0.0,443.0,39.0,42.0,2.0
39686,2023-07-12 14:00:00,163.66,99.0,47.0,0.0,343.0,36.0,46.0,2.0
39687,2023-07-12 15:00:00,221.18,102.0,51.0,0.0,209.0,27.0,50.0,2.0
39688,2023-07-12 16:00:00,331.61,111.0,53.0,0.0,84.0,14.0,53.0,2.0
39689,2023-07-12 17:00:00,406.89,115.0,51.0,0.0,29.0,10.0,57.0,2.0
39690,2023-07-12 18:00:00,441.12,115.0,48.0,0.0,10.0,9.0,57.0,2.0
39691,2023-07-12 19:00:00,464.15,119.0,46.0,0.0,1.0,9.0,57.0,2.0
39692,2023-07-12 20:00:00,458.47,117.0,49.0,0.0,0.0,11.0,57.0,2.0
39693,2023-07-12 21:00:00,455.25,116.0,49.0,0.0,0.0,12.0,57.0,2.0
39694,2023-07-12 22:00:00,222.18,14.0,48.0,0.0,0.0,17.0,52.0,2.0
39695,2023-07-12 23:00:00,211.16,12.0,51.0,0.0,0.0,25.0,48.0,2.0
39696,2023-07-13 00:00:00,200.97,12.0,51.0,0.0,0.0,34.0,46.0,2.0
39697,2023-07-13 01:00:00,203.66,13.0,50.0,0.0,3.0,31.0,46.0,2.0
39698,2023-07-13 02:00:00,173.29,13.0,47.0,0.0,16.0,40.0,46.0,2.0
39699,2023-07-13 03:00:00,148.02,13.0,45.0,0.0,39.0,40.0,48.0,2.0
39700,2023-07-13 04:00:00,104.49,13.0,47.0,0.0,127.0,35.0,48.0,2.0
39701,2023-07-13 05:00:00,79.61,13.0,47.0,0.0,217.0,27.0,51.0,2.0
39702,2023-07-13 06:00:00,73.02,20.0,46.0,0.0,315.0,26.0,48.0,2.0
39703,2023-07-13 07:00:00,61.93,17.0,46.0,0.0,363.0,30.0,44.0,2.0
39704,2023-07-13 08:00:00,59.52,14.0,46.0,0.0,343.0,38.0,41.0,2.0
39705,2023-07-13 09:00:00,74.15,20.0,50.0,0.0,322.0,38.0,38.0,2.0
39706,2023-07-13 10:00:00,80.65,20.0,60.0,0.0,307.0,52.0,37.0,2.0
39707,2023-07-13 11:00:00,81.62,25.0,64.0,0.0,357.0,48.0,41.0,2.0
39708,2023-07-13 12:00:00,80.83,23.0,65.0,0.0,323.0,71.0,44.0,2.0
39709,2023-07-13 13:00:00,88.37,20.0,64.0,0.0,246.0,73.0,48.0,2.0
39710,2023-07-13 14:00:00,95.28,21.0,65.0,0.0,223.0,70.0,51.0,2.0
39711,2023-07-13 15:00:00,109.92,19.0,66.0,0.0,164.0,58.0,55.0,2.0
39712,2023-07-13 16:00:00,152.6,21.0,68.0,0.0,80.0,51.0,55.0,2.0
39713,2023-07-13 17:00:00,204.09,23.0,71.0,0.0,30.0,39.0,55.0,2.0
39714,2023-07-13 18:00:00,220.24,24.0,72.0,0.0,10.0,46.0,55.0,2.0
39715,2023-07-13 19:00:00,218.87,24.0,73.0,0.0,1.0,57.0,55.0,2.0
39716,2023-07-13 20:00:00,201.0,24.0,72.0,0.0,0.0,76.0,55.0,2.0
39717,2023-07-13 21:00:00,213.36,24.0,71.0,0.0,0.0,62.0,55.0,2.0
39718,2023-07-13 22:00:00,215.41,23.0,69.0,0.0,0.0,59.0,52.0,2.0
39719,2023-07-13 23:00:00,217.76,22.0,70.0,0.0,0.0,58.0,49.0,2.0
39720,2023-07-14 00:00:00,213.97,20.0,68.0,0.0,0.0,58.0,46.0,2.0
39721,2023-07-14 01:00:00,210.71,20.0,68.0,0.0,2.0,59.0,46.0,2.0
39722,2023-07-14 02:00:00,210.78,23.0,67.0,0.0,16.0,52.0,46.0,2.0
39723,2023-07-14 03:00:00,198.88,24.0,68.0,0.0,40.0,42.0,48.0,2.0
39724,2023-07-14 04:00:00,174.19,24.0,70.0,0.0,84.0,32.0,48.0,2.0
39725,2023-07-14 05:00:00,139.59,23.0,70.0,0.0,146.0,30.0,48.0,2.0
39726,2023-07-14 06:00:00,104.22,24.0,69.0,0.0,255.0,36.0,45.0,2.0
39727,2023-07-14 07:00:00,74.31,21.0,61.0,0.0,363.0,46.0,41.0,2.0
39728,2023-07-14 08:00:00,63.59,25.0,43.0,0.0,395.0,56.0,38.0,1.0
39729,2023-07-14 09:00:00,60.3,23.0,41.0,0.0,387.0,62.0,37.0,1.0
39730,2023-07-14 10:00:00,65.31,25.0,44.0,0.0,396.0,46.0,37.0,1.0
39731,2023-07-14 11:00:00,76.37,29.0,46.0,0.0,363.0,42.0,38.0,1.0
39732,2023-07-14 12:00:00,84.15,28.0,44.0,0.0,309.0,40.0,37.0,2.0
39733,2023-07-14 13:00:00,91.74,28.0,46.0,0.0,277.0,40.0,37.0,2.0
39734,2023-07-14 14:00:00,105.0,27.0,47.0,0.0,220.0,35.0,41.0,2.0
39735,2023-07-14 15:00:00,130.2,28.0,46.0,0.0,146.0,36.0,45.0,2.0
39736,2023-07-14 16:00:00,168.16,28.0,48.0,0.0,83.0,30.0,48.0,2.0
39737,2023-07-14 17:00:00,208.48,28.0,47.0,0.0,37.0,25.0,52.0,2.0
39738,2023-07-14 18:00:00,239.75,28.0,45.0,0.0,11.0,25.0,52.0,2.0
39739,2023-07-14 19:00:00,214.09,28.0,47.0,0.0,1.0,52.0,56.0,2.0
39740,2023-07-14 20:00:00,190.72,22.0,45.0,0.0,0.0,56.0,56.0,2.0
39741,2023-07-14 21:00:00,187.64,22.0,44.0,0.0,0.0,59.0,55.0,2.0
39742,2023-07-14 22:00:00,190.66,22.0,46.0,0.0,0.0,60.0,53.0,2.0
39743,2023-07-14 23:00:00,194.92,22.0,46.0,0.0,0.0,60.0,49.0,2.0
39744,2023-07-15 00:00:00,205.6,23.0,43.0,0.0,0.0,54.0,46.0,2.0
39745,2023-07-15 01:00:00,213.92,23.0,41.0,0.0,1.0,48.0,43.0,2.0
39746,2023-07-15 02:00:00,219.04,23.0,42.0,0.0,12.0,37.0,40.0,2.0
39747,2023-07-15 03:00:00,188.64,21.0,44.0,0.0,38.0,34.0,38.0,2.0
39748,2023-07-15 04:00:00,149.0,20.0,44.0,0.0,91.0,24.0,38.0,2.0
39749,2023-07-15 05:00:00,108.76,22.0,44.0,0.0,186.0,22.0,38.0,2.0
39750,2023-07-15 06:00:00,74.4,22.0,44.0,0.0,322.0,31.0,38.0,2.0
39751,2023-07-15 07:00:00,64.11,25.0,45.0,0.0,427.0,37.0,38.0,2.0
39752,2023-07-15 08:00:00,65.64,28.0,46.0,0.0,442.0,45.0,38.0,2.0
39753,2023-07-15 09:00:00,64.04,25.0,48.0,0.0,429.0,50.0,38.0,2.0
39754,2023-07-15 10:00:00,61.94,25.0,48.0,0.0,436.0,63.0,38.0,2.0
39755,2023-07-15 11:00:00,63.0,25.0,46.0,0.0,419.0,60.0,38.0,2.0
39756,2023-07-15 12:00:00,66.33,26.0,48.0,0.0,405.0,64.0,38.0,2.0
39757,2023-07-15 13:00:00,66.49,25.0,46.0,0.0,385.0,63.0,38.0,2.0
39758,2023-07-15 14:00:00,80.28,25.0,46.0,0.0,290.0,62.0,38.0,2.0
39759,2023-07-15 15:00:00,110.58,26.0,46.0,0.0,185.0,46.0,38.0,2.0
39760,2023-07-15 16:00:00,162.83,25.0,45.0,0.0,84.0,32.0,38.0,2.0
39761,2023-07-15 17:00:00,225.38,25.0,43.0,0.0,31.0,21.0,38.0,2.0
39762,2023-07-15 18:00:00,252.98,24.0,44.0,0.0,11.0,22.0,38.0,2.0
39763,2023-07-15 19:00:00,254.79,24.0,44.0,0.0,1.0,31.0,38.0,2.0
39764,2023-07-15 20:00:00,237.8,24.0,44.0,0.0,1.0,41.0,38.0,2.0
39765,2023-07-15 21:00:00,242.87,25.0,44.0,0.0,0.0,41.0,38.0,2.0
39766,2023-07-15 22:00:00,271.69,25.0,41.0,0.0,0.0,24.0,38.0,2.0
39767,2023-07-15 23:00:00,261.45,26.0,41.0,0.0,0.0,31.0,38.0,2.0
39768,2023-07-16 00:00:00,265.56,25.0,41.0,0.0,0.0,27.0,38.0,2.0
39769,2023-07-16 01:00:00,243.59,25.0,41.0,0.0,1.0,38.0,38.0,2.0
39770,2023-07-16 02:00:00,221.8,26.0,40.0,0.0,12.0,43.0,38.0,2.0
39771,2023-07-16 03:00:00,182.19,26.0,40.0,0.0,37.0,53.0,38.0,2.0
39772,2023-07-16 04:00:00,128.46,23.0,42.0,0.0,105.0,56.0,38.0,2.0
39773,2023-07-16 05:00:00,86.87,22.0,42.0,0.0,219.0,56.0,38.0,1.0
39774,2023-07-16 06:00:00,76.32,24.0,43.0,0.0,307.0,54.0,26.0,1.0
39775,2023-07-16 07:00:00,70.03,25.0,44.0,0.0,357.0,65.0,20.0,1.0
39776,2023-07-16 08:00:00,65.5,26.0,44.0,0.0,375.0,93.0,20.0,1.0
39777,2023-07-16 09:00:00,61.96,26.0,43.0,0.0,388.0,107.0,20.0,1.0
39778,2023-07-16 10:00:00,62.45,25.0,46.0,0.0,378.0,116.0,20.0,1.0
39779,2023-07-16 11:00:00,68.27,26.0,48.0,0.0,350.0,113.0,20.0,1.0
39780,2023-07-16 12:00:00,71.66,25.0,48.0,0.0,306.0,121.0,20.0,1.0
39781,2023-07-16 13:00:00,86.17,25.0,47.0,0.0,236.0,100.0,20.0,1.0
39782,2023-07-16 14:00:00,108.82,24.0,47.0,0.0,160.0,74.0,31.0,2.0
39783,2023-07-16 15:00:00,136.65,25.0,46.0,0.0,115.0,46.0,38.0,2.0
39784,2023-07-16 16:00:00,170.37,25.0,45.0,0.0,61.0,42.0,41.0,2.0
39785,2023-07-16 17:00:00,209.53,24.0,45.0,0.0,19.0,37.0,45.0,2.0
39786,2023-07-16 18:00:00,208.3,25.0,48.0,0.0,4.0,55.0,48.0,2.0
39787,2023-07-16 19:00:00,190.45,25.0,49.0,0.0,1.0,72.0,52.0,2.0
39788,2023-07-16 20:00:00,186.73,25.0,49.0,0.0,0.0,77.0,52.0,2.0
39789,2023-07-16 21:00:00,207.66,26.0,49.0,0.0,0.0,59.0,52.0,2.0
39790,2023-07-16 22:00:00,203.25,27.0,48.0,0.0,0.0,68.0,49.0,2.0
39791,2023-07-16 23:00:00,210.58,27.0,49.0,0.0,0.0,65.0,46.0,2.0
39792,2023-07-17 00:00:00,236.9,27.0,49.0,0.0,0.0,46.0,44.0,2.0
39793,2023-07-17 01:00:00,246.44,27.0,48.0,0.0,0.0,43.0,40.0,2.0
39794,2023-07-17 02:00:00,235.09,27.0,45.0,0.0,8.0,40.0,41.0,2.0
39795,2023-07-17 03:00:00,204.92,27.0,45.0,0.0,37.0,35.0,41.0,2.0
39796,2023-07-17 04:00:00,156.64,27.0,46.0,0.0,97.0,34.0,41.0,2.0
39797,2023-07-17 05:00:00,110.43,27.0,45.0,0.0,191.0,41.0,41.0,2.0
39798,2023-07-17 06:00:00,73.59,22.0,43.0,0.0,289.0,66.0,37.0,2.0
39799,2023-07-17 07:00:00,55.37,19.0,46.0,0.0,388.0,97.0,37.0,2.0
39800,2023-07-17 08:00:00,59.0,27.0,47.0,0.0,437.0,112.0,37.0,2.0
39801,2023-07-17 09:00:00,59.14,27.0,49.0,0.0,420.0,138.0,37.0,2.0
39802,2023-07-17 10:00:00,59.07,27.0,46.0,0.0,397.0,146.0,37.0,2.0
39803,2023-07-17 11:00:00,61.51,27.0,47.0,0.0,392.0,130.0,37.0,2.0
39804,2023-07-17 12:00:00,67.4,27.0,46.0,0.0,373.0,88.0,38.0,2.0
39805,2023-07-17 13:00:00,70.38,27.0,47.0,0.0,336.0,106.0,37.0,2.0
39806,2023-07-17 14:00:00,79.55,27.0,47.0,0.0,265.0,109.0,41.0,2.0
39807,2023-07-17 15:00:00,100.57,28.0,50.0,0.0,169.0,113.0,45.0,2.0
39808,2023-07-17 16:00:00,135.2,28.0,49.0,0.0,79.0,94.0,48.0,2.0
39809,2023-07-17 17:00:00,169.14,26.0,50.0,0.0,30.0,73.0,52.0,2.0
39810,2023-07-17 18:00:00,197.03,27.0,49.0,0.0,9.0,63.0,52.0,2.0
39811,2023-07-17 19:00:00,195.3,28.0,46.0,0.0,1.0,73.0,52.0,2.0
39812,2023-07-17 20:00:00,188.82,29.0,45.0,0.0,0.0,83.0,52.0,2.0
39813,2023-07-17 21:00:00,174.98,27.0,45.0,0.0,0.0,94.0,51.0,2.0
39814,2023-07-17 22:00:00,182.5,27.0,46.0,0.0,0.0,87.0,50.0,2.0
39815,2023-07-17 23:00:00,186.1,28.0,45.0,0.0,0.0,89.0,46.0,2.0
39816,2023-07-18 00:00:00,197.5,28.0,44.0,0.0,0.0,79.0,43.0,2.0
39817,2023-07-18 01:00:00,209.94,27.0,43.0,0.0,1.0,66.0,40.0,2.0
39818,2023-07-18 02:00:00,218.1,27.0,44.0,0.0,11.0,52.0,38.0,2.0
39819,2023-07-18 03:00:00,212.28,27.0,47.0,0.0,34.0,34.0,40.0,2.0
39820,2023-07-18 04:00:00,181.64,27.0,46.0,0.0,71.0,26.0,41.0,2.0
39821,2023-07-18 05:00:00,131.7,26.0,46.0,0.0,138.0,35.0,41.0,2.0
39822,2023-07-18 06:00:00,88.95,21.0,48.0,0.0,225.0,55.0,41.0,2.0
39823,2023-07-18 07:00:00,79.49,21.0,47.0,0.0,260.0,63.0,41.0,2.0
39824,2023-07-18 08:00:00,83.46,27.0,47.0,0.0,287.0,68.0,37.0,2.0
39825,2023-07-18 09:00:00,81.12,28.0,49.0,0.0,299.0,85.0,37.0,2.0
39826,2023-07-18 10:00:00,72.56,26.0,48.0,0.0,293.0,120.0,37.0,1.0
39827,2023-07-18 11:00:00,62.34,25.0,47.0,0.0,331.0,152.0,37.0,1.0
39828,2023-07-18 12:00:00,61.85,25.0,47.0,0.0,329.0,167.0,37.0,2.0
39829,2023-07-18 13:00:00,64.53,25.0,46.0,0.0,304.0,162.0,37.0,2.0
39830,2023-07-18 14:00:00,72.94,24.0,44.0,0.0,231.0,151.0,37.0,2.0
39831,2023-07-18 15:00:00,94.34,25.0,46.0,0.0,150.0,130.0,41.0,2.0
39832,2023-07-18 16:00:00,119.97,25.0,48.0,0.0,74.0,122.0,45.0,2.0
39833,2023-07-18 17:00:00,145.81,25.0,48.0,0.0,32.0,105.0,48.0,2.0
39834,2023-07-18 18:00:00,166.52,25.0,45.0,0.0,9.0,96.0,44.0,2.0
39835,2023-07-18 19:00:00,178.7,25.0,46.0,0.0,1.0,90.0,44.0,2.0
39836,2023-07-18 20:00:00,167.11,25.0,44.0,0.0,0.0,103.0,44.0,2.0
39837,2023-07-18 21:00:00,157.34,24.0,42.0,0.0,0.0,110.0,44.0,2.0
39838,2023-07-18 22:00:00,166.51,24.0,43.0,0.0,0.0,101.0,42.0,2.0
39839,2023-07-18 23:00:00,172.07,24.0,42.0,0.0,0.0,97.0,38.0,2.0
39840,2023-07-19 00:00:00,179.95,23.0,44.0,0.0,0.0,87.0,38.0,2.0
39841,2023-07-19 01:00:00,176.84,25.0,44.0,0.0,1.0,93.0,41.0,2.0
39842,2023-07-19 02:00:00,183.1,25.0,46.0,0.0,12.0,73.0,45.0,2.0
39843,2023-07-19 03:00:00,181.41,26.0,44.0,0.0,38.0,47.0,48.0,2.0
39844,2023-07-19 04:00:00,143.59,26.0,44.0,0.0,98.0,39.0,50.0,2.0
39845,2023-07-19 05:00:00,104.17,26.0,44.0,0.0,184.0,52.0,49.0,2.0
39846,2023-07-19 06:00:00,86.84,24.0,45.0,0.0,242.0,56.0,46.0,2.0
39847,2023-07-19 07:00:00,78.51,25.0,44.0,0.0,278.0,73.0,42.0,2.0
39848,2023-07-19 08:00:00,70.58,25.0,44.0,0.0,317.0,83.0,38.0,1.0
39849,2023-07-19 09:00:00,66.1,26.0,43.0,0.0,353.0,95.0,38.0,2.0
39850,2023-07-19 10:00:00,63.25,25.0,44.0,0.0,360.0,107.0,38.0,2.0
39851,2023-07-19 11:00:00,64.34,25.0,45.0,0.0,343.0,111.0,38.0,1.0
39852,2023-07-19 12:00:00,65.23,25.0,46.0,0.0,342.0,109.0,38.0,1.0
39853,2023-07-19 13:00:00,70.03,25.0,44.0,0.0,312.0,92.0,38.0,1.0
39854,2023-07-19 14:00:00,80.05,26.0,45.0,0.0,265.0,83.0,42.0,1.0
39855,2023-07-19 15:00:00,103.19,26.0,46.0,0.0,172.0,71.0,46.0,1.0
39856,2023-07-19 16:00:00,144.06,26.0,49.0,0.0,78.0,67.0,49.0,2.0
39857,2023-07-19 17:00:00,179.03,26.0,48.0,0.0,29.0,58.0,53.0,2.0
39858,2023-07-19 18:00:00,197.42,26.0,47.0,0.0,9.0,57.0,53.0,2.0
39859,2023-07-19 19:00:00,206.14,26.0,46.0,0.0,1.0,52.0,57.0,2.0
39860,2023-07-19 20:00:00,209.29,26.0,47.0,0.0,0.0,51.0,57.0,2.0
39861,2023-07-19 21:00:00,203.03,26.0,45.0,0.0,0.0,56.0,56.0,2.0
39862,2023-07-19 22:00:00,192.62,26.0,45.0,0.0,0.0,65.0,57.0,2.0
39863,2023-07-19 23:00:00,202.31,26.0,43.0,0.0,0.0,59.0,52.0,2.0
39864,2023-07-20 00:00:00,212.78,26.0,47.0,0.0,0.0,53.0,52.0,2.0
39865,2023-07-20 01:00:00,201.03,26.0,44.0,0.0,1.0,59.0,53.0,2.0
39866,2023-07-20 02:00:00,188.78,26.0,44.0,0.0,12.0,60.0,53.0,2.0
39867,2023-07-20 03:00:00,185.12,27.0,44.0,0.0,37.0,42.0,53.0,2.0
39868,2023-07-20 04:00:00,153.2,26.0,47.0,0.0,92.0,30.0,53.0,2.0
39869,2023-07-20 05:00:00,98.41,24.0,46.0,0.0,205.0,40.0,53.0,2.0
39870,2023-07-20 06:00:00,77.54,24.0,44.0,0.0,286.0,55.0,49.0,2.0
39871,2023-07-20 07:00:00,71.43,24.0,42.0,0.0,310.0,65.0,46.0,2.0
39872,2023-07-20 08:00:00,71.08,26.0,43.0,0.0,320.0,85.0,42.0,2.0
39873,2023-07-20 09:00:00,71.1,25.0,42.0,0.0,312.0,83.0,38.0,2.0
39874,2023-07-20 10:00:00,65.49,24.0,43.0,0.0,336.0,96.0,38.0,2.0
39875,2023-07-20 11:00:00,64.43,26.0,45.0,0.0,364.0,108.0,38.0,2.0
39876,2023-07-20 12:00:00,68.63,25.0,47.0,0.0,336.0,99.0,38.0,2.0
39877,2023-07-20 13:00:00,70.6,24.0,47.0,0.0,314.0,96.0,38.0,2.0
39878,2023-07-20 14:00:00,78.01,25.0,44.0,0.0,266.0,88.0,42.0,2.0
39879,2023-07-20 15:00:00,97.41,25.0,44.0,0.0,178.0,79.0,46.0,2.0
39880,2023-07-20 16:00:00,131.7,26.0,46.0,0.0,78.0,87.0,49.0,2.0
39881,2023-07-20 17:00:00,164.83,25.0,48.0,0.0,27.0,75.0,53.0,2.0
39882,2023-07-20 18:00:00,186.83,26.0,47.0,0.0,9.0,68.0,53.0,2.0
39883,2023-07-20 19:00:00,188.7,27.0,47.0,0.0,1.0,73.0,57.0,2.0
39884,2023-07-20 20:00:00,188.73,27.0,46.0,0.0,0.0,74.0,56.0,2.0
39885,2023-07-20 21:00:00,171.62,24.0,45.0,0.0,0.0,74.0,65.0,2.0
39886,2023-07-20 22:00:00,170.14,24.0,46.0,0.0,0.0,74.0,68.0,2.0
39887,2023-07-20 23:00:00,168.32,23.0,47.0,0.0,0.0,78.0,64.0,2.0
39888,2023-07-21 00:00:00,169.83,24.0,46.0,0.0,0.0,79.0,61.0,1.0
39889,2023-07-21 01:00:00,188.56,25.0,48.0,0.0,1.0,66.0,57.0,1.0
39890,2023-07-21 02:00:00,183.01,25.0,48.0,0.0,10.0,62.0,58.0,1.0
39891,2023-07-21 03:00:00,176.02,25.0,47.0,0.0,34.0,47.0,56.0,1.0
39892,2023-07-21 04:00:00,144.22,25.0,50.0,0.0,98.0,33.0,57.0,1.0
39893,2023-07-21 05:00:00,93.73,23.0,50.0,0.0,222.0,37.0,57.0,1.0
39894,2023-07-21 06:00:00,77.3,25.0,48.0,0.0,308.0,48.0,53.0,1.0
39895,2023-07-21 07:00:00,71.72,24.0,48.0,0.0,327.0,58.0,52.0,1.0
39896,2023-07-21 08:00:00,69.14,25.0,48.0,0.0,329.0,84.0,53.0,1.0
39897,2023-07-21 09:00:00,67.09,25.0,47.0,0.0,349.0,76.0,53.0,1.0
39898,2023-07-21 10:00:00,63.98,23.0,47.0,0.0,354.0,76.0,53.0,1.0
39899,2023-07-21 11:00:00,63.62,25.0,47.0,0.0,342.0,109.0,57.0,1.0
39900,2023-07-21 12:00:00,63.73,25.0,47.0,0.0,341.0,104.0,62.0,1.0
39901,2023-07-21 13:00:00,66.13,25.0,47.0,0.0,309.0,112.0,65.0,1.0
39902,2023-07-21 14:00:00,75.38,24.0,50.0,0.0,258.0,93.0,69.0,1.0
39903,2023-07-21 15:00:00,91.03,24.0,51.0,0.0,172.0,94.0,72.0,1.0
39904,2023-07-21 16:00:00,117.97,23.0,51.0,0.0,77.0,88.0,73.0,1.0
39905,2023-07-21 17:00:00,139.57,24.0,51.0,0.0,29.0,92.0,73.0,1.0
39906,2023-07-21 18:00:00,139.06,24.0,51.0,0.0,8.0,113.0,74.0,1.0
39907,2023-07-21 19:00:00,135.45,22.0,51.0,0.0,1.0,119.0,73.0,1.0
39908,2023-07-21 20:00:00,134.11,24.0,51.0,0.0,0.0,132.0,73.0,1.0
39909,2023-07-21 21:00:00,144.46,25.0,49.0,0.0,0.0,112.0,74.0,1.0
39910,2023-07-21 22:00:00,155.81,25.0,49.0,0.0,0.0,93.0,74.0,1.0
39911,2023-07-21 23:00:00,161.82,25.0,49.0,0.0,0.0,90.0,68.0,1.0
39912,2023-07-22 00:00:00,163.56,25.0,47.0,0.0,0.0,88.0,65.0,1.0
39913,2023-07-22 01:00:00,169.93,26.0,47.0,0.0,1.0,84.0,63.0,1.0
39914,2023-07-22 02:00:00,165.11,26.0,45.0,0.0,10.0,83.0,59.0,1.0
39915,2023-07-22 03:00:00,156.39,25.0,46.0,0.0,35.0,72.0,55.0,1.0
39916,2023-07-22 04:00:00,128.86,25.0,46.0,0.0,99.0,58.0,55.0,1.0
39917,2023-07-22 05:00:00,88.48,24.0,46.0,0.0,217.0,61.0,56.0,1.0
39918,2023-07-22 06:00:00,72.25,26.0,46.0,0.0,309.0,79.0,56.0,1.0
39919,2023-07-22 07:00:00,65.27,25.0,45.0,0.0,340.0,89.0,55.0,1.0
39920,2023-07-22 08:00:00,64.95,24.0,45.0,0.0,344.0,76.0,56.0,1.0
39921,2023-07-22 09:00:00,65.81,26.0,45.0,0.0,362.0,72.0,56.0,1.0
39922,2023-07-22 10:00:00,63.54,28.0,45.0,0.0,385.0,91.0,56.0,1.0
39923,2023-07-22 11:00:00,66.28,26.0,45.0,0.0,362.0,68.0,56.0,1.0
39924,2023-07-22 12:00:00,67.27,25.0,46.0,0.0,345.0,71.0,56.0,1.0
39925,2023-07-22 13:00:00,75.01,26.0,46.0,0.0,314.0,55.0,56.0,1.0
39926,2023-07-22 14:00:00,87.67,27.0,47.0,0.0,252.0,56.0,56.0,1.0
39927,2023-07-22 15:00:00,108.72,25.0,47.0,0.0,159.0,52.0,56.0,1.0
39928,2023-07-22 16:00:00,155.56,25.0,48.0,0.0,74.0,33.0,59.0,1.0
39929,2023-07-22 17:00:00,194.36,26.0,48.0,0.0,29.0,29.0,63.0,1.0
39930,2023-07-22 18:00:00,210.03,27.0,48.0,0.0,9.0,32.0,68.0,1.0
39931,2023-07-22 19:00:00,214.67,27.0,48.0,0.0,1.0,34.0,70.0,1.0
39932,2023-07-22 20:00:00,211.46,27.0,47.0,0.0,0.0,37.0,70.0,1.0
39933,2023-07-22 21:00:00,209.86,26.0,46.0,0.0,0.0,36.0,69.0,1.0
39934,2023-07-22 22:00:00,207.14,24.0,46.0,0.0,0.0,34.0,68.0,1.0
39935,2023-07-22 23:00:00,199.57,24.0,43.0,0.0,0.0,38.0,68.0,1.0
39936,2023-07-23 00:00:00,196.19,24.0,43.0,0.0,0.0,41.0,68.0,1.0
39937,2023-07-23 01:00:00,189.66,25.0,45.0,0.0,1.0,51.0,68.0,1.0
39938,2023-07-23 02:00:00,184.82,25.0,46.0,0.0,8.0,50.0,68.0,1.0
39939,2023-07-23 03:00:00,173.74,26.0,46.0,0.0,29.0,45.0,68.0,1.0
39940,2023-07-23 04:00:00,146.66,25.0,45.0,0.0,75.0,33.0,68.0,1.0
39941,2023-07-23 05:00:00,102.81,20.0,46.0,0.0,153.0,31.0,68.0,1.0
39942,2023-07-23 06:00:00,78.52,19.0,46.0,0.0,236.0,38.0,68.0,1.0
39943,2023-07-23 07:00:00,72.32,25.0,46.0,0.0,318.0,47.0,69.0,1.0
39944,2023-07-23 08:00:00,67.77,25.0,46.0,0.0,342.0,58.0,68.0,1.0
39945,2023-07-23 09:00:00,70.72,26.0,45.0,0.0,339.0,46.0,66.0,1.0
39946,2023-07-23 10:00:00,72.96,26.0,46.0,0.0,335.0,47.0,57.0,1.0
39947,2023-07-23 11:00:00,74.39,30.0,46.0,0.0,362.0,49.0,55.0,1.0
39948,2023-07-23 12:00:00,82.57,29.0,46.0,0.0,292.0,56.0,56.0,1.0
39949,2023-07-23 13:00:00,97.33,25.0,46.0,0.0,200.0,48.0,56.0,1.0
39950,2023-07-23 14:00:00,113.47,25.0,44.0,0.0,144.0,46.0,56.0,1.0
39951,2023-07-23 15:00:00,139.91,26.0,46.0,0.0,93.0,45.0,56.0,1.0
39952,2023-07-23 16:00:00,162.13,25.0,47.0,0.0,59.0,37.0,59.0,1.0
39953,2023-07-23 17:00:00,179.87,23.0,46.0,0.0,30.0,32.0,63.0,1.0
39954,2023-07-23 18:00:00,206.08,23.0,47.0,0.0,8.0,27.0,66.0,1.0
39955,2023-07-23 19:00:00,197.07,22.0,47.0,0.0,1.0,36.0,69.0,1.0
39956,2023-07-23 20:00:00,189.58,21.0,46.0,0.0,0.0,40.0,69.0,1.0
39957,2023-07-23 21:00:00,183.34,21.0,45.0,0.0,0.0,46.0,68.0,1.0
39958,2023-07-23 22:00:00,185.39,21.0,46.0,0.0,0.0,44.0,69.0,1.0
39959,2023-07-23 23:00:00,190.67,20.0,46.0,0.0,0.0,39.0,66.0,1.0
39960,2023-07-24 00:00:00,192.84,21.0,46.0,0.0,0.0,43.0,63.0,1.0
39961,2023-07-24 01:00:00,211.62,23.0,45.0,0.0,1.0,34.0,60.0,1.0
39962,2023-07-24 02:00:00,206.72,22.0,46.0,0.0,9.0,32.0,56.0,1.0
39963,2023-07-24 03:00:00,185.59,23.0,44.0,0.0,34.0,26.0,57.0,1.0
39964,2023-07-24 04:00:00,147.39,23.0,48.0,0.0,90.0,21.0,60.0,1.0
39965,2023-07-24 05:00:00,103.28,22.0,49.0,0.0,189.0,25.0,57.0,1.0
39966,2023-07-24 06:00:00,78.48,21.0,48.0,0.0,282.0,33.0,52.0,1.0
39967,2023-07-24 07:00:00,73.79,25.0,49.0,0.0,345.0,39.0,52.0,1.0
39968,2023-07-24 08:00:00,68.57,26.0,49.0,0.0,392.0,44.0,49.0,1.0
39969,2023-07-24 09:00:00,66.79,25.0,48.0,0.0,396.0,44.0,45.0,1.0
39970,2023-07-24 10:00:00,60.74,21.0,41.0,0.0,377.0,41.0,41.0,1.0
39971,2023-07-24 11:00:00,62.67,22.0,41.0,0.0,370.0,43.0,41.0,1.0
39972,2023-07-24 12:00:00,62.17,21.0,41.0,0.0,361.0,41.0,45.0,1.0
39973,2023-07-24 13:00:00,67.71,20.0,41.0,0.0,310.0,37.0,48.0,1.0
39974,2023-07-24 14:00:00,152.49,69.0,43.0,0.0,253.0,33.0,53.0,1.0
39975,2023-07-24 15:00:00,251.9,119.0,42.0,0.0,175.0,28.0,58.0,1.0
39976,2023-07-24 16:00:00,351.48,130.0,43.0,0.0,78.0,18.0,58.0,1.0
39977,2023-07-24 17:00:00,428.79,130.0,42.0,0.0,26.0,11.0,58.0,1.0
39978,2023-07-24 18:00:00,464.26,132.0,41.0,0.0,6.0,11.0,59.0,1.0
39979,2023-07-24 19:00:00,472.14,131.0,42.0,0.0,1.0,11.0,59.0,1.0
39980,2023-07-24 20:00:00,457.29,122.0,42.0,0.0,0.0,14.0,59.0,1.0
39981,2023-07-24 21:00:00,369.04,73.0,40.0,0.0,0.0,20.0,58.0,1.0
39982,2023-07-24 22:00:00,365.38,74.0,40.0,0.0,0.0,27.0,54.0,1.0
39983,2023-07-24 23:00:00,371.06,74.0,40.0,0.0,0.0,27.0,51.0,1.0
39984,2023-07-25 00:00:00,385.05,75.0,39.0,0.0,0.0,24.0,48.0,1.0
39985,2023-07-25 01:00:00,376.99,75.0,39.0,0.0,1.0,27.0,48.0,1.0
39986,2023-07-25 02:00:00,394.61,94.0,40.0,0.0,10.0,26.0,49.0,1.0
39987,2023-07-25 03:00:00,373.13,103.0,40.0,0.0,38.0,18.0,51.0,1.0
39988,2023-07-25 04:00:00,307.27,103.0,41.0,0.0,88.0,19.0,54.0,1.0
39989,2023-07-25 05:00:00,198.83,75.0,40.0,0.0,167.0,24.0,57.0,1.0
39990,2023-07-25 06:00:00,183.55,80.0,40.0,0.0,204.0,33.0,57.0,1.0
39991,2023-07-25 07:00:00,177.7,74.0,40.0,0.0,194.0,40.0,54.0,1.0
39992,2023-07-25 08:00:00,189.96,75.0,40.0,0.0,170.0,44.0,51.0,1.0
39993,2023-07-25 09:00:00,218.97,76.0,40.0,0.0,132.0,38.0,47.0,1.0
39994,2023-07-25 10:00:00,236.58,76.0,38.0,0.0,109.0,39.0,43.0,1.0
39995,2023-07-25 11:00:00,271.14,76.0,38.0,0.0,83.0,26.0,43.0,1.0
39996,2023-07-25 12:00:00,254.02,76.0,38.0,0.0,101.0,23.0,46.0,1.0
39997,2023-07-25 13:00:00,249.64,76.0,38.0,0.0,102.0,23.0,50.0,1.0
39998,2023-07-25 14:00:00,247.02,75.0,38.0,0.0,96.0,26.0,54.0,1.0
39999,2023-07-25 15:00:00,278.36,80.0,38.0,0.0,74.0,21.0,57.0,1.0
40000,2023-07-25 16:00:00,328.3,93.0,39.0,0.0,42.0,28.0,58.0,1.0
40001,2023-07-25 17:00:00,342.05,90.0,41.0,0.0,18.0,38.0,58.0,1.0
40002,2023-07-25 18:00:00,427.44,132.0,45.0,0.0,4.0,34.0,59.0,1.0
40003,2023-07-25 19:00:00,433.35,133.0,45.0,0.0,1.0,34.0,59.0,1.0
40004,2023-07-25 20:00:00,380.59,92.0,44.0,0.0,0.0,33.0,58.0,1.0
40005,2023-07-25 21:00:00,350.49,76.0,46.0,0.0,0.0,35.0,57.0,1.0
40006,2023-07-25 22:00:00,376.74,74.0,45.0,0.0,0.0,21.0,54.0,1.0
40007,2023-07-25 23:00:00,394.71,74.0,47.0,0.0,0.0,16.0,50.0,1.0
40008,2023-07-26 00:00:00,405.86,72.0,48.0,0.0,0.0,12.0,47.0,1.0
40009,2023-07-26 01:00:00,418.69,74.0,49.0,0.0,0.0,8.0,47.0,1.0
40010,2023-07-26 02:00:00,405.3,74.0,48.0,0.0,5.0,8.0,48.0,1.0
40011,2023-07-26 03:00:00,358.59,74.0,49.0,0.0,22.0,13.0,50.0,1.0
40012,2023-07-26 04:00:00,300.34,73.0,49.0,0.0,52.0,18.0,54.0,1.0
40013,2023-07-26 05:00:00,243.87,84.0,50.0,0.0,121.0,26.0,58.0,1.0
40014,2023-07-26 06:00:00,181.52,74.0,52.0,0.0,194.0,41.0,57.0,1.0
40015,2023-07-26 07:00:00,153.89,71.0,51.0,0.0,253.0,44.0,57.0,1.0
40016,2023-07-26 08:00:00,150.9,74.0,52.0,0.0,272.0,48.0,57.0,1.0
40017,2023-07-26 09:00:00,146.42,72.0,50.0,0.0,285.0,39.0,57.0,1.0
40018,2023-07-26 10:00:00,169.66,95.0,50.0,0.0,290.0,44.0,58.0,1.0
40019,2023-07-26 11:00:00,167.03,96.0,50.0,0.0,289.0,57.0,58.0,1.0
40020,2023-07-26 12:00:00,152.06,81.0,47.0,0.0,272.0,63.0,59.0,1.0
40021,2023-07-26 13:00:00,134.65,63.0,51.0,0.0,249.0,68.0,68.0,1.0
40022,2023-07-26 14:00:00,132.08,57.0,52.0,0.0,200.0,94.0,74.0,1.0
40023,2023-07-26 15:00:00,239.29,123.0,53.0,0.0,131.0,91.0,76.0,1.0
40024,2023-07-26 16:00:00,295.15,125.0,52.0,0.0,61.0,74.0,76.0,1.0
40025,2023-07-26 17:00:00,292.16,88.0,53.0,0.0,22.0,59.0,75.0,1.0
40026,2023-07-26 18:00:00,367.77,122.0,53.0,0.0,4.0,51.0,76.0,1.0
40027,2023-07-26 19:00:00,345.64,109.0,52.0,0.0,0.0,60.0,75.0,1.0
40028,2023-07-26 20:00:00,276.56,74.0,52.0,0.0,0.0,74.0,74.0,1.0
40029,2023-07-26 21:00:00,268.42,73.0,48.0,0.0,0.0,79.0,74.0,1.0
40030,2023-07-26 22:00:00,293.61,80.0,46.0,0.0,0.0,69.0,71.0,1.0
40031,2023-07-26 23:00:00,322.97,86.0,47.0,0.0,0.0,56.0,68.0,1.0
40032,2023-07-27 00:00:00,361.14,108.0,46.0,0.0,0.0,52.0,69.0,1.0
40033,2023-07-27 01:00:00,377.73,118.0,46.0,0.0,1.0,49.0,69.0,1.0
40034,2023-07-27 02:00:00,351.74,106.0,45.0,0.0,10.0,46.0,70.0,1.0
40035,2023-07-27 03:00:00,295.09,91.0,46.0,0.0,40.0,47.0,69.0,1.0
40036,2023-07-27 04:00:00,271.48,97.0,45.0,0.0,85.0,36.0,71.0,1.0
40037,2023-07-27 05:00:00,251.38,109.0,47.0,0.0,146.0,27.0,71.0,1.0
40038,2023-07-27 06:00:00,180.42,87.0,46.0,0.0,232.0,29.0,69.0,1.0
40039,2023-07-27 07:00:00,171.7,94.0,49.0,0.0,288.0,32.0,61.0,1.0
40040,2023-07-27 08:00:00,158.43,94.0,49.0,0.0,330.0,35.0,60.0,1.0
40041,2023-07-27 09:00:00,149.32,86.0,49.0,0.0,325.0,37.0,65.0,1.0
40042,2023-07-27 10:00:00,127.49,70.0,49.0,0.0,339.0,37.0,68.0,1.0
40043,2023-07-27 11:00:00,123.45,67.0,48.0,0.0,339.0,38.0,68.0,1.0
40044,2023-07-27 12:00:00,126.84,66.0,48.0,0.0,319.0,38.0,68.0,1.0
40045,2023-07-27 13:00:00,152.79,77.0,48.0,0.0,275.0,33.0,69.0,1.0
40046,2023-07-27 14:00:00,210.06,97.0,49.0,0.0,193.0,31.0,69.0,1.0
40047,2023-07-27 15:00:00,234.34,83.0,49.0,0.0,128.0,20.0,68.0,1.0
40048,2023-07-27 16:00:00,285.6,82.0,50.0,0.0,67.0,15.0,70.0,1.0
40049,2023-07-27 17:00:00,386.78,122.0,51.0,0.0,29.0,13.0,74.0,1.0
40050,2023-07-27 18:00:00,423.35,126.0,52.0,0.0,6.0,12.0,76.0,1.0
40051,2023-07-27 19:00:00,429.22,124.0,50.0,0.0,1.0,12.0,76.0,1.0
40052,2023-07-27 20:00:00,388.41,96.0,49.0,0.0,0.0,15.0,75.0,1.0
40053,2023-07-27 21:00:00,350.95,71.0,48.0,0.0,0.0,12.0,74.0,1.0
40054,2023-07-27 22:00:00,352.3,70.0,47.0,0.0,0.0,13.0,71.0,1.0
40055,2023-07-27 23:00:00,345.46,70.0,47.0,0.0,0.0,21.0,67.0,1.0
40056,2023-07-28 00:00:00,337.68,71.0,47.0,0.0,0.0,26.0,68.0,1.0
40057,2023-07-28 01:00:00,340.6,71.0,45.0,0.0,0.0,24.0,68.0,1.0
40058,2023-07-28 02:00:00,327.41,72.0,47.0,0.0,4.0,29.0,69.0,1.0
40059,2023-07-28 03:00:00,303.84,72.0,46.0,0.0,19.0,29.0,71.0,1.0
40060,2023-07-28 04:00:00,253.25,68.0,47.0,0.0,57.0,31.0,71.0,1.0
40061,2023-07-28 05:00:00,207.54,72.0,48.0,0.0,138.0,35.0,58.0,1.0
40062,2023-07-28 06:00:00,168.84,83.0,47.0,0.0,243.0,51.0,55.0,1.0
40063,2023-07-28 07:00:00,137.82,81.0,47.0,0.0,324.0,59.0,65.0,1.0
40064,2023-07-28 08:00:00,113.44,67.0,46.0,0.0,352.0,67.0,71.0,1.0
40065,2023-07-28 09:00:00,117.11,73.0,46.0,0.0,368.0,65.0,71.0,1.0
40066,2023-07-28 10:00:00,116.01,71.0,47.0,0.0,359.0,72.0,70.0,1.0
40067,2023-07-28 11:00:00,116.76,69.0,47.0,0.0,349.0,66.0,71.0,1.0
40068,2023-07-28 12:00:00,129.5,74.0,47.0,0.0,319.0,62.0,70.0,1.0
40069,2023-07-28 13:00:00,131.73,71.0,47.0,0.0,304.0,54.0,69.0,1.0
40070,2023-07-28 14:00:00,153.58,81.0,45.0,0.0,273.0,43.0,70.0,1.0
40071,2023-07-28 15:00:00,102.44,23.0,47.0,0.0,163.0,42.0,70.0,1.0
40072,2023-07-28 16:00:00,139.36,23.0,48.0,0.0,69.0,45.0,71.0,1.0
40073,2023-07-28 17:00:00,156.84,23.0,47.0,0.0,23.0,59.0,73.0,1.0
40074,2023-07-28 18:00:00,165.35,22.0,48.0,0.0,5.0,62.0,74.0,1.0
40075,2023-07-28 19:00:00,163.92,23.0,50.0,0.0,1.0,75.0,73.0,1.0
40076,2023-07-28 20:00:00,155.55,23.0,50.0,0.0,0.0,88.0,73.0,1.0
40077,2023-07-28 21:00:00,140.4,21.0,46.0,0.0,0.0,98.0,73.0,1.0
40078,2023-07-28 22:00:00,145.4,22.0,46.0,0.0,0.0,97.0,70.0,1.0
40079,2023-07-28 23:00:00,152.12,24.0,47.0,0.0,0.0,98.0,68.0,1.0
40080,2023-07-29 00:00:00,158.47,23.0,48.0,0.0,0.0,86.0,68.0,1.0
40081,2023-07-29 01:00:00,159.49,24.0,47.0,0.0,0.0,87.0,68.0,1.0
40082,2023-07-29 02:00:00,160.91,24.0,47.0,0.0,6.0,79.0,68.0,1.0
40083,2023-07-29 03:00:00,157.86,24.0,46.0,0.0,24.0,63.0,69.0,1.0
40084,2023-07-29 04:00:00,138.82,23.0,45.0,0.0,68.0,45.0,68.0,1.0
40085,2023-07-29 05:00:00,108.91,26.0,46.0,0.0,158.0,48.0,64.0,1.0
40086,2023-07-29 06:00:00,87.06,30.0,46.0,0.0,239.0,86.0,62.0,1.0
40087,2023-07-29 07:00:00,66.35,26.0,46.0,0.0,320.0,112.0,58.0,1.0
40088,2023-07-29 08:00:00,60.12,26.0,44.0,0.0,360.0,124.0,54.0,1.0
40089,2023-07-29 09:00:00,51.41,23.0,45.0,0.0,396.0,157.0,53.0,1.0
40090,2023-07-29 10:00:00,50.88,24.0,45.0,0.0,402.0,172.0,53.0,1.0
40091,2023-07-29 11:00:00,51.46,23.0,48.0,0.0,379.0,192.0,53.0,1.0
40092,2023-07-29 12:00:00,54.62,22.0,47.0,0.0,341.0,172.0,52.0,1.0
40093,2023-07-29 13:00:00,61.36,24.0,47.0,0.0,294.0,173.0,51.0,1.0
40094,2023-07-29 14:00:00,69.5,23.0,47.0,0.0,227.0,160.0,52.0,1.0
40095,2023-07-29 15:00:00,88.52,24.0,47.0,0.0,134.0,151.0,52.0,1.0
40096,2023-07-29 16:00:00,115.3,24.0,47.0,0.0,61.0,129.0,52.0,1.0
40097,2023-07-29 17:00:00,146.52,26.0,48.0,0.0,23.0,109.0,53.0,1.0
40098,2023-07-29 18:00:00,169.31,26.0,48.0,0.0,4.0,93.0,53.0,1.0
40099,2023-07-29 19:00:00,171.26,25.0,48.0,0.0,1.0,90.0,53.0,1.0
40100,2023-07-29 20:00:00,167.58,25.0,49.0,0.0,0.0,98.0,52.0,1.0
40101,2023-07-29 21:00:00,154.53,25.0,49.0,0.0,0.0,117.0,52.0,1.0
40102,2023-07-29 22:00:00,151.77,25.0,48.0,0.0,0.0,119.0,53.0,1.0
40103,2023-07-29 23:00:00,162.06,23.0,48.0,0.0,0.0,96.0,53.0,1.0
40104,2023-07-30 00:00:00,180.92,23.0,49.0,0.0,0.0,74.0,53.0,1.0
40105,2023-07-30 01:00:00,192.55,23.0,48.0,0.0,0.0,61.0,53.0,1.0
40106,2023-07-30 02:00:00,190.51,23.0,48.0,0.0,6.0,57.0,53.0,1.0
40107,2023-07-30 03:00:00,183.15,26.0,48.0,0.0,27.0,52.0,54.0,1.0
40108,2023-07-30 04:00:00,144.07,25.0,46.0,0.0,90.0,44.0,48.0,1.0
40109,2023-07-30 05:00:00,98.11,25.0,46.0,0.0,220.0,39.0,42.0,1.0
40110,2023-07-30 06:00:00,77.71,28.0,47.0,0.0,339.0,47.0,43.0,1.0
40111,2023-07-30 07:00:00,61.78,24.0,46.0,0.0,412.0,54.0,43.0,1.0
40112,2023-07-30 08:00:00,61.61,25.0,47.0,0.0,436.0,49.0,42.0,1.0
40113,2023-07-30 09:00:00,62.35,26.0,48.0,0.0,448.0,43.0,45.0,1.0
40114,2023-07-30 10:00:00,65.89,25.0,47.0,0.0,397.0,39.0,52.0,1.0
40115,2023-07-30 11:00:00,78.87,26.0,48.0,0.0,328.0,34.0,46.0,1.0
40116,2023-07-30 12:00:00,98.07,26.0,50.0,0.0,238.0,29.0,52.0,1.0
40117,2023-07-30 13:00:00,112.09,24.0,47.0,0.0,171.0,28.0,52.0,1.0
40118,2023-07-30 14:00:00,135.04,25.0,46.0,0.0,120.0,26.0,53.0,1.0
40119,2023-07-30 15:00:00,170.48,25.0,48.0,0.0,73.0,18.0,54.0,1.0
40120,2023-07-30 16:00:00,217.06,25.0,48.0,0.0,35.0,9.0,54.0,1.0
40121,2023-07-30 17:00:00,259.76,25.0,51.0,0.0,12.0,5.0,54.0,1.0
40122,2023-07-30 18:00:00,278.62,25.0,48.0,0.0,2.0,4.0,54.0,1.0
40123,2023-07-30 19:00:00,282.68,25.0,51.0,0.0,1.0,4.0,54.0,1.0
40124,2023-07-30 20:00:00,277.1,24.0,51.0,0.0,0.0,6.0,54.0,1.0
40125,2023-07-30 21:00:00,273.08,24.0,51.0,0.0,0.0,9.0,53.0,1.0
40126,2023-07-30 22:00:00,275.22,25.0,49.0,0.0,0.0,9.0,53.0,1.0
40127,2023-07-30 23:00:00,280.56,24.0,50.0,0.0,0.0,5.0,53.0,1.0
40128,2023-07-31 00:00:00,276.22,23.0,49.0,0.0,0.0,5.0,53.0,1.0
40129,2023-07-31 01:00:00,279.2,24.0,48.0,0.0,0.0,5.0,53.0,1.0
40130,2023-07-31 02:00:00,272.37,24.0,50.0,0.0,3.0,6.0,53.0,1.0
40131,2023-07-31 03:00:00,241.7,25.0,49.0,0.0,19.0,9.0,53.0,1.0
40132,2023-07-31 04:00:00,196.62,25.0,47.0,0.0,52.0,10.0,53.0,1.0
40133,2023-07-31 05:00:00,151.49,24.0,47.0,0.0,99.0,15.0,53.0,1.0
40134,2023-07-31 06:00:00,117.04,20.0,51.0,0.0,154.0,17.0,53.0,1.0
40135,2023-07-31 07:00:00,105.34,20.0,61.0,0.0,200.0,29.0,53.0,1.0
40136,2023-07-31 08:00:00,85.46,20.0,62.0,0.0,264.0,53.0,53.0,1.0
40137,2023-07-31 09:00:00,82.03,20.0,68.0,0.0,298.0,59.0,53.0,1.0
40138,2023-07-31 10:00:00,74.7,20.0,68.0,0.0,333.0,73.0,53.0,1.0
40139,2023-07-31 11:00:00,75.25,21.0,69.0,0.0,341.0,75.0,52.0,1.0
40140,2023-07-31 12:00:00,82.16,21.0,71.0,0.0,310.0,66.0,52.0,1.0
40141,2023-07-31 13:00:00,97.06,21.0,71.0,0.0,242.0,54.0,52.0,1.0
40142,2023-07-31 14:00:00,108.98,20.0,69.0,0.0,176.0,61.0,52.0,1.0
40143,2023-07-31 15:00:00,131.04,21.0,69.0,0.0,136.0,41.0,53.0,1.0
40144,2023-07-31 16:00:00,163.43,20.0,70.0,0.0,69.0,42.0,53.0,1.0
40145,2023-07-31 17:00:00,221.52,22.0,73.0,0.0,22.0,30.0,52.0,1.0
40146,2023-07-31 18:00:00,232.75,20.0,75.0,0.0,5.0,34.0,52.0,1.0
40147,2023-07-31 19:00:00,242.44,20.0,74.0,0.0,1.0,30.0,52.0,1.0
40148,2023-07-31 20:00:00,232.78,19.0,67.0,0.0,0.0,32.0,52.0,1.0
40149,2023-07-31 21:00:00,224.47,18.0,64.0,0.0,0.0,34.0,52.0,1.0
40150,2023-07-31 22:00:00,233.2,17.0,65.0,0.0,0.0,25.0,53.0,1.0
40151,2023-07-31 23:00:00,226.54,17.0,67.0,0.0,0.0,31.0,53.0,1.0
40152,2023-08-01 00:00:00,219.81,18.0,69.0,0.0,0.0,40.0,53.0,1.0
40153,2023-08-01 01:00:00,215.89,18.0,70.0,0.0,0.0,45.0,52.0,1.0
40154,2023-08-01 02:00:00,210.9,19.0,70.0,0.0,6.0,45.0,53.0,1.0
40155,2023-08-01 03:00:00,192.89,21.0,70.0,0.0,24.0,52.0,52.0,1.0
40156,2023-08-01 04:00:00,164.32,19.0,70.0,0.0,57.0,50.0,52.0,1.0
40157,2023-08-01 05:00:00,124.27,17.0,71.0,0.0,119.0,60.0,52.0,1.0
40158,2023-08-01 06:00:00,86.24,19.0,65.0,0.0,218.0,96.0,54.0,1.0
40159,2023-08-01 07:00:00,73.74,23.0,67.0,0.0,305.0,131.0,54.0,1.0
40160,2023-08-01 08:00:00,68.12,24.0,69.0,0.0,348.0,156.0,53.0,1.0
40161,2023-08-01 09:00:00,64.21,20.0,70.0,0.0,343.0,162.0,53.0,1.0
40162,2023-08-01 10:00:00,67.74,21.0,69.0,0.0,325.0,152.0,53.0,1.0
40163,2023-08-01 11:00:00,75.3,24.0,68.0,0.0,282.0,157.0,52.0,1.0
40164,2023-08-01 12:00:00,80.42,24.0,65.0,0.0,244.0,147.0,52.0,1.0
40165,2023-08-01 13:00:00,85.5,24.0,67.0,0.0,208.0,157.0,53.0,1.0
40166,2023-08-01 14:00:00,100.71,24.0,70.0,0.0,141.0,155.0,53.0,1.0
40167,2023-08-01 15:00:00,126.59,25.0,73.0,0.0,75.0,141.0,53.0,1.0
40168,2023-08-01 16:00:00,155.28,25.0,73.0,0.0,34.0,114.0,53.0,1.0
40169,2023-08-01 17:00:00,177.01,25.0,71.0,0.0,13.0,96.0,53.0,1.0
40170,2023-08-01 18:00:00,190.14,25.0,73.0,0.0,2.0,90.0,54.0,1.0
40171,2023-08-01 19:00:00,185.3,21.0,72.0,0.0,0.0,86.0,53.0,1.0
40172,2023-08-01 20:00:00,183.7,21.0,70.0,0.0,0.0,87.0,52.0,1.0
40173,2023-08-01 21:00:00,198.92,34.0,70.0,0.0,0.0,106.0,52.0,1.0
40174,2023-08-01 22:00:00,182.9,34.0,69.0,0.0,0.0,128.0,52.0,1.0
40175,2023-08-01 23:00:00,158.45,25.0,70.0,0.0,0.0,139.0,52.0,1.0
40176,2023-08-02 00:00:00,138.78,18.0,71.0,0.0,0.0,150.0,52.0,1.0
40177,2023-08-02 01:00:00,144.58,19.0,70.0,0.0,0.0,141.0,52.0,1.0
40178,2023-08-02 02:00:00,147.52,20.0,69.0,0.0,3.0,134.0,53.0,1.0
40179,2023-08-02 03:00:00,133.9,20.0,71.0,0.0,19.0,151.0,52.0,1.0
40180,2023-08-02 04:00:00,120.13,20.0,71.0,0.0,48.0,158.0,52.0,1.0
40181,2023-08-02 05:00:00,111.99,22.0,71.0,0.0,84.0,157.0,54.0,1.0
40182,2023-08-02 06:00:00,101.7,22.0,72.0,0.0,117.0,166.0,54.0,1.0
40183,2023-08-02 07:00:00,93.44,21.0,73.0,0.0,154.0,165.0,52.0,1.0
40184,2023-08-02 08:00:00,92.54,23.0,71.0,0.0,172.0,160.0,52.0,1.0
40185,2023-08-02 09:00:00,84.57,21.0,68.0,0.0,187.0,168.0,48.0,1.0
40186,2023-08-02 10:00:00,82.36,20.0,68.0,0.0,202.0,163.0,43.0,1.0
40187,2023-08-02 11:00:00,91.21,21.0,66.0,0.0,193.0,121.0,47.0,1.0
40188,2023-08-02 12:00:00,101.5,20.0,66.0,0.0,151.0,105.0,53.0,1.0
40189,2023-08-02 13:00:00,114.74,20.0,69.0,0.0,140.0,77.0,53.0,1.0
40190,2023-08-02 14:00:00,121.9,21.0,67.0,0.0,135.0,62.0,53.0,1.0
40191,2023-08-02 15:00:00,137.9,21.0,66.0,0.0,107.0,50.0,52.0,1.0
40192,2023-08-02 16:00:00,167.85,21.0,66.0,0.0,62.0,42.0,52.0,1.0
40193,2023-08-02 17:00:00,211.22,22.0,68.0,0.0,23.0,33.0,54.0,1.0
40194,2023-08-02 18:00:00,226.57,23.0,70.0,0.0,4.0,42.0,54.0,1.0
40195,2023-08-02 19:00:00,218.36,21.0,58.0,0.0,0.0,40.0,54.0,1.0
40196,2023-08-02 20:00:00,220.96,21.0,64.0,0.0,0.0,43.0,53.0,1.0
40197,2023-08-02 21:00:00,220.34,22.0,67.0,0.0,0.0,48.0,53.0,1.0
40198,2023-08-02 22:00:00,217.87,19.0,66.0,0.0,0.0,50.0,45.0,1.0
40199,2023-08-02 23:00:00,215.49,19.0,66.0,0.0,0.0,55.0,42.0,1.0
40200,2023-08-03 00:00:00,229.07,19.0,69.0,0.0,0.0,46.0,42.0,1.0
40201,2023-08-03 01:00:00,235.45,20.0,70.0,0.0,0.0,44.0,42.0,1.0
40202,2023-08-03 02:00:00,207.0,21.0,70.0,0.0,6.0,64.0,43.0,1.0
40203,2023-08-03 03:00:00,173.47,22.0,70.0,0.0,26.0,79.0,51.0,1.0
40204,2023-08-03 04:00:00,151.27,22.0,71.0,0.0,59.0,81.0,54.0,1.0
40205,2023-08-03 05:00:00,130.43,24.0,69.0,0.0,116.0,76.0,54.0,1.0
40206,2023-08-03 06:00:00,105.58,24.0,69.0,0.0,196.0,77.0,53.0,1.0
40207,2023-08-03 07:00:00,99.74,23.0,69.0,0.0,208.0,84.0,52.0,1.0
40208,2023-08-03 08:00:00,110.14,24.0,70.0,0.0,169.0,89.0,53.0,1.0
40209,2023-08-03 09:00:00,106.3,23.0,69.0,0.0,165.0,99.0,53.0,1.0
40210,2023-08-03 10:00:00,103.66,22.0,67.0,0.0,170.0,93.0,53.0,1.0
40211,2023-08-03 11:00:00,105.03,21.0,68.0,0.0,131.0,122.0,54.0,1.0
40212,2023-08-03 12:00:00,124.44,21.0,70.0,0.0,90.0,105.0,54.0,1.0
40213,2023-08-03 13:00:00,127.86,23.0,68.0,0.0,77.0,115.0,54.0,1.0
40214,2023-08-03 14:00:00,139.26,26.0,70.0,0.0,61.0,120.0,54.0,1.0
40215,2023-08-03 15:00:00,140.69,21.0,69.0,0.0,46.0,109.0,53.0,1.0
40216,2023-08-03 16:00:00,150.23,21.0,69.0,0.0,31.0,104.0,54.0,1.0
40217,2023-08-03 17:00:00,143.37,23.0,69.0,0.0,19.0,138.0,54.0,1.0
40218,2023-08-03 18:00:00,154.6,22.0,69.0,0.0,4.0,126.0,55.0,1.0
40219,2023-08-03 19:00:00,160.97,20.0,67.0,0.0,1.0,108.0,55.0,1.0
40220,2023-08-03 20:00:00,167.85,21.0,66.0,0.0,0.0,101.0,55.0,1.0
40221,2023-08-03 21:00:00,166.78,21.0,68.0,0.0,0.0,106.0,54.0,1.0
40222,2023-08-03 22:00:00,162.16,20.0,70.0,0.0,0.0,117.0,49.0,1.0
40223,2023-08-03 23:00:00,160.91,20.0,70.0,0.0,0.0,124.0,44.0,1.0
40224,2023-08-04 00:00:00,167.08,20.0,68.0,0.0,0.0,112.0,44.0,1.0
40225,2023-08-04 01:00:00,166.39,19.0,66.0,0.0,0.0,107.0,44.0,1.0
40226,2023-08-04 02:00:00,166.78,21.0,68.0,0.0,4.0,112.0,44.0,1.0
40227,2023-08-04 03:00:00,154.34,23.0,68.0,0.0,24.0,113.0,51.0,1.0
40228,2023-08-04 04:00:00,133.29,23.0,69.0,0.0,73.0,106.0,55.0,1.0
40229,2023-08-04 05:00:00,110.36,25.0,67.0,0.0,135.0,119.0,55.0,1.0
40230,2023-08-04 06:00:00,96.19,24.0,69.0,0.0,180.0,132.0,55.0,1.0
40231,2023-08-04 07:00:00,86.09,23.0,68.0,0.0,212.0,144.0,54.0,1.0
40232,2023-08-04 08:00:00,79.05,23.0,67.0,0.0,241.0,157.0,53.0,1.0
40233,2023-08-04 09:00:00,65.65,23.0,66.0,0.0,294.0,210.0,53.0,1.0
40234,2023-08-04 10:00:00,65.18,23.0,68.0,0.0,290.0,229.0,52.0,1.0
40235,2023-08-04 11:00:00,65.12,24.0,69.0,0.0,295.0,239.0,53.0,1.0
40236,2023-08-04 12:00:00,68.06,23.0,68.0,0.0,254.0,237.0,52.0,1.0
40237,2023-08-04 13:00:00,74.28,24.0,71.0,0.0,219.0,239.0,53.0,1.0
40238,2023-08-04 14:00:00,78.31,23.0,71.0,0.0,183.0,235.0,53.0,1.0
40239,2023-08-04 15:00:00,92.73,23.0,71.0,0.0,108.0,223.0,52.0,1.0
40240,2023-08-04 16:00:00,113.02,23.0,74.0,0.0,45.0,207.0,52.0,1.0
40241,2023-08-04 17:00:00,122.86,24.0,74.0,0.0,15.0,208.0,54.0,1.0
40242,2023-08-04 18:00:00,132.17,22.0,74.0,0.0,2.0,185.0,54.0,1.0
40243,2023-08-04 19:00:00,137.81,23.0,73.0,0.0,1.0,175.0,54.0,1.0
40244,2023-08-04 20:00:00,139.83,23.0,71.0,0.0,0.0,168.0,54.0,1.0
40245,2023-08-04 21:00:00,139.54,20.0,69.0,0.0,0.0,153.0,53.0,1.0
40246,2023-08-04 22:00:00,142.68,21.0,71.0,0.0,0.0,154.0,53.0,1.0
40247,2023-08-04 23:00:00,156.0,22.0,73.0,0.0,0.0,135.0,53.0,1.0
40248,2023-08-05 00:00:00,169.83,23.0,71.0,0.0,0.0,115.0,51.0,1.0
40249,2023-08-05 01:00:00,184.86,25.0,69.0,0.0,0.0,97.0,52.0,1.0
40250,2023-08-05 02:00:00,194.58,24.0,68.0,0.0,3.0,78.0,52.0,1.0
40251,2023-08-05 03:00:00,182.49,24.0,69.0,0.0,21.0,75.0,53.0,1.0
40252,2023-08-05 04:00:00,151.63,23.0,68.0,0.0,62.0,77.0,54.0,1.0
40253,2023-08-05 05:00:00,129.14,25.0,71.0,0.0,127.0,77.0,54.0,1.0
40254,2023-08-05 06:00:00,102.84,24.0,72.0,0.0,209.0,82.0,54.0,1.0
40255,2023-08-05 07:00:00,82.38,25.0,70.0,0.0,320.0,83.0,53.0,1.0
40256,2023-08-05 08:00:00,69.03,24.0,68.0,0.0,407.0,84.0,53.0,1.0
40257,2023-08-05 09:00:00,68.84,25.0,71.0,0.0,434.0,82.0,53.0,1.0
40258,2023-08-05 10:00:00,69.36,25.0,74.0,0.0,445.0,79.0,53.0,1.0
40259,2023-08-05 11:00:00,63.42,26.0,52.0,0.0,424.0,68.0,53.0,1.0
40260,2023-08-05 12:00:00,69.27,25.0,51.0,0.0,365.0,59.0,54.0,1.0
40261,2023-08-05 13:00:00,86.78,24.0,50.0,0.0,264.0,39.0,52.0,1.0
40262,2023-08-05 14:00:00,106.74,23.0,49.0,0.0,187.0,27.0,52.0,1.0
40263,2023-08-05 15:00:00,153.22,23.0,51.0,0.0,98.0,16.0,52.0,1.0
40264,2023-08-05 16:00:00,217.46,24.0,52.0,0.0,37.0,8.0,53.0,1.0
40265,2023-08-05 17:00:00,279.34,26.0,53.0,0.0,10.0,3.0,50.0,1.0
40266,2023-08-05 18:00:00,297.87,24.0,53.0,0.0,2.0,2.0,47.0,1.0
40267,2023-08-05 19:00:00,292.43,25.0,53.0,0.0,0.0,3.0,52.0,1.0
40268,2023-08-05 20:00:00,279.3,25.0,49.0,0.0,0.0,7.0,53.0,1.0
40269,2023-08-05 21:00:00,269.89,24.0,52.0,0.0,0.0,11.0,53.0,1.0
40270,2023-08-05 22:00:00,236.72,21.0,50.0,0.0,0.0,23.0,53.0,1.0
40271,2023-08-05 23:00:00,229.57,21.0,49.0,0.0,0.0,27.0,53.0,1.0
40272,2023-08-06 00:00:00,218.26,22.0,50.0,0.0,0.0,38.0,53.0,1.0
40273,2023-08-06 01:00:00,231.83,22.0,51.0,0.0,0.0,29.0,53.0,1.0
40274,2023-08-06 02:00:00,234.23,24.0,65.0,0.0,2.0,39.0,52.0,1.0
40275,2023-08-06 03:00:00,225.3,26.0,65.0,0.0,13.0,40.0,52.0,1.0
40276,2023-08-06 04:00:00,198.79,26.0,67.0,0.0,32.0,48.0,53.0,1.0
40277,2023-08-06 05:00:00,173.97,27.0,69.0,0.0,71.0,47.0,53.0,1.0
40278,2023-08-06 06:00:00,141.83,26.0,70.0,0.0,122.0,55.0,52.0,1.0
40279,2023-08-06 07:00:00,112.69,26.0,69.0,0.0,183.0,75.0,53.0,1.0
40280,2023-08-06 08:00:00,98.97,25.0,68.0,0.0,229.0,76.0,53.0,1.0
40281,2023-08-06 09:00:00,84.22,26.0,70.0,0.0,303.0,97.0,52.0,1.0
40282,2023-08-06 10:00:00,68.24,25.0,69.0,0.0,383.0,138.0,45.0,1.0
40283,2023-08-06 11:00:00,61.9,26.0,68.0,0.0,423.0,176.0,41.0,1.0
40284,2023-08-06 12:00:00,60.16,25.0,71.0,0.0,434.0,189.0,42.0,1.0
40285,2023-08-06 13:00:00,65.76,24.0,70.0,0.0,376.0,168.0,41.0,1.0
40286,2023-08-06 14:00:00,78.63,24.0,69.0,0.0,285.0,142.0,43.0,1.0
40287,2023-08-06 15:00:00,109.66,26.0,71.0,0.0,160.0,115.0,52.0,1.0
40288,2023-08-06 16:00:00,144.77,25.0,68.0,0.0,60.0,102.0,53.0,1.0
40289,2023-08-06 17:00:00,157.98,27.0,54.0,0.0,17.0,109.0,52.0,1.0
40290,2023-08-06 18:00:00,150.52,26.0,50.0,0.0,2.0,134.0,45.0,1.0
40291,2023-08-06 19:00:00,132.9,24.0,49.0,0.0,1.0,149.0,54.0,1.0
40292,2023-08-06 20:00:00,134.54,25.0,50.0,0.0,0.0,154.0,53.0,1.0
40293,2023-08-06 21:00:00,129.57,24.0,50.0,0.0,0.0,159.0,54.0,1.0
40294,2023-08-06 22:00:00,120.09,19.0,49.0,0.0,0.0,161.0,46.0,1.0
40295,2023-08-06 23:00:00,123.29,20.0,46.0,0.0,1.0,157.0,41.0,1.0
40296,2023-08-07 00:00:00,125.13,20.0,48.0,0.0,0.0,157.0,42.0,1.0
40297,2023-08-07 01:00:00,124.18,20.0,51.0,0.0,1.0,164.0,42.0,1.0
40298,2023-08-07 02:00:00,129.07,25.0,50.0,0.0,4.0,172.0,43.0,1.0
40299,2023-08-07 03:00:00,119.49,26.0,50.0,0.0,23.0,174.0,51.0,1.0
40300,2023-08-07 04:00:00,95.72,21.0,50.0,0.0,76.0,165.0,53.0,1.0
40301,2023-08-07 05:00:00,78.94,24.0,49.0,0.0,184.0,158.0,52.0,1.0
40302,2023-08-07 06:00:00,54.43,18.0,49.0,0.0,313.0,162.0,52.0,1.0
40303,2023-08-07 07:00:00,47.19,18.0,51.0,0.0,415.0,165.0,52.0,1.0
40304,2023-08-07 08:00:00,46.39,23.0,51.0,0.0,478.0,191.0,52.0,1.0
40305,2023-08-07 09:00:00,47.58,27.0,51.0,0.0,502.0,207.0,52.0,1.0
40306,2023-08-07 10:00:00,43.68,22.0,49.0,0.0,487.0,208.0,44.0,1.0
40307,2023-08-07 11:00:00,43.68,21.0,50.0,0.0,481.0,208.0,41.0,1.0
40308,2023-08-07 12:00:00,46.67,22.0,49.0,0.0,437.0,209.0,41.0,1.0
40309,2023-08-07 13:00:00,52.47,20.0,45.0,0.0,342.0,169.0,41.0,1.0
40310,2023-08-07 14:00:00,70.75,20.0,48.0,0.0,234.0,130.0,41.0,1.0
40311,2023-08-07 15:00:00,95.24,20.0,49.0,0.0,99.0,139.0,48.0,1.0
40312,2023-08-07 16:00:00,125.12,21.0,50.0,0.0,28.0,128.0,52.0,1.0
40313,2023-08-07 17:00:00,147.09,23.0,49.0,0.0,6.0,115.0,52.0,1.0
40314,2023-08-07 18:00:00,147.09,23.0,49.0,0.0,1.0,120.0,52.0,1.0
40315,2023-08-07 19:00:00,148.0,23.0,48.0,0.0,0.0,118.0,52.0,1.0
40316,2023-08-07 20:00:00,160.38,23.0,47.0,0.0,0.0,97.0,53.0,1.0
40317,2023-08-07 21:00:00,154.34,21.0,50.0,0.0,0.0,102.0,53.0,1.0
40318,2023-08-07 22:00:00,177.51,20.0,49.0,0.0,0.0,76.0,45.0,1.0
40319,2023-08-07 23:00:00,174.87,20.0,50.0,0.0,0.0,83.0,42.0,1.0
40320,2023-08-08 00:00:00,169.83,20.0,51.0,0.0,0.0,90.0,42.0,1.0
40321,2023-08-08 01:00:00,155.13,21.0,53.0,0.0,0.0,117.0,41.0,1.0
40322,2023-08-08 02:00:00,148.83,22.0,51.0,0.0,1.0,126.0,42.0,1.0
40323,2023-08-08 03:00:00,136.47,22.0,51.0,0.0,11.0,138.0,42.0,1.0
40324,2023-08-08 04:00:00,90.9,20.0,49.0,0.0,34.0,227.0,42.0,1.0
40325,2023-08-08 05:00:00,75.89,20.0,47.0,0.0,72.0,255.0,42.0,1.0
40326,2023-08-08 06:00:00,70.75,20.0,48.0,0.0,118.0,245.0,42.0,1.0
40327,2023-08-08 07:00:00,62.08,19.0,47.0,0.0,158.0,255.0,42.0,1.0
40328,2023-08-08 08:00:00,69.81,18.0,46.0,0.0,170.0,171.0,42.0,1.0
40329,2023-08-08 09:00:00,67.71,19.0,50.0,0.0,196.0,188.0,41.0,1.0
40330,2023-08-08 10:00:00,61.23,21.0,46.0,0.0,220.0,219.0,41.0,1.0
40331,2023-08-08 11:00:00,67.6,22.0,49.0,0.0,234.0,177.0,41.0,1.0
40332,2023-08-08 12:00:00,67.12,21.0,50.0,0.0,241.0,168.0,41.0,1.0
40333,2023-08-08 13:00:00,70.32,22.0,50.0,0.0,244.0,151.0,41.0,1.0
40334,2023-08-08 14:00:00,71.88,20.0,51.0,0.0,201.0,168.0,41.0,1.0
40335,2023-08-08 15:00:00,85.39,24.0,50.0,0.0,122.0,192.0,48.0,1.0
40336,2023-08-08 16:00:00,102.27,22.0,50.0,0.0,51.0,173.0,53.0,1.0
40337,2023-08-08 17:00:00,130.94,23.0,51.0,0.0,16.0,138.0,53.0,1.0
40338,2023-08-08 18:00:00,138.95,20.0,52.0,0.0,2.0,124.0,53.0,1.0
40339,2023-08-08 19:00:00,141.75,21.0,53.0,0.0,0.0,127.0,53.0,1.0
40340,2023-08-08 20:00:00,141.4,21.0,52.0,0.0,0.0,126.0,53.0,1.0
40341,2023-08-08 21:00:00,141.71,17.0,52.0,0.0,0.0,108.0,53.0,1.0
40342,2023-08-08 22:00:00,149.42,16.0,52.0,0.0,0.0,99.0,46.0,1.0
40343,2023-08-08 23:00:00,149.69,15.0,53.0,0.0,0.0,100.0,42.0,1.0
40344,2023-08-09 00:00:00,141.8,14.0,54.0,0.0,0.0,109.0,42.0,1.0
40345,2023-08-09 01:00:00,138.55,13.0,53.0,0.0,0.0,108.0,42.0,1.0
40346,2023-08-09 02:00:00,127.54,9.0,52.0,0.0,3.0,102.0,42.0,1.0
40347,2023-08-09 03:00:00,114.0,7.0,50.0,0.0,21.0,89.0,46.0,1.0
40348,2023-08-09 04:00:00,99.74,7.0,52.0,0.0,77.0,73.0,42.0,1.0
40349,2023-08-09 05:00:00,72.14,6.0,53.0,0.0,192.0,54.0,37.0,1.0
40350,2023-08-09 06:00:00,55.27,9.0,53.0,0.0,327.0,64.0,35.0,1.0
40351,2023-08-09 07:00:00,44.81,10.0,53.0,0.0,433.0,87.0,36.0,1.0
40352,2023-08-09 08:00:00,38.79,7.0,54.0,0.0,464.0,105.0,36.0,1.0
40353,2023-08-09 09:00:00,37.25,5.0,52.0,0.0,440.0,100.0,36.0,1.0
40354,2023-08-09 10:00:00,43.41,7.0,54.0,0.0,406.0,92.0,36.0,1.0
40355,2023-08-09 11:00:00,41.11,4.0,53.0,0.0,386.0,85.0,36.0,1.0
40356,2023-08-09 12:00:00,42.61,2.0,51.0,0.0,318.0,84.0,36.0,1.0
40357,2023-08-09 13:00:00,64.1,8.0,52.0,0.0,240.0,67.0,36.0,1.0
40358,2023-08-09 14:00:00,90.51,13.0,51.0,0.0,166.0,57.0,36.0,1.0
40359,2023-08-09 15:00:00,117.06,16.0,51.0,0.0,118.0,48.0,36.0,1.0
40360,2023-08-09 16:00:00,162.15,18.0,50.0,0.0,53.0,44.0,36.0,1.0
40361,2023-08-09 17:00:00,253.54,29.0,54.0,0.0,15.0,33.0,36.0,1.0
40362,2023-08-09 18:00:00,248.37,21.0,56.0,0.0,2.0,34.0,36.0,1.0
40363,2023-08-09 19:00:00,245.57,19.0,53.0,0.0,1.0,32.0,35.0,1.0
40364,2023-08-09 20:00:00,249.38,23.0,55.0,0.0,0.0,39.0,36.0,1.0
40365,2023-08-09 21:00:00,357.55,76.0,53.0,0.0,0.0,52.0,36.0,1.0
40366,2023-08-09 22:00:00,397.67,109.0,54.0,0.0,0.0,58.0,38.0,1.0
40367,2023-08-09 23:00:00,401.01,117.0,54.0,0.0,0.0,64.0,37.0,1.0
40368,2023-08-10 00:00:00,401.12,117.0,53.0,0.0,0.0,64.0,37.0,1.0
40369,2023-08-10 01:00:00,392.38,118.0,53.0,0.0,0.0,71.0,37.0,1.0
40370,2023-08-10 02:00:00,349.24,98.0,52.0,0.0,3.0,79.0,37.0,1.0
40371,2023-08-10 03:00:00,358.01,119.0,53.0,0.0,24.0,74.0,38.0,1.0
40372,2023-08-10 04:00:00,273.08,78.0,53.0,0.0,59.0,63.0,37.0,1.0
40373,2023-08-10 05:00:00,294.57,112.0,55.0,0.0,103.0,52.0,37.0,1.0
40374,2023-08-10 06:00:00,290.61,133.0,52.0,0.0,140.0,52.0,38.0,1.0
40375,2023-08-10 07:00:00,260.24,124.0,49.0,0.0,157.0,65.0,38.0,1.0
40376,2023-08-10 08:00:00,264.8,125.0,48.0,0.0,150.0,66.0,38.0,1.0
40377,2023-08-10 09:00:00,228.16,113.0,50.0,0.0,185.0,73.0,38.0,1.0
40378,2023-08-10 10:00:00,188.39,110.0,50.0,0.0,250.0,96.0,38.0,1.0
40379,2023-08-10 11:00:00,153.7,100.0,51.0,0.0,324.0,107.0,38.0,1.0
40380,2023-08-10 12:00:00,103.78,58.0,49.0,0.0,344.0,116.0,37.0,1.0
40381,2023-08-10 13:00:00,103.98,55.0,51.0,0.0,313.0,132.0,37.0,1.0
40382,2023-08-10 14:00:00,122.96,49.0,51.0,0.0,228.0,95.0,37.0,1.0
40383,2023-08-10 15:00:00,242.92,97.0,50.0,0.0,124.0,72.0,38.0,1.0
40384,2023-08-10 16:00:00,341.73,121.0,51.0,0.0,45.0,69.0,39.0,1.0
40385,2023-08-10 17:00:00,404.54,131.0,53.0,0.0,14.0,58.0,39.0,1.0
40386,2023-08-10 18:00:00,425.8,128.0,52.0,0.0,2.0,53.0,39.0,1.0
40387,2023-08-10 19:00:00,406.59,121.0,51.0,0.0,1.0,61.0,39.0,1.0
40388,2023-08-10 20:00:00,392.9,115.0,50.0,0.0,0.0,66.0,39.0,1.0
40389,2023-08-10 21:00:00,384.38,112.0,52.0,0.0,0.0,70.0,38.0,1.0
40390,2023-08-10 22:00:00,296.02,64.0,51.0,0.0,0.0,76.0,38.0,1.0
40391,2023-08-10 23:00:00,286.6,57.0,51.0,0.0,0.0,73.0,37.0,1.0
40392,2023-08-11 00:00:00,294.66,60.0,52.0,0.0,0.0,71.0,38.0,1.0
40393,2023-08-11 01:00:00,306.63,66.0,51.0,0.0,0.0,71.0,38.0,1.0
40394,2023-08-11 02:00:00,318.16,67.0,50.0,0.0,2.0,62.0,38.0,1.0
40395,2023-08-11 03:00:00,310.83,76.0,49.0,0.0,20.0,62.0,38.0,1.0
40396,2023-08-11 04:00:00,284.35,95.0,50.0,0.0,75.0,62.0,38.0,1.0
40397,2023-08-11 05:00:00,180.69,70.0,50.0,0.0,187.0,55.0,37.0,1.0
40398,2023-08-11 06:00:00,144.29,72.0,51.0,0.0,289.0,63.0,38.0,1.0
40399,2023-08-11 07:00:00,130.46,73.0,53.0,0.0,337.0,78.0,38.0,1.0
40400,2023-08-11 08:00:00,115.28,59.0,48.0,0.0,333.0,70.0,37.0,1.0
40401,2023-08-11 09:00:00,109.56,59.0,49.0,0.0,359.0,75.0,37.0,1.0
40402,2023-08-11 10:00:00,110.04,61.0,51.0,0.0,378.0,70.0,37.0,1.0
40403,2023-08-11 11:00:00,107.77,63.0,47.0,0.0,400.0,63.0,37.0,1.0
40404,2023-08-11 12:00:00,119.02,63.0,45.0,0.0,348.0,53.0,37.0,1.0
40405,2023-08-11 13:00:00,221.11,129.0,49.0,0.0,267.0,39.0,43.0,1.0
40406,2023-08-11 14:00:00,288.05,161.0,50.0,0.0,196.0,29.0,54.0,1.0
40407,2023-08-11 15:00:00,361.6,169.0,52.0,0.0,114.0,21.0,53.0,1.0
40408,2023-08-11 16:00:00,454.84,181.0,52.0,0.0,46.0,10.0,56.0,1.0
40409,2023-08-11 17:00:00,458.85,128.0,53.0,0.0,12.0,7.0,55.0,1.0
40410,2023-08-11 18:00:00,471.62,121.0,52.0,0.0,1.0,7.0,55.0,1.0
40411,2023-08-11 19:00:00,476.09,121.0,51.0,0.0,0.0,6.0,55.0,1.0
40412,2023-08-11 20:00:00,480.92,122.0,52.0,0.0,0.0,4.0,55.0,1.0
40413,2023-08-11 21:00:00,479.72,121.0,52.0,0.0,0.0,4.0,55.0,1.0
40414,2023-08-11 22:00:00,476.92,120.0,51.0,0.0,0.0,7.0,53.0,1.0
40415,2023-08-11 23:00:00,462.09,119.0,50.0,0.0,0.0,14.0,53.0,1.0
40416,2023-08-12 00:00:00,456.67,119.0,49.0,0.0,0.0,17.0,53.0,1.0
40417,2023-08-12 01:00:00,458.31,120.0,48.0,0.0,0.0,17.0,53.0,1.0
40418,2023-08-12 02:00:00,446.26,117.0,50.0,0.0,2.0,18.0,54.0,1.0
40419,2023-08-12 03:00:00,422.51,120.0,50.0,0.0,20.0,16.0,54.0,1.0
40420,2023-08-12 04:00:00,348.0,121.0,49.0,0.0,76.0,17.0,54.0,1.0
40421,2023-08-12 05:00:00,247.92,123.0,50.0,0.0,204.0,22.0,54.0,1.0
40422,2023-08-12 06:00:00,186.62,121.0,48.0,0.0,339.0,29.0,53.0,1.0
40423,2023-08-12 07:00:00,160.25,122.0,48.0,0.0,436.0,32.0,54.0,1.0
40424,2023-08-12 08:00:00,153.51,123.0,47.0,0.0,465.0,36.0,54.0,1.0
40425,2023-08-12 09:00:00,162.06,122.0,47.0,0.0,424.0,35.0,54.0,1.0
40426,2023-08-12 10:00:00,162.54,121.0,46.0,0.0,421.0,37.0,48.0,1.0
40427,2023-08-12 11:00:00,169.51,120.0,47.0,0.0,394.0,39.0,43.0,1.0
40428,2023-08-12 12:00:00,176.22,121.0,49.0,0.0,375.0,39.0,43.0,1.0
40429,2023-08-12 13:00:00,191.81,120.0,49.0,0.0,326.0,34.0,43.0,1.0
40430,2023-08-12 14:00:00,224.91,119.0,47.0,0.0,246.0,26.0,43.0,1.0
40431,2023-08-12 15:00:00,285.49,122.0,48.0,0.0,150.0,17.0,51.0,1.0
40432,2023-08-12 16:00:00,439.71,170.0,45.0,0.0,51.0,8.0,58.0,1.0
40433,2023-08-12 17:00:00,517.02,196.0,43.0,0.0,13.0,9.0,58.0,1.0
40434,2023-08-12 18:00:00,530.94,196.0,45.0,0.0,2.0,11.0,58.0,1.0
40435,2023-08-12 19:00:00,527.51,195.0,47.0,0.0,1.0,13.0,58.0,1.0
40436,2023-08-12 20:00:00,522.62,192.0,49.0,0.0,0.0,15.0,58.0,1.0
40437,2023-08-12 21:00:00,518.92,193.0,48.0,0.0,0.0,20.0,56.0,1.0
40438,2023-08-12 22:00:00,494.19,169.0,48.0,0.0,0.0,24.0,55.0,1.0
40439,2023-08-12 23:00:00,478.09,169.0,48.0,0.0,0.0,33.0,56.0,1.0
40440,2023-08-13 00:00:00,479.92,171.0,48.0,0.0,0.0,33.0,56.0,1.0
40441,2023-08-13 01:00:00,468.93,169.0,48.0,0.0,0.0,39.0,56.0,1.0
40442,2023-08-13 02:00:00,461.85,169.0,47.0,0.0,2.0,43.0,55.0,1.0
40443,2023-08-13 03:00:00,445.16,172.0,47.0,0.0,18.0,41.0,55.0,1.0
40444,2023-08-13 04:00:00,383.35,164.0,47.0,0.0,72.0,33.0,55.0,1.0
40445,2023-08-13 05:00:00,291.96,172.0,46.0,0.0,197.0,39.0,53.0,1.0
40446,2023-08-13 06:00:00,231.55,173.0,48.0,0.0,333.0,38.0,54.0,1.0
40447,2023-08-13 07:00:00,201.05,173.0,49.0,0.0,428.0,42.0,54.0,1.0
40448,2023-08-13 08:00:00,181.48,170.0,49.0,0.0,491.0,49.0,55.0,1.0
40449,2023-08-13 09:00:00,182.89,172.0,49.0,0.0,490.0,50.0,55.0,1.0
40450,2023-08-13 10:00:00,187.02,172.0,48.0,0.0,479.0,47.0,50.0,1.0
40451,2023-08-13 11:00:00,194.41,170.0,47.0,0.0,451.0,42.0,46.0,1.0
40452,2023-08-13 12:00:00,212.54,171.0,47.0,0.0,394.0,37.0,46.0,1.0
40453,2023-08-13 13:00:00,249.42,170.0,49.0,0.0,299.0,29.0,45.0,1.0
40454,2023-08-13 14:00:00,309.95,170.0,48.0,0.0,187.0,25.0,45.0,1.0
40455,2023-08-13 15:00:00,389.27,170.0,48.0,0.0,90.0,18.0,52.0,1.0
40456,2023-08-13 16:00:00,462.62,172.0,49.0,0.0,33.0,13.0,55.0,1.0
40457,2023-08-13 17:00:00,506.53,174.0,49.0,0.0,8.0,11.0,55.0,1.0
40458,2023-08-13 18:00:00,514.48,172.0,47.0,0.0,1.0,11.0,57.0,1.0
40459,2023-08-13 19:00:00,511.85,171.0,47.0,0.0,1.0,13.0,56.0,1.0
40460,2023-08-13 20:00:00,504.86,171.0,47.0,0.0,0.0,18.0,56.0,1.0
40461,2023-08-13 21:00:00,488.74,168.0,47.0,0.0,0.0,27.0,55.0,1.0
40462,2023-08-13 22:00:00,481.35,167.0,47.0,0.0,0.0,31.0,55.0,1.0
40463,2023-08-13 23:00:00,484.95,167.0,46.0,0.0,0.0,29.0,55.0,1.0
40464,2023-08-14 00:00:00,463.84,168.0,47.0,0.0,0.0,43.0,55.0,1.0
40465,2023-08-14 01:00:00,477.52,168.0,47.0,0.0,0.0,33.0,56.0,1.0
40466,2023-08-14 02:00:00,492.17,181.0,47.0,0.0,1.0,30.0,56.0,1.0
40467,2023-08-14 03:00:00,474.97,176.0,49.0,0.0,15.0,23.0,57.0,1.0
40468,2023-08-14 04:00:00,463.81,209.0,48.0,0.0,47.0,21.0,56.0,1.0
40469,2023-08-14 05:00:00,403.62,218.0,47.0,0.0,111.0,21.0,57.0,1.0
40470,2023-08-14 06:00:00,324.78,231.0,48.0,0.0,229.0,31.0,57.0,1.0
40471,2023-08-14 07:00:00,252.97,214.0,45.0,0.0,356.0,39.0,56.0,1.0
40472,2023-08-14 08:00:00,200.78,172.0,44.0,0.0,420.0,43.0,55.0,1.0
40473,2023-08-14 09:00:00,197.75,173.0,45.0,0.0,432.0,46.0,55.0,1.0
40474,2023-08-14 10:00:00,201.15,175.0,44.0,0.0,427.0,43.0,55.0,1.0
40475,2023-08-14 11:00:00,202.64,175.0,47.0,0.0,419.0,48.0,55.0,1.0
40476,2023-08-14 12:00:00,202.37,175.0,47.0,0.0,410.0,58.0,55.0,1.0
40477,2023-08-14 13:00:00,218.96,174.0,47.0,0.0,360.0,49.0,55.0,1.0
40478,2023-08-14 14:00:00,257.81,180.0,44.0,0.0,277.0,39.0,55.0,1.0
40479,2023-08-14 15:00:00,372.74,225.0,41.0,0.0,152.0,25.0,57.0,1.0
40480,2023-08-14 16:00:00,473.19,225.0,44.0,0.0,48.0,22.0,57.0,1.0
40481,2023-08-14 17:00:00,522.79,224.0,47.0,0.0,12.0,19.0,57.0,1.0
40482,2023-08-14 18:00:00,527.36,222.0,47.0,0.0,1.0,26.0,57.0,1.0
40483,2023-08-14 19:00:00,522.13,223.0,47.0,0.0,1.0,30.0,57.0,1.0
40484,2023-08-14 20:00:00,510.28,224.0,50.0,0.0,0.0,39.0,57.0,1.0
40485,2023-08-14 21:00:00,510.31,222.0,50.0,0.0,0.0,40.0,55.0,1.0
40486,2023-08-14 22:00:00,494.45,180.0,51.0,0.0,0.0,29.0,55.0,1.0
40487,2023-08-14 23:00:00,527.03,219.0,50.0,0.0,0.0,26.0,56.0,1.0
40488,2023-08-15 00:00:00,503.11,172.0,49.0,0.0,0.0,20.0,55.0,1.0
40489,2023-08-15 01:00:00,496.48,165.0,50.0,0.0,0.0,20.0,55.0,1.0
40490,2023-08-15 02:00:00,507.32,170.0,51.0,0.0,1.0,15.0,55.0,1.0
40491,2023-08-15 03:00:00,478.31,170.0,50.0,0.0,16.0,17.0,56.0,1.0
40492,2023-08-15 04:00:00,400.29,165.0,49.0,0.0,67.0,22.0,56.0,1.0
40493,2023-08-15 05:00:00,306.55,169.0,49.0,0.0,179.0,26.0,56.0,1.0
40494,2023-08-15 06:00:00,235.63,172.0,47.0,0.0,327.0,29.0,55.0,1.0
40495,2023-08-15 07:00:00,194.61,170.0,49.0,0.0,447.0,38.0,55.0,1.0
40496,2023-08-15 08:00:00,183.96,170.0,49.0,0.0,487.0,42.0,55.0,1.0
40497,2023-08-15 09:00:00,181.35,172.0,50.0,0.0,504.0,44.0,55.0,1.0
40498,2023-08-15 10:00:00,171.46,162.0,48.0,0.0,511.0,48.0,55.0,1.0
40499,2023-08-15 11:00:00,175.9,168.0,47.0,0.0,507.0,49.0,56.0,1.0
40500,2023-08-15 12:00:00,183.76,171.0,47.0,0.0,479.0,51.0,56.0,1.0
40501,2023-08-15 13:00:00,186.67,151.0,47.0,0.0,406.0,52.0,54.0,1.0
40502,2023-08-15 14:00:00,235.94,157.0,49.0,0.0,280.0,45.0,53.0,1.0
40503,2023-08-15 15:00:00,360.47,222.0,51.0,0.0,146.0,46.0,56.0,1.0
40504,2023-08-15 16:00:00,452.72,222.0,49.0,0.0,41.0,45.0,56.0,1.0
40505,2023-08-15 17:00:00,464.16,222.0,48.0,0.0,11.0,65.0,56.0,1.0
40506,2023-08-15 18:00:00,424.44,214.0,51.0,0.0,2.0,105.0,56.0,1.0
40507,2023-08-15 19:00:00,387.26,196.0,48.0,0.0,1.0,129.0,57.0,1.0
40508,2023-08-15 20:00:00,350.44,170.0,48.0,0.0,0.0,146.0,56.0,1.0
40509,2023-08-15 21:00:00,331.28,168.0,50.0,0.0,0.0,169.0,55.0,1.0
40510,2023-08-15 22:00:00,330.83,166.0,50.0,0.0,0.0,174.0,48.0,1.0
40511,2023-08-15 23:00:00,344.22,166.0,51.0,0.0,0.0,160.0,45.0,1.0
40512,2023-08-16 00:00:00,356.69,180.0,50.0,0.0,0.0,161.0,45.0,1.0
40513,2023-08-16 01:00:00,367.75,182.0,51.0,0.0,0.0,150.0,45.0,1.0
40514,2023-08-16 02:00:00,370.69,170.0,51.0,0.0,3.0,131.0,45.0,1.0
40515,2023-08-16 03:00:00,366.05,169.0,51.0,0.0,14.0,124.0,45.0,1.0
40516,2023-08-16 04:00:00,351.26,176.0,48.0,0.0,62.0,100.0,46.0,1.0
40517,2023-08-16 05:00:00,290.25,182.0,49.0,0.0,174.0,90.0,45.0,1.0
40518,2023-08-16 06:00:00,236.4,169.0,50.0,0.0,289.0,71.0,44.0,1.0
40519,2023-08-16 07:00:00,196.57,150.0,50.0,0.0,371.0,61.0,44.0,1.0
40520,2023-08-16 08:00:00,181.65,152.0,51.0,0.0,436.0,59.0,44.0,1.0
40521,2023-08-16 09:00:00,181.94,153.0,51.0,0.0,447.0,50.0,44.0,1.0
40522,2023-08-16 10:00:00,180.39,156.0,50.0,0.0,463.0,49.0,44.0,1.0
40523,2023-08-16 11:00:00,177.85,153.0,49.0,0.0,458.0,54.0,44.0,1.0
40524,2023-08-16 12:00:00,187.21,153.0,50.0,0.0,431.0,43.0,45.0,1.0
40525,2023-08-16 13:00:00,211.88,152.0,51.0,0.0,357.0,32.0,44.0,1.0
40526,2023-08-16 14:00:00,277.52,166.0,52.0,0.0,239.0,23.0,45.0,1.0
40527,2023-08-16 15:00:00,359.94,170.0,52.0,0.0,127.0,13.0,51.0,1.0
40528,2023-08-16 16:00:00,469.57,184.0,52.0,0.0,40.0,7.0,56.0,1.0
40529,2023-08-16 17:00:00,537.57,210.0,48.0,0.0,10.0,5.0,57.0,1.0
40530,2023-08-16 18:00:00,558.94,222.0,47.0,0.0,1.0,6.0,57.0,1.0
40531,2023-08-16 19:00:00,539.41,199.0,46.0,0.0,1.0,9.0,57.0,1.0
40532,2023-08-16 20:00:00,503.29,156.0,48.0,0.0,0.0,11.0,56.0,1.0
40533,2023-08-16 21:00:00,470.34,150.0,45.0,0.0,0.0,28.0,55.0,1.0
40534,2023-08-16 22:00:00,455.94,147.0,44.0,0.0,0.0,41.0,49.0,1.0
40535,2023-08-16 23:00:00,482.79,149.0,46.0,0.0,0.0,29.0,46.0,1.0
40536,2023-08-17 00:00:00,522.36,164.0,47.0,0.0,0.0,15.0,46.0,1.0
40537,2023-08-17 01:00:00,528.51,166.0,46.0,0.0,0.0,13.0,46.0,1.0
40538,2023-08-17 02:00:00,513.24,151.0,42.0,0.0,1.0,14.0,46.0,1.0
40539,2023-08-17 03:00:00,494.82,165.0,38.0,0.0,13.0,19.0,47.0,1.0
40540,2023-08-17 04:00:00,457.23,183.0,39.0,0.0,51.0,16.0,47.0,1.0
40541,2023-08-17 05:00:00,361.49,181.0,37.0,0.0,135.0,19.0,47.0,1.0
40542,2023-08-17 06:00:00,259.5,168.0,37.0,0.0,265.0,30.0,46.0,1.0
40543,2023-08-17 07:00:00,208.57,165.0,31.0,0.0,380.0,36.0,46.0,1.0
40544,2023-08-17 08:00:00,175.2,152.0,21.0,0.0,449.0,38.0,46.0,1.0
40545,2023-08-17 09:00:00,168.35,149.0,25.0,0.0,469.0,40.0,47.0,1.0
40546,2023-08-17 10:00:00,169.0,149.0,24.0,0.0,455.0,50.0,47.0,1.0
40547,2023-08-17 11:00:00,173.21,151.0,23.0,0.0,446.0,48.0,46.0,1.0
40548,2023-08-17 12:00:00,174.25,149.0,23.0,0.0,426.0,56.0,47.0,1.0
40549,2023-08-17 13:00:00,197.89,150.0,23.0,0.0,348.0,55.0,45.0,1.0
40550,2023-08-17 14:00:00,235.85,148.0,24.0,0.0,257.0,41.0,46.0,1.0
40551,2023-08-17 15:00:00,321.94,157.0,24.0,0.0,142.0,24.0,52.0,1.0
40552,2023-08-17 16:00:00,451.91,172.0,25.0,0.0,44.0,14.0,55.0,1.0
40553,2023-08-17 17:00:00,506.47,171.0,25.0,0.0,9.0,14.0,56.0,1.0
40554,2023-08-17 18:00:00,497.09,155.0,24.0,0.0,1.0,19.0,56.0,1.0
40555,2023-08-17 19:00:00,475.09,148.0,36.0,0.0,0.0,26.0,55.0,1.0
40556,2023-08-17 20:00:00,474.78,149.0,35.0,0.0,0.0,27.0,55.0,1.0
40557,2023-08-17 21:00:00,462.84,147.0,33.0,0.0,0.0,33.0,55.0,1.0
40558,2023-08-17 22:00:00,453.54,115.0,27.0,0.0,0.0,25.0,48.0,1.0
40559,2023-08-17 23:00:00,93.53,0.0,26.0,0.0,0.0,40.0,42.0,1.0
40560,2023-08-18 00:00:00,78.6,0.0,25.0,0.0,0.0,58.0,41.0,1.0
40561,2023-08-18 01:00:00,93.26,0.0,36.0,0.0,0.0,71.0,41.0,1.0
40562,2023-08-18 02:00:00,107.75,0.0,43.0,0.0,1.0,66.0,42.0,1.0
40563,2023-08-18 03:00:00,106.11,1.0,44.0,0.0,15.0,63.0,42.0,1.0
40564,2023-08-18 04:00:00,145.63,17.0,45.0,0.0,49.0,54.0,41.0,1.0
40565,2023-08-18 05:00:00,291.97,111.0,49.0,0.0,94.0,60.0,38.0,1.0
40566,2023-08-18 06:00:00,281.66,124.0,49.0,0.0,135.0,54.0,38.0,1.0
40567,2023-08-18 07:00:00,285.03,126.0,47.0,0.0,139.0,48.0,38.0,1.0
40568,2023-08-18 08:00:00,214.4,100.0,48.0,0.0,204.0,49.0,38.0,1.0
40569,2023-08-18 09:00:00,169.81,101.0,48.0,0.0,295.0,77.0,38.0,1.0
40570,2023-08-18 10:00:00,162.94,108.0,47.0,0.0,343.0,77.0,38.0,1.0
40571,2023-08-18 11:00:00,165.43,119.0,50.0,0.0,355.0,99.0,38.0,1.0
40572,2023-08-18 12:00:00,172.39,126.0,49.0,0.0,335.0,114.0,39.0,1.0
40573,2023-08-18 13:00:00,187.2,118.0,48.0,0.0,274.0,98.0,38.0,1.0
40574,2023-08-18 14:00:00,277.76,163.0,48.0,0.0,169.0,92.0,39.0,1.0
40575,2023-08-18 15:00:00,353.98,185.0,48.0,0.0,83.0,94.0,38.0,1.0
40576,2023-08-18 16:00:00,412.44,219.0,48.0,0.0,30.0,111.0,39.0,1.0
40577,2023-08-18 17:00:00,436.53,229.0,46.0,0.0,7.0,117.0,39.0,1.0
40578,2023-08-18 18:00:00,429.69,237.0,47.0,0.0,0.0,136.0,40.0,1.0
40579,2023-08-18 19:00:00,446.11,245.0,45.0,0.0,0.0,126.0,39.0,1.0
40580,2023-08-18 20:00:00,448.69,213.0,46.0,0.0,0.0,100.0,40.0,1.0
40581,2023-08-18 21:00:00,411.86,154.0,45.0,0.0,0.0,87.0,39.0,1.0
40582,2023-08-18 22:00:00,273.62,54.0,48.0,0.0,0.0,77.0,37.0,1.0
40583,2023-08-18 23:00:00,150.8,8.0,46.0,0.0,0.0,67.0,35.0,1.0
40584,2023-08-19 00:00:00,150.76,7.0,46.0,0.0,0.0,63.0,35.0,1.0
40585,2023-08-19 01:00:00,161.05,8.0,46.0,0.0,0.0,56.0,36.0,1.0
40586,2023-08-19 02:00:00,167.66,8.0,45.0,0.0,0.0,49.0,36.0,1.0
40587,2023-08-19 03:00:00,172.99,8.0,47.0,0.0,4.0,43.0,36.0,1.0
40588,2023-08-19 04:00:00,173.62,9.0,48.0,0.0,18.0,33.0,36.0,1.0
40589,2023-08-19 05:00:00,163.92,12.0,50.0,0.0,47.0,26.0,36.0,1.0
40590,2023-08-19 06:00:00,128.11,15.0,49.0,0.0,100.0,34.0,36.0,1.0
40591,2023-08-19 07:00:00,109.89,19.0,50.0,0.0,171.0,29.0,35.0,1.0
40592,2023-08-19 08:00:00,87.32,15.0,50.0,0.0,220.0,28.0,35.0,1.0
40593,2023-08-19 09:00:00,93.15,14.0,50.0,0.0,192.0,26.0,36.0,1.0
40594,2023-08-19 10:00:00,90.34,12.0,49.0,0.0,192.0,19.0,35.0,1.0
40595,2023-08-19 11:00:00,86.94,15.0,48.0,0.0,218.0,24.0,36.0,1.0
40596,2023-08-19 12:00:00,97.02,18.0,48.0,0.0,201.0,26.0,36.0,1.0
40597,2023-08-19 13:00:00,102.2,16.0,49.0,0.0,171.0,29.0,36.0,1.0
40598,2023-08-19 14:00:00,131.55,18.0,50.0,0.0,115.0,30.0,35.0,1.0
40599,2023-08-19 15:00:00,159.35,19.0,49.0,0.0,75.0,30.0,34.0,1.0
40600,2023-08-19 16:00:00,194.97,18.0,50.0,0.0,30.0,35.0,34.0,1.0
40601,2023-08-19 17:00:00,223.34,18.0,49.0,0.0,4.0,38.0,35.0,1.0
40602,2023-08-19 18:00:00,229.69,20.0,48.0,0.0,0.0,42.0,35.0,1.0
40603,2023-08-19 19:00:00,213.06,18.0,49.0,0.0,0.0,49.0,35.0,1.0
40604,2023-08-19 20:00:00,206.7,17.0,49.0,0.0,0.0,51.0,35.0,1.0
40605,2023-08-19 21:00:00,196.76,15.0,49.0,0.0,0.0,53.0,35.0,1.0
40606,2023-08-19 22:00:00,198.7,13.0,48.0,0.0,0.0,46.0,34.0,1.0
40607,2023-08-19 23:00:00,206.65,14.0,49.0,0.0,0.0,44.0,34.0,1.0
40608,2023-08-20 00:00:00,205.21,14.0,49.0,0.0,0.0,45.0,34.0,1.0
40609,2023-08-20 01:00:00,199.5,16.0,47.0,0.0,0.0,52.0,35.0,1.0
40610,2023-08-20 02:00:00,197.05,16.0,46.0,0.0,0.0,54.0,34.0,1.0
40611,2023-08-20 03:00:00,216.5,17.0,63.0,0.0,4.0,51.0,34.0,1.0
40612,2023-08-20 04:00:00,201.08,17.0,57.0,0.0,18.0,44.0,35.0,1.0
40613,2023-08-20 05:00:00,184.38,21.0,47.0,0.0,37.0,43.0,35.0,1.0
40614,2023-08-20 06:00:00,164.38,22.0,47.0,0.0,71.0,35.0,35.0,1.0
40615,2023-08-20 07:00:00,142.5,22.0,48.0,0.0,115.0,26.0,34.0,1.0
40616,2023-08-20 08:00:00,124.74,22.0,49.0,0.0,148.0,30.0,34.0,1.0
40617,2023-08-20 09:00:00,100.78,18.0,50.0,0.0,182.0,39.0,35.0,1.0
40618,2023-08-20 10:00:00,89.33,15.0,49.0,0.0,195.0,42.0,35.0,1.0
40619,2023-08-20 11:00:00,98.55,21.0,48.0,0.0,199.0,44.0,35.0,1.0
40620,2023-08-20 12:00:00,99.23,22.0,49.0,0.0,198.0,52.0,35.0,1.0
40621,2023-08-20 13:00:00,117.23,24.0,48.0,0.0,159.0,46.0,34.0,1.0
40622,2023-08-20 14:00:00,148.64,24.0,54.0,0.0,115.0,33.0,34.0,1.0
40623,2023-08-20 15:00:00,196.16,22.0,63.0,0.0,62.0,25.0,34.0,1.0
40624,2023-08-20 16:00:00,247.56,22.0,67.0,0.0,23.0,22.0,35.0,1.0
40625,2023-08-20 17:00:00,273.46,17.0,67.0,0.0,4.0,16.0,35.0,1.0
40626,2023-08-20 18:00:00,331.97,37.0,66.0,0.0,0.0,21.0,35.0,1.0
40627,2023-08-20 19:00:00,381.5,70.0,65.0,0.0,1.0,28.0,39.0,1.0
40628,2023-08-20 20:00:00,427.18,92.0,45.0,0.0,0.0,25.0,41.0,1.0
40629,2023-08-20 21:00:00,487.57,135.0,44.0,0.0,0.0,21.0,44.0,1.0
40630,2023-08-20 22:00:00,591.78,296.0,43.0,0.0,0.0,19.0,49.0,1.0
40631,2023-08-20 23:00:00,598.46,324.0,43.0,0.0,0.0,21.0,50.0,1.0
40632,2023-08-21 00:00:00,592.98,326.0,42.0,0.0,0.0,26.0,50.0,1.0
40633,2023-08-21 01:00:00,595.46,311.0,42.0,0.0,0.0,20.0,50.0,1.0
40634,2023-08-21 02:00:00,599.04,319.0,41.0,0.0,1.0,19.0,50.0,1.0
40635,2023-08-21 03:00:00,593.41,300.0,43.0,0.0,8.0,18.0,42.0,1.0
40636,2023-08-21 04:00:00,577.23,310.0,45.0,0.0,28.0,14.0,40.0,1.0
40637,2023-08-21 05:00:00,529.6,316.0,45.0,0.0,68.0,15.0,41.0,1.0
40638,2023-08-21 06:00:00,487.18,365.0,44.0,0.0,129.0,16.0,49.0,1.0
40639,2023-08-21 07:00:00,480.85,423.0,51.0,0.0,155.0,18.0,61.0,1.0
40640,2023-08-21 08:00:00,481.18,445.0,53.0,0.0,159.0,21.0,66.0,2.0
40641,2023-08-21 09:00:00,496.23,489.0,56.0,0.0,156.0,22.0,68.0,2.0
40642,2023-08-21 10:00:00,493.45,527.0,56.0,0.0,170.0,32.0,69.0,2.0
40643,2023-08-21 11:00:00,462.12,495.0,58.0,0.0,205.0,34.0,69.0,2.0
40644,2023-08-21 12:00:00,458.2,495.0,60.0,0.0,209.0,37.0,69.0,2.0
40645,2023-08-21 13:00:00,461.41,492.0,60.0,0.0,183.0,55.0,69.0,2.0
40646,2023-08-21 14:00:00,474.86,449.0,59.0,0.0,138.0,53.0,66.0,2.0
40647,2023-08-21 15:00:00,525.42,477.0,58.0,0.0,81.0,48.0,67.0,2.0
40648,2023-08-21 16:00:00,577.6,482.0,59.0,0.0,29.0,34.0,68.0,2.0
40649,2023-08-21 17:00:00,606.92,512.0,59.0,0.0,4.0,33.0,69.0,2.0
40650,2023-08-21 18:00:00,600.91,534.0,58.0,0.0,1.0,49.0,69.0,2.0
40651,2023-08-21 19:00:00,589.86,515.0,55.0,0.0,0.0,59.0,69.0,2.0
40652,2023-08-21 20:00:00,572.26,472.0,59.0,0.0,0.0,66.0,68.0,2.0
40653,2023-08-21 21:00:00,530.12,323.0,67.0,0.0,0.0,60.0,60.0,2.0
40654,2023-08-21 22:00:00,542.34,306.0,69.0,0.0,0.0,45.0,56.0,2.0
40655,2023-08-21 23:00:00,542.57,309.0,69.0,0.0,0.0,46.0,56.0,2.0
40656,2023-08-22 00:00:00,535.6,310.0,68.0,0.0,0.0,52.0,57.0,2.0
40657,2023-08-22 01:00:00,538.08,310.0,64.0,0.0,0.0,51.0,57.0,2.0
40658,2023-08-22 02:00:00,540.95,314.0,61.0,0.0,2.0,49.0,57.0,2.0
40659,2023-08-22 03:00:00,523.8,326.0,62.0,0.0,11.0,57.0,61.0,2.0
40660,2023-08-22 04:00:00,520.63,394.0,60.0,0.0,42.0,55.0,67.0,2.0
40661,2023-08-22 05:00:00,517.15,491.0,52.0,0.0,100.0,47.0,69.0,2.0
40662,2023-08-22 06:00:00,468.96,491.0,34.0,0.0,183.0,47.0,68.0,2.0
40663,2023-08-22 07:00:00,399.73,449.0,21.0,0.0,276.0,61.0,67.0,2.0
40664,2023-08-22 08:00:00,347.08,397.0,21.0,0.0,331.0,78.0,66.0,2.0
40665,2023-08-22 09:00:00,355.4,411.0,21.0,0.0,328.0,76.0,66.0,2.0
40666,2023-08-22 10:00:00,336.11,377.0,21.0,0.0,319.0,94.0,66.0,2.0
40667,2023-08-22 11:00:00,333.87,348.0,22.0,0.0,280.0,103.0,65.0,2.0
40668,2023-08-22 12:00:00,348.52,350.0,24.0,0.0,245.0,107.0,64.0,2.0
40669,2023-08-22 13:00:00,353.99,317.0,26.0,0.0,203.0,105.0,58.0,2.0
40670,2023-08-22 14:00:00,424.38,355.0,27.0,0.0,125.0,88.0,65.0,2.0
40671,2023-08-22 15:00:00,473.23,341.0,37.0,0.0,62.0,75.0,62.0,2.0
40672,2023-08-22 16:00:00,525.94,395.0,37.0,0.0,24.0,74.0,67.0,2.0
40673,2023-08-22 17:00:00,563.04,446.0,41.0,0.0,4.0,70.0,68.0,2.0
40674,2023-08-22 18:00:00,576.5,462.0,42.0,0.0,1.0,63.0,68.0,2.0
40675,2023-08-22 19:00:00,521.77,327.0,43.0,0.0,1.0,71.0,65.0,2.0
40676,2023-08-22 20:00:00,480.07,243.0,44.0,0.0,0.0,69.0,63.0,2.0
40677,2023-08-22 21:00:00,440.64,185.0,48.0,0.0,0.0,67.0,60.0,2.0
40678,2023-08-22 22:00:00,423.62,162.0,66.0,0.0,0.0,66.0,55.0,2.0
40679,2023-08-22 23:00:00,428.72,155.0,69.0,0.0,0.0,58.0,53.0,2.0
40680,2023-08-23 00:00:00,432.43,159.0,70.0,0.0,0.0,58.0,53.0,2.0
40681,2023-08-23 01:00:00,442.99,169.0,70.0,0.0,0.0,54.0,56.0,2.0
40682,2023-08-23 02:00:00,436.54,162.0,70.0,0.0,1.0,55.0,54.0,2.0
40683,2023-08-23 03:00:00,442.36,182.0,69.0,0.0,9.0,53.0,58.0,2.0
40684,2023-08-23 04:00:00,448.49,246.0,71.0,0.0,39.0,57.0,63.0,2.0
40685,2023-08-23 05:00:00,409.23,245.0,71.0,0.0,98.0,44.0,62.0,2.0
40686,2023-08-23 06:00:00,370.13,261.0,71.0,0.0,173.0,39.0,64.0,2.0
40687,2023-08-23 07:00:00,321.67,242.0,71.0,0.0,243.0,36.0,63.0,2.0
40688,2023-08-23 08:00:00,269.51,204.0,71.0,0.0,298.0,42.0,60.0,2.0
40689,2023-08-23 09:00:00,249.48,197.0,73.0,0.0,336.0,46.0,59.0,2.0
40690,2023-08-23 10:00:00,240.15,196.0,72.0,0.0,361.0,46.0,59.0,2.0
40691,2023-08-23 11:00:00,236.3,196.0,72.0,0.0,366.0,53.0,59.0,2.0
40692,2023-08-23 12:00:00,248.63,198.0,72.0,0.0,334.0,51.0,60.0,2.0
40693,2023-08-23 13:00:00,284.37,216.0,72.0,0.0,274.0,48.0,63.0,2.0
40694,2023-08-23 14:00:00,313.59,202.0,71.0,0.0,198.0,43.0,61.0,2.0
40695,2023-08-23 15:00:00,379.26,205.0,75.0,0.0,107.0,37.0,61.0,2.0
40696,2023-08-23 16:00:00,487.57,255.0,74.0,0.0,36.0,26.0,63.0,2.0
40697,2023-08-23 17:00:00,531.04,272.0,74.0,0.0,6.0,24.0,65.0,2.0
40698,2023-08-23 18:00:00,525.39,262.0,75.0,0.0,1.0,29.0,65.0,2.0
40699,2023-08-23 19:00:00,512.12,232.0,74.0,0.0,0.0,29.0,63.0,2.0
40700,2023-08-23 20:00:00,484.37,179.0,73.0,0.0,0.0,27.0,58.0,2.0
40701,2023-08-23 21:00:00,458.34,130.0,73.0,0.0,0.0,16.0,56.0,2.0
40702,2023-08-23 22:00:00,462.51,123.0,73.0,0.0,0.0,11.0,54.0,2.0
40703,2023-08-23 23:00:00,457.27,116.0,75.0,0.0,0.0,11.0,52.0,2.0
40704,2023-08-24 00:00:00,451.65,116.0,76.0,0.0,0.0,14.0,52.0,2.0
40705,2023-08-24 01:00:00,452.28,118.0,76.0,0.0,0.0,13.0,54.0,2.0
40706,2023-08-24 02:00:00,473.77,144.0,75.0,0.0,0.0,13.0,58.0,2.0
40707,2023-08-24 03:00:00,462.33,148.0,74.0,0.0,9.0,14.0,58.0,2.0
40708,2023-08-24 04:00:00,416.06,152.0,76.0,0.0,41.0,17.0,60.0,2.0
40709,2023-08-24 05:00:00,363.28,157.0,75.0,0.0,97.0,16.0,61.0,2.0
40710,2023-08-24 06:00:00,302.09,151.0,77.0,0.0,166.0,21.0,61.0,2.0
40711,2023-08-24 07:00:00,263.24,147.0,77.0,0.0,232.0,21.0,58.0,2.0
40712,2023-08-24 08:00:00,228.77,148.0,75.0,0.0,308.0,27.0,58.0,2.0
40713,2023-08-24 09:00:00,186.92,127.0,74.0,0.0,375.0,36.0,55.0,2.0
40714,2023-08-24 10:00:00,180.9,116.0,73.0,0.0,363.0,36.0,53.0,2.0
40715,2023-08-24 11:00:00,207.82,145.0,72.0,0.0,345.0,41.0,59.0,2.0
40716,2023-08-24 12:00:00,205.2,129.0,73.0,0.0,316.0,39.0,56.0,2.0
40717,2023-08-24 13:00:00,237.23,146.0,74.0,0.0,271.0,36.0,59.0,2.0
40718,2023-08-24 14:00:00,316.47,169.0,74.0,0.0,163.0,26.0,62.0,2.0
40719,2023-08-24 15:00:00,375.36,161.0,73.0,0.0,74.0,30.0,61.0,2.0
40720,2023-08-24 16:00:00,418.48,158.0,75.0,0.0,25.0,37.0,59.0,2.0
40721,2023-08-24 17:00:00,461.1,156.0,74.0,0.0,5.0,23.0,59.0,2.0
40722,2023-08-24 18:00:00,471.78,158.0,74.0,0.0,1.0,20.0,60.0,2.0
40723,2023-08-24 19:00:00,467.57,156.0,72.0,0.0,0.0,23.0,60.0,2.0
40724,2023-08-24 20:00:00,466.54,160.0,73.0,0.0,0.0,26.0,60.0,2.0
40725,2023-08-24 21:00:00,434.66,123.0,72.0,0.0,0.0,27.0,55.0,2.0
40726,2023-08-24 22:00:00,437.37,122.0,56.0,0.0,0.0,27.0,55.0,2.0
40727,2023-08-24 23:00:00,443.97,116.0,49.0,0.0,0.0,22.0,53.0,2.0
40728,2023-08-25 00:00:00,470.25,123.0,48.0,0.0,0.0,12.0,54.0,2.0
40729,2023-08-25 01:00:00,483.81,147.0,48.0,0.0,0.0,14.0,59.0,2.0
40730,2023-08-25 02:00:00,485.49,150.0,47.0,0.0,1.0,14.0,59.0,2.0
40731,2023-08-25 03:00:00,484.62,154.0,46.0,0.0,7.0,10.0,60.0,2.0
40732,2023-08-25 04:00:00,427.06,151.0,48.0,0.0,39.0,13.0,60.0,2.0
40733,2023-08-25 05:00:00,354.17,155.0,48.0,0.0,104.0,16.0,61.0,2.0
40734,2023-08-25 06:00:00,283.29,160.0,48.0,0.0,204.0,21.0,61.0,2.0
40735,2023-08-25 07:00:00,220.46,151.0,49.0,0.0,319.0,27.0,60.0,2.0
40736,2023-08-25 08:00:00,196.57,152.0,47.0,0.0,389.0,31.0,61.0,2.0
40737,2023-08-25 09:00:00,195.65,155.0,64.0,0.0,414.0,32.0,62.0,2.0
40738,2023-08-25 10:00:00,202.62,160.0,68.0,0.0,406.0,33.0,61.0,2.0
40739,2023-08-25 11:00:00,208.13,153.0,73.0,0.0,372.0,33.0,61.0,2.0
40740,2023-08-25 12:00:00,233.29,154.0,74.0,0.0,302.0,31.0,61.0,2.0
40741,2023-08-25 13:00:00,281.87,161.0,73.0,0.0,213.0,23.0,62.0,2.0
40742,2023-08-25 14:00:00,351.86,162.0,74.0,0.0,116.0,16.0,61.0,2.0
40743,2023-08-25 15:00:00,418.79,162.0,75.0,0.0,51.0,12.0,61.0,2.0
40744,2023-08-25 16:00:00,468.85,160.0,75.0,0.0,17.0,8.0,59.0,2.0
40745,2023-08-25 17:00:00,495.29,164.0,75.0,0.0,2.0,8.0,59.0,2.0
40746,2023-08-25 18:00:00,490.54,154.0,73.0,0.0,0.0,8.0,59.0,2.0
40747,2023-08-25 19:00:00,480.21,144.0,71.0,0.0,1.0,10.0,57.0,2.0
40748,2023-08-25 20:00:00,488.62,165.0,70.0,0.0,0.0,14.0,61.0,2.0
40749,2023-08-25 21:00:00,476.04,140.0,67.0,0.0,0.0,12.0,57.0,2.0
40750,2023-08-25 22:00:00,464.54,132.0,66.0,0.0,0.0,15.0,56.0,2.0
40751,2023-08-25 23:00:00,471.45,149.0,68.0,0.0,0.0,18.0,59.0,2.0
40752,2023-08-26 00:00:00,442.49,122.0,68.0,0.0,0.0,22.0,55.0,2.0
40753,2023-08-26 01:00:00,434.87,126.0,66.0,0.0,0.0,29.0,56.0,2.0
40754,2023-08-26 02:00:00,428.05,128.0,66.0,0.0,0.0,35.0,56.0,2.0
40755,2023-08-26 03:00:00,389.55,114.0,67.0,0.0,3.0,50.0,53.0,2.0
40756,2023-08-26 04:00:00,363.89,121.0,67.0,0.0,22.0,57.0,55.0,2.0
40757,2023-08-26 05:00:00,312.37,120.0,67.0,0.0,70.0,61.0,55.0,2.0
40758,2023-08-26 06:00:00,275.35,137.0,66.0,0.0,152.0,56.0,58.0,2.0
40759,2023-08-26 07:00:00,244.95,157.0,65.0,0.0,252.0,54.0,60.0,2.0
40760,2023-08-26 08:00:00,207.58,135.0,68.0,0.0,301.0,58.0,57.0,2.0
40761,2023-08-26 09:00:00,200.95,132.0,69.0,0.0,309.0,62.0,58.0,2.0
40762,2023-08-26 10:00:00,211.08,128.0,66.0,0.0,273.0,56.0,57.0,2.0
40763,2023-08-26 11:00:00,212.99,116.0,67.0,0.0,232.0,63.0,54.0,1.0
40764,2023-08-26 12:00:00,223.62,121.0,66.0,0.0,209.0,70.0,56.0,1.0
40765,2023-08-26 13:00:00,253.39,138.0,67.0,0.0,175.0,75.0,58.0,1.0
40766,2023-08-26 14:00:00,316.02,157.0,68.0,0.0,107.0,65.0,61.0,1.0
40767,2023-08-26 15:00:00,368.05,155.0,70.0,0.0,52.0,55.0,59.0,1.0
40768,2023-08-26 16:00:00,402.4,153.0,67.0,0.0,17.0,55.0,59.0,1.0
40769,2023-08-26 17:00:00,410.57,153.0,67.0,0.0,2.0,62.0,60.0,1.0
40770,2023-08-26 18:00:00,409.63,166.0,66.0,0.0,1.0,73.0,62.0,1.0
40771,2023-08-26 19:00:00,404.46,163.0,67.0,0.0,0.0,76.0,62.0,1.0
40772,2023-08-26 20:00:00,436.51,176.0,64.0,0.0,0.0,57.0,64.0,1.0
40773,2023-08-26 21:00:00,446.42,182.0,65.0,0.0,0.0,54.0,63.0,1.0
40774,2023-08-26 22:00:00,447.98,186.0,68.0,0.0,0.0,55.0,63.0,1.0
40775,2023-08-26 23:00:00,448.53,161.0,69.0,0.0,0.0,42.0,58.0,1.0
40776,2023-08-27 00:00:00,451.19,158.0,69.0,0.0,0.0,37.0,59.0,1.0
40777,2023-08-27 01:00:00,461.58,160.0,69.0,0.0,0.0,31.0,59.0,1.0
40778,2023-08-27 02:00:00,487.61,187.0,69.0,0.0,0.0,26.0,62.0,1.0
40779,2023-08-27 03:00:00,481.97,180.0,69.0,0.0,3.0,24.0,61.0,1.0
40780,2023-08-27 04:00:00,472.13,177.0,70.0,0.0,14.0,19.0,60.0,1.0
40781,2023-08-27 05:00:00,434.43,165.0,74.0,0.0,32.0,22.0,59.0,1.0
40782,2023-08-27 06:00:00,404.96,178.0,75.0,0.0,63.0,26.0,61.0,1.0
40783,2023-08-27 07:00:00,382.83,184.0,83.0,0.0,95.0,24.0,60.0,1.0
40784,2023-08-27 08:00:00,365.32,191.0,84.0,0.0,126.0,20.0,62.0,1.0
40785,2023-08-27 09:00:00,339.37,183.0,83.0,0.0,149.0,25.0,61.0,1.0
40786,2023-08-27 10:00:00,344.12,221.0,83.0,0.0,182.0,36.0,56.0,1.0
40787,2023-08-27 11:00:00,328.4,241.0,83.0,0.0,240.0,32.0,56.0,1.0
40788,2023-08-27 12:00:00,295.94,217.0,83.0,0.0,270.0,34.0,58.0,1.0
40789,2023-08-27 13:00:00,328.58,223.0,83.0,0.0,217.0,28.0,59.0,1.0
40790,2023-08-27 14:00:00,397.3,239.0,82.0,0.0,132.0,21.0,60.0,1.0
40791,2023-08-27 15:00:00,439.13,219.0,72.0,0.0,76.0,17.0,56.0,1.0
40792,2023-08-27 16:00:00,505.32,227.0,73.0,0.0,25.0,12.0,58.0,1.0
40793,2023-08-27 17:00:00,537.27,230.0,72.0,0.0,3.0,12.0,58.0,1.0
40794,2023-08-27 18:00:00,561.6,244.0,71.0,0.0,1.0,8.0,53.0,1.0
40795,2023-08-27 19:00:00,557.86,237.0,71.0,0.0,0.0,4.0,58.0,1.0
40796,2023-08-27 20:00:00,551.55,224.0,72.0,0.0,0.0,4.0,57.0,1.0
40797,2023-08-27 21:00:00,544.53,209.0,71.0,0.0,0.0,5.0,55.0,1.0
40798,2023-08-27 22:00:00,541.69,212.0,71.0,0.0,0.0,8.0,55.0,1.0
40799,2023-08-27 23:00:00,541.25,213.0,70.0,0.0,0.0,10.0,54.0,1.0
40800,2023-08-28 00:00:00,534.87,211.0,71.0,0.0,0.0,12.0,55.0,1.0
40801,2023-08-28 01:00:00,522.11,217.0,72.0,0.0,0.0,22.0,56.0,1.0
40802,2023-08-28 02:00:00,513.73,217.0,72.0,0.0,0.0,28.0,56.0,1.0
40803,2023-08-28 03:00:00,506.59,223.0,73.0,0.0,3.0,32.0,57.0,1.0
40804,2023-08-28 04:00:00,498.83,242.0,73.0,0.0,9.0,39.0,60.0,1.0
40805,2023-08-28 05:00:00,478.59,234.0,74.0,0.0,14.0,48.0,59.0,1.0
40806,2023-08-28 06:00:00,467.23,261.0,71.0,0.0,24.0,66.0,59.0,1.0
40807,2023-08-28 07:00:00,483.11,361.0,73.0,0.0,33.0,93.0,64.0,1.0
40808,2023-08-28 08:00:00,465.54,349.0,73.0,0.0,35.0,113.0,58.0,1.0
40809,2023-08-28 09:00:00,454.3,366.0,73.0,0.0,40.0,135.0,58.0,1.0
40810,2023-08-28 10:00:00,440.61,385.0,71.0,0.0,51.0,153.0,64.0,1.0
40811,2023-08-28 11:00:00,397.01,369.0,71.0,0.0,67.0,200.0,66.0,1.0
40812,2023-08-28 12:00:00,345.2,343.0,72.0,0.0,101.0,254.0,63.0,1.0
40813,2023-08-28 13:00:00,310.58,314.0,72.0,0.0,102.0,308.0,59.0,1.0
40814,2023-08-28 14:00:00,319.66,314.0,74.0,0.0,84.0,302.0,59.0,1.0
40815,2023-08-28 15:00:00,352.4,356.0,72.0,0.0,58.0,294.0,64.0,1.0
40816,2023-08-28 16:00:00,388.13,360.0,73.0,0.0,22.0,255.0,65.0,1.0
40817,2023-08-28 17:00:00,410.81,341.0,73.0,0.0,3.0,217.0,63.0,1.0
40818,2023-08-28 18:00:00,418.72,340.0,73.0,0.0,1.0,205.0,63.0,1.0
40819,2023-08-28 19:00:00,437.06,351.0,76.0,0.0,0.0,184.0,64.0,1.0
40820,2023-08-28 20:00:00,453.93,356.0,72.0,0.0,0.0,163.0,64.0,1.0
40821,2023-08-28 21:00:00,463.52,310.0,72.0,0.0,0.0,126.0,58.0,1.0
40822,2023-08-28 22:00:00,476.07,317.0,73.0,0.0,0.0,116.0,57.0,1.0
40823,2023-08-28 23:00:00,492.61,327.0,75.0,0.0,0.0,102.0,57.0,1.0
40824,2023-08-29 00:00:00,497.15,323.0,74.0,0.0,0.0,93.0,59.0,1.0
40825,2023-08-29 01:00:00,507.56,321.0,73.0,0.0,0.0,81.0,59.0,1.0
40826,2023-08-29 02:00:00,511.84,319.0,75.0,0.0,0.0,76.0,58.0,1.0
40827,2023-08-29 03:00:00,503.6,327.0,74.0,0.0,7.0,81.0,59.0,1.0
40828,2023-08-29 04:00:00,490.49,364.0,74.0,0.0,47.0,69.0,66.0,1.0
40829,2023-08-29 05:00:00,446.43,365.0,74.0,0.0,123.0,54.0,67.0,1.0
40830,2023-08-29 06:00:00,397.44,361.0,69.0,0.0,212.0,49.0,64.0,1.0
40831,2023-08-29 07:00:00,363.77,360.0,75.0,0.0,280.0,50.0,64.0,1.0
40832,2023-08-29 08:00:00,341.92,355.0,76.0,0.0,327.0,51.0,63.0,1.0
40833,2023-08-29 09:00:00,316.15,322.0,77.0,0.0,349.0,57.0,60.0,1.0
40834,2023-08-29 10:00:00,328.48,334.0,75.0,0.0,339.0,50.0,60.0,1.0
40835,2023-08-29 11:00:00,357.85,354.0,76.0,0.0,302.0,35.0,64.0,1.0
40836,2023-08-29 12:00:00,394.16,359.0,76.0,0.0,230.0,34.0,65.0,1.0
40837,2023-08-29 13:00:00,420.1,363.0,76.0,0.0,182.0,38.0,65.0,1.0
40838,2023-08-29 14:00:00,355.16,271.3333333333333,66.0,0.0,123.0,128.66666666666666,61.0,1.0
40839,2023-08-29 15:00:00,368.1,256.1111111111111,62.66666666666666,0.0,61.0,151.2222222222222,61.333333333333336,1.0
40840,2023-08-29 16:00:00,437.46,279.27777777777777,65.41666666666666,0.0,21.0,112.55555555555554,62.583333333333336,1.0
40841,2023-08-29 17:00:00,576.51,358.0,78.0,0.0,2.0,20.0,64.0,1.0
40842,2023-08-29 18:00:00,574.45,348.0,77.0,0.0,1.0,21.0,63.0,1.0
40843,2023-08-29 19:00:00,570.74,355.0,76.0,0.0,1.0,26.0,64.0,1.0
40844,2023-08-29 20:00:00,574.27,344.0,71.0,0.0,0.0,24.0,62.0,1.0
40845,2023-08-29 21:00:00,572.39,342.0,71.0,0.0,0.0,25.0,62.0,1.0
40846,2023-08-29 22:00:00,546.19,307.0,72.0,0.0,0.0,40.0,57.0,1.0
40847,2023-08-29 23:00:00,536.38,306.0,73.0,0.0,0.0,49.0,56.0,1.0
40848,2023-08-30 00:00:00,519.55,306.0,72.0,0.0,0.0,65.0,56.0,1.0
40849,2023-08-30 01:00:00,507.14,307.0,71.0,0.0,0.0,77.0,57.0,1.0
40850,2023-08-30 02:00:00,491.7,310.0,70.0,0.0,0.0,95.0,57.0,1.0
40851,2023-08-30 03:00:00,444.27,312.0,48.0,0.0,8.0,149.0,57.0,1.0
40852,2023-08-30 04:00:00,471.67,349.0,49.0,0.0,27.0,114.0,62.0,1.0
40853,2023-08-30 05:00:00,499.63,358.0,49.0,0.0,18.0,93.0,63.0,1.0
40854,2023-08-30 06:00:00,489.4,355.0,47.0,0.0,12.0,110.0,63.0,1.0
40855,2023-08-30 07:00:00,429.4,347.0,47.0,0.0,53.0,145.0,63.0,1.0
40856,2023-08-30 08:00:00,379.62,348.0,48.0,0.0,131.0,154.0,63.0,1.0
40857,2023-08-30 09:00:00,390.96,354.0,49.0,0.0,139.0,130.0,63.0,1.0
40858,2023-08-30 10:00:00,379.63,357.0,48.0,0.0,188.0,105.0,64.0,1.0
40859,2023-08-30 11:00:00,367.49,354.0,49.0,0.0,229.0,85.0,65.0,1.0
40860,2023-08-30 12:00:00,337.23,282.0,49.0,0.0,210.0,85.0,64.0,1.0
40861,2023-08-30 13:00:00,270.32,139.0,49.0,0.0,150.0,61.0,60.0,1.0
40862,2023-08-30 14:00:00,311.59,137.0,48.0,0.0,102.0,46.0,59.0,1.0
40863,2023-08-30 15:00:00,381.37,141.0,50.0,0.0,49.0,31.0,59.0,1.0
40864,2023-08-30 16:00:00,434.98,143.0,48.0,0.0,16.0,24.0,60.0,1.0
40865,2023-08-30 17:00:00,459.31,148.0,47.0,0.0,2.0,25.0,61.0,1.0
40866,2023-08-30 18:00:00,469.32,152.0,49.0,0.0,0.0,21.0,63.0,1.0
40867,2023-08-30 19:00:00,468.48,156.0,49.0,0.0,0.0,23.0,64.0,1.0
40868,2023-08-30 20:00:00,468.21,157.0,48.0,0.0,0.0,24.0,64.0,1.0
40869,2023-08-30 21:00:00,420.96,157.0,48.0,0.0,0.0,57.0,64.0,1.0
40870,2023-08-30 22:00:00,393.83,152.0,46.0,0.0,0.0,76.0,63.0,1.0
40871,2023-08-30 23:00:00,439.21,156.0,46.0,0.0,0.0,44.0,63.0,1.0
40872,2023-08-31 00:00:00,441.89,157.0,45.0,0.0,0.0,43.0,63.0,1.0
40873,2023-08-31 01:00:00,418.61,158.0,45.0,0.0,0.0,61.0,63.0,1.0
40874,2023-08-31 02:00:00,436.56,160.0,45.0,0.0,0.0,48.0,64.0,1.0
40875,2023-08-31 03:00:00,432.71,164.0,44.0,0.0,3.0,53.0,62.0,1.0
40876,2023-08-31 04:00:00,470.22,244.0,45.0,0.0,19.0,59.0,63.0,1.0
40877,2023-08-31 05:00:00,443.53,256.0,48.0,0.0,37.0,74.0,64.0,1.0
40878,2023-08-31 06:00:00,433.96,271.0,47.0,0.0,53.0,80.0,64.0,1.0
40879,2023-08-31 07:00:00,415.69,286.0,48.0,0.0,80.0,88.0,64.0,1.0
40880,2023-08-31 08:00:00,404.19,303.0,61.0,0.0,104.0,93.0,65.0,1.0
40881,2023-08-31 09:00:00,390.14,303.0,72.0,0.0,131.0,90.0,63.0,1.0
40882,2023-08-31 10:00:00,408.56,362.0,72.0,0.0,131.0,109.0,65.0,1.0
40883,2023-08-31 11:00:00,410.46,376.0,67.0,0.0,124.0,125.0,65.0,1.0
40884,2023-08-31 12:00:00,387.52,342.0,71.0,0.0,137.0,126.0,63.0,1.0
40885,2023-08-31 13:00:00,381.39,327.0,71.0,0.0,113.0,146.0,64.0,1.0
40886,2023-08-31 14:00:00,433.07,338.0,72.0,0.0,81.0,100.0,64.0,1.0
40887,2023-08-31 15:00:00,489.56,351.0,74.0,0.0,47.0,65.0,64.0,1.0
40888,2023-08-31 16:00:00,544.91,356.0,61.0,0.0,15.0,42.0,64.0,1.0
40889,2023-08-31 17:00:00,583.54,369.0,48.0,0.0,2.0,27.0,65.0,1.0
40890,2023-08-31 18:00:00,592.25,366.0,47.0,0.0,0.0,22.0,64.0,1.0
40891,2023-08-31 19:00:00,602.45,361.0,45.0,0.0,0.0,12.0,65.0,1.0
40892,2023-08-31 20:00:00,593.22,320.0,45.0,0.0,0.0,10.0,63.0,1.0
40893,2023-08-31 21:00:00,571.25,268.0,47.0,0.0,0.0,9.0,63.0,1.0
40894,2023-08-31 22:00:00,531.13,190.0,46.0,0.0,0.0,9.0,59.0,1.0
40895,2023-08-31 23:00:00,497.96,149.0,45.0,0.0,0.0,11.0,56.0,1.0
40896,2023-09-01 00:00:00,489.65,150.0,45.0,0.0,0.0,17.0,55.0,1.0
40897,2023-09-01 01:00:00,481.95,151.0,53.0,0.0,0.0,19.0,56.0,1.0
40898,2023-09-01 02:00:00,462.22,152.0,61.0,0.0,0.0,30.0,56.0,1.0
40899,2023-09-01 03:00:00,447.16,156.0,72.0,0.0,2.0,39.0,56.0,1.0
40900,2023-09-01 04:00:00,414.25,185.0,73.0,0.0,20.0,66.0,61.0,1.0
40901,2023-09-01 05:00:00,398.22,234.0,71.0,0.0,62.0,84.0,62.0,1.0
40902,2023-09-01 06:00:00,345.55,248.0,69.0,0.0,124.0,116.0,63.0,1.0
40903,2023-09-01 07:00:00,268.36,216.0,69.0,0.0,224.0,139.0,60.0,1.0
40904,2023-09-01 08:00:00,224.96,207.0,70.0,0.0,326.0,153.0,60.0,1.0
40905,2023-09-01 09:00:00,185.08,169.0,72.0,0.0,403.0,138.0,58.0,1.0
40906,2023-09-01 10:00:00,162.61,146.0,73.0,0.0,438.0,139.0,55.0,1.0
40907,2023-09-01 11:00:00,163.4,147.0,71.0,0.0,428.0,145.0,56.0,1.0
40908,2023-09-01 12:00:00,171.12,140.0,73.0,0.0,378.0,136.0,55.0,1.0
40909,2023-09-01 13:00:00,201.73,158.0,73.0,0.0,323.0,122.0,55.0,1.0
40910,2023-09-01 14:00:00,237.64,151.0,73.0,0.0,214.0,105.0,55.0,1.0
40911,2023-09-01 15:00:00,332.96,170.0,74.0,0.0,93.0,76.0,58.0,1.0
40912,2023-09-01 16:00:00,447.12,211.0,75.0,0.0,22.0,52.0,61.0,1.0
40913,2023-09-01 17:00:00,477.24,237.0,74.0,0.0,3.0,57.0,64.0,1.0
40914,2023-09-01 18:00:00,460.06,224.0,73.0,0.0,1.0,69.0,62.0,1.0
40915,2023-09-01 19:00:00,417.15,181.0,72.0,0.0,0.0,82.0,59.0,1.0
40916,2023-09-01 20:00:00,424.85,185.0,72.0,0.0,0.0,78.0,59.0,1.0
40917,2023-09-01 21:00:00,334.51,109.0,72.0,0.0,0.0,92.0,55.0,1.0
40918,2023-09-01 22:00:00,334.85,111.0,70.0,0.0,0.0,90.0,59.0,1.0
40919,2023-09-01 23:00:00,322.47,103.0,71.0,0.0,0.0,94.0,57.0,1.0
40920,2023-09-02 00:00:00,332.56,103.0,70.0,0.0,0.0,84.0,57.0,1.0
40921,2023-09-02 01:00:00,330.44,100.0,69.0,0.0,0.0,83.0,56.0,1.0
40922,2023-09-02 02:00:00,323.85,100.0,67.0,0.0,0.0,90.0,55.0,1.0
40923,2023-09-02 03:00:00,318.09,103.0,68.0,0.0,4.0,96.0,55.0,1.0
40924,2023-09-02 04:00:00,292.51,102.0,68.0,0.0,26.0,101.0,55.0,1.0
40925,2023-09-02 05:00:00,288.03,114.0,71.0,0.0,66.0,86.0,56.0,1.0
40926,2023-09-02 06:00:00,281.4,125.0,71.0,0.0,102.0,75.0,59.0,1.0
40927,2023-09-02 07:00:00,277.29,142.0,71.0,0.0,130.0,79.0,63.0,1.0
40928,2023-09-02 08:00:00,237.42,124.0,71.0,0.0,159.0,93.0,62.0,1.0
40929,2023-09-02 09:00:00,212.69,113.0,71.0,0.0,192.0,88.0,65.0,1.0
40930,2023-09-02 10:00:00,197.55,117.0,71.0,0.0,210.0,118.0,69.0,1.0
40931,2023-09-02 11:00:00,167.93,114.0,72.0,0.0,262.0,159.0,70.0,1.0
40932,2023-09-02 12:00:00,165.04,113.0,71.0,0.0,272.0,153.0,73.0,1.0
40933,2023-09-02 13:00:00,193.32,128.0,72.0,0.0,226.0,144.0,73.0,1.0
40934,2023-09-02 14:00:00,238.75,142.0,72.0,0.0,143.0,134.0,74.0,1.0
40935,2023-09-02 15:00:00,317.28,165.0,90.0,0.0,57.0,110.0,79.0,1.0
40936,2023-09-02 16:00:00,359.49,164.0,92.0,0.0,16.0,86.0,84.0,1.0
40937,2023-09-02 17:00:00,378.31,166.0,91.0,0.0,2.0,80.0,84.0,1.0
40938,2023-09-02 18:00:00,391.39,165.0,89.0,0.0,1.0,67.0,83.0,1.0
40939,2023-09-02 19:00:00,366.32,141.0,90.0,0.0,0.0,77.0,76.0,1.0
40940,2023-09-02 20:00:00,364.68,144.0,91.0,0.0,0.0,76.0,82.0,1.0
40941,2023-09-02 21:00:00,352.91,117.0,91.0,0.0,0.0,60.0,80.0,1.0
40942,2023-09-02 22:00:00,355.42,114.0,88.0,0.0,0.0,56.0,78.0,1.0
40943,2023-09-02 23:00:00,357.27,112.0,88.0,0.0,0.0,56.0,74.0,1.0
40944,2023-09-03 00:00:00,366.3,114.0,89.0,0.0,0.0,52.0,72.0,1.0
40945,2023-09-03 01:00:00,391.43,113.0,89.0,0.0,0.0,34.0,68.0,1.0
40946,2023-09-03 02:00:00,403.02,115.0,89.0,0.0,0.0,30.0,65.0,1.0
40947,2023-09-03 03:00:00,405.6,115.0,90.0,0.0,3.0,25.0,65.0,1.0
40948,2023-09-03 04:00:00,373.14,115.0,91.0,0.0,28.0,24.0,67.0,1.0
40949,2023-09-03 05:00:00,334.74,132.0,91.0,0.0,81.0,27.0,70.0,1.0
40950,2023-09-03 06:00:00,279.67,129.0,91.0,0.0,153.0,28.0,71.0,1.0
40951,2023-09-03 07:00:00,217.69,115.0,87.0,0.0,244.0,36.0,69.0,1.0
40952,2023-09-03 08:00:00,181.35,115.0,72.0,0.0,332.0,44.0,68.0,1.0
40953,2023-09-03 09:00:00,176.45,121.0,68.0,0.0,365.0,43.0,69.0,1.0
40954,2023-09-03 10:00:00,187.79,148.0,68.0,0.0,397.0,48.0,74.0,1.0
40955,2023-09-03 11:00:00,160.22,122.0,54.0,0.0,415.0,47.0,68.0,1.0
40956,2023-09-03 12:00:00,188.29,146.0,68.0,0.0,399.0,39.0,73.0,1.0
40957,2023-09-03 13:00:00,222.84,158.0,69.0,0.0,320.0,33.0,75.0,1.0
40958,2023-09-03 14:00:00,258.88,153.0,69.0,0.0,220.0,32.0,75.0,1.0
40959,2023-09-03 15:00:00,341.6,149.0,70.0,1.0,92.0,22.0,74.0,1.0
40960,2023-09-03 16:00:00,429.38,160.0,69.0,0.0,20.0,18.0,76.0,1.0
40961,2023-09-03 17:00:00,452.83,160.0,70.0,0.0,1.0,19.0,76.0,1.0
40962,2023-09-03 18:00:00,452.74,167.0,69.0,0.0,1.0,23.0,77.0,1.0
40963,2023-09-03 19:00:00,443.71,166.0,70.0,0.0,0.0,31.0,76.0,1.0
40964,2023-09-03 20:00:00,438.9,162.0,69.0,0.0,0.0,28.0,80.0,1.0
40965,2023-09-03 21:00:00,419.64,144.0,69.0,0.0,0.0,29.0,80.0,1.0
40966,2023-09-03 22:00:00,387.08,119.0,71.0,0.0,0.0,36.0,76.0,1.0
40967,2023-09-03 23:00:00,394.14,140.0,72.0,0.0,0.0,42.0,84.0,1.0
40968,2023-09-04 00:00:00,370.95,136.0,72.0,0.0,0.0,56.0,87.0,1.0
40969,2023-09-04 01:00:00,353.25,112.0,72.0,0.0,0.0,47.0,86.0,1.0
40970,2023-09-04 02:00:00,387.21,143.0,71.0,0.0,0.0,39.0,96.0,1.0
40971,2023-09-04 03:00:00,378.57,144.0,71.0,0.0,4.0,42.0,98.0,1.0
40972,2023-09-04 04:00:00,357.83,161.0,72.0,0.0,31.0,52.0,101.0,1.0
40973,2023-09-04 05:00:00,300.21,162.0,73.0,0.0,106.0,58.0,102.0,1.0
40974,2023-09-04 06:00:00,227.5,146.0,73.0,0.0,225.0,64.0,100.0,1.0
40975,2023-09-04 07:00:00,180.35,131.0,73.0,0.0,342.0,63.0,95.0,1.0
40976,2023-09-04 08:00:00,170.71,127.0,73.0,0.0,374.0,61.0,91.0,1.0
40977,2023-09-04 09:00:00,158.05,116.0,72.0,0.0,391.0,62.0,88.0,1.0
40978,2023-09-04 10:00:00,164.69,120.0,72.0,0.0,379.0,61.0,86.0,1.0
40979,2023-09-04 11:00:00,161.23,118.0,72.0,0.0,379.0,69.0,86.0,1.0
40980,2023-09-04 12:00:00,162.76,114.0,70.0,0.0,351.0,71.0,88.0,1.0
40981,2023-09-04 13:00:00,187.32,117.0,71.0,0.0,279.0,61.0,89.0,1.0
40982,2023-09-04 14:00:00,249.27,150.0,73.0,0.0,184.0,62.0,98.0,1.0
40983,2023-09-04 15:00:00,323.54,163.0,72.0,0.0,81.0,54.0,96.0,1.0
40984,2023-09-04 16:00:00,359.0,164.0,72.0,0.0,20.0,64.0,102.0,1.0
40985,2023-09-04 17:00:00,356.36,163.0,72.0,0.0,2.0,84.0,102.0,1.0
40986,2023-09-04 18:00:00,345.91,164.0,72.0,0.0,1.0,99.0,102.0,1.0
40987,2023-09-04 19:00:00,334.32,153.0,70.0,0.0,0.0,103.0,100.0,1.0
40988,2023-09-04 20:00:00,319.06,141.0,71.0,0.0,0.0,110.0,97.0,1.0
40989,2023-09-04 21:00:00,293.02,119.0,70.0,0.0,0.0,117.0,92.0,1.0
40990,2023-09-04 22:00:00,295.32,117.0,71.0,0.0,0.0,114.0,89.0,1.0
40991,2023-09-04 23:00:00,285.61,110.0,72.0,0.0,0.0,117.0,88.0,1.0
40992,2023-09-05 00:00:00,285.39,110.0,71.0,0.0,0.0,120.0,85.0,1.0
40993,2023-09-05 01:00:00,289.66,118.0,70.0,0.0,0.0,126.0,86.0,1.0
40994,2023-09-05 02:00:00,276.12,114.0,71.0,0.0,0.0,140.0,85.0,1.0
40995,2023-09-05 03:00:00,280.78,118.0,71.0,0.0,2.0,134.0,89.0,1.0
40996,2023-09-05 04:00:00,314.98,165.0,69.0,0.0,16.0,132.0,98.0,1.0
40997,2023-09-05 05:00:00,289.72,161.0,71.0,0.0,43.0,138.0,101.0,1.0
40998,2023-09-05 06:00:00,257.42,153.0,71.0,0.0,73.0,160.0,98.0,1.0
40999,2023-09-05 07:00:00,238.12,148.0,69.0,0.0,94.0,179.0,91.0,1.0
41000,2023-09-05 08:00:00,201.86,117.0,68.0,0.0,124.0,177.0,81.0,1.0
41001,2023-09-05 09:00:00,175.46,116.0,67.0,0.0,191.0,194.0,78.0,1.0
41002,2023-09-05 10:00:00,162.05,121.0,67.0,0.0,264.0,192.0,79.0,1.0
41003,2023-09-05 11:00:00,164.05,142.0,69.0,0.0,349.0,177.0,79.0,1.0
41004,2023-09-05 12:00:00,141.5,121.0,70.0,0.0,389.0,182.0,74.0,1.0
41005,2023-09-05 13:00:00,145.82,120.0,70.0,0.0,343.0,199.0,74.0,1.0
41006,2023-09-05 14:00:00,175.14,120.0,71.0,0.0,200.0,203.0,79.0,1.0
41007,2023-09-05 15:00:00,253.73,154.0,73.0,0.0,77.0,176.0,89.0,1.0
41008,2023-09-05 16:00:00,307.86,163.0,73.0,0.0,16.0,144.0,95.0,1.0
41009,2023-09-05 17:00:00,316.1,163.0,72.0,0.0,2.0,142.0,98.0,1.0
41010,2023-09-05 18:00:00,329.46,161.0,72.0,0.0,1.0,120.0,99.0,1.0
41011,2023-09-05 19:00:00,331.8,156.0,69.0,0.0,0.0,109.0,101.0,1.0
41012,2023-09-05 20:00:00,329.11,138.0,69.0,0.0,0.0,93.0,97.0,1.0
41013,2023-09-05 21:00:00,313.09,111.0,70.0,0.0,0.0,81.0,91.0,1.0
41014,2023-09-05 22:00:00,309.35,113.0,69.0,0.0,0.0,89.0,90.0,1.0
41015,2023-09-05 23:00:00,285.7,107.0,69.0,0.0,0.0,111.0,88.0,1.0
41016,2023-09-06 00:00:00,306.4,112.0,69.0,0.0,0.0,95.0,86.0,1.0
41017,2023-09-06 01:00:00,307.67,119.0,70.0,0.0,0.0,103.0,87.0,1.0
41018,2023-09-06 02:00:00,298.94,111.0,71.0,0.0,0.0,103.0,86.0,1.0
41019,2023-09-06 03:00:00,329.78,153.0,71.0,0.0,4.0,109.0,96.0,1.0
41020,2023-09-06 04:00:00,304.06,154.0,70.0,0.0,34.0,117.0,96.0,1.0
41021,2023-09-06 05:00:00,245.25,157.0,73.0,0.0,147.0,121.0,100.0,1.0
41022,2023-09-06 06:00:00,189.28,151.0,74.0,0.0,312.0,119.0,97.0,1.0
41023,2023-09-06 07:00:00,157.71,136.0,75.0,0.0,403.0,131.0,89.0,1.0
41024,2023-09-06 08:00:00,133.7,115.0,73.0,0.0,458.0,132.0,81.0,1.0
41025,2023-09-06 09:00:00,127.53,113.0,70.0,0.0,486.0,134.0,77.0,1.0
41026,2023-09-06 10:00:00,126.67,118.0,70.0,0.0,522.0,128.0,78.0,1.0
41027,2023-09-06 11:00:00,128.98,121.0,72.0,0.0,523.0,128.0,79.0,1.0
41028,2023-09-06 12:00:00,127.61,115.0,74.0,0.0,490.0,143.0,81.0,1.0
41029,2023-09-06 13:00:00,152.37,131.0,72.0,0.0,401.0,140.0,87.0,1.0
41030,2023-09-06 14:00:00,196.21,139.0,73.0,0.0,253.0,120.0,93.0,1.0
41031,2023-09-06 15:00:00,293.26,166.0,72.0,0.0,98.0,86.0,100.0,1.0
41032,2023-09-06 16:00:00,363.27,164.0,71.0,0.0,15.0,64.0,102.0,1.0
41033,2023-09-06 17:00:00,359.46,160.0,72.0,0.0,2.0,77.0,102.0,1.0
41034,2023-09-06 18:00:00,358.35,158.0,71.0,0.0,1.0,78.0,101.0,1.0
41035,2023-09-06 19:00:00,367.25,157.0,71.0,0.0,0.0,67.0,102.0,1.0
41036,2023-09-06 20:00:00,372.33,143.0,69.0,0.0,0.0,51.0,98.0,1.0
41037,2023-09-06 21:00:00,363.5,112.0,70.0,0.0,0.0,32.0,92.0,1.0
41038,2023-09-06 22:00:00,378.24,110.0,71.0,0.0,0.0,21.0,89.0,1.0
41039,2023-09-06 23:00:00,387.59,110.0,70.0,0.0,0.0,14.0,89.0,1.0
41040,2023-09-07 00:00:00,388.82,110.0,72.0,0.0,0.0,11.0,91.0,1.0
41041,2023-09-07 01:00:00,393.05,109.0,72.0,0.0,0.0,7.0,91.0,1.0
41042,2023-09-07 02:00:00,451.95,164.0,72.0,0.0,0.0,6.0,93.0,1.0
41043,2023-09-07 03:00:00,445.7,176.0,73.0,0.0,4.0,11.0,97.0,1.0
41044,2023-09-07 04:00:00,412.23,199.0,71.0,0.0,40.0,21.0,100.0,1.0
41045,2023-09-07 05:00:00,335.75,216.0,72.0,0.0,152.0,29.0,100.0,1.0
41046,2023-09-07 06:00:00,253.29,200.0,73.0,0.0,305.0,30.0,100.0,1.0
41047,2023-09-07 07:00:00,221.71,200.0,73.0,0.0,402.0,34.0,100.0,1.0
41048,2023-09-07 08:00:00,197.3,176.0,71.0,0.0,436.0,37.0,93.0,1.0
41049,2023-09-07 09:00:00,181.35,168.0,69.0,0.0,478.0,44.0,88.0,1.0
41050,2023-09-07 10:00:00,174.91,167.0,70.0,0.0,509.0,46.0,84.0,1.0
41051,2023-09-07 11:00:00,177.47,169.0,71.0,0.0,502.0,47.0,85.0,1.0
41052,2023-09-07 12:00:00,180.46,162.0,71.0,0.0,462.0,49.0,86.0,1.0
41053,2023-09-07 13:00:00,208.61,166.0,73.0,0.0,359.0,47.0,91.0,1.0
41054,2023-09-07 14:00:00,264.06,168.0,73.0,0.0,218.0,34.0,94.0,1.0
41055,2023-09-07 15:00:00,356.25,184.0,74.0,0.0,85.0,29.0,98.0,1.0
41056,2023-09-07 16:00:00,444.08,221.0,75.0,0.0,15.0,28.0,102.0,1.0
41057,2023-09-07 17:00:00,447.09,225.0,74.0,0.0,2.0,41.0,102.0,1.0
41058,2023-09-07 18:00:00,442.3,235.0,74.0,0.0,1.0,52.0,104.0,1.0
41059,2023-09-07 19:00:00,418.14,213.0,74.0,0.0,1.0,64.0,101.0,1.0
41060,2023-09-07 20:00:00,372.15,163.0,73.0,0.0,0.0,75.0,95.0,1.0
41061,2023-09-07 21:00:00,366.54,160.0,72.0,0.0,0.0,78.0,95.0,1.0
41062,2023-09-07 22:00:00,362.96,160.0,72.0,0.0,0.0,87.0,90.0,1.0
41063,2023-09-07 23:00:00,352.68,160.0,73.0,0.0,0.0,98.0,91.0,1.0
41064,2023-09-08 00:00:00,373.38,172.0,71.0,0.0,0.0,85.0,93.0,1.0
41065,2023-09-08 01:00:00,364.8,161.0,71.0,0.0,0.0,84.0,92.0,1.0
41066,2023-09-08 02:00:00,371.17,161.0,68.0,0.0,0.0,77.0,92.0,1.0
41067,2023-09-08 03:00:00,382.54,169.0,69.0,0.0,1.0,68.0,96.0,1.0
41068,2023-09-08 04:00:00,407.02,227.0,69.0,0.0,17.0,70.0,104.0,1.0
41069,2023-09-08 05:00:00,391.33,253.0,70.0,0.0,66.0,64.0,105.0,1.0
41070,2023-09-08 06:00:00,361.71,255.0,71.0,0.0,130.0,50.0,103.0,1.0
41071,2023-09-08 07:00:00,310.04,203.0,70.0,0.0,172.0,37.0,100.0,1.0
41072,2023-09-08 08:00:00,300.76,195.0,71.0,0.0,184.0,32.0,99.0,1.0
41073,2023-09-08 09:00:00,313.55,201.0,72.0,0.0,166.0,33.0,101.0,1.0
41074,2023-09-08 10:00:00,341.27,217.0,72.0,0.0,145.0,30.0,98.0,1.0
41075,2023-09-08 11:00:00,328.24,185.0,70.0,0.0,133.0,25.0,95.0,1.0
41076,2023-09-08 12:00:00,327.23,189.0,71.0,0.0,141.0,23.0,96.0,1.0
41077,2023-09-08 13:00:00,336.18,192.0,72.0,0.0,136.0,19.0,95.0,1.0
41078,2023-09-08 14:00:00,343.71,170.0,71.0,0.0,101.0,16.0,95.0,1.0
41079,2023-09-08 15:00:00,437.66,236.0,72.0,0.0,50.0,12.0,101.0,1.0
41080,2023-09-08 16:00:00,486.48,258.0,72.0,0.0,10.0,14.0,104.0,1.0
41081,2023-09-08 17:00:00,490.54,259.0,71.0,0.0,1.0,19.0,105.0,1.0
41082,2023-09-08 18:00:00,486.73,254.0,70.0,0.0,1.0,21.0,104.0,1.0
41083,2023-09-08 19:00:00,476.28,229.0,70.0,0.0,0.0,19.0,102.0,1.0
41084,2023-09-08 20:00:00,447.91,179.0,69.0,0.0,0.0,17.0,96.0,1.0
41085,2023-09-08 21:00:00,438.47,167.0,69.0,0.0,0.0,15.0,97.0,1.0
41086,2023-09-08 22:00:00,433.84,159.0,67.0,0.0,0.0,14.0,96.0,1.0
41087,2023-09-08 23:00:00,434.62,160.0,68.0,0.0,0.0,15.0,95.0,1.0
41088,2023-09-09 00:00:00,441.35,166.0,69.0,0.0,0.0,13.0,96.0,1.0
41089,2023-09-09 01:00:00,436.6,160.0,71.0,0.0,0.0,13.0,95.0,1.0
41090,2023-09-09 02:00:00,436.86,161.0,68.0,0.0,0.0,14.0,95.0,1.0
41091,2023-09-09 03:00:00,426.09,163.0,69.0,0.0,2.0,22.0,95.0,1.0
41092,2023-09-09 04:00:00,403.58,162.0,66.0,0.0,21.0,21.0,96.0,1.0
41093,2023-09-09 05:00:00,367.03,168.0,69.0,0.0,60.0,23.0,98.0,1.0
41094,2023-09-09 06:00:00,357.16,195.0,68.0,0.0,109.0,16.0,98.0,1.0
41095,2023-09-09 07:00:00,322.74,198.0,68.0,0.0,169.0,16.0,94.0,1.0
41096,2023-09-09 08:00:00,300.93,195.0,68.0,0.0,207.0,19.0,88.0,1.0
41097,2023-09-09 09:00:00,291.08,181.0,68.0,0.0,210.0,19.0,82.0,1.0
41098,2023-09-09 10:00:00,285.0,168.0,67.0,0.0,202.0,20.0,79.0,1.0
41099,2023-09-09 11:00:00,295.91,176.0,68.0,0.0,191.0,23.0,80.0,1.0
41100,2023-09-09 12:00:00,306.89,185.0,68.0,0.0,178.0,24.0,86.0,1.0
41101,2023-09-09 13:00:00,314.3,178.0,72.0,0.0,156.0,23.0,87.0,1.0
41102,2023-09-09 14:00:00,337.54,172.0,73.0,0.0,109.0,24.0,90.0,1.0
41103,2023-09-09 15:00:00,403.79,200.0,70.0,0.0,50.0,20.0,101.0,1.0
41104,2023-09-09 16:00:00,447.84,199.0,69.0,0.0,8.0,18.0,101.0,1.0
41105,2023-09-09 17:00:00,456.9,200.0,47.0,0.0,1.0,22.0,101.0,1.0
41106,2023-09-09 18:00:00,440.09,194.0,46.0,0.0,0.0,33.0,101.0,1.0
41107,2023-09-09 19:00:00,418.23,187.0,45.0,0.0,0.0,50.0,98.0,1.0
41108,2023-09-09 20:00:00,391.58,168.0,46.0,0.0,0.0,60.0,96.0,1.0
41109,2023-09-09 21:00:00,396.3,175.0,46.0,0.0,0.0,61.0,97.0,1.0
41110,2023-09-09 22:00:00,404.88,199.0,46.0,0.0,0.0,72.0,99.0,1.0
41111,2023-09-09 23:00:00,390.35,191.0,45.0,0.0,0.0,82.0,97.0,1.0
41112,2023-09-10 00:00:00,393.06,193.0,45.0,0.0,0.0,80.0,98.0,1.0
41113,2023-09-10 01:00:00,390.5,187.0,46.0,0.0,0.0,82.0,93.0,1.0
41114,2023-09-10 02:00:00,375.23,162.0,47.0,0.0,0.0,74.0,92.0,1.0
41115,2023-09-10 03:00:00,390.2,172.0,48.0,0.0,3.0,71.0,87.0,1.0
41116,2023-09-10 04:00:00,361.29,167.0,46.0,0.0,27.0,70.0,89.0,1.0
41117,2023-09-10 05:00:00,356.75,205.0,45.0,0.0,79.0,65.0,90.0,1.0
41118,2023-09-10 06:00:00,325.77,196.0,44.0,0.0,130.0,52.0,86.0,1.0
41119,2023-09-10 07:00:00,311.65,210.0,43.0,0.0,177.0,46.0,88.0,1.0
41120,2023-09-10 08:00:00,252.5,173.0,43.0,0.0,241.0,47.0,81.0,1.0
41121,2023-09-10 09:00:00,214.14,159.0,44.0,0.0,309.0,51.0,79.0,1.0
41122,2023-09-10 10:00:00,195.87,160.0,43.0,0.0,363.0,59.0,79.0,1.0
41123,2023-09-10 11:00:00,193.92,161.0,43.0,0.0,364.0,69.0,78.0,1.0
41124,2023-09-10 12:00:00,207.78,161.0,44.0,0.0,325.0,60.0,79.0,1.0
41125,2023-09-10 13:00:00,237.45,164.0,46.0,0.0,250.0,58.0,80.0,1.0
41126,2023-09-10 14:00:00,305.84,182.0,47.0,0.0,144.0,50.0,87.0,1.0
41127,2023-09-10 15:00:00,411.95,236.0,47.0,0.0,53.0,46.0,96.0,1.0
41128,2023-09-10 16:00:00,450.01,244.0,47.0,0.0,9.0,52.0,99.0,1.0
41129,2023-09-10 17:00:00,475.6,283.0,47.0,0.0,2.0,52.0,105.0,1.0
41130,2023-09-10 18:00:00,467.4,268.0,48.0,0.0,1.0,53.0,104.0,1.0
41131,2023-09-10 19:00:00,423.19,208.0,47.0,0.0,0.0,59.0,101.0,1.0
41132,2023-09-10 20:00:00,414.79,192.0,48.0,0.0,0.0,55.0,100.0,1.0
41133,2023-09-10 21:00:00,433.82,206.0,49.0,0.0,0.0,47.0,101.0,1.0
41134,2023-09-10 22:00:00,457.56,222.0,47.0,0.0,0.0,37.0,101.0,1.0
41135,2023-09-10 23:00:00,455.67,200.0,47.0,0.0,0.0,32.0,93.0,1.0
41136,2023-09-11 00:00:00,464.61,205.0,47.0,0.0,0.0,28.0,93.0,1.0
41137,2023-09-11 01:00:00,477.85,209.0,47.0,0.0,0.0,20.0,93.0,1.0
41138,2023-09-11 02:00:00,496.89,232.0,47.0,0.0,0.0,14.0,97.0,1.0
41139,2023-09-11 03:00:00,550.77,366.0,49.0,0.0,2.0,14.0,107.0,1.0
41140,2023-09-11 04:00:00,545.48,407.0,47.0,0.0,26.0,15.0,104.0,1.0
41141,2023-09-11 05:00:00,486.89,416.0,48.0,0.0,100.0,19.0,103.0,1.0
41142,2023-09-11 06:00:00,414.52,415.0,49.0,0.0,211.0,25.0,105.0,1.0
41143,2023-09-11 07:00:00,349.55,387.0,50.0,0.0,327.0,27.0,104.0,1.0
41144,2023-09-11 08:00:00,310.66,383.0,48.0,0.0,430.0,31.0,103.0,1.0
41145,2023-09-11 09:00:00,292.4,366.0,48.0,0.0,463.0,34.0,102.0,1.0
41146,2023-09-11 10:00:00,280.08,332.0,50.0,0.0,454.0,32.0,100.0,1.0
41147,2023-09-11 11:00:00,283.96,322.0,50.0,0.0,428.0,29.0,99.0,1.0
41148,2023-09-11 12:00:00,298.78,313.0,50.0,0.0,374.0,24.0,98.0,1.0
41149,2023-09-11 13:00:00,333.71,309.0,51.0,0.0,283.0,20.0,98.0,1.0
41150,2023-09-11 14:00:00,373.12,268.0,50.0,0.0,170.0,16.0,92.0,1.0
41151,2023-09-11 15:00:00,487.62,314.0,48.0,0.0,62.0,14.0,88.0,1.0
41152,2023-09-11 16:00:00,551.63,355.0,49.0,0.0,8.0,20.0,90.0,1.0
41153,2023-09-11 17:00:00,533.68,334.0,48.0,0.0,2.0,36.0,89.0,1.0
41154,2023-09-11 18:00:00,524.94,353.0,48.0,0.0,1.0,53.0,90.0,1.0
41155,2023-09-11 19:00:00,522.86,363.0,47.0,0.0,0.0,59.0,92.0,1.0
41156,2023-09-11 20:00:00,517.2,335.0,47.0,0.0,0.0,55.0,89.0,1.0
41157,2023-09-11 21:00:00,464.85,216.0,46.0,0.0,0.0,47.0,81.0,1.0
41158,2023-09-11 22:00:00,454.66,197.0,46.0,0.0,0.0,43.0,81.0,1.0
41159,2023-09-11 23:00:00,475.31,212.0,46.0,0.0,0.0,36.0,81.0,1.0
41160,2023-09-12 00:00:00,476.05,210.0,47.0,0.0,0.0,34.0,81.0,1.0
41161,2023-09-12 01:00:00,485.75,213.0,48.0,0.0,0.0,29.0,80.0,1.0
41162,2023-09-12 02:00:00,487.68,221.0,48.0,0.0,0.0,28.0,84.0,1.0
41163,2023-09-12 03:00:00,483.7,233.0,48.0,0.0,2.0,31.0,89.0,1.0
41164,2023-09-12 04:00:00,497.78,324.0,50.0,0.0,27.0,40.0,91.0,1.0
41165,2023-09-12 05:00:00,442.21,331.0,50.0,0.0,99.0,40.0,91.0,1.0
41166,2023-09-12 06:00:00,382.34,321.0,49.0,0.0,194.0,31.0,91.0,1.0
41167,2023-09-12 07:00:00,267.93,213.0,49.0,0.0,296.0,32.0,83.0,1.0
41168,2023-09-12 08:00:00,232.71,201.0,51.0,0.0,365.0,43.0,79.0,1.0
41169,2023-09-12 09:00:00,196.2,167.0,51.0,0.0,405.0,48.0,74.0,1.0
41170,2023-09-12 10:00:00,186.4,164.0,50.0,0.0,429.0,56.0,71.0,1.0
41171,2023-09-12 11:00:00,194.69,167.0,49.0,0.0,402.0,57.0,72.0,1.0
41172,2023-09-12 12:00:00,217.01,182.0,51.0,0.0,357.0,64.0,72.0,1.0
41173,2023-09-12 13:00:00,252.83,183.0,51.0,0.0,263.0,57.0,72.0,1.0
41174,2023-09-12 14:00:00,326.76,201.0,51.0,0.0,151.0,47.0,76.0,1.0
41175,2023-09-12 15:00:00,464.84,291.0,54.0,0.0,53.0,39.0,82.0,1.0
41176,2023-09-12 16:00:00,511.49,331.0,54.0,0.0,7.0,53.0,86.0,1.0
41177,2023-09-12 17:00:00,488.55,336.0,53.0,0.0,2.0,82.0,90.0,1.0
41178,2023-09-12 18:00:00,456.36,315.0,52.0,0.0,1.0,110.0,89.0,1.0
41179,2023-09-12 19:00:00,408.86,232.0,49.0,0.0,0.0,107.0,88.0,1.0
41180,2023-09-12 20:00:00,399.54,234.0,48.0,0.0,0.0,120.0,88.0,1.0
41181,2023-09-12 21:00:00,397.21,198.0,48.0,0.0,0.0,92.0,86.0,1.0
41182,2023-09-12 22:00:00,364.72,140.0,48.0,0.0,0.0,77.0,76.0,1.0
41183,2023-09-12 23:00:00,369.1,141.0,48.0,0.0,0.0,74.0,76.0,1.0
41184,2023-09-13 00:00:00,380.29,140.0,48.0,0.0,0.0,64.0,75.0,1.0
41185,2023-09-13 01:00:00,394.75,139.0,49.0,0.0,0.0,51.0,75.0,1.0
41186,2023-09-13 02:00:00,435.4,170.0,47.0,0.0,0.0,44.0,76.0,1.0
41187,2023-09-13 03:00:00,470.71,208.0,47.0,0.0,2.0,39.0,77.0,1.0
41188,2023-09-13 04:00:00,442.24,200.0,49.0,0.0,21.0,38.0,77.0,1.0
41189,2023-09-13 05:00:00,436.45,265.0,51.0,0.0,80.0,31.0,78.0,1.0
41190,2023-09-13 06:00:00,388.6,271.0,52.0,0.0,158.0,21.0,78.0,1.0
41191,2023-09-13 07:00:00,344.98,254.0,52.0,0.0,212.0,20.0,78.0,1.0
41192,2023-09-13 08:00:00,331.53,271.0,52.0,0.0,261.0,18.0,78.0,1.0
41193,2023-09-13 09:00:00,326.59,267.0,52.0,0.0,264.0,20.0,78.0,1.0
41194,2023-09-13 10:00:00,294.09,227.0,52.0,0.0,270.0,26.0,78.0,1.0
41195,2023-09-13 11:00:00,270.94,197.0,50.0,0.0,273.0,25.0,77.0,1.0
41196,2023-09-13 12:00:00,255.46,169.0,49.0,0.0,253.0,29.0,75.0,1.0
41197,2023-09-13 13:00:00,324.18,195.0,50.0,0.0,169.0,25.0,76.0,1.0
41198,2023-09-13 14:00:00,444.66,273.0,53.0,0.0,90.0,17.0,78.0,1.0
41199,2023-09-13 15:00:00,491.54,264.0,54.0,0.0,35.0,18.0,78.0,1.0
41200,2023-09-13 16:00:00,528.38,271.0,53.0,0.0,4.0,21.0,78.0,1.0
41201,2023-09-13 17:00:00,517.56,276.0,54.0,0.0,1.0,36.0,77.0,1.0
41202,2023-09-13 18:00:00,470.26,227.0,52.0,0.0,0.0,52.0,77.0,1.0
41203,2023-09-13 19:00:00,359.8,151.0,51.0,0.0,0.0,94.0,76.0,1.0
41204,2023-09-13 20:00:00,332.75,153.0,52.0,0.0,0.0,136.0,67.0,1.0
41205,2023-09-13 21:00:00,332.1,161.0,51.0,0.0,0.0,148.0,66.0,1.0
41206,2023-09-13 22:00:00,344.09,170.0,51.0,0.0,1.0,143.0,66.0,1.0
41207,2023-09-13 23:00:00,362.98,186.0,50.0,0.0,0.0,136.0,69.0,1.0
41208,2023-09-14 00:00:00,362.8,184.0,49.0,0.0,1.0,128.0,74.0,1.0
41209,2023-09-14 01:00:00,379.3,178.0,48.0,0.0,0.0,102.0,76.0,1.0
41210,2023-09-14 02:00:00,330.75,169.0,50.0,0.0,0.0,150.0,76.0,1.0
41211,2023-09-14 03:00:00,329.36,182.0,51.0,0.0,0.0,169.0,76.0,1.0
41212,2023-09-14 04:00:00,387.05,255.0,50.0,0.0,5.0,161.0,78.0,1.0
41213,2023-09-14 05:00:00,392.14,268.0,51.0,0.0,24.0,147.0,78.0,1.0
41214,2023-09-14 06:00:00,355.81,260.0,51.0,0.0,75.0,146.0,77.0,1.0
41215,2023-09-14 07:00:00,316.27,256.0,53.0,0.0,141.0,150.0,78.0,1.0
41216,2023-09-14 08:00:00,265.75,228.0,53.0,0.0,214.0,156.0,76.0,1.0
41217,2023-09-14 09:00:00,218.6,177.0,52.0,0.0,253.0,151.0,72.0,1.0
41218,2023-09-14 10:00:00,223.32,196.0,53.0,0.0,304.0,133.0,72.0,2.0
41219,2023-09-14 11:00:00,247.21,229.0,51.0,0.0,318.0,111.0,74.0,2.0
41220,2023-09-14 12:00:00,257.65,233.0,51.0,0.0,319.0,87.0,73.0,2.0
41221,2023-09-14 13:00:00,241.35,182.0,49.0,0.0,275.0,68.0,77.0,2.0
41222,2023-09-14 14:00:00,282.28,170.0,49.0,0.0,166.0,63.0,76.0,2.0
41223,2023-09-14 15:00:00,417.77,238.0,50.0,0.0,60.0,52.0,78.0,2.0
41224,2023-09-14 16:00:00,479.26,265.0,51.0,0.0,6.0,59.0,79.0,2.0
41225,2023-09-14 17:00:00,473.7,254.0,50.0,0.0,1.0,64.0,78.0,2.0
41226,2023-09-14 18:00:00,482.84,268.0,48.0,0.0,1.0,64.0,78.0,2.0
41227,2023-09-14 19:00:00,434.34,186.0,48.0,0.0,0.0,55.0,78.0,2.0
41228,2023-09-14 20:00:00,432.25,165.0,47.0,0.0,0.0,42.0,77.0,2.0
41229,2023-09-14 21:00:00,440.69,160.0,47.0,0.0,0.0,32.0,77.0,2.0
41230,2023-09-14 22:00:00,442.08,160.0,47.0,0.0,0.0,31.0,77.0,2.0
41231,2023-09-14 23:00:00,449.36,159.0,48.0,0.0,0.0,25.0,77.0,2.0
41232,2023-09-15 00:00:00,459.18,160.0,48.0,0.0,0.0,20.0,76.0,2.0
41233,2023-09-15 01:00:00,466.88,161.0,46.0,0.0,0.0,16.0,76.0,2.0
41234,2023-09-15 02:00:00,484.94,179.0,46.0,0.0,0.0,15.0,76.0,2.0
41235,2023-09-15 03:00:00,522.77,259.0,47.0,0.0,1.0,24.0,79.0,2.0
41236,2023-09-15 04:00:00,493.97,265.0,48.0,0.0,28.0,23.0,80.0,2.0
41237,2023-09-15 05:00:00,390.18,257.0,49.0,0.0,136.0,26.0,80.0,2.0
41238,2023-09-15 06:00:00,299.79,253.0,46.0,0.0,293.0,29.0,79.0,2.0
41239,2023-09-15 07:00:00,249.02,242.0,49.0,0.0,409.0,35.0,79.0,2.0
41240,2023-09-15 08:00:00,231.56,226.0,49.0,0.0,436.0,35.0,77.0,2.0
41241,2023-09-15 09:00:00,203.44,186.0,47.0,0.0,444.0,34.0,73.0,2.0
41242,2023-09-15 10:00:00,191.89,173.0,44.0,0.0,455.0,33.0,69.0,2.0
41243,2023-09-15 11:00:00,195.94,171.0,46.0,0.0,439.0,30.0,68.0,2.0
41244,2023-09-15 12:00:00,208.34,171.0,46.0,0.0,393.0,30.0,69.0,2.0
41245,2023-09-15 13:00:00,242.85,175.0,47.0,0.0,304.0,23.0,73.0,2.0
41246,2023-09-15 14:00:00,305.04,175.0,48.0,0.0,183.0,14.0,76.0,2.0
41247,2023-09-15 15:00:00,465.34,252.0,49.0,0.0,58.0,13.0,79.0,2.0
41248,2023-09-15 16:00:00,519.71,255.0,49.0,1.0,6.0,18.0,79.0,2.0
41249,2023-09-15 17:00:00,523.42,263.0,48.0,1.0,1.0,24.0,79.0,2.0
41250,2023-09-15 18:00:00,460.61,183.0,48.0,1.0,1.0,29.0,79.0,2.0
41251,2023-09-15 19:00:00,350.3,83.0,47.0,1.0,0.0,24.0,76.0,2.0
41252,2023-09-15 20:00:00,302.22,63.0,48.0,1.0,0.0,31.0,76.0,2.0
41253,2023-09-15 21:00:00,279.0,56.0,47.0,1.0,0.0,37.0,76.0,2.0
41254,2023-09-15 22:00:00,245.28,50.0,46.0,1.0,0.0,54.0,76.0,2.0
41255,2023-09-15 23:00:00,253.04,55.0,46.0,1.0,1.0,56.0,76.0,2.0
41256,2023-09-16 00:00:00,225.6,52.0,48.0,0.0,0.0,81.0,76.0,2.0
41257,2023-09-16 01:00:00,202.83,53.0,47.0,0.0,0.0,112.0,76.0,2.0
41258,2023-09-16 02:00:00,194.83,53.0,46.0,0.0,0.0,123.0,76.0,2.0
41259,2023-09-16 03:00:00,192.1,59.0,46.0,0.0,1.0,145.0,75.0,2.0
41260,2023-09-16 04:00:00,169.16,56.0,46.0,0.0,25.0,155.0,75.0,2.0
41261,2023-09-16 05:00:00,130.13,53.0,47.0,0.0,128.0,146.0,76.0,2.0
41262,2023-09-16 06:00:00,95.81,50.0,48.0,0.0,292.0,127.0,75.0,2.0
41263,2023-09-16 07:00:00,82.35,54.0,46.0,0.0,421.0,125.0,71.0,2.0
41264,2023-09-16 08:00:00,70.88,51.0,45.0,0.0,500.0,134.0,66.0,2.0
41265,2023-09-16 09:00:00,74.68,53.0,60.0,1.0,520.0,154.0,62.0,2.0
41266,2023-09-16 10:00:00,74.14,52.0,61.0,1.0,515.0,164.0,58.0,2.0
41267,2023-09-16 11:00:00,74.47,51.0,60.0,1.0,503.0,160.0,57.0,2.0
41268,2023-09-16 12:00:00,80.97,52.0,61.0,1.0,450.0,152.0,63.0,2.0
41269,2023-09-16 13:00:00,94.49,51.0,64.0,1.0,339.0,149.0,67.0,2.0
41270,2023-09-16 14:00:00,126.4,51.0,65.0,1.0,186.0,130.0,71.0,2.0
41271,2023-09-16 15:00:00,189.78,57.0,66.0,1.0,55.0,107.0,75.0,2.0
41272,2023-09-16 16:00:00,291.25,107.0,66.0,1.0,6.0,109.0,76.0,2.0
41273,2023-09-16 17:00:00,221.83,69.0,65.0,0.0,1.0,138.0,75.0,2.0
41274,2023-09-16 18:00:00,191.35,60.0,65.0,0.0,0.0,168.0,75.0,2.0
41275,2023-09-16 19:00:00,169.36,53.0,67.0,0.0,0.0,193.0,76.0,2.0
41276,2023-09-16 20:00:00,97.72,11.0,67.0,0.0,0.0,196.0,75.0,2.0
41277,2023-09-16 21:00:00,98.06,11.0,66.0,0.0,0.0,192.0,75.0,2.0
41278,2023-09-16 22:00:00,99.53,10.0,67.0,0.0,0.0,183.0,75.0,2.0
41279,2023-09-16 23:00:00,95.85,9.0,67.0,0.0,0.0,189.0,75.0,2.0
41280,2023-09-17 00:00:00,106.4,12.0,68.0,0.0,0.0,176.0,75.0,2.0
41281,2023-09-17 01:00:00,106.72,12.0,68.0,0.0,0.0,175.0,75.0,2.0
41282,2023-09-17 02:00:00,103.23,13.0,67.0,0.0,0.0,190.0,75.0,2.0
41283,2023-09-17 03:00:00,107.1,14.0,68.0,0.0,1.0,185.0,75.0,2.0
41284,2023-09-17 04:00:00,100.99,13.0,69.0,0.0,20.0,183.0,75.0,2.0
41285,2023-09-17 05:00:00,78.68,10.0,68.0,0.0,105.0,172.0,74.0,2.0
41286,2023-09-17 06:00:00,66.42,12.0,69.0,0.0,231.0,151.0,74.0,2.0
41287,2023-09-17 07:00:00,64.23,14.0,69.0,0.0,296.0,126.0,74.0,2.0
41288,2023-09-17 08:00:00,61.76,13.0,69.0,0.0,304.0,129.0,75.0,2.0
41289,2023-09-17 09:00:00,62.93,14.0,69.0,0.0,270.0,163.0,75.0,2.0
41290,2023-09-17 10:00:00,65.7,14.0,69.0,0.0,239.0,170.0,74.0,2.0
41291,2023-09-17 11:00:00,69.37,14.0,69.0,0.0,218.0,160.0,75.0,2.0
41292,2023-09-17 12:00:00,76.34,14.0,68.0,0.0,178.0,148.0,74.0,2.0
41293,2023-09-17 13:00:00,81.98,15.0,68.0,0.0,154.0,147.0,74.0,2.0
41294,2023-09-17 14:00:00,102.1,17.0,66.0,0.0,111.0,107.0,74.0,2.0
41295,2023-09-17 15:00:00,139.11,17.0,68.0,0.0,45.0,76.0,74.0,2.0
41296,2023-09-17 16:00:00,161.83,16.0,69.0,0.0,4.0,75.0,74.0,2.0
41297,2023-09-17 17:00:00,161.06,18.0,67.0,0.0,2.0,82.0,75.0,2.0
41298,2023-09-17 18:00:00,163.79,17.0,66.0,0.0,0.0,75.0,75.0,2.0
41299,2023-09-17 19:00:00,153.63,16.0,67.0,0.0,0.0,88.0,75.0,2.0
41300,2023-09-17 20:00:00,157.02,16.0,68.0,0.0,0.0,84.0,75.0,2.0
41301,2023-09-17 21:00:00,163.21,13.0,69.0,0.0,0.0,66.0,74.0,2.0
41302,2023-09-17 22:00:00,168.62,11.0,70.0,0.0,0.0,57.0,70.0,2.0
41303,2023-09-17 23:00:00,178.41,13.0,70.0,0.0,0.0,51.0,71.0,2.0
41304,2023-09-18 00:00:00,178.34,13.0,69.0,0.0,0.0,49.0,72.0,2.0
41305,2023-09-18 01:00:00,166.96,8.0,68.0,0.0,0.0,44.0,72.0,2.0
41306,2023-09-18 02:00:00,247.26,42.0,69.0,0.0,0.0,45.0,79.0,2.0
41307,2023-09-18 03:00:00,348.11,106.0,68.0,0.0,2.0,45.0,84.0,2.0
41308,2023-09-18 04:00:00,314.93,108.0,67.0,0.0,25.0,55.0,86.0,2.0
41309,2023-09-18 05:00:00,255.36,127.0,68.0,0.0,129.0,69.0,86.0,2.0
41310,2023-09-18 06:00:00,200.8,131.0,67.0,0.0,278.0,60.0,87.0,2.0
41311,2023-09-18 07:00:00,156.72,112.0,68.0,0.0,404.0,39.0,86.0,2.0
41312,2023-09-18 08:00:00,115.04,76.0,69.0,0.0,464.0,41.0,82.0,2.0
41313,2023-09-18 09:00:00,111.35,76.0,68.0,0.0,490.0,39.0,80.0,2.0
41314,2023-09-18 10:00:00,105.63,74.0,69.0,0.0,516.0,44.0,80.0,2.0
41315,2023-09-18 11:00:00,107.07,74.0,68.0,0.0,497.0,50.0,80.0,2.0
41316,2023-09-18 12:00:00,105.06,75.0,47.0,0.0,450.0,61.0,84.0,2.0
41317,2023-09-18 13:00:00,121.99,75.0,40.0,0.0,338.0,59.0,84.0,2.0
41318,2023-09-18 14:00:00,169.26,75.0,40.0,0.0,181.0,49.0,84.0,2.0
41319,2023-09-18 15:00:00,242.92,76.0,43.0,0.0,53.0,50.0,84.0,2.0
41320,2023-09-18 16:00:00,258.12,76.0,41.0,0.0,5.0,77.0,86.0,2.0
41321,2023-09-18 17:00:00,225.62,78.0,44.0,0.0,1.0,129.0,86.0,2.0
41322,2023-09-18 18:00:00,196.52,73.0,44.0,0.0,0.0,167.0,85.0,2.0
41323,2023-09-18 19:00:00,191.42,74.0,42.0,0.0,0.0,178.0,85.0,2.0
41324,2023-09-18 20:00:00,198.87,75.0,53.0,0.0,0.0,181.0,80.0,2.0
41325,2023-09-18 21:00:00,190.89,73.0,43.0,0.0,0.0,179.0,83.0,2.0
41326,2023-09-18 22:00:00,199.63,72.0,40.0,0.0,0.0,166.0,74.0,2.0
41327,2023-09-18 23:00:00,210.33,72.0,40.0,0.0,0.0,155.0,67.0,2.0
41328,2023-09-19 00:00:00,222.23,72.0,40.0,0.0,0.0,141.0,63.0,2.0
41329,2023-09-19 01:00:00,232.91,78.0,40.0,0.0,0.0,142.0,61.0,2.0
41330,2023-09-19 02:00:00,226.35,78.0,41.0,0.0,0.0,152.0,61.0,2.0
41331,2023-09-19 03:00:00,214.33,79.0,42.0,0.0,1.0,163.0,71.0,2.0
41332,2023-09-19 04:00:00,212.36,75.0,42.0,0.0,13.0,141.0,74.0,2.0
41333,2023-09-19 05:00:00,198.89,77.0,43.0,0.0,41.0,140.0,77.0,2.0
41334,2023-09-19 06:00:00,173.2,75.0,41.0,0.0,102.0,127.0,74.0,1.0
41335,2023-09-19 07:00:00,144.78,75.0,42.0,0.0,175.0,138.0,74.0,1.0
41336,2023-09-19 08:00:00,123.92,75.0,42.0,0.0,256.0,147.0,69.0,1.0
41337,2023-09-19 09:00:00,106.84,77.0,40.0,0.0,348.0,164.0,66.0,2.0
41338,2023-09-19 10:00:00,108.96,77.0,49.0,0.0,342.0,178.0,66.0,2.0
41339,2023-09-19 11:00:00,121.88,77.0,67.0,0.0,299.0,179.0,69.0,2.0
41340,2023-09-19 12:00:00,143.23,78.0,67.0,0.0,199.0,176.0,73.0,2.0
41341,2023-09-19 13:00:00,174.69,80.0,71.0,0.0,100.0,175.0,77.0,2.0
41342,2023-09-19 14:00:00,179.85,78.0,70.0,0.0,45.0,204.0,81.0,2.0
41343,2023-09-19 15:00:00,178.76,78.0,71.0,0.0,13.0,236.0,85.0,2.0
41344,2023-09-19 16:00:00,179.38,80.0,74.0,0.0,3.0,254.0,85.0,2.0
41345,2023-09-19 17:00:00,179.7,80.0,72.0,0.0,1.0,253.0,85.0,2.0
41346,2023-09-19 18:00:00,171.29,78.0,70.0,0.0,1.0,268.0,85.0,2.0
41347,2023-09-19 19:00:00,182.54,78.0,72.0,0.0,0.0,240.0,85.0,2.0
41348,2023-09-19 20:00:00,182.52,78.0,70.0,0.0,0.0,238.0,85.0,2.0
41349,2023-09-19 21:00:00,188.88,77.0,71.0,0.0,0.0,221.0,84.0,2.0
41350,2023-09-19 22:00:00,184.77,76.0,72.0,0.0,0.0,233.0,80.0,2.0
41351,2023-09-19 23:00:00,171.64,75.0,72.0,0.0,0.0,263.0,82.0,2.0
41352,2023-09-20 00:00:00,171.3,77.0,73.0,0.0,0.0,272.0,82.0,2.0
41353,2023-09-20 01:00:00,165.1,77.0,73.0,0.0,0.0,290.0,83.0,2.0
41354,2023-09-20 02:00:00,160.35,78.0,72.0,0.0,0.0,308.0,83.0,2.0
41355,2023-09-20 03:00:00,158.31,78.0,72.0,0.0,1.0,312.0,85.0,2.0
41356,2023-09-20 04:00:00,153.6,79.0,70.0,0.0,7.0,324.0,85.0,2.0
41357,2023-09-20 05:00:00,146.9,80.0,68.0,0.0,37.0,322.0,84.0,2.0
41358,2023-09-20 06:00:00,139.58,79.0,67.0,0.0,72.0,311.0,85.0,2.0
41359,2023-09-20 07:00:00,136.57,78.0,67.0,0.0,87.0,305.0,85.0,2.0
41360,2023-09-20 08:00:00,134.88,74.0,72.0,0.0,99.0,295.0,81.0,2.0
41361,2023-09-20 09:00:00,140.97,77.0,70.0,0.0,96.0,284.0,78.0,2.0
41362,2023-09-20 10:00:00,149.9,79.0,70.0,0.0,79.0,277.0,74.0,2.0
41363,2023-09-20 11:00:00,153.45,78.0,71.0,0.0,61.0,279.0,74.0,2.0
41364,2023-09-20 12:00:00,157.92,78.0,71.0,0.0,50.0,270.0,78.0,2.0
41365,2023-09-20 13:00:00,162.26,79.0,71.0,0.0,38.0,269.0,80.0,2.0
41366,2023-09-20 14:00:00,169.01,78.0,71.0,0.0,23.0,255.0,84.0,2.0
41367,2023-09-20 15:00:00,184.86,78.0,72.0,0.0,8.0,226.0,85.0,2.0
41368,2023-09-20 16:00:00,200.0,79.0,73.0,0.0,1.0,200.0,86.0,2.0
41369,2023-09-20 17:00:00,204.98,80.0,73.0,0.0,1.0,192.0,86.0,2.0
41370,2023-09-20 18:00:00,205.25,76.0,71.0,0.0,0.0,180.0,86.0,2.0
41371,2023-09-20 19:00:00,203.56,77.0,72.0,0.0,0.0,188.0,85.0,2.0
41372,2023-09-20 20:00:00,203.22,78.0,69.0,0.0,0.0,189.0,85.0,2.0
41373,2023-09-20 21:00:00,208.31,77.0,69.0,0.0,0.0,176.0,85.0,2.0
41374,2023-09-20 22:00:00,207.01,72.0,70.0,0.0,0.0,166.0,85.0,2.0
41375,2023-09-20 23:00:00,211.21,73.0,69.0,0.0,0.0,160.0,85.0,2.0
41376,2023-09-21 00:00:00,218.0,72.0,67.0,0.0,0.0,144.0,85.0,2.0
41377,2023-09-21 01:00:00,219.03,69.0,44.0,0.0,0.0,120.0,84.0,2.0
41378,2023-09-21 02:00:00,243.92,91.0,44.0,0.0,1.0,132.0,85.0,2.0
41379,2023-09-21 03:00:00,337.86,162.0,44.0,0.0,0.0,121.0,87.0,2.0
41380,2023-09-21 04:00:00,324.06,162.0,46.0,0.0,9.0,130.0,87.0,2.0
41381,2023-09-21 05:00:00,289.4,166.0,47.0,0.0,50.0,148.0,87.0,2.0
41382,2023-09-21 06:00:00,235.45,146.0,47.0,0.0,137.0,132.0,86.0,2.0
41383,2023-09-21 07:00:00,182.3,126.0,47.0,0.0,242.0,124.0,86.0,2.0
41384,2023-09-21 08:00:00,150.01,119.0,46.0,0.0,363.0,112.0,82.0,2.0
41385,2023-09-21 09:00:00,138.5,118.0,42.0,0.0,393.0,136.0,77.0,2.0
41386,2023-09-21 10:00:00,142.37,117.0,44.0,0.0,374.0,134.0,76.0,2.0
41387,2023-09-21 11:00:00,146.99,117.0,43.0,0.0,354.0,128.0,77.0,2.0
41388,2023-09-21 12:00:00,155.03,117.0,44.0,0.0,310.0,132.0,81.0,2.0
41389,2023-09-21 13:00:00,173.6,117.0,47.0,0.0,249.0,120.0,84.0,2.0
41390,2023-09-21 14:00:00,218.09,119.0,46.0,0.0,147.0,100.0,84.0,2.0
41391,2023-09-21 15:00:00,329.21,161.0,47.0,0.0,41.0,90.0,87.0,2.0
41392,2023-09-21 16:00:00,318.6,137.0,47.0,0.0,2.0,111.0,86.0,2.0
41393,2023-09-21 17:00:00,273.08,124.0,47.0,0.0,1.0,154.0,85.0,2.0
41394,2023-09-21 18:00:00,255.9,118.0,45.0,0.0,0.0,170.0,85.0,2.0
41395,2023-09-21 19:00:00,204.13,82.0,53.0,0.0,0.0,186.0,84.0,2.0
41396,2023-09-21 20:00:00,207.97,78.0,66.0,0.0,0.0,177.0,85.0,2.0
41397,2023-09-21 21:00:00,213.58,78.0,67.0,0.0,0.0,168.0,84.0,2.0
41398,2023-09-21 22:00:00,213.97,77.0,66.0,0.0,0.0,168.0,80.0,2.0
41399,2023-09-21 23:00:00,220.52,77.0,67.0,0.0,0.0,157.0,80.0,2.0
41400,2023-09-22 00:00:00,220.98,75.0,68.0,0.0,0.0,155.0,77.0,2.0
41401,2023-09-22 01:00:00,232.18,83.0,68.0,0.0,0.0,153.0,79.0,2.0
41402,2023-09-22 02:00:00,266.88,118.0,69.0,0.0,0.0,166.0,81.0,2.0
41403,2023-09-22 03:00:00,218.84,82.0,68.0,0.0,1.0,170.0,82.0,2.0
41404,2023-09-22 04:00:00,205.3,77.0,69.0,0.0,15.0,174.0,78.0,2.0
41405,2023-09-22 05:00:00,170.22,78.0,69.0,0.0,105.0,170.0,81.0,2.0
41406,2023-09-22 06:00:00,137.06,79.0,68.0,0.0,253.0,150.0,78.0,2.0
41407,2023-09-22 07:00:00,110.09,76.0,69.0,0.0,386.0,160.0,74.0,2.0
41408,2023-09-22 08:00:00,97.27,77.0,64.0,0.0,468.0,171.0,70.0,1.0
41409,2023-09-22 09:00:00,93.34,78.0,62.0,0.0,492.0,187.0,67.0,1.0
41410,2023-09-22 10:00:00,92.55,79.0,63.0,0.0,497.0,206.0,66.0,2.0
41411,2023-09-22 11:00:00,89.12,77.0,65.0,0.0,472.0,249.0,69.0,1.0
41412,2023-09-22 12:00:00,96.53,78.0,66.0,0.0,401.0,253.0,74.0,1.0
41413,2023-09-22 13:00:00,118.14,78.0,71.0,0.0,269.0,233.0,77.0,1.0
41414,2023-09-22 14:00:00,147.14,76.0,71.0,0.0,126.0,220.0,81.0,1.0
41415,2023-09-22 15:00:00,182.4,77.0,71.0,0.0,27.0,209.0,83.0,1.0
41416,2023-09-22 16:00:00,181.67,72.0,72.0,0.0,2.0,220.0,84.0,1.0
41417,2023-09-22 17:00:00,186.39,76.0,71.0,0.0,1.0,223.0,84.0,2.0
41418,2023-09-22 18:00:00,175.26,70.0,71.0,0.0,1.0,233.0,83.0,2.0
41419,2023-09-22 19:00:00,172.36,71.0,70.0,0.0,0.0,244.0,83.0,2.0
41420,2023-09-22 20:00:00,169.01,72.0,71.0,0.0,0.0,257.0,84.0,2.0
41421,2023-09-22 21:00:00,172.73,71.0,70.0,0.0,0.0,243.0,83.0,2.0
41422,2023-09-22 22:00:00,175.56,69.0,72.0,0.0,0.0,231.0,83.0,2.0
41423,2023-09-22 23:00:00,181.53,69.0,73.0,0.0,0.0,218.0,82.0,2.0
41424,2023-09-23 00:00:00,186.61,70.0,72.0,0.0,1.0,207.0,82.0,2.0
41425,2023-09-23 01:00:00,186.67,72.0,73.0,0.0,0.0,213.0,84.0,2.0
41426,2023-09-23 02:00:00,192.33,72.0,72.0,0.0,0.0,199.0,84.0,2.0
41427,2023-09-23 03:00:00,217.98,73.0,72.0,0.0,1.0,150.0,84.0,2.0
41428,2023-09-23 04:00:00,285.62,123.0,70.0,0.0,17.0,116.0,94.0,2.0
41429,2023-09-23 05:00:00,265.58,129.0,70.0,0.0,61.0,114.0,95.0,2.0
41430,2023-09-23 06:00:00,197.56,73.0,68.0,0.0,99.0,88.0,84.0,2.0
41431,2023-09-23 07:00:00,211.46,78.0,67.0,0.0,89.0,82.0,85.0,2.0
41432,2023-09-23 08:00:00,217.62,78.0,69.0,0.0,78.0,83.0,85.0,2.0
41433,2023-09-23 09:00:00,220.1,79.0,69.0,0.0,94.0,64.0,86.0,2.0
41434,2023-09-23 10:00:00,221.74,78.0,68.0,0.0,88.0,65.0,85.0,2.0
41435,2023-09-23 11:00:00,231.7,78.0,69.0,0.0,72.0,65.0,85.0,2.0
41436,2023-09-23 12:00:00,256.9,79.0,70.0,0.0,49.0,54.0,85.0,2.0
41437,2023-09-23 13:00:00,274.83,80.0,71.0,0.0,30.0,52.0,86.0,2.0
41438,2023-09-23 14:00:00,294.16,78.0,72.0,0.0,20.0,39.0,85.0,2.0
41439,2023-09-23 15:00:00,295.95,75.0,70.0,0.0,8.0,44.0,85.0,2.0
41440,2023-09-23 16:00:00,307.88,75.0,70.0,0.0,1.0,40.0,85.0,2.0
41441,2023-09-23 17:00:00,292.98,76.0,72.0,0.0,1.0,56.0,85.0,2.0
41442,2023-09-23 18:00:00,299.61,75.0,72.0,0.0,0.0,48.0,86.0,2.0
41443,2023-09-23 19:00:00,289.93,74.0,69.0,0.0,0.0,55.0,86.0,2.0
41444,2023-09-23 20:00:00,290.21,74.0,70.0,0.0,0.0,55.0,86.0,2.0
41445,2023-09-23 21:00:00,290.95,74.0,69.0,0.0,0.0,55.0,85.0,2.0
41446,2023-09-23 22:00:00,300.36,73.0,71.0,0.0,1.0,55.0,74.0,2.0
41447,2023-09-23 23:00:00,307.34,74.0,70.0,0.0,0.0,58.0,67.0,2.0
41448,2023-09-24 00:00:00,304.21,76.0,71.0,0.0,0.0,67.0,64.0,2.0
41449,2023-09-24 01:00:00,298.63,76.0,70.0,0.0,0.0,75.0,61.0,2.0
41450,2023-09-24 02:00:00,293.84,75.0,66.0,0.0,0.0,80.0,58.0,2.0
41451,2023-09-24 03:00:00,294.07,77.0,66.0,0.0,0.0,83.0,57.0,1.0
41452,2023-09-24 04:00:00,274.41,77.0,65.0,0.0,7.0,96.0,57.0,1.0
41453,2023-09-24 05:00:00,240.72,74.0,67.0,0.0,45.0,96.0,56.0,1.0
41454,2023-09-24 06:00:00,203.37,75.0,66.0,0.0,105.0,102.0,56.0,2.0
41455,2023-09-24 07:00:00,176.0,78.0,65.0,0.0,169.0,111.0,55.0,2.0
41456,2023-09-24 08:00:00,145.37,73.0,65.0,0.0,238.0,122.0,55.0,2.0
41457,2023-09-24 09:00:00,123.95,74.0,67.0,0.0,315.0,149.0,56.0,2.0
41458,2023-09-24 10:00:00,127.23,75.0,66.0,0.0,314.0,136.0,56.0,2.0
41459,2023-09-24 11:00:00,127.39,75.0,68.0,0.0,306.0,144.0,59.0,2.0
41460,2023-09-24 12:00:00,134.26,75.0,66.0,0.0,264.0,149.0,59.0,2.0
41461,2023-09-24 13:00:00,154.97,76.0,66.0,0.0,196.0,136.0,59.0,1.0
41462,2023-09-24 14:00:00,165.87,74.0,65.0,0.0,107.0,181.0,62.0,2.0
41463,2023-09-24 15:00:00,211.45,75.0,68.0,0.0,27.0,149.0,73.0,2.0
41464,2023-09-24 16:00:00,233.53,77.0,71.0,0.0,2.0,135.0,81.0,2.0
41465,2023-09-24 17:00:00,221.68,77.0,70.0,0.0,1.0,150.0,86.0,2.0
41466,2023-09-24 18:00:00,228.36,76.0,71.0,0.0,1.0,138.0,85.0,2.0
41467,2023-09-24 19:00:00,235.51,78.0,69.0,0.0,0.0,134.0,82.0,2.0
41468,2023-09-24 20:00:00,248.14,79.0,66.0,0.0,0.0,116.0,82.0,2.0
41469,2023-09-24 21:00:00,242.2,73.0,61.0,0.0,0.0,110.0,81.0,2.0
41470,2023-09-24 22:00:00,248.16,71.0,63.0,0.0,0.0,111.0,69.0,2.0
41471,2023-09-24 23:00:00,267.85,72.0,64.0,0.0,0.0,97.0,62.0,2.0
41472,2023-09-25 00:00:00,296.75,75.0,65.0,0.0,0.0,76.0,59.0,2.0
41473,2023-09-25 01:00:00,311.81,74.0,64.0,0.0,0.0,64.0,56.0,2.0
41474,2023-09-25 02:00:00,312.27,73.0,63.0,0.0,0.0,62.0,56.0,2.0
41475,2023-09-25 03:00:00,302.67,83.0,62.0,0.0,1.0,70.0,70.0,2.0
41476,2023-09-25 04:00:00,356.25,152.0,65.0,0.0,16.0,73.0,87.0,2.0
41477,2023-09-25 05:00:00,325.53,193.0,65.0,0.0,103.0,72.0,93.0,2.0
41478,2023-09-25 06:00:00,269.63,199.0,67.0,0.0,228.0,64.0,96.0,1.0
41479,2023-09-25 07:00:00,211.14,162.0,68.0,0.0,326.0,53.0,95.0,1.0
41480,2023-09-25 08:00:00,179.34,149.0,69.0,0.0,405.0,64.0,89.0,1.0
41481,2023-09-25 09:00:00,152.3,115.0,66.0,0.0,396.0,76.0,84.0,1.0
41482,2023-09-25 10:00:00,152.18,115.0,67.0,0.0,394.0,83.0,81.0,1.0
41483,2023-09-25 11:00:00,157.36,115.0,71.0,0.0,369.0,89.0,81.0,1.0
41484,2023-09-25 12:00:00,179.77,115.0,76.0,0.0,288.0,83.0,85.0,2.0
41485,2023-09-25 13:00:00,212.8,115.0,77.0,0.0,190.0,77.0,89.0,2.0
41486,2023-09-25 14:00:00,295.57,154.0,72.0,0.0,88.0,75.0,99.0,2.0
41487,2023-09-25 15:00:00,360.4,165.0,70.0,0.0,17.0,68.0,101.0,2.0
41488,2023-09-25 16:00:00,358.05,166.0,73.0,0.0,1.0,87.0,102.0,2.0
41489,2023-09-25 17:00:00,351.75,173.0,76.0,0.0,2.0,101.0,103.0,2.0
41490,2023-09-25 18:00:00,339.76,169.0,74.0,0.0,1.0,114.0,102.0,2.0
41491,2023-09-25 19:00:00,324.87,163.0,73.0,0.0,0.0,132.0,98.0,2.0
41492,2023-09-25 20:00:00,269.93,117.0,71.0,0.0,0.0,151.0,90.0,2.0
41493,2023-09-25 21:00:00,272.07,112.0,72.0,0.0,0.0,140.0,89.0,2.0
41494,2023-09-25 22:00:00,272.49,112.0,71.0,0.0,0.0,143.0,85.0,2.0
41495,2023-09-25 23:00:00,276.45,111.0,70.0,0.0,0.0,135.0,85.0,2.0
41496,2023-09-26 00:00:00,291.06,113.0,70.0,0.0,0.0,117.0,86.0,2.0
41497,2023-09-26 01:00:00,294.59,115.0,68.0,0.0,0.0,116.0,85.0,2.0
41498,2023-09-26 02:00:00,310.17,131.0,69.0,0.0,0.0,114.0,91.0,2.0
41499,2023-09-26 03:00:00,313.42,148.0,69.0,0.0,0.0,126.0,99.0,2.0
41500,2023-09-26 04:00:00,322.01,167.0,69.0,0.0,9.0,127.0,103.0,2.0
41501,2023-09-26 05:00:00,290.06,167.0,67.0,0.0,68.0,120.0,103.0,2.0
41502,2023-09-26 06:00:00,234.43,165.0,66.0,0.0,196.0,113.0,102.0,2.0
41503,2023-09-26 07:00:00,183.24,153.0,59.0,0.0,338.0,109.0,99.0,2.0
41504,2023-09-26 08:00:00,150.7,130.0,61.0,0.0,422.0,107.0,91.0,2.0
41505,2023-09-26 09:00:00,133.62,113.0,62.0,0.0,459.0,103.0,84.0,2.0
41506,2023-09-26 10:00:00,131.5,111.0,55.0,0.0,459.0,97.0,81.0,2.0
41507,2023-09-26 11:00:00,138.86,113.0,47.0,0.0,417.0,92.0,81.0,2.0
41508,2023-09-26 12:00:00,160.02,114.0,46.0,0.0,330.0,78.0,85.0,2.0
41509,2023-09-26 13:00:00,197.01,114.0,46.0,0.0,221.0,59.0,90.0,2.0
41510,2023-09-26 14:00:00,302.52,158.0,46.0,0.0,101.0,49.0,101.0,2.0
41511,2023-09-26 15:00:00,360.59,155.0,43.0,0.0,20.0,53.0,101.0,2.0
41512,2023-09-26 16:00:00,353.22,156.0,44.0,0.0,1.0,81.0,101.0,2.0
41513,2023-09-26 17:00:00,325.3,141.0,44.0,0.0,2.0,95.0,99.0,2.0
41514,2023-09-26 18:00:00,318.2,140.0,43.0,0.0,1.0,104.0,98.0,2.0
41515,2023-09-26 19:00:00,323.32,138.0,42.0,0.0,0.0,99.0,95.0,2.0
41516,2023-09-26 20:00:00,290.66,112.0,41.0,0.0,0.0,105.0,89.0,2.0
41517,2023-09-26 21:00:00,306.47,112.0,41.0,0.0,0.0,87.0,89.0,2.0
41518,2023-09-26 22:00:00,317.82,109.0,41.0,0.0,0.0,75.0,85.0,2.0
41519,2023-09-26 23:00:00,321.79,109.0,40.0,0.0,0.0,71.0,85.0,2.0
41520,2023-09-27 00:00:00,336.9,112.0,40.0,0.0,0.0,63.0,83.0,2.0
41521,2023-09-27 01:00:00,359.0,116.0,40.0,0.0,0.0,50.0,82.0,2.0
41522,2023-09-27 02:00:00,349.16,115.0,40.0,0.0,0.0,54.0,85.0,2.0
41523,2023-09-27 03:00:00,381.47,157.0,60.0,0.0,1.0,58.0,96.0,2.0
41524,2023-09-27 04:00:00,372.9,169.0,67.0,0.0,6.0,70.0,100.0,2.0
41525,2023-09-27 05:00:00,331.24,168.0,69.0,0.0,35.0,89.0,103.0,2.0
41526,2023-09-27 06:00:00,298.83,167.0,69.0,0.0,88.0,85.0,103.0,2.0
41527,2023-09-27 07:00:00,251.33,158.0,67.0,0.0,176.0,76.0,102.0,2.0
41528,2023-09-27 08:00:00,183.07,114.0,69.0,0.0,261.0,78.0,95.0,2.0
41529,2023-09-27 09:00:00,174.27,113.0,70.0,0.0,285.0,88.0,90.0,2.0
41530,2023-09-27 10:00:00,177.74,112.0,69.0,0.0,265.0,94.0,87.0,2.0
41531,2023-09-27 11:00:00,191.09,112.0,70.0,0.0,210.0,106.0,87.0,2.0
41532,2023-09-27 12:00:00,207.59,113.0,70.0,0.0,164.0,108.0,87.0,2.0
41533,2023-09-27 13:00:00,238.75,113.0,70.0,0.0,106.0,92.0,90.0,2.0
41534,2023-09-27 14:00:00,325.99,157.0,70.0,0.0,40.0,78.0,102.0,2.0
41535,2023-09-27 15:00:00,365.74,167.0,72.0,0.0,9.0,70.0,103.0,2.0
41536,2023-09-27 16:00:00,351.48,154.0,71.0,0.0,1.0,82.0,101.0,2.0
41537,2023-09-27 17:00:00,364.87,167.0,71.0,0.0,1.0,81.0,101.0,2.0
41538,2023-09-27 18:00:00,364.95,168.0,72.0,0.0,0.0,86.0,98.0,2.0
41539,2023-09-27 19:00:00,353.9,153.0,70.0,0.0,0.0,87.0,93.0,2.0
41540,2023-09-27 20:00:00,314.1,113.0,67.0,0.0,0.0,89.0,85.0,2.0
41541,2023-09-27 21:00:00,333.73,112.0,69.0,0.0,0.0,67.0,85.0,2.0
41542,2023-09-27 22:00:00,339.23,110.0,68.0,0.0,0.0,63.0,81.0,2.0
41543,2023-09-27 23:00:00,349.97,109.0,70.0,0.0,0.0,56.0,77.0,2.0
41544,2023-09-28 00:00:00,365.26,111.0,69.0,0.0,0.0,47.0,75.0,2.0
41545,2023-09-28 01:00:00,386.98,113.0,66.0,0.0,0.0,31.0,76.0,2.0
41546,2023-09-28 02:00:00,389.61,111.0,69.0,0.0,0.0,23.0,80.0,2.0
41547,2023-09-28 03:00:00,390.86,112.0,51.0,0.0,0.0,19.0,85.0,2.0
41548,2023-09-28 04:00:00,420.87,158.0,50.0,0.0,5.0,20.0,97.0,2.0
41549,2023-09-28 05:00:00,403.48,170.0,49.0,0.0,27.0,19.0,101.0,2.0
41550,2023-09-28 06:00:00,348.98,167.0,50.0,0.0,76.0,22.0,103.0,2.0
41551,2023-09-28 07:00:00,309.43,162.0,48.0,0.0,124.0,24.0,99.0,2.0
41552,2023-09-28 08:00:00,256.37,134.0,48.0,0.0,176.0,23.0,88.0,2.0
41553,2023-09-28 09:00:00,207.03,113.0,44.0,0.0,237.0,23.0,80.0,2.0
41554,2023-09-28 10:00:00,199.19,115.0,46.0,0.0,266.0,24.0,77.0,2.0
41555,2023-09-28 11:00:00,204.91,115.0,47.0,0.0,257.0,20.0,76.0,2.0
41556,2023-09-28 12:00:00,229.84,125.0,47.0,0.0,220.0,18.0,82.0,2.0
41557,2023-09-28 13:00:00,285.66,147.0,47.0,0.0,153.0,16.0,91.0,2.0
41558,2023-09-28 14:00:00,344.35,146.0,46.0,0.0,74.0,13.0,94.0,2.0
41559,2023-09-28 15:00:00,415.0,165.0,64.0,0.0,14.0,15.0,102.0,2.0
41560,2023-09-28 16:00:00,411.91,167.0,68.0,0.0,1.0,31.0,103.0,2.0
41561,2023-09-28 17:00:00,398.71,168.0,71.0,0.0,1.0,45.0,102.0,2.0
41562,2023-09-28 18:00:00,370.94,145.0,72.0,0.0,0.0,57.0,96.0,2.0
41563,2023-09-28 19:00:00,318.46,114.0,70.0,0.0,0.0,85.0,86.0,2.0
41564,2023-09-28 20:00:00,315.29,113.0,69.0,0.0,0.0,88.0,85.0,2.0
41565,2023-09-28 21:00:00,334.62,112.0,68.0,0.0,0.0,66.0,85.0,2.0
41566,2023-09-28 22:00:00,305.98,110.0,67.0,0.0,0.0,104.0,75.0,2.0
41567,2023-09-28 23:00:00,328.77,109.0,68.0,0.0,0.0,86.0,67.0,2.0
41568,2023-09-29 00:00:00,337.67,112.0,68.0,0.0,0.0,84.0,64.0,2.0
41569,2023-09-29 01:00:00,319.72,112.0,71.0,0.0,0.0,105.0,62.0,2.0
41570,2023-09-29 02:00:00,327.28,112.0,72.0,0.0,0.0,93.0,66.0,2.0
41571,2023-09-29 03:00:00,333.01,137.0,71.0,0.0,1.0,101.0,83.0,2.0
41572,2023-09-29 04:00:00,345.26,163.0,68.0,0.0,7.0,101.0,94.0,2.0
41573,2023-09-29 05:00:00,317.69,167.0,66.0,0.0,49.0,98.0,98.0,2.0
41574,2023-09-29 06:00:00,264.7,166.0,68.0,0.0,160.0,81.0,99.0,2.0
41575,2023-09-29 07:00:00,214.76,156.0,70.0,0.0,278.0,75.0,97.0,2.0
41576,2023-09-29 08:00:00,140.12,91.0,69.0,0.0,347.0,95.0,80.0,2.0
41577,2023-09-29 09:00:00,123.99,76.0,71.0,0.0,368.0,97.0,73.0,2.0
41578,2023-09-29 10:00:00,128.85,77.0,71.0,0.0,353.0,95.0,69.0,2.0
41579,2023-09-29 11:00:00,142.5,72.0,72.0,0.0,284.0,80.0,69.0,2.0
41580,2023-09-29 12:00:00,164.9,73.0,68.0,0.0,190.0,89.0,74.0,2.0
41581,2023-09-29 13:00:00,199.83,73.0,70.0,0.0,103.0,87.0,78.0,2.0
41582,2023-09-29 14:00:00,257.67,90.0,69.0,0.0,48.0,78.0,82.0,2.0
41583,2023-09-29 15:00:00,402.11,176.0,69.0,0.0,9.0,55.0,88.0,2.0
41584,2023-09-29 16:00:00,392.95,151.0,68.0,0.0,1.0,50.0,87.0,2.0
41585,2023-09-29 17:00:00,391.99,149.0,68.0,0.0,1.0,50.0,86.0,2.0
41586,2023-09-29 18:00:00,369.0,129.0,70.0,0.0,0.0,51.0,87.0,2.0
41587,2023-09-29 19:00:00,354.35,116.0,67.0,0.0,0.0,50.0,87.0,2.0
41588,2023-09-29 20:00:00,333.08,114.0,67.0,0.0,1.0,68.0,86.0,2.0
41589,2023-09-29 21:00:00,168.25,19.0,67.0,0.0,0.0,78.0,74.0,2.0
41590,2023-09-29 22:00:00,144.79,15.0,69.0,0.0,1.0,105.0,71.0,2.0
41591,2023-09-29 23:00:00,142.58,16.0,70.0,0.0,0.0,116.0,71.0,2.0
41592,2023-09-30 00:00:00,137.83,17.0,70.0,0.0,0.0,133.0,68.0,2.0
41593,2023-09-30 01:00:00,144.07,17.0,71.0,0.0,0.0,126.0,64.0,2.0
41594,2023-09-30 02:00:00,137.07,17.0,72.0,0.0,0.0,142.0,64.0,2.0
41595,2023-09-30 03:00:00,138.38,18.0,71.0,0.0,0.0,140.0,66.0,2.0
41596,2023-09-30 04:00:00,126.85,19.0,71.0,0.0,2.0,169.0,67.0,2.0
41597,2023-09-30 05:00:00,119.31,17.0,70.0,0.0,14.0,161.0,71.0,2.0
41598,2023-09-30 06:00:00,108.31,15.0,70.0,0.0,32.0,165.0,71.0,2.0
41599,2023-09-30 07:00:00,89.84,15.0,70.0,0.0,68.0,206.0,67.0,2.0
41600,2023-09-30 08:00:00,80.12,16.0,71.0,0.0,122.0,226.0,57.0,2.0
41601,2023-09-30 09:00:00,65.73,15.0,70.0,1.0,205.0,233.0,59.0,2.0
41602,2023-09-30 10:00:00,58.4,15.0,69.0,1.0,277.0,229.0,59.0,2.0
41603,2023-09-30 11:00:00,54.65,15.0,68.0,1.0,324.0,221.0,59.0,2.0
41604,2023-09-30 12:00:00,60.65,15.0,70.0,1.0,269.0,218.0,59.0,2.0
41605,2023-09-30 13:00:00,72.02,15.0,71.0,1.0,177.0,214.0,59.0,2.0
41606,2023-09-30 14:00:00,95.77,16.0,73.0,1.0,71.0,195.0,63.0,2.0
41607,2023-09-30 15:00:00,113.9,16.0,73.0,1.0,12.0,183.0,67.0,2.0
41608,2023-09-30 16:00:00,121.49,17.0,70.0,0.0,2.0,167.0,71.0,2.0
41609,2023-09-30 17:00:00,112.44,19.0,70.0,0.0,1.0,203.0,74.0,2.0
41610,2023-09-30 18:00:00,112.53,19.0,71.0,0.0,1.0,208.0,71.0,2.0
41611,2023-09-30 19:00:00,109.97,16.0,74.0,0.0,0.0,207.0,71.0,2.0
41612,2023-09-30 20:00:00,115.69,20.0,69.0,0.0,0.0,199.0,72.0,2.0
41613,2023-09-30 21:00:00,109.6,16.0,68.0,0.0,0.0,193.0,72.0,2.0
41614,2023-09-30 22:00:00,131.58,16.0,70.0,0.0,0.0,147.0,63.0,2.0
41615,2023-09-30 23:00:00,132.49,15.0,71.0,0.0,0.0,150.0,55.0,2.0
41616,2023-10-01 00:00:00,140.52,15.0,69.0,0.0,0.0,134.0,51.0,2.0
41617,2023-10-01 01:00:00,134.44,15.0,66.0,0.0,0.0,145.0,47.0,2.0
41618,2023-10-01 02:00:00,134.87,16.0,65.0,0.0,0.0,147.0,47.0,2.0
41619,2023-10-01 03:00:00,127.49,17.0,65.0,0.0,0.0,163.0,52.0,2.0
41620,2023-10-01 04:00:00,127.76,18.0,68.0,0.0,7.0,157.0,61.0,2.0
41621,2023-10-01 05:00:00,108.84,20.0,67.0,0.0,73.0,154.0,62.0,2.0
41622,2023-10-01 06:00:00,75.34,19.0,67.0,0.0,212.0,175.0,61.0,2.0
41623,2023-10-01 07:00:00,59.76,18.0,67.0,0.0,326.0,189.0,61.0,2.0
41624,2023-10-01 08:00:00,57.1,17.0,68.0,0.0,347.0,193.0,60.0,2.0
41625,2023-10-01 09:00:00,54.51,15.0,67.0,0.0,336.0,205.0,60.0,2.0
41626,2023-10-01 10:00:00,59.81,16.0,67.0,0.0,336.0,156.0,60.0,2.0
41627,2023-10-01 11:00:00,62.88,17.0,66.0,0.0,311.0,147.0,61.0,1.0
41628,2023-10-01 12:00:00,65.34,15.0,66.0,0.0,274.0,142.0,59.0,1.0
41629,2023-10-01 13:00:00,67.76,15.0,68.0,0.0,212.0,200.0,52.0,1.0
41630,2023-10-01 14:00:00,94.48,16.0,69.0,0.0,89.0,185.0,45.0,1.0
41631,2023-10-01 15:00:00,123.05,18.0,69.0,0.0,12.0,176.0,51.0,2.0
41632,2023-10-01 16:00:00,129.71,17.0,71.0,0.0,1.0,165.0,55.0,2.0
41633,2023-10-01 17:00:00,139.07,19.0,71.0,0.0,1.0,149.0,59.0,2.0
41634,2023-10-01 18:00:00,141.49,14.0,71.0,0.0,1.0,123.0,58.0,2.0
41635,2023-10-01 19:00:00,164.65,17.0,71.0,0.0,0.0,97.0,58.0,2.0
41636,2023-10-01 20:00:00,170.73,16.0,72.0,0.0,0.0,86.0,58.0,2.0
41637,2023-10-01 21:00:00,178.38,17.0,69.0,0.0,0.0,76.0,58.0,2.0
41638,2023-10-01 22:00:00,179.62,15.0,69.0,0.0,0.0,68.0,58.0,2.0
41639,2023-10-01 23:00:00,197.9,16.0,71.0,0.0,0.0,53.0,58.0,2.0
41640,2023-10-02 00:00:00,192.32,15.0,69.0,0.0,0.0,54.0,58.0,2.0
41641,2023-10-02 01:00:00,201.38,14.0,71.0,0.0,0.0,44.0,58.0,2.0
41642,2023-10-02 02:00:00,205.96,14.0,70.0,0.0,0.0,39.0,58.0,2.0
41643,2023-10-02 03:00:00,213.1,16.0,70.0,0.0,1.0,37.0,58.0,2.0
41644,2023-10-02 04:00:00,323.25,66.0,71.0,0.0,5.0,38.0,58.0,2.0
41645,2023-10-02 05:00:00,316.82,101.0,72.0,0.0,54.0,42.0,59.0,2.0
41646,2023-10-02 06:00:00,258.21,107.0,73.0,0.0,138.0,45.0,59.0,2.0
41647,2023-10-02 07:00:00,213.71,106.0,72.0,0.0,223.0,45.0,59.0,2.0
41648,2023-10-02 08:00:00,175.39,89.0,71.0,0.0,273.0,48.0,59.0,2.0
41649,2023-10-02 09:00:00,131.98,57.0,71.0,0.0,297.0,55.0,54.0,2.0
41650,2023-10-02 10:00:00,170.45,74.0,72.0,0.0,256.0,47.0,42.0,2.0
41651,2023-10-02 11:00:00,187.53,93.0,75.0,0.0,271.0,45.0,45.0,2.0
41652,2023-10-02 12:00:00,163.03,65.0,74.0,0.0,243.0,52.0,42.0,2.0
41653,2023-10-02 13:00:00,177.25,63.0,73.0,0.0,171.0,67.0,53.0,2.0
41654,2023-10-02 14:00:00,257.14,79.0,73.0,0.0,76.0,55.0,58.0,2.0
41655,2023-10-02 15:00:00,322.64,84.0,72.0,0.0,9.0,58.0,59.0,2.0
41656,2023-10-02 16:00:00,304.19,90.0,71.0,0.0,1.0,92.0,59.0,2.0
41657,2023-10-02 17:00:00,261.5,82.0,73.0,0.0,1.0,129.0,59.0,2.0
41658,2023-10-02 18:00:00,211.07,58.0,70.0,0.0,0.0,149.0,58.0,2.0
41659,2023-10-02 19:00:00,207.31,56.0,69.0,0.0,0.0,149.0,58.0,2.0
41660,2023-10-02 20:00:00,140.74,17.0,70.0,0.0,0.0,137.0,58.0,2.0
41661,2023-10-02 21:00:00,129.92,8.0,70.0,0.0,0.0,118.0,57.0,2.0
41662,2023-10-02 22:00:00,137.35,5.0,72.0,0.0,0.0,98.0,53.0,2.0
41663,2023-10-02 23:00:00,150.18,7.0,71.0,0.0,0.0,88.0,50.0,2.0
41664,2023-10-03 00:00:00,157.4,5.0,70.0,0.0,0.0,72.0,47.0,2.0
41665,2023-10-03 01:00:00,145.6,1.0,70.0,0.0,0.0,71.0,47.0,2.0
41666,2023-10-03 02:00:00,182.86,13.0,72.0,0.0,0.0,71.0,48.0,2.0
41667,2023-10-03 03:00:00,254.61,46.0,71.0,0.0,0.0,76.0,50.0,2.0
41668,2023-10-03 04:00:00,262.74,52.0,74.0,0.0,3.0,74.0,54.0,2.0
41669,2023-10-03 05:00:00,228.29,51.0,76.0,0.0,36.0,76.0,57.0,2.0
41670,2023-10-03 06:00:00,178.88,50.0,75.0,0.0,106.0,83.0,58.0,2.0
41671,2023-10-03 07:00:00,159.12,52.0,75.0,0.0,154.0,93.0,54.0,2.0
41672,2023-10-03 08:00:00,166.31,54.0,77.0,0.0,154.0,87.0,51.0,2.0
41673,2023-10-03 09:00:00,122.57,16.0,76.0,0.0,121.0,77.0,46.0,2.0
41674,2023-10-03 10:00:00,122.47,10.0,74.0,0.0,98.0,69.0,42.0,2.0
41675,2023-10-03 11:00:00,137.28,10.0,74.0,0.0,83.0,49.0,42.0,1.0
41676,2023-10-03 12:00:00,156.8,6.0,73.0,0.0,53.0,30.0,42.0,1.0
41677,2023-10-03 13:00:00,202.11,9.0,74.0,0.0,24.0,23.0,43.0,2.0
41678,2023-10-03 14:00:00,214.13,10.0,73.0,0.0,9.0,30.0,43.0,2.0
41679,2023-10-03 15:00:00,219.69,20.0,71.0,0.0,1.0,53.0,47.0,2.0
41680,2023-10-03 16:00:00,190.26,21.0,71.0,0.0,0.0,87.0,47.0,2.0
41681,2023-10-03 17:00:00,164.7,22.0,71.0,0.0,0.0,126.0,47.0,2.0
41682,2023-10-03 18:00:00,99.82,0.0,70.0,0.0,0.0,157.0,42.0,2.0
41683,2023-10-03 19:00:00,87.82,0.0,70.0,0.0,0.0,197.0,39.0,2.0
41684,2023-10-03 20:00:00,76.2,0.0,70.0,0.0,0.0,244.0,39.0,2.0
41685,2023-10-03 21:00:00,66.11,0.0,68.0,0.0,0.0,289.0,39.0,2.0
41686,2023-10-03 22:00:00,70.96,0.0,69.0,0.0,0.0,272.0,33.0,2.0
41687,2023-10-03 23:00:00,76.63,0.0,70.0,0.0,0.0,254.0,27.0,2.0
41688,2023-10-04 00:00:00,76.89,0.0,69.0,0.0,0.0,248.0,28.0,2.0
41689,2023-10-04 01:00:00,78.07,0.0,68.0,0.0,0.0,239.0,28.0,2.0
41690,2023-10-04 02:00:00,83.49,0.0,70.0,0.0,0.0,223.0,29.0,2.0
41691,2023-10-04 03:00:00,74.53,0.0,69.0,0.0,0.0,251.0,36.0,2.0
41692,2023-10-04 04:00:00,66.86,0.0,67.0,0.0,1.0,276.0,42.0,2.0
41693,2023-10-04 05:00:00,77.9,0.0,67.0,0.0,13.0,208.0,43.0,2.0
41694,2023-10-04 06:00:00,77.84,0.0,68.0,0.0,58.0,167.0,43.0,2.0
41695,2023-10-04 07:00:00,63.09,0.0,68.0,0.0,126.0,178.0,43.0,2.0
41696,2023-10-04 08:00:00,51.26,0.0,67.0,0.0,191.0,204.0,42.0,2.0
41697,2023-10-04 09:00:00,45.41,0.0,65.0,0.0,219.0,227.0,42.0,2.0
41698,2023-10-04 10:00:00,41.97,0.0,67.0,0.0,262.0,245.0,42.0,2.0
41699,2023-10-04 11:00:00,45.99,0.0,67.0,0.0,249.0,205.0,41.0,2.0
41700,2023-10-04 12:00:00,51.57,0.0,67.0,0.0,212.0,181.0,41.0,2.0
41701,2023-10-04 13:00:00,63.32,0.0,65.0,0.0,142.0,148.0,41.0,2.0
41702,2023-10-04 14:00:00,86.06,0.0,69.0,0.0,58.0,139.0,42.0,2.0
41703,2023-10-04 15:00:00,106.5,0.0,70.0,0.0,6.0,130.0,46.0,2.0
41704,2023-10-04 16:00:00,98.2,0.0,72.0,0.0,1.0,161.0,47.0,2.0
41705,2023-10-04 17:00:00,99.35,0.0,71.0,0.0,1.0,155.0,47.0,2.0
41706,2023-10-04 18:00:00,86.06,0.0,69.0,0.0,0.0,196.0,43.0,2.0
41707,2023-10-04 19:00:00,89.23,0.0,69.0,0.0,0.0,186.0,42.0,2.0
41708,2023-10-04 20:00:00,92.64,0.0,68.0,0.0,0.0,172.0,42.0,2.0
41709,2023-10-04 21:00:00,105.66,0.0,68.0,0.0,0.0,137.0,42.0,2.0
41710,2023-10-04 22:00:00,113.9,0.0,68.0,0.0,0.0,129.0,32.0,2.0
41711,2023-10-04 23:00:00,112.92,0.0,68.0,0.0,0.0,135.0,28.0,2.0
41712,2023-10-05 00:00:00,107.39,0.0,68.0,0.0,0.0,146.0,29.0,2.0
41713,2023-10-05 01:00:00,111.96,0.0,68.0,0.0,0.0,136.0,29.0,2.0
41714,2023-10-05 02:00:00,105.24,0.0,68.0,0.0,0.0,151.0,29.0,2.0
41715,2023-10-05 03:00:00,113.41,0.0,68.0,0.0,0.0,125.0,37.0,2.0
41716,2023-10-05 04:00:00,116.42,0.0,68.0,0.0,4.0,107.0,45.0,2.0
41717,2023-10-05 05:00:00,106.72,0.0,69.0,0.0,43.0,87.0,49.0,2.0
41718,2023-10-05 06:00:00,92.64,0.0,70.0,0.0,88.0,80.0,52.0,2.0
41719,2023-10-05 07:00:00,94.64,0.0,68.0,0.0,95.0,61.0,52.0,2.0
41720,2023-10-05 08:00:00,102.55,0.0,72.0,0.0,94.0,53.0,50.0,2.0
41721,2023-10-05 09:00:00,118.26,0.0,72.0,0.0,72.0,43.0,46.0,2.0
41722,2023-10-05 10:00:00,123.52,0.0,69.0,0.0,53.0,50.0,42.0,2.0
41723,2023-10-05 11:00:00,136.32,0.0,68.0,0.0,41.0,40.0,42.0,2.0
41724,2023-10-05 12:00:00,134.23,0.0,68.0,0.0,24.0,57.0,45.0,2.0
41725,2023-10-05 13:00:00,130.78,0.0,69.0,0.0,14.0,70.0,49.0,2.0
41726,2023-10-05 14:00:00,118.51,0.0,68.0,0.0,6.0,93.0,53.0,2.0
41727,2023-10-05 15:00:00,104.22,0.0,69.0,0.0,1.0,127.0,57.0,2.0
41728,2023-10-05 16:00:00,87.82,0.0,70.0,0.0,1.0,178.0,57.0,2.0
41729,2023-10-05 17:00:00,76.38,0.0,71.0,0.0,1.0,231.0,54.0,2.0
41730,2023-10-05 18:00:00,65.92,0.0,69.0,0.0,0.0,276.0,50.0,1.0
41731,2023-10-05 19:00:00,63.89,0.0,67.0,0.0,0.0,287.0,50.0,2.0
41732,2023-10-05 20:00:00,63.92,0.0,66.0,0.0,0.0,282.0,50.0,2.0
41733,2023-10-05 21:00:00,67.03,0.0,67.0,0.0,0.0,268.0,50.0,2.0
41734,2023-10-05 22:00:00,70.35,0.0,68.0,0.0,0.0,257.0,47.0,2.0
41735,2023-10-05 23:00:00,73.49,0.0,68.0,0.0,0.0,241.0,47.0,2.0
41736,2023-10-06 00:00:00,79.49,0.0,68.0,0.0,0.0,213.0,48.0,2.0
41737,2023-10-06 01:00:00,83.64,0.0,69.0,1.0,0.0,197.0,50.0,2.0
41738,2023-10-06 02:00:00,94.61,0.0,69.0,1.0,0.0,154.0,56.0,2.0
41739,2023-10-06 03:00:00,97.52,0.0,67.0,1.0,0.0,128.0,68.0,2.0
41740,2023-10-06 04:00:00,95.02,0.0,67.0,1.0,6.0,125.0,72.0,2.0
41741,2023-10-06 05:00:00,78.01,0.0,69.0,1.0,82.0,116.0,72.0,2.0
41742,2023-10-06 06:00:00,54.66,0.0,65.0,1.0,236.0,86.0,71.0,2.0
41743,2023-10-06 07:00:00,38.75,0.0,59.0,1.0,381.0,82.0,68.0,2.0
41744,2023-10-06 08:00:00,26.41,0.0,42.0,1.0,446.0,76.0,65.0,2.0
41745,2023-10-06 09:00:00,25.08,0.0,40.0,1.0,453.0,79.0,61.0,2.0
41746,2023-10-06 10:00:00,31.41,0.0,48.0,1.0,411.0,83.0,57.0,2.0
41747,2023-10-06 11:00:00,44.61,0.0,62.0,1.0,325.0,93.0,57.0,2.0
41748,2023-10-06 12:00:00,51.51,0.0,69.0,1.0,261.0,124.0,61.0,2.0
41749,2023-10-06 13:00:00,62.91,0.0,70.0,1.0,159.0,133.0,65.0,2.0
41750,2023-10-06 14:00:00,82.72,0.0,70.0,1.0,44.0,145.0,65.0,2.0
41751,2023-10-06 15:00:00,84.11,0.0,71.0,1.0,3.0,180.0,69.0,2.0
41752,2023-10-06 16:00:00,69.66,0.0,69.0,1.0,1.0,245.0,65.0,2.0
41753,2023-10-06 17:00:00,64.44,0.0,69.0,1.0,2.0,278.0,62.0,2.0
41754,2023-10-06 18:00:00,62.64,0.0,68.0,1.0,1.0,297.0,51.0,2.0
41755,2023-10-06 19:00:00,63.27,0.0,67.0,0.0,0.0,290.0,51.0,2.0
41756,2023-10-06 20:00:00,67.66,0.0,64.0,0.0,1.0,249.0,51.0,2.0
41757,2023-10-06 21:00:00,80.2,0.0,63.0,0.0,0.0,197.0,43.0,2.0
41758,2023-10-06 22:00:00,75.99,0.0,62.0,0.0,0.0,216.0,37.0,2.0
41759,2023-10-06 23:00:00,79.0,0.0,65.0,0.0,0.0,215.0,37.0,2.0
41760,2023-10-07 00:00:00,84.11,0.0,66.0,0.0,0.0,198.0,38.0,2.0
41761,2023-10-07 01:00:00,86.18,0.0,67.0,0.0,0.0,194.0,38.0,2.0
41762,2023-10-07 02:00:00,92.32,0.0,68.0,0.0,0.0,176.0,39.0,2.0
41763,2023-10-07 03:00:00,91.67,0.0,68.0,0.0,0.0,178.0,39.0,2.0
41764,2023-10-07 04:00:00,90.41,0.0,68.0,0.0,1.0,173.0,47.0,2.0
41765,2023-10-07 05:00:00,76.56,0.0,66.0,1.0,18.0,194.0,53.0,2.0
41766,2023-10-07 06:00:00,59.19,0.0,66.0,1.0,50.0,257.0,56.0,2.0
41767,2023-10-07 07:00:00,52.72,0.0,66.0,1.0,83.0,276.0,57.0,2.0
41768,2023-10-07 08:00:00,48.46,0.0,65.0,1.0,116.0,278.0,58.0,2.0
41769,2023-10-07 09:00:00,48.82,0.0,63.0,1.0,140.0,238.0,57.0,2.0
41770,2023-10-07 10:00:00,43.48,0.0,62.0,0.0,129.0,305.0,56.0,2.0
41771,2023-10-07 11:00:00,44.42,0.0,61.0,0.0,105.0,310.0,56.0,2.0
41772,2023-10-07 12:00:00,47.46,0.0,60.0,0.0,80.0,293.0,57.0,2.0
41773,2023-10-07 13:00:00,52.13,0.0,61.0,0.0,60.0,276.0,56.0,2.0
41774,2023-10-07 14:00:00,55.94,0.0,61.0,1.0,25.0,279.0,56.0,2.0
41775,2023-10-07 15:00:00,57.92,0.0,62.0,1.0,3.0,283.0,56.0,1.0
41776,2023-10-07 16:00:00,61.15,0.0,63.0,1.0,1.0,277.0,56.0,2.0
41777,2023-10-07 17:00:00,58.4,0.0,63.0,1.0,0.0,287.0,57.0,1.0
41778,2023-10-07 18:00:00,58.19,0.0,62.0,1.0,0.0,289.0,60.0,2.0
41779,2023-10-07 19:00:00,69.03,0.0,62.0,1.0,0.0,224.0,60.0,2.0
41780,2023-10-07 20:00:00,61.61,0.0,63.0,1.0,0.0,272.0,59.0,2.0
41781,2023-10-07 21:00:00,75.93,0.0,64.0,1.0,0.0,201.0,59.0,2.0
41782,2023-10-07 22:00:00,78.21,0.0,62.0,1.0,0.0,194.0,49.0,2.0
41783,2023-10-07 23:00:00,82.77,0.0,64.0,1.0,0.0,192.0,41.0,2.0
41784,2023-10-08 00:00:00,85.23,0.0,66.0,1.0,0.0,190.0,41.0,2.0
41785,2023-10-08 01:00:00,84.77,0.0,67.0,1.0,0.0,195.0,41.0,2.0
41786,2023-10-08 02:00:00,84.95,0.0,66.0,1.0,0.0,191.0,41.0,2.0
41787,2023-10-08 03:00:00,80.63,0.0,66.0,1.0,0.0,192.0,50.0,1.0
41788,2023-10-08 04:00:00,77.19,0.0,65.0,1.0,1.0,191.0,60.0,1.0
41789,2023-10-08 05:00:00,71.17,0.0,65.0,1.0,23.0,196.0,60.0,1.0
41790,2023-10-08 06:00:00,51.52,0.0,65.0,1.0,66.0,285.0,60.0,1.0
41791,2023-10-08 07:00:00,47.61,0.0,66.0,1.0,106.0,291.0,60.0,1.0
41792,2023-10-08 08:00:00,45.42,0.0,64.0,1.0,112.0,296.0,60.0,1.0
41793,2023-10-08 09:00:00,45.18,0.0,65.0,1.0,130.0,288.0,60.0,1.0
41794,2023-10-08 10:00:00,44.48,0.0,66.0,1.0,145.0,289.0,60.0,1.0
41795,2023-10-08 11:00:00,45.53,0.0,66.0,1.0,124.0,294.0,63.0,1.0
41796,2023-10-08 12:00:00,46.2,0.0,65.0,1.0,106.0,297.0,63.0,1.0
41797,2023-10-08 13:00:00,50.26,0.0,65.0,1.0,70.0,289.0,64.0,1.0
41798,2023-10-08 14:00:00,55.92,0.0,66.0,1.0,32.0,283.0,64.0,1.0
41799,2023-10-08 15:00:00,59.54,0.0,67.0,1.0,4.0,285.0,68.0,1.0
41800,2023-10-08 16:00:00,59.71,0.0,68.0,1.0,1.0,290.0,70.0,1.0
41801,2023-10-08 17:00:00,60.84,0.0,68.0,1.0,0.0,284.0,69.0,1.0
41802,2023-10-08 18:00:00,64.5,0.0,68.0,1.0,0.0,262.0,67.0,1.0
41803,2023-10-08 19:00:00,67.11,0.0,66.0,1.0,0.0,249.0,63.0,2.0
41804,2023-10-08 20:00:00,70.0,0.0,65.0,1.0,0.0,229.0,63.0,2.0
41805,2023-10-08 21:00:00,76.36,0.0,65.0,1.0,0.0,199.0,63.0,2.0
41806,2023-10-08 22:00:00,82.35,0.0,65.0,1.0,0.0,177.0,61.0,2.0
41807,2023-10-08 23:00:00,83.32,0.0,64.0,1.0,0.0,173.0,58.0,2.0
41808,2023-10-09 00:00:00,85.42,0.0,65.0,1.0,0.0,165.0,62.0,2.0
41809,2023-10-09 01:00:00,125.31,14.0,65.0,1.0,0.0,139.0,65.0,2.0
41810,2023-10-09 02:00:00,142.89,32.0,42.0,1.0,0.0,141.0,69.0,2.0
41811,2023-10-09 03:00:00,155.07,39.0,40.0,1.0,1.0,127.0,84.0,2.0
41812,2023-10-09 04:00:00,153.77,37.0,41.0,1.0,3.0,108.0,97.0,2.0
41813,2023-10-09 05:00:00,213.64,81.0,43.0,1.0,37.0,106.0,98.0,2.0
41814,2023-10-09 06:00:00,252.99,137.0,43.0,1.0,100.0,97.0,99.0,2.0
41815,2023-10-09 07:00:00,234.13,137.0,42.0,1.0,149.0,86.0,99.0,2.0
41816,2023-10-09 08:00:00,243.33,137.0,43.0,1.0,150.0,66.0,99.0,2.0
41817,2023-10-09 09:00:00,260.47,145.0,44.0,1.0,143.0,57.0,98.0,2.0
41818,2023-10-09 10:00:00,254.24,146.0,44.0,1.0,150.0,63.0,99.0,2.0
41819,2023-10-09 11:00:00,255.79,144.0,44.0,1.0,136.0,70.0,99.0,2.0
41820,2023-10-09 12:00:00,267.69,146.0,45.0,1.0,109.0,80.0,98.0,2.0
41821,2023-10-09 13:00:00,278.5,146.0,44.0,1.0,79.0,91.0,98.0,2.0
41822,2023-10-09 14:00:00,313.87,134.0,44.0,1.0,34.0,66.0,99.0,2.0
41823,2023-10-09 15:00:00,349.1,136.0,44.0,1.0,5.0,59.0,99.0,2.0
41824,2023-10-09 16:00:00,358.99,140.0,46.0,1.0,1.0,60.0,97.0,2.0
41825,2023-10-09 17:00:00,353.92,147.0,46.0,1.0,1.0,72.0,98.0,2.0
41826,2023-10-09 18:00:00,362.38,153.0,45.0,1.0,0.0,71.0,98.0,2.0
41827,2023-10-09 19:00:00,392.45,166.0,42.0,1.0,0.0,54.0,99.0,2.0
41828,2023-10-09 20:00:00,421.53,180.0,43.0,1.0,0.0,41.0,98.0,2.0
41829,2023-10-09 21:00:00,414.6,169.0,61.0,1.0,0.0,36.0,98.0,2.0
41830,2023-10-09 22:00:00,433.61,166.0,45.0,1.0,0.0,20.0,98.0,2.0
41831,2023-10-09 23:00:00,444.19,179.0,59.0,1.0,0.0,19.0,98.0,2.0
41832,2023-10-10 00:00:00,446.51,181.0,68.0,1.0,0.0,17.0,98.0,2.0
41833,2023-10-10 01:00:00,442.36,182.0,69.0,1.0,0.0,21.0,98.0,2.0
41834,2023-10-10 02:00:00,428.32,183.0,69.0,1.0,0.0,34.0,98.0,2.0
41835,2023-10-10 03:00:00,415.4,191.0,66.0,1.0,0.0,51.0,100.0,2.0
41836,2023-10-10 04:00:00,409.05,186.0,67.0,1.0,2.0,49.0,102.0,2.0
41837,2023-10-10 05:00:00,365.86,195.0,69.0,1.0,55.0,54.0,102.0,2.0
41838,2023-10-10 06:00:00,282.78,191.0,70.0,1.0,181.0,63.0,101.0,2.0
41839,2023-10-10 07:00:00,236.79,187.0,71.0,1.0,290.0,64.0,101.0,2.0
41840,2023-10-10 08:00:00,209.18,168.0,73.0,1.0,340.0,62.0,99.0,2.0
41841,2023-10-10 09:00:00,213.77,168.0,73.0,1.0,323.0,62.0,100.0,2.0
41842,2023-10-10 10:00:00,224.3,166.0,73.0,1.0,275.0,72.0,99.0,2.0
41843,2023-10-10 11:00:00,241.15,166.0,75.0,1.0,225.0,75.0,99.0,2.0
41844,2023-10-10 12:00:00,262.85,167.0,73.0,1.0,170.0,77.0,100.0,2.0
41845,2023-10-10 13:00:00,290.75,168.0,73.0,1.0,108.0,82.0,102.0,2.0
41846,2023-10-10 14:00:00,337.18,183.0,73.0,1.0,44.0,91.0,102.0,2.0
41847,2023-10-10 15:00:00,353.17,186.0,73.0,1.0,3.0,114.0,101.0,2.0
41848,2023-10-10 16:00:00,330.83,188.0,73.0,1.0,1.0,151.0,101.0,2.0
41849,2023-10-10 17:00:00,303.8,186.0,73.0,1.0,1.0,195.0,100.0,2.0
41850,2023-10-10 18:00:00,215.16,95.0,71.0,1.0,0.0,199.0,95.0,2.0
41851,2023-10-10 19:00:00,82.68,7.0,71.0,1.0,0.0,222.0,93.0,2.0
41852,2023-10-10 20:00:00,87.32,11.0,72.0,1.0,0.0,234.0,94.0,2.0
41853,2023-10-10 21:00:00,71.02,1.0,72.0,1.0,0.0,232.0,94.0,2.0
41854,2023-10-10 22:00:00,77.46,3.0,73.0,1.0,1.0,226.0,87.0,2.0
41855,2023-10-10 23:00:00,77.57,4.0,74.0,1.0,0.0,240.0,86.0,2.0
41856,2023-10-11 00:00:00,73.71,3.0,74.0,1.0,1.0,253.0,84.0,2.0
41857,2023-10-11 01:00:00,71.56,4.0,73.0,1.0,0.0,276.0,80.0,2.0
41858,2023-10-11 02:00:00,65.42,2.0,72.0,1.0,1.0,290.0,80.0,2.0
41859,2023-10-11 03:00:00,74.47,9.0,73.0,1.0,0.0,300.0,85.0,2.0
41860,2023-10-11 04:00:00,73.38,9.0,73.0,1.0,1.0,305.0,86.0,2.0
41861,2023-10-11 05:00:00,73.78,11.0,72.0,1.0,7.0,311.0,86.0,2.0
41862,2023-10-11 06:00:00,68.85,9.0,72.0,1.0,16.0,317.0,86.0,2.0
41863,2023-10-11 07:00:00,66.41,8.0,72.0,1.0,25.0,316.0,86.0,2.0
41864,2023-10-11 08:00:00,70.5,10.0,72.0,1.0,25.0,310.0,82.0,2.0
41865,2023-10-11 09:00:00,71.47,11.0,73.0,1.0,27.0,319.0,78.0,2.0
41866,2023-10-11 10:00:00,69.76,10.0,71.0,1.0,26.0,320.0,72.0,2.0
41867,2023-10-11 11:00:00,70.18,10.0,71.0,1.0,20.0,324.0,71.0,2.0
41868,2023-10-11 12:00:00,70.78,10.0,72.0,1.0,15.0,329.0,71.0,2.0
41869,2023-10-11 13:00:00,70.31,8.0,73.0,1.0,9.0,323.0,71.0,2.0
41870,2023-10-11 14:00:00,69.41,7.0,72.0,1.0,2.0,322.0,71.0,2.0
41871,2023-10-11 15:00:00,71.33,8.0,73.0,1.0,0.0,321.0,75.0,2.0
41872,2023-10-11 16:00:00,68.98,7.0,72.0,1.0,1.0,323.0,74.0,2.0
41873,2023-10-11 17:00:00,71.73,8.0,71.0,1.0,0.0,312.0,73.0,2.0
41874,2023-10-11 18:00:00,59.74,0.0,71.0,1.0,0.0,316.0,69.0,2.0
41875,2023-10-11 19:00:00,59.61,0.0,71.0,1.0,0.0,319.0,67.0,2.0
41876,2023-10-11 20:00:00,59.03,0.0,69.0,1.0,0.0,313.0,67.0,2.0
41877,2023-10-11 21:00:00,58.73,0.0,68.0,1.0,0.0,311.0,66.0,2.0
41878,2023-10-11 22:00:00,61.19,0.0,69.0,1.0,0.0,304.0,60.0,2.0
41879,2023-10-11 23:00:00,64.29,0.0,69.0,1.0,0.0,288.0,55.0,2.0
41880,2023-10-12 00:00:00,65.02,0.0,70.0,1.0,0.0,290.0,53.0,2.0
41881,2023-10-12 01:00:00,66.8,0.0,72.0,1.0,0.0,288.0,53.0,2.0
41882,2023-10-12 02:00:00,66.23,0.0,71.0,1.0,0.0,286.0,54.0,2.0
41883,2023-10-12 03:00:00,64.93,0.0,72.0,1.0,1.0,286.0,66.0,2.0
41884,2023-10-12 04:00:00,61.76,0.0,71.0,1.0,1.0,293.0,76.0,2.0
41885,2023-10-12 05:00:00,57.94,0.0,73.0,1.0,23.0,306.0,81.0,2.0
41886,2023-10-12 06:00:00,50.86,0.0,74.0,1.0,94.0,310.0,80.0,2.0
41887,2023-10-12 07:00:00,44.49,0.0,73.0,1.0,165.0,313.0,79.0,2.0
41888,2023-10-12 08:00:00,39.42,0.0,72.0,1.0,235.0,316.0,79.0,2.0
41889,2023-10-12 09:00:00,34.19,0.0,72.0,1.0,329.0,318.0,75.0,1.0
41890,2023-10-12 10:00:00,33.48,0.0,73.0,1.0,354.0,330.0,65.0,1.0
41891,2023-10-12 11:00:00,33.81,0.0,72.0,1.0,350.0,320.0,61.0,1.0
41892,2023-10-12 12:00:00,36.62,0.0,71.0,1.0,275.0,323.0,62.0,1.0
41893,2023-10-12 13:00:00,42.63,0.0,70.0,1.0,170.0,318.0,61.0,1.0
41894,2023-10-12 14:00:00,56.35,0.0,72.0,1.0,49.0,299.0,61.0,1.0
41895,2023-10-12 15:00:00,62.13,0.0,72.0,1.0,3.0,285.0,76.0,1.0
41896,2023-10-12 16:00:00,64.34,0.0,72.0,1.0,1.0,264.0,84.0,1.0
41897,2023-10-12 17:00:00,63.64,0.0,70.0,1.0,1.0,259.0,84.0,1.0
41898,2023-10-12 18:00:00,63.5,0.0,70.0,1.0,0.0,273.0,80.0,2.0
41899,2023-10-12 19:00:00,61.9,0.0,70.0,1.0,0.0,288.0,76.0,2.0
41900,2023-10-12 20:00:00,63.2,0.0,70.0,1.0,0.0,278.0,77.0,2.0
41901,2023-10-12 21:00:00,69.07,0.0,71.0,1.0,0.0,247.0,76.0,2.0
41902,2023-10-12 22:00:00,76.85,0.0,70.0,1.0,0.0,209.0,70.0,2.0
41903,2023-10-12 23:00:00,86.23,0.0,71.0,1.0,0.0,172.0,72.0,2.0
41904,2023-10-13 00:00:00,86.57,0.0,72.0,1.0,0.0,170.0,76.0,2.0
41905,2023-10-13 01:00:00,79.33,0.0,70.0,1.0,0.0,188.0,80.0,2.0
41906,2023-10-13 02:00:00,80.65,0.0,71.0,1.0,0.0,183.0,83.0,2.0
41907,2023-10-13 03:00:00,83.16,2.0,71.0,1.0,0.0,180.0,92.0,2.0
41908,2023-10-13 04:00:00,78.68,2.0,67.0,1.0,2.0,180.0,95.0,2.0
41909,2023-10-13 05:00:00,71.42,2.0,70.0,1.0,47.0,175.0,96.0,1.0
41910,2023-10-13 06:00:00,57.02,2.0,70.0,1.0,162.0,160.0,95.0,1.0
41911,2023-10-13 07:00:00,48.21,3.0,71.0,1.0,304.0,144.0,91.0,2.0
41912,2023-10-13 08:00:00,42.47,6.0,71.0,1.0,429.0,157.0,87.0,2.0
41913,2023-10-13 09:00:00,40.48,6.0,71.0,1.0,445.0,180.0,85.0,2.0
41914,2023-10-13 10:00:00,39.59,4.0,70.0,1.0,429.0,179.0,75.0,2.0
41915,2023-10-13 11:00:00,46.39,5.0,71.0,1.0,359.0,161.0,74.0,2.0
41916,2023-10-13 12:00:00,54.19,5.0,72.0,1.0,264.0,161.0,78.0,2.0
41917,2023-10-13 13:00:00,70.36,5.0,72.0,1.0,132.0,155.0,82.0,2.0
41918,2023-10-13 14:00:00,95.18,5.0,71.0,1.0,26.0,137.0,86.0,2.0
41919,2023-10-13 15:00:00,92.64,5.0,69.0,1.0,1.0,160.0,91.0,2.0
41920,2023-10-13 16:00:00,90.36,6.0,72.0,1.0,2.0,182.0,93.0,2.0
41921,2023-10-13 17:00:00,88.68,7.0,70.0,1.0,1.0,195.0,89.0,2.0
41922,2023-10-13 18:00:00,78.34,1.0,70.0,1.0,0.0,201.0,80.0,2.0
41923,2023-10-13 19:00:00,70.54,0.0,68.0,1.0,0.0,224.0,78.0,2.0
41924,2023-10-13 20:00:00,67.12,0.0,68.0,1.0,0.0,248.0,73.0,2.0
41925,2023-10-13 21:00:00,62.64,0.0,68.0,1.0,0.0,278.0,71.0,2.0
41926,2023-10-13 22:00:00,61.04,0.0,68.0,1.0,0.0,303.0,57.0,2.0
41927,2023-10-13 23:00:00,58.51,0.0,66.0,1.0,0.0,322.0,46.0,2.0
41928,2023-10-14 00:00:00,60.05,0.0,67.0,1.0,0.0,316.0,46.0,2.0
41929,2023-10-14 01:00:00,59.69,0.0,64.0,1.0,0.0,303.0,46.0,2.0
41930,2023-10-14 02:00:00,65.62,0.0,65.0,1.0,0.0,270.0,46.0,2.0
41931,2023-10-14 03:00:00,79.93,0.0,63.0,1.0,0.0,193.0,47.0,2.0
41932,2023-10-14 04:00:00,78.5,0.0,65.0,1.0,1.0,205.0,47.0,2.0
41933,2023-10-14 05:00:00,76.64,0.0,64.0,1.0,4.0,206.0,47.0,2.0
41934,2023-10-14 06:00:00,76.44,0.0,66.0,1.0,13.0,203.0,43.0,1.0
41935,2023-10-14 07:00:00,64.87,0.0,67.0,1.0,22.0,258.0,42.0,1.0
41936,2023-10-14 08:00:00,60.85,0.0,69.0,1.0,39.0,277.0,42.0,1.0
41937,2023-10-14 09:00:00,61.13,0.0,68.0,1.0,35.0,273.0,43.0,1.0
41938,2023-10-14 10:00:00,60.96,0.0,66.0,1.0,48.0,251.0,43.0,1.0
41939,2023-10-14 11:00:00,54.57,0.0,66.0,1.0,78.0,267.0,45.0,1.0
41940,2023-10-14 12:00:00,46.81,0.0,66.0,1.0,135.0,286.0,45.0,1.0
41941,2023-10-14 13:00:00,47.79,0.0,66.0,1.0,120.0,290.0,45.0,1.0
41942,2023-10-14 14:00:00,58.54,0.0,66.0,1.0,36.0,278.0,45.0,1.0
41943,2023-10-14 15:00:00,63.6,0.0,66.0,1.0,2.0,274.0,49.0,1.0
41944,2023-10-14 16:00:00,60.67,0.0,66.0,1.0,1.0,291.0,52.0,1.0
41945,2023-10-14 17:00:00,57.34,0.0,64.0,1.0,1.0,307.0,49.0,1.0
41946,2023-10-14 18:00:00,58.22,0.0,65.0,1.0,0.0,307.0,49.0,1.0
41947,2023-10-14 19:00:00,57.28,0.0,63.0,1.0,0.0,307.0,45.0,1.0
41948,2023-10-14 20:00:00,57.48,0.0,64.0,1.0,0.0,311.0,45.0,1.0
41949,2023-10-14 21:00:00,57.48,0.0,64.0,1.0,0.0,310.0,46.0,1.0
41950,2023-10-14 22:00:00,82.22,0.0,66.0,1.0,0.0,205.0,31.0,1.0
41951,2023-10-14 23:00:00,84.16,0.0,66.0,1.0,0.0,205.0,24.0,1.0
41952,2023-10-15 00:00:00,83.88,0.0,66.0,1.0,0.0,205.0,25.0,1.0
41953,2023-10-15 01:00:00,86.49,0.0,66.0,1.0,0.0,197.0,24.0,1.0
41954,2023-10-15 02:00:00,84.22,0.0,64.0,1.0,0.0,198.0,24.0,1.0
41955,2023-10-15 03:00:00,84.1,0.0,63.0,1.0,0.0,195.0,24.0,1.0
41956,2023-10-15 04:00:00,82.8,0.0,62.0,1.0,1.0,195.0,24.0,1.0
41957,2023-10-15 05:00:00,76.55,0.0,63.0,1.0,24.0,199.0,24.0,1.0
41958,2023-10-15 06:00:00,68.24,0.0,63.0,1.0,80.0,180.0,25.0,1.0
41959,2023-10-15 07:00:00,64.11,0.0,61.0,1.0,91.0,182.0,25.0,1.0
41960,2023-10-15 08:00:00,59.08,0.0,62.0,1.0,113.0,197.0,24.0,1.0
41961,2023-10-15 09:00:00,53.67,0.0,63.0,1.0,166.0,180.0,34.0,1.0
41962,2023-10-15 10:00:00,46.84,0.0,62.0,1.0,225.0,170.0,43.0,1.0
41963,2023-10-15 11:00:00,45.22,0.0,62.0,1.0,237.0,174.0,45.0,1.0
41964,2023-10-15 12:00:00,51.23,0.0,62.0,1.0,199.0,150.0,46.0,1.0
41965,2023-10-15 13:00:00,64.7,0.0,60.0,1.0,103.0,133.0,54.0,1.0
41966,2023-10-15 14:00:00,74.68,0.0,59.0,1.0,28.0,149.0,62.0,1.0
41967,2023-10-15 15:00:00,43.17,0.0,38.0,1.0,1.0,219.0,79.0,1.0
41968,2023-10-15 16:00:00,48.89,3.0,38.0,1.0,1.0,216.0,86.0,1.0
41969,2023-10-15 17:00:00,69.6,11.0,40.0,1.0,0.0,196.0,92.0,1.0
41970,2023-10-15 18:00:00,75.59,11.0,40.0,1.0,1.0,167.0,93.0,1.0
41971,2023-10-15 19:00:00,75.81,8.0,40.0,1.0,0.0,141.0,92.0,1.0
41972,2023-10-15 20:00:00,74.76,8.0,40.0,1.0,0.0,147.0,90.0,1.0
41973,2023-10-15 21:00:00,83.96,9.0,41.0,1.0,0.0,128.0,89.0,1.0
41974,2023-10-15 22:00:00,77.18,8.0,40.0,1.0,0.0,141.0,87.0,1.0
41975,2023-10-15 23:00:00,76.08,8.0,40.0,1.0,0.0,150.0,82.0,1.0
41976,2023-10-16 00:00:00,78.3,8.0,40.0,1.0,0.0,142.0,82.0,1.0
41977,2023-10-16 01:00:00,73.98,8.0,41.0,1.0,0.0,162.0,82.0,1.0
41978,2023-10-16 02:00:00,74.55,9.0,40.0,1.0,0.0,164.0,83.0,1.0
41979,2023-10-16 03:00:00,69.27,10.0,38.0,1.0,0.0,186.0,85.0,1.0
41980,2023-10-16 04:00:00,66.1,10.0,39.0,1.0,1.0,201.0,89.0,1.0
41981,2023-10-16 05:00:00,69.43,14.0,41.0,1.0,36.0,194.0,93.0,1.0
41982,2023-10-16 06:00:00,51.71,12.0,42.0,1.0,157.0,181.0,94.0,1.0
41983,2023-10-16 07:00:00,41.58,12.0,41.0,1.0,285.0,167.0,91.0,1.0
41984,2023-10-16 08:00:00,40.61,14.0,43.0,1.0,368.0,158.0,83.0,1.0
41985,2023-10-16 09:00:00,41.4,14.0,45.0,1.0,351.0,175.0,86.0,1.0
41986,2023-10-16 10:00:00,44.8,14.0,45.0,1.0,281.0,187.0,93.0,1.0
41987,2023-10-16 11:00:00,45.14,13.0,44.0,1.0,258.0,194.0,93.0,2.0
41988,2023-10-16 12:00:00,42.45,9.0,43.0,1.0,209.0,205.0,94.0,2.0
41989,2023-10-16 13:00:00,42.83,5.0,43.0,1.0,125.0,221.0,90.0,2.0
41990,2023-10-16 14:00:00,47.9,1.0,43.0,1.0,30.0,208.0,87.0,2.0
41991,2023-10-16 15:00:00,54.33,2.0,43.0,1.0,1.0,210.0,83.0,2.0
41992,2023-10-16 16:00:00,49.43,1.0,42.0,1.0,1.0,222.0,84.0,2.0
41993,2023-10-16 17:00:00,58.85,7.0,42.0,1.0,1.0,237.0,84.0,2.0
41994,2023-10-16 18:00:00,52.53,5.0,41.0,1.0,0.0,250.0,84.0,2.0
41995,2023-10-16 19:00:00,44.06,0.0,40.0,1.0,0.0,235.0,84.0,2.0
41996,2023-10-16 20:00:00,90.54,25.0,40.0,1.0,0.0,230.0,88.0,2.0
41997,2023-10-16 21:00:00,112.1,33.0,40.0,1.0,0.0,203.0,87.0,2.0
41998,2023-10-16 22:00:00,162.78,65.0,42.0,1.0,0.0,217.0,79.0,2.0
41999,2023-10-16 23:00:00,161.13,55.0,42.0,1.0,0.0,190.0,73.0,2.0
42000,2023-10-17 00:00:00,151.91,48.0,42.0,1.0,0.0,188.0,69.0,2.0
42001,2023-10-17 01:00:00,170.5,64.0,41.0,1.0,0.0,201.0,72.0,2.0
42002,2023-10-17 02:00:00,268.06,151.0,41.0,1.0,0.0,215.0,79.0,2.0
42003,2023-10-17 03:00:00,285.74,162.0,41.0,1.0,0.0,191.0,91.0,2.0
42004,2023-10-17 04:00:00,294.14,161.0,43.0,1.0,1.0,168.0,98.0,2.0
42005,2023-10-17 05:00:00,327.14,193.0,39.0,1.0,22.0,136.0,103.0,2.0
42006,2023-10-17 06:00:00,330.58,265.0,36.0,1.0,121.0,114.0,114.0,2.0
42007,2023-10-17 07:00:00,281.56,268.0,43.0,1.0,253.0,102.0,115.0,2.0
42008,2023-10-17 08:00:00,245.6,265.0,42.0,1.0,357.0,114.0,107.0,2.0
42009,2023-10-17 09:00:00,240.2,268.0,43.0,1.0,370.0,124.0,111.0,2.0
42010,2023-10-17 10:00:00,253.87,262.0,44.0,1.0,342.0,115.0,87.0,2.0
42011,2023-10-17 11:00:00,280.41,256.0,44.0,1.0,298.0,93.0,62.0,2.0
42012,2023-10-17 12:00:00,300.67,254.0,44.0,1.0,245.0,80.0,74.0,2.0
42013,2023-10-17 13:00:00,366.63,253.0,44.0,1.0,119.0,61.0,92.0,2.0
42014,2023-10-17 14:00:00,439.81,245.0,44.0,1.0,21.0,51.0,99.0,2.0
42015,2023-10-17 15:00:00,467.8,257.0,43.0,1.0,1.0,51.0,99.0,2.0
42016,2023-10-17 16:00:00,455.42,255.0,43.0,1.0,3.0,58.0,101.0,2.0
42017,2023-10-17 17:00:00,452.73,235.0,44.0,1.0,1.0,49.0,101.0,2.0
42018,2023-10-17 18:00:00,458.06,229.0,44.0,1.0,0.0,41.0,101.0,2.0
42019,2023-10-17 19:00:00,476.14,223.0,42.0,1.0,0.0,26.0,97.0,2.0
42020,2023-10-17 20:00:00,479.59,224.0,41.0,1.0,0.0,22.0,99.0,2.0
42021,2023-10-17 21:00:00,476.67,217.0,42.0,1.0,0.0,22.0,97.0,2.0
42022,2023-10-17 22:00:00,497.49,215.0,42.0,1.0,0.0,17.0,85.0,2.0
42023,2023-10-17 23:00:00,501.06,220.0,42.0,1.0,0.0,29.0,73.0,2.0
42024,2023-10-18 00:00:00,501.45,238.0,42.0,1.0,0.0,35.0,76.0,2.0
42025,2023-10-18 01:00:00,485.23,243.0,42.0,1.0,1.0,46.0,80.0,2.0
42026,2023-10-18 02:00:00,446.11,237.0,43.0,1.0,0.0,75.0,84.0,2.0
42027,2023-10-18 03:00:00,428.26,230.0,43.0,1.0,0.0,72.0,100.0,2.0
42028,2023-10-18 04:00:00,388.48,227.0,43.0,1.0,1.0,104.0,110.0,2.0
42029,2023-10-18 05:00:00,365.83,237.0,44.0,1.0,6.0,140.0,110.0,2.0
42030,2023-10-18 06:00:00,351.6,232.0,43.0,1.0,29.0,133.0,110.0,2.0
42031,2023-10-18 07:00:00,345.48,234.0,41.0,1.0,71.0,117.0,96.0,2.0
42032,2023-10-18 08:00:00,316.63,236.0,41.0,1.0,118.0,131.0,89.0,2.0
42033,2023-10-18 09:00:00,297.79,229.0,40.0,1.0,135.0,142.0,89.0,2.0
42034,2023-10-18 10:00:00,295.68,221.0,40.0,1.0,140.0,132.0,86.0,2.0
42035,2023-10-18 11:00:00,318.21,231.0,41.0,1.0,127.0,116.0,85.0,2.0
42036,2023-10-18 12:00:00,327.55,232.0,40.0,1.0,110.0,112.0,90.0,2.0
42037,2023-10-18 13:00:00,360.33,236.0,39.0,1.0,62.0,110.0,91.0,2.0
42038,2023-10-18 14:00:00,397.68,239.0,38.0,1.0,16.0,105.0,94.0,2.0
42039,2023-10-18 15:00:00,466.39,325.0,39.0,1.0,1.0,99.0,96.0,2.0
42040,2023-10-18 16:00:00,455.42,325.0,42.0,1.0,1.0,112.0,96.0,2.0
42041,2023-10-18 17:00:00,456.67,326.0,53.0,1.0,0.0,110.0,96.0,2.0
42042,2023-10-18 18:00:00,466.4,329.0,56.0,1.0,0.0,99.0,96.0,2.0
42043,2023-10-18 19:00:00,479.65,333.0,57.0,1.0,0.0,85.0,96.0,2.0
42044,2023-10-18 20:00:00,480.31,308.0,59.0,1.0,0.0,69.0,96.0,1.0
42045,2023-10-18 21:00:00,446.04,253.0,55.0,1.0,0.0,74.0,94.0,1.0
42046,2023-10-18 22:00:00,435.42,222.0,52.0,1.0,0.0,78.0,79.0,1.0
42047,2023-10-18 23:00:00,450.37,220.0,59.0,1.0,0.0,71.0,69.0,1.0
42048,2023-10-19 00:00:00,436.09,218.0,61.0,1.0,0.0,82.0,70.0,1.0
42049,2023-10-19 01:00:00,445.03,223.0,60.0,1.0,0.0,77.0,70.0,1.0
42050,2023-10-19 02:00:00,447.78,223.0,62.0,1.0,0.0,73.0,71.0,1.0
42051,2023-10-19 03:00:00,424.45,224.0,58.0,1.0,0.0,81.0,88.0,1.0
42052,2023-10-19 04:00:00,452.43,239.0,59.0,1.0,1.0,56.0,94.0,1.0
42053,2023-10-19 05:00:00,463.03,246.0,61.0,1.0,4.0,47.0,94.0,2.0
42054,2023-10-19 06:00:00,439.06,246.0,60.0,1.0,21.0,55.0,94.0,2.0
42055,2023-10-19 07:00:00,413.49,232.0,59.0,1.0,51.0,43.0,94.0,2.0
42056,2023-10-19 08:00:00,379.58,229.0,61.0,1.0,95.0,39.0,94.0,2.0
42057,2023-10-19 09:00:00,353.29,223.0,64.0,1.0,129.0,37.0,94.0,2.0
42058,2023-10-19 10:00:00,351.62,226.0,62.0,1.0,144.0,28.0,94.0,2.0
42059,2023-10-19 11:00:00,358.95,238.0,61.0,1.0,145.0,29.0,94.0,2.0
42060,2023-10-19 12:00:00,345.12,224.0,61.0,1.0,123.0,57.0,94.0,2.0
42061,2023-10-19 13:00:00,382.45,231.0,63.0,1.0,76.0,56.0,94.0,2.0
42062,2023-10-19 14:00:00,454.4,231.0,64.0,1.0,19.0,30.0,94.0,2.0
42063,2023-10-19 15:00:00,463.61,235.0,63.0,1.0,1.0,42.0,94.0,2.0
42064,2023-10-19 16:00:00,437.17,226.0,62.0,1.0,1.0,62.0,94.0,2.0
42065,2023-10-19 17:00:00,404.89,223.0,63.0,1.0,0.0,100.0,90.0,2.0
42066,2023-10-19 18:00:00,389.4,223.0,64.0,1.0,1.0,119.0,89.0,2.0
42067,2023-10-19 19:00:00,391.85,220.0,65.0,1.0,0.0,114.0,89.0,2.0
42068,2023-10-19 20:00:00,389.48,210.0,65.0,1.0,0.0,107.0,89.0,1.0
42069,2023-10-19 21:00:00,310.46,131.0,65.0,1.0,0.0,115.0,87.0,1.0
42070,2023-10-19 22:00:00,218.54,58.0,63.0,1.0,0.0,114.0,74.0,1.0
42071,2023-10-19 23:00:00,225.61,61.0,64.0,1.0,0.0,114.0,72.0,1.0
42072,2023-10-20 00:00:00,213.56,59.0,66.0,1.0,1.0,127.0,72.0,1.0
42073,2023-10-20 01:00:00,204.62,60.0,66.0,1.0,0.0,144.0,73.0,1.0
42074,2023-10-20 02:00:00,184.75,59.0,65.0,1.0,0.0,178.0,72.0,1.0
42075,2023-10-20 03:00:00,179.71,61.0,65.0,1.0,0.0,177.0,90.0,1.0
42076,2023-10-20 04:00:00,171.16,62.0,64.0,1.0,1.0,186.0,102.0,1.0
42077,2023-10-20 05:00:00,169.99,64.0,65.0,1.0,14.0,181.0,105.0,1.0
42078,2023-10-20 06:00:00,142.95,66.0,63.0,1.0,96.0,197.0,97.0,2.0
42079,2023-10-20 07:00:00,117.05,66.0,66.0,1.0,215.0,217.0,80.0,2.0
42080,2023-10-20 08:00:00,102.0,65.0,66.0,1.0,294.0,230.0,77.0,2.0
42081,2023-10-20 09:00:00,98.07,66.0,67.0,1.0,289.0,269.0,82.0,2.0
42082,2023-10-20 10:00:00,96.56,67.0,67.0,1.0,298.0,266.0,95.0,2.0
42083,2023-10-20 11:00:00,93.34,65.0,67.0,1.0,294.0,273.0,100.0,1.0
42084,2023-10-20 12:00:00,102.84,65.0,67.0,1.0,230.0,263.0,100.0,1.0
42085,2023-10-20 13:00:00,125.76,63.0,67.0,1.0,118.0,236.0,100.0,2.0
42086,2023-10-20 14:00:00,152.56,64.0,65.0,1.0,21.0,229.0,102.0,2.0
42087,2023-10-20 15:00:00,163.13,68.0,64.0,1.0,1.0,231.0,102.0,2.0
42088,2023-10-20 16:00:00,166.41,68.0,65.0,1.0,0.0,223.0,103.0,2.0
42089,2023-10-20 17:00:00,169.08,69.0,64.0,1.0,0.0,218.0,103.0,2.0
42090,2023-10-20 18:00:00,170.3,66.0,62.0,1.0,0.0,203.0,102.0,2.0
42091,2023-10-20 19:00:00,170.12,65.0,62.0,1.0,0.0,199.0,103.0,2.0
42092,2023-10-20 20:00:00,169.57,65.0,62.0,1.0,0.0,198.0,103.0,1.0
42093,2023-10-20 21:00:00,177.76,64.0,63.0,1.0,0.0,176.0,103.0,1.0
42094,2023-10-20 22:00:00,171.44,62.0,62.0,1.0,0.0,194.0,92.0,1.0
42095,2023-10-20 23:00:00,174.56,63.0,62.0,1.0,0.0,197.0,85.0,1.0
42096,2023-10-21 00:00:00,174.24,64.0,61.0,1.0,0.0,203.0,82.0,1.0
42097,2023-10-21 01:00:00,172.08,66.0,61.0,1.0,1.0,215.0,81.0,1.0
42098,2023-10-21 02:00:00,164.55,64.0,60.0,1.0,0.0,227.0,81.0,1.0
42099,2023-10-21 03:00:00,158.66,63.0,59.0,1.0,0.0,233.0,86.0,1.0
42100,2023-10-21 04:00:00,155.75,62.0,58.0,1.0,1.0,230.0,91.0,1.0
42101,2023-10-21 05:00:00,150.85,65.0,59.0,1.0,23.0,232.0,95.0,1.0
42102,2023-10-21 06:00:00,114.92,60.0,60.0,1.0,139.0,239.0,95.0,1.0
42103,2023-10-21 07:00:00,102.39,62.0,59.0,1.0,245.0,219.0,92.0,1.0
42104,2023-10-21 08:00:00,94.69,63.0,62.0,1.0,316.0,224.0,87.0,1.0
42105,2023-10-21 09:00:00,91.72,65.0,63.0,1.0,354.0,233.0,82.0,1.0
42106,2023-10-21 10:00:00,92.86,64.0,62.0,1.0,346.0,225.0,78.0,1.0
42107,2023-10-21 11:00:00,94.78,64.0,65.0,1.0,339.0,225.0,78.0,1.0
42108,2023-10-21 12:00:00,111.41,64.0,63.0,1.0,229.0,215.0,78.0,1.0
42109,2023-10-21 13:00:00,143.6,59.0,62.0,1.0,82.0,189.0,82.0,1.0
42110,2023-10-21 14:00:00,169.8,62.0,62.0,1.0,12.0,192.0,86.0,1.0
42111,2023-10-21 15:00:00,153.72,56.0,63.0,1.0,1.0,217.0,96.0,2.0
42112,2023-10-21 16:00:00,142.83,54.0,62.0,1.0,1.0,234.0,102.0,2.0
42113,2023-10-21 17:00:00,159.27,67.0,59.0,1.0,1.0,232.0,102.0,2.0
42114,2023-10-21 18:00:00,167.32,65.0,61.0,1.0,0.0,206.0,102.0,2.0
42115,2023-10-21 19:00:00,166.77,62.0,62.0,1.0,1.0,197.0,102.0,2.0
42116,2023-10-21 20:00:00,179.96,64.0,63.0,1.0,0.0,172.0,102.0,1.0
42117,2023-10-21 21:00:00,188.85,64.0,64.0,1.0,1.0,153.0,102.0,1.0
42118,2023-10-21 22:00:00,197.4,60.0,63.0,1.0,0.0,136.0,91.0,1.0
42119,2023-10-21 23:00:00,208.58,61.0,62.0,1.0,0.0,127.0,83.0,1.0
42120,2023-10-22 00:00:00,230.31,63.0,62.0,1.0,0.0,104.0,79.0,1.0
42121,2023-10-22 01:00:00,250.98,65.0,63.0,1.0,0.0,83.0,79.0,1.0
42122,2023-10-22 02:00:00,256.24,65.0,63.0,1.0,0.0,75.0,81.0,1.0
42123,2023-10-22 03:00:00,256.27,64.0,63.0,1.0,0.0,65.0,89.0,1.0
42124,2023-10-22 04:00:00,251.82,64.0,63.0,1.0,0.0,61.0,98.0,1.0
42125,2023-10-22 05:00:00,251.87,67.0,63.0,1.0,2.0,61.0,102.0,1.0
42126,2023-10-22 06:00:00,238.02,65.0,65.0,1.0,12.0,65.0,102.0,1.0
42127,2023-10-22 07:00:00,238.73,67.0,66.0,1.0,27.0,54.0,102.0,1.0
42128,2023-10-22 08:00:00,233.05,68.0,66.0,1.0,35.0,51.0,107.0,1.0
42129,2023-10-22 09:00:00,232.72,64.0,67.0,1.0,42.0,36.0,107.0,1.0
42130,2023-10-22 10:00:00,249.79,69.0,66.0,1.0,44.0,22.0,107.0,1.0
42131,2023-10-22 11:00:00,254.76,66.0,66.0,1.0,39.0,15.0,107.0,1.0
42132,2023-10-22 12:00:00,260.58,64.0,67.0,1.0,28.0,16.0,107.0,1.0
42133,2023-10-22 13:00:00,273.44,64.0,68.0,1.0,14.0,17.0,107.0,1.0
42134,2023-10-22 14:00:00,284.25,62.0,67.0,1.0,3.0,14.0,107.0,1.0
42135,2023-10-22 15:00:00,278.73,61.0,66.0,1.0,0.0,20.0,107.0,1.0
42136,2023-10-22 16:00:00,280.57,61.0,65.0,1.0,0.0,18.0,107.0,1.0
42137,2023-10-22 17:00:00,308.1,73.0,65.0,1.0,0.0,13.0,107.0,1.0
42138,2023-10-22 18:00:00,322.36,80.0,65.0,1.0,0.0,11.0,107.0,1.0
42139,2023-10-22 19:00:00,350.75,95.0,64.0,1.0,0.0,7.0,107.0,1.0
42140,2023-10-22 20:00:00,362.37,103.0,66.0,1.0,0.0,7.0,107.0,1.0
42141,2023-10-22 21:00:00,385.94,121.0,67.0,1.0,0.0,7.0,107.0,1.0
42142,2023-10-22 22:00:00,384.72,121.0,66.0,1.0,0.0,8.0,107.0,1.0
42143,2023-10-22 23:00:00,385.68,125.0,69.0,1.0,0.0,11.0,107.0,1.0
42144,2023-10-23 00:00:00,389.11,131.0,68.0,1.0,0.0,13.0,108.0,1.0
42145,2023-10-23 01:00:00,386.72,132.0,67.0,1.0,0.0,16.0,108.0,1.0
42146,2023-10-23 02:00:00,380.91,129.0,66.0,1.0,0.0,19.0,107.0,1.0
42147,2023-10-23 03:00:00,480.29,239.0,67.0,1.0,0.0,13.0,110.0,1.0
42148,2023-10-23 04:00:00,503.86,286.0,66.0,1.0,1.0,15.0,111.0,1.0
42149,2023-10-23 05:00:00,488.01,280.0,63.0,1.0,4.0,26.0,110.0,1.0
42150,2023-10-23 06:00:00,457.5,317.0,62.0,1.0,22.0,66.0,109.0,1.0
42151,2023-10-23 07:00:00,420.56,288.0,65.0,1.0,50.0,64.0,110.0,1.0
42152,2023-10-23 08:00:00,407.73,297.0,65.0,1.0,76.0,64.0,110.0,1.0
42153,2023-10-23 09:00:00,396.77,283.0,67.0,1.0,80.0,64.0,110.0,1.0
42154,2023-10-23 10:00:00,406.99,289.0,67.0,1.0,74.0,60.0,110.0,1.0
42155,2023-10-23 11:00:00,434.54,265.0,66.0,1.0,60.0,19.0,109.0,1.0
42156,2023-10-23 12:00:00,456.98,274.0,68.0,1.0,40.0,18.0,110.0,1.0
42157,2023-10-23 13:00:00,478.2,279.0,69.0,1.0,22.0,16.0,110.0,1.0
42158,2023-10-23 14:00:00,487.08,268.0,68.0,1.0,5.0,18.0,110.0,1.0
42159,2023-10-23 15:00:00,490.74,270.0,67.0,1.0,0.0,20.0,111.0,2.0
42160,2023-10-23 16:00:00,506.59,298.0,68.0,1.0,2.0,18.0,110.0,2.0
42161,2023-10-23 17:00:00,502.83,298.0,67.0,1.0,0.0,25.0,109.0,2.0
42162,2023-10-23 18:00:00,503.73,313.0,66.0,1.0,0.0,31.0,110.0,2.0
42163,2023-10-23 19:00:00,512.97,305.0,65.0,1.0,0.0,19.0,109.0,2.0
42164,2023-10-23 20:00:00,494.96,263.0,64.0,1.0,0.0,17.0,107.0,2.0
42165,2023-10-23 21:00:00,463.06,208.0,64.0,1.0,0.0,14.0,106.0,2.0
42166,2023-10-23 22:00:00,481.62,233.0,65.0,1.0,0.0,13.0,106.0,2.0
42167,2023-10-23 23:00:00,485.47,234.0,66.0,1.0,0.0,13.0,103.0,2.0
42168,2023-10-24 00:00:00,495.38,238.0,65.0,1.0,0.0,10.0,100.0,2.0
42169,2023-10-24 01:00:00,496.02,239.0,65.0,1.0,0.0,10.0,100.0,2.0
42170,2023-10-24 02:00:00,494.83,239.0,65.0,1.0,0.0,10.0,101.0,2.0
42171,2023-10-24 03:00:00,512.59,298.0,65.0,1.0,0.0,20.0,105.0,2.0
42172,2023-10-24 04:00:00,514.55,313.0,66.0,1.0,1.0,26.0,103.0,2.0
42173,2023-10-24 05:00:00,506.9,315.0,65.0,1.0,4.0,34.0,101.0,2.0
42174,2023-10-24 06:00:00,484.07,310.0,64.0,1.0,23.0,40.0,98.0,2.0
42175,2023-10-24 07:00:00,442.29,288.0,58.0,1.0,63.0,40.0,94.0,2.0
42176,2023-10-24 08:00:00,420.21,288.0,47.0,1.0,100.0,37.0,90.0,2.0
42177,2023-10-24 09:00:00,394.28,282.0,8.0,1.0,138.0,33.0,90.0,2.0
42178,2023-10-24 10:00:00,371.57,285.0,8.0,1.0,178.0,30.0,90.0,2.0
42179,2023-10-24 11:00:00,349.4,274.0,12.0,1.0,197.0,31.0,95.0,2.0
42180,2023-10-24 12:00:00,382.83,284.0,24.0,1.0,149.0,33.0,97.0,2.0
42181,2023-10-24 13:00:00,441.15,281.0,23.0,1.0,73.0,27.0,99.0,2.0
42182,2023-10-24 14:00:00,524.84,321.0,17.0,1.0,11.0,25.0,102.0,2.0
42183,2023-10-24 15:00:00,534.11,325.0,15.0,1.0,1.0,26.0,105.0,2.0
42184,2023-10-24 16:00:00,531.05,324.0,16.0,1.0,2.0,27.0,105.0,2.0
42185,2023-10-24 17:00:00,529.98,331.0,16.0,1.0,1.0,32.0,105.0,2.0
42186,2023-10-24 18:00:00,504.83,323.0,17.0,1.0,0.0,53.0,105.0,2.0
42187,2023-10-24 19:00:00,451.18,256.0,21.0,1.0,0.0,68.0,103.0,2.0
42188,2023-10-24 20:00:00,398.04,211.0,25.0,1.0,0.0,88.0,102.0,2.0
42189,2023-10-24 21:00:00,391.55,211.0,27.0,1.0,0.0,94.0,103.0,2.0
42190,2023-10-24 22:00:00,369.14,201.0,25.0,1.0,0.0,114.0,99.0,2.0
42191,2023-10-24 23:00:00,377.44,202.0,40.0,1.0,0.0,105.0,99.0,2.0
42192,2023-10-25 00:00:00,382.4,203.0,45.0,1.0,0.0,100.0,99.0,2.0
42193,2023-10-25 01:00:00,382.58,202.0,39.0,1.0,0.0,98.0,100.0,2.0
42194,2023-10-25 02:00:00,375.62,194.0,39.0,1.0,0.0,94.0,104.0,2.0
42195,2023-10-25 03:00:00,414.72,247.0,41.0,1.0,0.0,93.0,108.0,2.0
42196,2023-10-25 04:00:00,366.89,217.0,42.0,1.0,1.0,123.0,109.0,2.0
42197,2023-10-25 05:00:00,342.93,216.0,50.0,1.0,9.0,149.0,109.0,2.0
42198,2023-10-25 06:00:00,333.97,222.0,59.0,1.0,59.0,122.0,109.0,2.0
42199,2023-10-25 07:00:00,303.48,231.0,58.0,1.0,141.0,116.0,104.0,2.0
42200,2023-10-25 08:00:00,258.49,225.0,58.0,1.0,221.0,144.0,98.0,2.0
42201,2023-10-25 09:00:00,229.73,227.0,59.0,1.0,275.0,190.0,97.0,2.0
42202,2023-10-25 10:00:00,226.44,225.0,58.0,1.0,287.0,182.0,100.0,2.0
42203,2023-10-25 11:00:00,228.86,220.0,59.0,1.0,253.0,187.0,109.0,2.0
42204,2023-10-25 12:00:00,257.16,222.0,58.0,1.0,177.0,175.0,109.0,2.0
42205,2023-10-25 13:00:00,308.53,220.0,57.0,1.0,65.0,159.0,110.0,2.0
42206,2023-10-25 14:00:00,356.68,227.0,56.0,1.0,9.0,141.0,109.0,2.0
42207,2023-10-25 15:00:00,358.67,227.0,57.0,1.0,1.0,145.0,110.0,2.0
42208,2023-10-25 16:00:00,347.2,222.0,57.0,1.0,0.0,158.0,110.0,2.0
42209,2023-10-25 17:00:00,329.79,219.0,56.0,1.0,0.0,185.0,108.0,2.0
42210,2023-10-25 18:00:00,348.31,233.0,53.0,1.0,0.0,170.0,109.0,2.0
42211,2023-10-25 19:00:00,343.3,236.0,54.0,1.0,0.0,182.0,109.0,2.0
42212,2023-10-25 20:00:00,336.72,234.0,55.0,1.0,0.0,190.0,110.0,2.0
42213,2023-10-25 21:00:00,331.12,220.0,56.0,1.0,0.0,183.0,109.0,2.0
42214,2023-10-25 22:00:00,341.17,228.0,56.0,1.0,1.0,179.0,105.0,2.0
42215,2023-10-25 23:00:00,344.13,228.0,55.0,1.0,0.0,174.0,106.0,2.0
42216,2023-10-26 00:00:00,335.09,224.0,53.0,1.0,1.0,181.0,108.0,2.0
42217,2023-10-26 01:00:00,331.4,210.0,51.0,1.0,0.0,171.0,107.0,2.0
42218,2023-10-26 02:00:00,328.0,206.0,56.0,1.0,0.0,172.0,107.0,2.0
42219,2023-10-26 03:00:00,332.68,204.0,58.0,1.0,0.0,160.0,109.0,2.0
42220,2023-10-26 04:00:00,352.29,221.0,59.0,1.0,1.0,147.0,111.0,2.0
42221,2023-10-26 05:00:00,356.72,226.0,61.0,1.0,4.0,144.0,110.0,2.0
42222,2023-10-26 06:00:00,338.71,221.0,62.0,1.0,32.0,139.0,110.0,2.0
42223,2023-10-26 07:00:00,316.89,228.0,63.0,1.0,72.0,148.0,110.0,2.0
42224,2023-10-26 08:00:00,291.58,224.0,64.0,1.0,117.0,150.0,111.0,2.0
42225,2023-10-26 09:00:00,273.84,218.0,62.0,1.0,163.0,138.0,109.0,2.0
42226,2023-10-26 10:00:00,270.82,210.0,64.0,1.0,169.0,125.0,110.0,2.0
42227,2023-10-26 11:00:00,296.06,222.0,65.0,1.0,131.0,124.0,110.0,2.0
42228,2023-10-26 12:00:00,325.27,227.0,66.0,1.0,81.0,121.0,111.0,2.0
42229,2023-10-26 13:00:00,355.37,224.0,66.0,1.0,34.0,113.0,111.0,2.0
42230,2023-10-26 14:00:00,371.36,218.0,67.0,1.0,5.0,112.0,111.0,2.0
42231,2023-10-26 15:00:00,377.22,221.0,68.0,1.0,1.0,112.0,110.0,2.0
42232,2023-10-26 16:00:00,385.44,223.0,67.0,1.0,0.0,104.0,110.0,2.0
42233,2023-10-26 17:00:00,395.47,224.0,68.0,1.0,0.0,93.0,109.0,2.0
42234,2023-10-26 18:00:00,401.65,228.0,67.0,1.0,0.0,89.0,109.0,2.0
42235,2023-10-26 19:00:00,414.41,229.0,63.0,1.0,0.0,75.0,109.0,2.0
42236,2023-10-26 20:00:00,418.61,230.0,63.0,1.0,0.0,71.0,109.0,2.0
42237,2023-10-26 21:00:00,421.23,229.0,65.0,1.0,0.0,67.0,109.0,2.0
42238,2023-10-26 22:00:00,428.6,229.0,64.0,1.0,0.0,59.0,109.0,2.0
42239,2023-10-26 23:00:00,423.54,231.0,65.0,1.0,0.0,66.0,109.0,2.0
42240,2023-10-27 00:00:00,420.04,232.0,63.0,1.0,0.0,70.0,110.0,2.0
42241,2023-10-27 01:00:00,416.66,225.0,64.0,1.0,0.0,69.0,109.0,2.0
42242,2023-10-27 02:00:00,439.01,257.0,67.0,1.0,0.0,67.0,110.0,2.0
42243,2023-10-27 03:00:00,478.99,327.0,67.0,1.0,0.0,64.0,112.0,2.0
42244,2023-10-27 04:00:00,477.36,325.0,66.0,1.0,0.0,65.0,112.0,2.0
42245,2023-10-27 05:00:00,477.88,340.0,67.0,1.0,5.0,68.0,112.0,2.0
42246,2023-10-27 06:00:00,445.04,326.0,67.0,1.0,31.0,75.0,113.0,2.0
42247,2023-10-27 07:00:00,421.11,336.0,67.0,1.0,71.0,78.0,113.0,2.0
42248,2023-10-27 08:00:00,398.04,332.0,68.0,1.0,106.0,79.0,112.0,2.0
42249,2023-10-27 09:00:00,395.14,333.0,69.0,1.0,119.0,72.0,112.0,2.0
42250,2023-10-27 10:00:00,404.0,330.0,67.0,1.0,106.0,67.0,112.0,2.0
42251,2023-10-27 11:00:00,429.32,332.0,68.0,1.0,80.0,54.0,112.0,2.0
42252,2023-10-27 12:00:00,453.04,327.0,66.0,1.0,51.0,46.0,112.0,2.0
42253,2023-10-27 13:00:00,475.95,330.0,69.0,1.0,23.0,46.0,112.0,2.0
42254,2023-10-27 14:00:00,497.89,328.0,70.0,0.0,4.0,39.0,112.0,2.0
42255,2023-10-27 15:00:00,492.9,325.0,70.0,0.0,1.0,45.0,113.0,2.0
42256,2023-10-27 16:00:00,479.4,303.0,69.0,0.0,0.0,50.0,112.0,2.0
42257,2023-10-27 17:00:00,495.65,320.0,67.0,0.0,0.0,42.0,112.0,2.0
42258,2023-10-27 18:00:00,490.28,311.0,67.0,0.0,0.0,43.0,112.0,2.0
42259,2023-10-27 19:00:00,483.61,288.0,68.0,0.0,0.0,37.0,112.0,2.0
42260,2023-10-27 20:00:00,496.1,304.0,67.0,1.0,0.0,32.0,112.0,2.0
42261,2023-10-27 21:00:00,485.08,274.0,66.0,1.0,0.0,28.0,111.0,2.0
42262,2023-10-27 22:00:00,451.12,221.0,66.0,1.0,0.0,28.0,111.0,2.0
42263,2023-10-27 23:00:00,445.82,214.0,67.0,1.0,0.0,29.0,110.0,2.0
42264,2023-10-28 00:00:00,441.29,208.0,67.0,1.0,0.0,30.0,109.0,2.0
42265,2023-10-28 01:00:00,436.99,209.0,66.0,1.0,0.0,34.0,110.0,2.0
42266,2023-10-28 02:00:00,414.92,203.0,61.0,1.0,0.0,52.0,110.0,2.0
42267,2023-10-28 03:00:00,384.37,199.0,66.0,1.0,0.0,81.0,111.0,2.0
42268,2023-10-28 04:00:00,421.34,222.0,67.0,1.0,1.0,59.0,110.0,2.0
42269,2023-10-28 05:00:00,458.44,270.0,68.0,1.0,2.0,51.0,111.0,2.0
42270,2023-10-28 06:00:00,482.42,321.0,69.0,1.0,12.0,42.0,114.0,2.0
42271,2023-10-28 07:00:00,465.26,318.0,68.0,1.0,36.0,37.0,114.0,2.0
42272,2023-10-28 08:00:00,455.25,317.0,68.0,1.0,58.0,33.0,108.0,2.0
42273,2023-10-28 09:00:00,437.88,298.0,70.0,1.0,70.0,31.0,107.0,2.0
42274,2023-10-28 10:00:00,432.52,294.0,71.0,1.0,69.0,36.0,107.0,2.0
42275,2023-10-28 11:00:00,386.21,215.0,73.0,1.0,55.0,44.0,106.0,2.0
42276,2023-10-28 12:00:00,391.73,217.0,71.0,1.0,31.0,60.0,109.0,2.0
42277,2023-10-28 13:00:00,411.33,221.0,71.0,1.0,11.0,60.0,109.0,2.0
42278,2023-10-28 14:00:00,420.99,217.0,70.0,1.0,1.0,56.0,109.0,2.0
42279,2023-10-28 15:00:00,419.98,211.0,72.0,1.0,0.0,53.0,109.0,2.0
42280,2023-10-28 16:00:00,430.16,217.0,72.0,1.0,2.0,45.0,109.0,2.0
42281,2023-10-28 17:00:00,440.71,218.0,72.0,1.0,0.0,37.0,109.0,2.0
42282,2023-10-28 18:00:00,448.53,217.0,70.0,1.0,0.0,29.0,109.0,2.0
42283,2023-10-28 19:00:00,454.03,217.0,69.0,1.0,1.0,22.0,110.0,2.0
42284,2023-10-28 20:00:00,462.48,215.0,69.0,1.0,0.0,14.0,110.0,2.0
42285,2023-10-28 21:00:00,471.09,222.0,68.0,1.0,1.0,10.0,110.0,2.0
42286,2023-10-28 22:00:00,466.84,216.0,68.0,1.0,0.0,18.0,103.0,2.0
42287,2023-10-28 23:00:00,475.94,222.0,67.0,1.0,0.0,19.0,98.0,2.0
42288,2023-10-29 00:00:00,476.43,440.0,133.0,2.0,0.0,36.0,195.0,4.0
42289,2023-10-29 01:00:00,460.4,270.75,82.75,1.25,0.0,41.25,118.0,2.25
42290,2023-10-29 02:00:00,478.68,215.0,65.0,1.0,0.0,16.0,95.0,2.0
42291,2023-10-29 03:00:00,480.89,216.0,64.0,1.0,0.0,19.0,91.0,2.0
42292,2023-10-29 04:00:00,487.0,227.0,65.0,1.0,0.0,20.0,91.0,2.0
42293,2023-10-29 05:00:00,481.6,217.0,64.0,1.0,1.0,18.0,91.0,2.0
42294,2023-10-29 06:00:00,481.6,217.0,64.0,1.0,8.0,10.0,92.0,2.0
42295,2023-10-29 07:00:00,467.13,217.0,65.0,1.0,25.0,10.0,87.0,2.0
42296,2023-10-29 08:00:00,454.48,218.0,65.0,1.0,42.0,10.0,82.0,2.0
42297,2023-10-29 09:00:00,442.43,229.0,67.0,1.0,57.0,14.0,82.0,2.0
42298,2023-10-29 10:00:00,425.14,222.0,66.0,1.0,61.0,13.0,92.0,2.0
42299,2023-10-29 11:00:00,443.71,232.0,66.0,1.0,51.0,12.0,91.0,2.0
42300,2023-10-29 12:00:00,459.89,232.0,66.0,1.0,35.0,11.0,92.0,2.0
42301,2023-10-29 13:00:00,484.69,235.0,67.0,1.0,15.0,11.0,91.0,2.0
42302,2023-10-29 14:00:00,482.16,219.0,67.0,1.0,1.0,18.0,91.0,2.0
42303,2023-10-29 15:00:00,474.55,220.0,67.0,1.0,0.0,26.0,91.0,2.0
42304,2023-10-29 16:00:00,462.45,219.0,67.0,1.0,0.0,36.0,91.0,2.0
42305,2023-10-29 17:00:00,458.93,219.0,68.0,1.0,0.0,47.0,83.0,2.0
42306,2023-10-29 18:00:00,455.33,223.0,68.0,1.0,0.0,64.0,72.0,2.0
42307,2023-10-29 19:00:00,433.68,222.0,66.0,1.0,0.0,82.0,75.0,2.0
42308,2023-10-29 20:00:00,434.03,224.0,67.0,1.0,0.0,80.0,78.0,2.0
42309,2023-10-29 21:00:00,423.63,219.0,68.0,1.0,0.0,84.0,81.0,2.0
42310,2023-10-29 22:00:00,421.21,217.0,68.0,1.0,0.0,85.0,81.0,2.0
42311,2023-10-29 23:00:00,430.98,220.0,68.0,1.0,0.0,80.0,78.0,2.0
42312,2023-10-30 00:00:00,434.76,217.0,67.0,1.0,0.0,78.0,74.0,2.0
42313,2023-10-30 01:00:00,436.91,219.0,67.0,1.0,0.0,79.0,72.0,1.0
42314,2023-10-30 02:00:00,444.29,218.0,67.0,1.0,0.0,71.0,72.0,1.0
42315,2023-10-30 03:00:00,433.55,216.0,68.0,1.0,0.0,80.0,72.0,1.0
42316,2023-10-30 04:00:00,424.74,217.0,67.0,1.0,0.0,85.0,77.0,1.0
42317,2023-10-30 05:00:00,415.32,218.0,67.0,1.0,1.0,84.0,88.0,1.0
42318,2023-10-30 06:00:00,416.25,220.0,67.0,1.0,5.0,77.0,92.0,2.0
42319,2023-10-30 07:00:00,415.88,223.0,66.0,1.0,19.0,63.0,95.0,2.0
42320,2023-10-30 08:00:00,409.16,228.0,66.0,1.0,39.0,54.0,96.0,2.0
42321,2023-10-30 09:00:00,409.16,228.0,66.0,1.0,49.0,41.0,99.0,2.0
42322,2023-10-30 10:00:00,420.84,230.0,67.0,1.0,50.0,27.0,100.0,2.0
42323,2023-10-30 11:00:00,429.14,229.0,67.0,1.0,48.0,19.0,100.0,2.0
42324,2023-10-30 12:00:00,443.82,227.0,68.0,1.0,32.0,18.0,100.0,2.0
42325,2023-10-30 13:00:00,470.54,229.0,67.0,1.0,14.0,13.0,99.0,2.0
42326,2023-10-30 14:00:00,484.35,223.0,69.0,1.0,2.0,9.0,99.0,2.0
42327,2023-10-30 15:00:00,487.33,223.0,67.0,1.0,0.0,9.0,99.0,2.0
42328,2023-10-30 16:00:00,485.37,224.0,72.0,1.0,0.0,10.0,99.0,2.0
42329,2023-10-30 17:00:00,482.19,222.0,70.0,1.0,0.0,11.0,100.0,2.0
42330,2023-10-30 18:00:00,474.5,219.0,69.0,1.0,0.0,16.0,100.0,2.0
42331,2023-10-30 19:00:00,478.0,241.0,69.0,1.0,0.0,25.0,101.0,2.0
42332,2023-10-30 20:00:00,449.73,220.0,68.0,1.0,0.0,40.0,99.0,1.0
42333,2023-10-30 21:00:00,444.43,221.0,67.0,1.0,0.0,46.0,99.0,1.0
42334,2023-10-30 22:00:00,433.09,215.0,66.0,1.0,0.0,53.0,99.0,1.0
42335,2023-10-30 23:00:00,442.63,239.0,65.0,1.0,0.0,64.0,96.0,1.0
42336,2023-10-31 00:00:00,405.23,215.0,65.0,1.0,0.0,87.0,95.0,1.0
42337,2023-10-31 01:00:00,399.43,213.0,64.0,1.0,0.0,96.0,91.0,1.0
42338,2023-10-31 02:00:00,390.18,212.0,66.0,1.0,0.0,110.0,87.0,1.0
42339,2023-10-31 03:00:00,372.2,211.0,65.0,1.0,0.0,135.0,84.0,1.0
42340,2023-10-31 04:00:00,397.24,264.0,66.0,1.0,0.0,141.0,95.0,1.0
42341,2023-10-31 05:00:00,388.96,265.0,67.0,1.0,1.0,152.0,96.0,1.0
42342,2023-10-31 06:00:00,370.2,282.0,68.0,1.0,11.0,182.0,104.0,2.0
42343,2023-10-31 07:00:00,366.28,296.0,67.0,1.0,29.0,184.0,106.0,2.0
42344,2023-10-31 08:00:00,348.59,271.0,63.0,1.0,43.0,175.0,106.0,2.0
42345,2023-10-31 09:00:00,349.74,272.0,63.0,1.0,44.0,173.0,106.0,2.0
42346,2023-10-31 10:00:00,363.41,269.0,70.0,1.0,36.0,152.0,107.0,2.0
42347,2023-10-31 11:00:00,394.43,295.0,70.0,1.0,25.0,133.0,111.0,2.0
42348,2023-10-31 12:00:00,381.24,282.0,74.0,1.0,13.0,156.0,109.0,2.0
42349,2023-10-31 13:00:00,376.67,295.0,72.0,1.0,4.0,183.0,112.0,2.0
42350,2023-10-31 14:00:00,363.71,286.0,71.0,1.0,1.0,201.0,111.0,2.0
42351,2023-10-31 15:00:00,343.16,264.0,72.0,1.0,0.0,223.0,103.0,1.0
42352,2023-10-31 16:00:00,345.03,263.0,74.0,1.0,1.0,217.0,104.0,2.0
42353,2023-10-31 17:00:00,354.7,264.0,72.0,1.0,0.0,209.0,96.0,2.0
42354,2023-10-31 18:00:00,370.46,263.0,72.0,1.0,0.0,190.0,86.0,1.0
42355,2023-10-31 19:00:00,381.04,266.0,71.0,1.0,0.0,180.0,82.0,1.0
42356,2023-10-31 20:00:00,387.61,260.0,72.0,1.0,0.0,167.0,79.0,1.0
42357,2023-10-31 21:00:00,394.16,265.0,72.0,1.0,0.0,163.0,78.0,1.0
42358,2023-10-31 22:00:00,403.4,264.0,70.0,1.0,0.0,150.0,77.0,1.0
42359,2023-10-31 23:00:00,424.09,290.0,71.0,1.0,1.0,147.0,72.0,1.0
42360,2023-11-01 00:00:00,409.88,264.0,71.0,1.0,0.0,148.0,70.0,1.0
42361,2023-11-01 01:00:00,409.43,262.0,70.0,1.0,0.0,147.0,70.0,1.0
42362,2023-11-01 02:00:00,401.43,261.0,71.0,1.0,0.0,157.0,70.0,1.0
42363,2023-11-01 03:00:00,393.02,262.0,70.0,1.0,0.0,170.0,70.0,1.0
42364,2023-11-01 04:00:00,412.11,264.0,71.0,1.0,0.0,136.0,79.0,1.0
42365,2023-11-01 05:00:00,432.68,263.0,71.0,1.0,1.0,97.0,90.0,1.0
42366,2023-11-01 06:00:00,434.14,276.0,71.0,1.0,6.0,95.0,95.0,1.0
42367,2023-11-01 07:00:00,413.11,280.0,72.0,1.0,16.0,113.0,98.0,1.0
42368,2023-11-01 08:00:00,393.37,297.0,72.0,1.0,33.0,140.0,99.0,1.0
42369,2023-11-01 09:00:00,354.97,265.0,71.0,1.0,51.0,158.0,96.0,1.0
42370,2023-11-01 10:00:00,332.93,263.0,71.0,1.0,75.0,175.0,95.0,1.0
42371,2023-11-01 11:00:00,327.16,263.0,71.0,1.0,71.0,190.0,96.0,1.0
42372,2023-11-01 12:00:00,327.01,262.0,71.0,1.0,49.0,211.0,96.0,1.0
42373,2023-11-01 13:00:00,351.63,265.0,69.0,1.0,18.0,198.0,95.0,1.0
42374,2023-11-01 14:00:00,356.56,264.0,71.0,1.0,3.0,202.0,96.0,1.0
42375,2023-11-01 15:00:00,369.25,280.0,69.0,1.0,1.0,198.0,97.0,1.0
42376,2023-11-01 16:00:00,364.94,272.0,70.0,1.0,1.0,195.0,99.0,1.0
42377,2023-11-01 17:00:00,368.09,264.0,69.0,1.0,0.0,191.0,90.0,1.0
42378,2023-11-01 18:00:00,379.2,280.0,70.0,1.0,0.0,196.0,83.0,1.0
42379,2023-11-01 19:00:00,375.55,274.0,69.0,1.0,0.0,200.0,79.0,1.0
42380,2023-11-01 20:00:00,392.05,286.0,69.0,1.0,0.0,187.0,77.0,1.0
42381,2023-11-01 21:00:00,401.08,287.0,68.0,1.0,0.0,174.0,77.0,1.0
42382,2023-11-01 22:00:00,330.84,182.0,69.0,1.0,0.0,170.0,74.0,1.0
42383,2023-11-01 23:00:00,194.65,63.0,70.0,1.0,0.0,182.0,65.0,1.0
42384,2023-11-02 00:00:00,193.56,65.0,70.0,1.0,0.0,191.0,64.0,1.0
42385,2023-11-02 01:00:00,200.12,65.0,71.0,1.0,0.0,179.0,64.0,1.0
42386,2023-11-02 02:00:00,207.43,65.0,69.0,1.0,0.0,163.0,65.0,1.0
42387,2023-11-02 03:00:00,212.72,65.0,65.0,1.0,0.0,151.0,65.0,1.0
42388,2023-11-02 04:00:00,207.13,64.0,59.0,1.0,1.0,145.0,72.0,1.0
42389,2023-11-02 05:00:00,204.37,62.0,60.0,1.0,4.0,133.0,81.0,1.0
42390,2023-11-02 06:00:00,191.29,64.0,65.0,1.0,48.0,119.0,85.0,1.0
42391,2023-11-02 07:00:00,157.96,63.0,65.0,1.0,141.0,103.0,85.0,1.0
42392,2023-11-02 08:00:00,146.97,61.0,65.0,1.0,195.0,74.0,86.0,1.0
42393,2023-11-02 09:00:00,143.39,60.0,62.0,1.0,211.0,61.0,86.0,1.0
42394,2023-11-02 10:00:00,155.06,62.0,58.0,1.0,191.0,49.0,84.0,1.0
42395,2023-11-02 11:00:00,179.87,65.0,38.0,1.0,133.0,34.0,84.0,1.0
42396,2023-11-02 12:00:00,234.69,65.0,40.0,1.0,64.0,20.0,85.0,1.0
42397,2023-11-02 13:00:00,274.33,64.0,39.0,1.0,19.0,19.0,89.0,1.0
42398,2023-11-02 14:00:00,288.93,64.0,38.0,1.0,3.0,23.0,89.0,1.0
42399,2023-11-02 15:00:00,267.5,65.0,37.0,1.0,2.0,39.0,93.0,1.0
42400,2023-11-02 16:00:00,258.8,65.0,37.0,1.0,2.0,43.0,97.0,1.0
42401,2023-11-02 17:00:00,263.74,65.0,41.0,1.0,0.0,43.0,96.0,1.0
42402,2023-11-02 18:00:00,272.1,67.0,41.0,1.0,0.0,43.0,92.0,1.0
42403,2023-11-02 19:00:00,129.97,11.0,44.0,1.0,0.0,55.0,82.0,1.0
42404,2023-11-02 20:00:00,100.89,3.0,46.0,1.0,0.0,64.0,82.0,1.0
42405,2023-11-02 21:00:00,95.1,3.0,46.0,1.0,0.0,78.0,80.0,1.0
42406,2023-11-02 22:00:00,95.55,3.0,46.0,1.0,0.0,77.0,80.0,1.0
42407,2023-11-02 23:00:00,91.9,2.0,46.0,1.0,0.0,90.0,68.0,1.0
42408,2023-11-03 00:00:00,86.67,2.0,44.0,1.0,0.0,102.0,62.0,1.0
42409,2023-11-03 01:00:00,86.6,4.0,45.0,1.0,0.0,125.0,58.0,1.0
42410,2023-11-03 02:00:00,80.1,4.0,45.0,1.0,0.0,144.0,58.0,1.0
42411,2023-11-03 03:00:00,78.16,5.0,45.0,1.0,0.0,160.0,57.0,1.0
42412,2023-11-03 04:00:00,70.74,5.0,44.0,1.0,1.0,176.0,64.0,1.0
42413,2023-11-03 05:00:00,69.08,6.0,44.0,1.0,4.0,181.0,73.0,1.0
42414,2023-11-03 06:00:00,61.1,7.0,45.0,1.0,55.0,183.0,77.0,1.0
42415,2023-11-03 07:00:00,50.47,6.0,46.0,1.0,113.0,195.0,77.0,1.0
42416,2023-11-03 08:00:00,46.25,6.0,44.0,1.0,126.0,211.0,74.0,1.0
42417,2023-11-03 09:00:00,48.82,6.0,48.0,1.0,139.0,201.0,73.0,1.0
42418,2023-11-03 10:00:00,47.97,6.0,49.0,1.0,149.0,205.0,74.0,1.0
42419,2023-11-03 11:00:00,47.28,5.0,49.0,1.0,133.0,213.0,74.0,1.0
42420,2023-11-03 12:00:00,45.97,4.0,49.0,1.0,109.0,235.0,74.0,1.0
42421,2023-11-03 13:00:00,47.48,2.0,49.0,1.0,44.0,254.0,75.0,1.0
42422,2023-11-03 14:00:00,49.45,2.0,47.0,1.0,5.0,263.0,75.0,1.0
42423,2023-11-03 15:00:00,49.73,3.0,49.0,1.0,2.0,287.0,79.0,1.0
42424,2023-11-03 16:00:00,47.61,2.0,48.0,1.0,1.0,282.0,82.0,1.0
42425,2023-11-03 17:00:00,47.61,2.0,48.0,1.0,0.0,281.0,84.0,1.0
42426,2023-11-03 18:00:00,49.85,3.0,49.0,1.0,0.0,282.0,85.0,1.0
42427,2023-11-03 19:00:00,44.3,1.0,48.0,1.0,0.0,297.0,83.0,1.0
42428,2023-11-03 20:00:00,46.01,1.0,47.0,1.0,0.0,277.0,80.0,1.0
42429,2023-11-03 21:00:00,50.52,1.0,48.0,1.0,0.0,248.0,79.0,1.0
42430,2023-11-03 22:00:00,47.68,0.0,46.0,1.0,0.0,241.0,80.0,1.0
42431,2023-11-03 23:00:00,48.8,0.0,45.0,1.0,0.0,241.0,65.0,1.0
42432,2023-11-04 00:00:00,49.56,0.0,46.0,1.0,0.0,247.0,60.0,1.0
42433,2023-11-04 01:00:00,51.0,0.0,46.0,1.0,0.0,237.0,60.0,1.0
42434,2023-11-04 02:00:00,46.43,0.0,44.0,1.0,0.0,257.0,60.0,1.0
42435,2023-11-04 03:00:00,44.83,0.0,44.0,1.0,0.0,271.0,59.0,1.0
42436,2023-11-04 04:00:00,42.93,0.0,43.0,1.0,0.0,280.0,59.0,1.0
42437,2023-11-04 05:00:00,43.38,0.0,43.0,1.0,0.0,276.0,59.0,1.0
42438,2023-11-04 06:00:00,41.97,0.0,42.0,1.0,2.0,279.0,59.0,1.0
42439,2023-11-04 07:00:00,41.53,0.0,42.0,1.0,6.0,279.0,59.0,1.0
42440,2023-11-04 08:00:00,39.56,0.0,41.0,1.0,15.0,280.0,60.0,1.0
42441,2023-11-04 09:00:00,39.99,0.0,42.0,1.0,24.0,275.0,60.0,1.0
42442,2023-11-04 10:00:00,42.56,0.0,44.0,1.0,26.0,264.0,60.0,1.0
42443,2023-11-04 11:00:00,42.43,0.0,45.0,1.0,23.0,277.0,59.0,1.0
42444,2023-11-04 12:00:00,40.81,0.0,44.0,1.0,21.0,284.0,62.0,1.0
42445,2023-11-04 13:00:00,41.82,0.0,44.0,1.0,8.0,286.0,63.0,1.0
42446,2023-11-04 14:00:00,42.3,0.0,46.0,1.0,1.0,300.0,67.0,1.0
42447,2023-11-04 15:00:00,41.6,0.0,46.0,1.0,1.0,307.0,67.0,1.0
42448,2023-11-04 16:00:00,42.19,0.0,46.0,1.0,1.0,301.0,67.0,1.0
42449,2023-11-04 17:00:00,43.71,0.0,47.0,1.0,0.0,299.0,63.0,1.0
42450,2023-11-04 18:00:00,45.72,0.0,48.0,1.0,0.0,288.0,63.0,1.0
42451,2023-11-04 19:00:00,49.69,0.0,48.0,1.0,0.0,257.0,62.0,1.0
42452,2023-11-04 20:00:00,54.09,0.0,48.0,1.0,0.0,230.0,59.0,1.0
42453,2023-11-04 21:00:00,61.8,1.0,47.0,1.0,0.0,193.0,60.0,1.0
42454,2023-11-04 22:00:00,68.59,1.0,47.0,1.0,0.0,161.0,62.0,1.0
42455,2023-11-04 23:00:00,57.99,0.0,37.0,1.0,0.0,142.0,65.0,1.0
42456,2023-11-05 00:00:00,56.52,0.0,29.0,1.0,0.0,104.0,65.0,1.0
42457,2023-11-05 01:00:00,69.86,1.0,30.0,1.0,0.0,81.0,64.0,1.0
42458,2023-11-05 02:00:00,78.68,2.0,29.0,1.0,0.0,65.0,65.0,1.0
42459,2023-11-05 03:00:00,79.33,2.0,28.0,1.0,0.0,61.0,64.0,1.0
42460,2023-11-05 04:00:00,95.07,4.0,28.0,1.0,0.0,49.0,64.0,1.0
42461,2023-11-05 05:00:00,102.9,4.0,30.0,1.0,1.0,41.0,65.0,1.0
42462,2023-11-05 06:00:00,102.48,5.0,30.0,1.0,16.0,33.0,65.0,1.0
42463,2023-11-05 07:00:00,70.41,4.0,30.0,1.0,79.0,29.0,65.0,1.0
42464,2023-11-05 08:00:00,56.27,3.0,30.0,1.0,126.0,22.0,65.0,1.0
42465,2023-11-05 09:00:00,65.59,4.0,31.0,1.0,108.0,20.0,65.0,1.0
42466,2023-11-05 10:00:00,61.48,3.0,31.0,1.0,102.0,22.0,73.0,1.0
42467,2023-11-05 11:00:00,56.07,5.0,30.0,1.0,136.0,22.0,81.0,1.0
42468,2023-11-05 12:00:00,62.6,3.0,29.0,1.0,78.0,21.0,84.0,1.0
42469,2023-11-05 13:00:00,73.12,1.0,29.0,1.0,19.0,30.0,84.0,1.0
42470,2023-11-05 14:00:00,88.04,6.0,28.0,1.0,3.0,53.0,84.0,1.0
42471,2023-11-05 15:00:00,67.77,3.0,28.0,1.0,2.0,75.0,85.0,1.0
42472,2023-11-05 16:00:00,68.86,5.0,28.0,1.0,1.0,94.0,84.0,1.0
42473,2023-11-05 17:00:00,68.37,4.0,27.0,1.0,0.0,89.0,77.0,1.0
42474,2023-11-05 18:00:00,70.47,2.0,29.0,1.0,0.0,77.0,72.0,1.0
42475,2023-11-05 19:00:00,67.6,1.0,28.0,1.0,0.0,72.0,70.0,1.0
42476,2023-11-05 20:00:00,66.11,0.0,29.0,1.0,0.0,73.0,67.0,1.0
42477,2023-11-05 21:00:00,66.89,0.0,29.0,1.0,0.0,71.0,67.0,1.0
42478,2023-11-05 22:00:00,72.68,1.0,29.0,1.0,0.0,66.0,68.0,1.0
42479,2023-11-05 23:00:00,139.97,12.0,40.0,1.0,0.0,56.0,65.0,1.0
42480,2023-11-06 00:00:00,201.5,32.0,40.0,1.0,0.0,58.0,65.0,1.0
42481,2023-11-06 01:00:00,259.12,54.0,43.0,1.0,0.0,55.0,68.0,1.0
42482,2023-11-06 02:00:00,281.18,62.0,36.0,1.0,0.0,48.0,69.0,1.0
42483,2023-11-06 03:00:00,296.31,67.0,29.0,1.0,0.0,44.0,68.0,1.0
42484,2023-11-06 04:00:00,331.53,92.0,29.0,1.0,0.0,45.0,77.0,1.0
42485,2023-11-06 05:00:00,342.24,109.0,28.0,1.0,1.0,42.0,92.0,1.0
42486,2023-11-06 06:00:00,400.08,152.0,29.0,1.0,5.0,37.0,92.0,1.0
42487,2023-11-06 07:00:00,398.67,164.0,29.0,1.0,16.0,34.0,96.0,1.0
42488,2023-11-06 08:00:00,395.28,163.0,29.0,1.0,25.0,27.0,96.0,1.0
42489,2023-11-06 09:00:00,405.54,173.0,30.0,1.0,34.0,21.0,93.0,1.0
42490,2023-11-06 10:00:00,407.1,171.0,29.0,1.0,36.0,17.0,92.0,1.0
42491,2023-11-06 11:00:00,418.4,169.0,29.0,1.0,30.0,15.0,89.0,1.0
42492,2023-11-06 12:00:00,431.76,167.0,30.0,1.0,19.0,15.0,88.0,1.0
42493,2023-11-06 13:00:00,443.23,170.0,29.0,1.0,8.0,16.0,92.0,1.0
42494,2023-11-06 14:00:00,448.47,165.0,28.0,1.0,1.0,16.0,92.0,1.0
42495,2023-11-06 15:00:00,441.38,164.0,29.0,1.0,1.0,16.0,96.0,1.0
42496,2023-11-06 16:00:00,439.3,162.0,29.0,1.0,0.0,13.0,100.0,1.0
42497,2023-11-06 17:00:00,441.14,161.0,29.0,1.0,0.0,11.0,100.0,1.0
42498,2023-11-06 18:00:00,440.82,157.0,31.0,1.0,0.0,9.0,99.0,1.0
42499,2023-11-06 19:00:00,429.74,147.0,31.0,1.0,0.0,12.0,96.0,1.0
42500,2023-11-06 20:00:00,425.0,148.0,31.0,1.0,0.0,17.0,95.0,1.0
42501,2023-11-06 21:00:00,418.4,152.0,30.0,1.0,0.0,25.0,95.0,1.0
42502,2023-11-06 22:00:00,410.57,150.0,31.0,1.0,0.0,28.0,96.0,1.0
42503,2023-11-06 23:00:00,429.69,178.0,30.0,1.0,0.0,39.0,93.0,1.0
42504,2023-11-07 00:00:00,434.45,187.0,30.0,1.0,0.0,39.0,96.0,1.0
42505,2023-11-07 01:00:00,436.64,200.0,29.0,1.0,0.0,45.0,98.0,1.0
42506,2023-11-07 02:00:00,430.31,215.0,29.0,1.0,0.0,62.0,98.0,1.0
42507,2023-11-07 03:00:00,418.35,221.0,42.0,1.0,0.0,74.0,101.0,1.0
42508,2023-11-07 04:00:00,412.05,214.0,50.0,1.0,0.0,70.0,105.0,1.0
42509,2023-11-07 05:00:00,469.05,292.0,49.0,1.0,1.0,62.0,107.0,1.0
42510,2023-11-07 06:00:00,471.76,323.0,50.0,1.0,7.0,63.0,116.0,2.0
42511,2023-11-07 07:00:00,457.86,312.0,49.0,1.0,21.0,58.0,117.0,2.0
42512,2023-11-07 08:00:00,449.04,312.0,49.0,1.0,37.0,53.0,117.0,2.0
42513,2023-11-07 09:00:00,430.6,309.0,43.0,1.0,51.0,62.0,117.0,2.0
42514,2023-11-07 10:00:00,426.13,313.0,45.0,1.0,58.0,63.0,118.0,2.0
42515,2023-11-07 11:00:00,455.57,380.0,45.0,1.0,53.0,67.0,125.0,2.0
42516,2023-11-07 12:00:00,467.79,388.0,47.0,1.0,37.0,68.0,127.0,2.0
42517,2023-11-07 13:00:00,498.24,417.0,52.0,1.0,13.0,64.0,128.0,2.0
42518,2023-11-07 14:00:00,503.43,418.0,54.0,1.0,2.0,68.0,128.0,2.0
42519,2023-11-07 15:00:00,495.78,403.0,51.0,1.0,1.0,73.0,127.0,1.0
42520,2023-11-07 16:00:00,499.77,415.0,51.0,1.0,2.0,72.0,128.0,1.0
42521,2023-11-07 17:00:00,505.78,416.0,53.0,1.0,0.0,65.0,129.0,1.0
42522,2023-11-07 18:00:00,477.41,350.0,55.0,1.0,0.0,71.0,123.0,1.0
42523,2023-11-07 19:00:00,457.36,286.0,55.0,1.0,0.0,62.0,116.0,1.0
42524,2023-11-07 20:00:00,451.48,279.0,55.0,1.0,0.0,66.0,114.0,1.0
42525,2023-11-07 21:00:00,449.38,263.0,57.0,1.0,0.0,60.0,111.0,1.0
42526,2023-11-07 22:00:00,454.78,264.0,56.0,1.0,0.0,55.0,111.0,1.0
42527,2023-11-07 23:00:00,465.89,265.0,56.0,1.0,0.0,54.0,101.0,1.0
42528,2023-11-08 00:00:00,466.66,264.0,54.0,1.0,0.0,60.0,94.0,1.0
42529,2023-11-08 01:00:00,473.43,264.0,55.0,1.0,0.0,56.0,91.0,1.0
42530,2023-11-08 02:00:00,488.25,277.0,51.0,1.0,0.0,46.0,95.0,1.0
42531,2023-11-08 03:00:00,487.79,261.0,49.0,1.0,0.0,37.0,96.0,1.0
42532,2023-11-08 04:00:00,479.01,275.0,55.0,1.0,0.0,35.0,113.0,1.0
42533,2023-11-08 05:00:00,501.58,353.0,54.0,1.0,1.0,43.0,123.0,2.0
42534,2023-11-08 06:00:00,513.16,419.0,53.0,1.0,9.0,47.0,130.0,2.0
42535,2023-11-08 07:00:00,502.65,436.0,55.0,1.0,36.0,43.0,129.0,2.0
42536,2023-11-08 08:00:00,484.79,435.0,52.0,1.0,70.0,35.0,129.0,2.0
42537,2023-11-08 09:00:00,473.58,439.0,50.0,1.0,96.0,29.0,129.0,2.0
42538,2023-11-08 10:00:00,475.21,434.0,52.0,1.0,90.0,29.0,129.0,2.0
42539,2023-11-08 11:00:00,487.24,425.0,51.0,1.0,72.0,24.0,129.0,2.0
42540,2023-11-08 12:00:00,513.6,424.0,56.0,1.0,36.0,22.0,129.0,2.0
42541,2023-11-08 13:00:00,530.9,422.0,57.0,1.0,13.0,22.0,129.0,2.0
42542,2023-11-08 14:00:00,541.33,433.0,57.0,1.0,3.0,24.0,129.0,2.0
42543,2023-11-08 15:00:00,543.6,434.0,56.0,1.0,1.0,24.0,129.0,2.0
42544,2023-11-08 16:00:00,540.39,423.0,54.0,1.0,0.0,25.0,129.0,2.0
42545,2023-11-08 17:00:00,533.33,419.0,53.0,1.0,0.0,31.0,130.0,2.0
42546,2023-11-08 18:00:00,501.61,354.0,52.0,1.0,0.0,40.0,128.0,2.0
42547,2023-11-08 19:00:00,482.3,309.0,52.0,1.0,0.0,42.0,123.0,1.0
42548,2023-11-08 20:00:00,471.63,280.0,53.0,1.0,0.0,42.0,117.0,1.0
42549,2023-11-08 21:00:00,459.53,265.0,54.0,1.0,0.0,48.0,114.0,1.0
42550,2023-11-08 22:00:00,473.75,282.0,53.0,1.0,0.0,43.0,115.0,1.0
42551,2023-11-08 23:00:00,477.39,285.0,53.0,1.0,0.0,44.0,112.0,1.0
42552,2023-11-09 00:00:00,471.79,295.0,53.0,1.0,0.0,53.0,115.0,1.0
42553,2023-11-09 01:00:00,474.07,301.0,49.0,1.0,0.0,54.0,116.0,1.0
42554,2023-11-09 02:00:00,470.68,290.0,49.0,1.0,0.0,53.0,114.0,1.0
42555,2023-11-09 03:00:00,463.26,257.0,49.0,1.0,0.0,41.0,113.0,1.0
42556,2023-11-09 04:00:00,462.0,269.0,49.0,1.0,0.0,45.0,118.0,1.0
42557,2023-11-09 05:00:00,473.12,320.0,48.0,1.0,1.0,55.0,127.0,2.0
42558,2023-11-09 06:00:00,466.93,315.0,49.0,1.0,6.0,54.0,127.0,2.0
42559,2023-11-09 07:00:00,445.22,294.0,50.0,1.0,23.0,52.0,124.0,2.0
42560,2023-11-09 08:00:00,434.94,297.0,51.0,1.0,41.0,49.0,124.0,2.0
42561,2023-11-09 09:00:00,422.38,296.0,51.0,1.0,59.0,47.0,124.0,2.0
42562,2023-11-09 10:00:00,421.85,294.0,52.0,1.0,63.0,42.0,124.0,2.0
42563,2023-11-09 11:00:00,434.59,292.0,49.0,1.0,57.0,34.0,120.0,2.0
42564,2023-11-09 12:00:00,447.56,289.0,48.0,1.0,36.0,37.0,120.0,2.0
42565,2023-11-09 13:00:00,463.68,283.0,45.0,1.0,12.0,38.0,121.0,1.0
42566,2023-11-09 14:00:00,483.97,326.0,48.0,1.0,2.0,46.0,126.0,2.0
42567,2023-11-09 15:00:00,472.42,317.0,48.0,1.0,1.0,55.0,126.0,2.0
42568,2023-11-09 16:00:00,452.6,296.0,47.0,1.0,0.0,70.0,122.0,2.0
42569,2023-11-09 17:00:00,441.79,293.0,47.0,1.0,0.0,81.0,122.0,2.0
42570,2023-11-09 18:00:00,449.15,323.0,46.0,1.0,0.0,94.0,121.0,2.0
42571,2023-11-09 19:00:00,435.14,301.0,47.0,1.0,0.0,101.0,116.0,1.0
42572,2023-11-09 20:00:00,412.1,267.0,47.0,1.0,0.0,108.0,112.0,1.0
42573,2023-11-09 21:00:00,401.17,264.0,46.0,1.0,0.0,119.0,113.0,1.0
42574,2023-11-09 22:00:00,404.23,263.0,46.0,1.0,0.0,114.0,113.0,1.0
42575,2023-11-09 23:00:00,410.41,261.0,48.0,1.0,0.0,116.0,101.0,1.0
42576,2023-11-10 00:00:00,404.19,262.0,48.0,1.0,0.0,130.0,96.0,1.0
42577,2023-11-10 01:00:00,392.48,262.0,49.0,1.0,0.0,144.0,98.0,1.0
42578,2023-11-10 02:00:00,393.23,262.0,48.0,1.0,0.0,143.0,98.0,1.0
42579,2023-11-10 03:00:00,395.73,281.0,48.0,1.0,0.0,157.0,98.0,1.0
42580,2023-11-10 04:00:00,383.47,266.0,48.0,1.0,0.0,156.0,103.0,1.0
42581,2023-11-10 05:00:00,385.02,291.0,49.0,1.0,0.0,168.0,113.0,1.0
42582,2023-11-10 06:00:00,383.81,314.0,49.0,1.0,5.0,184.0,117.0,2.0
42583,2023-11-10 07:00:00,367.48,316.0,50.0,1.0,18.0,198.0,122.0,2.0
42584,2023-11-10 08:00:00,367.0,311.0,49.0,1.0,26.0,184.0,123.0,1.0
42585,2023-11-10 09:00:00,377.39,312.0,43.0,1.0,30.0,158.0,127.0,1.0
42586,2023-11-10 10:00:00,387.1,318.0,52.0,1.0,33.0,145.0,126.0,2.0
42587,2023-11-10 11:00:00,402.38,321.0,64.0,1.0,25.0,129.0,126.0,2.0
42588,2023-11-10 12:00:00,409.07,318.0,65.0,1.0,13.0,128.0,125.0,1.0
42589,2023-11-10 13:00:00,421.81,331.0,66.0,1.0,5.0,125.0,127.0,2.0
42590,2023-11-10 14:00:00,421.93,315.0,66.0,1.0,1.0,116.0,127.0,2.0
42591,2023-11-10 15:00:00,427.84,309.0,61.0,1.0,0.0,107.0,124.0,1.0
42592,2023-11-10 16:00:00,420.28,299.0,59.0,1.0,0.0,110.0,124.0,1.0
42593,2023-11-10 17:00:00,416.28,288.0,59.0,1.0,0.0,108.0,123.0,2.0
42594,2023-11-10 18:00:00,429.37,311.0,59.0,1.0,0.0,105.0,126.0,2.0
42595,2023-11-10 19:00:00,437.15,324.0,58.0,1.0,0.0,104.0,126.0,2.0
42596,2023-11-10 20:00:00,428.17,285.0,63.0,1.0,0.0,90.0,122.0,2.0
42597,2023-11-10 21:00:00,433.14,280.0,66.0,1.0,0.0,80.0,121.0,1.0
42598,2023-11-10 22:00:00,436.59,271.0,66.0,1.0,0.0,72.0,118.0,1.0
42599,2023-11-10 23:00:00,443.06,262.0,65.0,1.0,0.0,61.0,115.0,1.0
42600,2023-11-11 00:00:00,439.71,262.0,64.0,1.0,0.0,64.0,116.0,1.0
42601,2023-11-11 01:00:00,449.97,273.0,64.0,1.0,0.0,59.0,117.0,1.0
42602,2023-11-11 02:00:00,445.82,261.0,66.0,1.0,0.0,56.0,116.0,1.0
42603,2023-11-11 03:00:00,451.05,259.0,65.0,1.0,0.0,54.0,111.0,1.0
42604,2023-11-11 04:00:00,461.42,264.0,66.0,1.0,0.0,49.0,108.0,1.0
42605,2023-11-11 05:00:00,465.69,273.0,67.0,1.0,0.0,47.0,111.0,1.0
42606,2023-11-11 06:00:00,478.27,314.0,67.0,1.0,5.0,47.0,117.0,1.0
42607,2023-11-11 07:00:00,461.97,308.0,65.0,1.0,22.0,43.0,120.0,1.0
42608,2023-11-11 08:00:00,465.04,334.0,64.0,1.0,42.0,33.0,123.0,1.0
42609,2023-11-11 09:00:00,456.75,317.0,67.0,1.0,49.0,25.0,123.0,1.0
42610,2023-11-11 10:00:00,464.37,316.0,66.0,1.0,44.0,20.0,123.0,1.0
42611,2023-11-11 11:00:00,481.99,333.0,70.0,1.0,35.0,18.0,122.0,1.0
42612,2023-11-11 12:00:00,489.33,318.0,70.0,1.0,20.0,16.0,122.0,1.0
42613,2023-11-11 13:00:00,512.22,350.0,70.0,1.0,6.0,15.0,128.0,1.0
42614,2023-11-11 14:00:00,498.38,316.0,70.0,1.0,1.0,19.0,127.0,1.0
42615,2023-11-11 15:00:00,496.71,326.0,71.0,1.0,1.0,24.0,129.0,2.0
42616,2023-11-11 16:00:00,498.99,327.0,71.0,1.0,1.0,22.0,129.0,2.0
42617,2023-11-11 17:00:00,497.09,323.0,71.0,1.0,0.0,23.0,129.0,2.0
42618,2023-11-11 18:00:00,499.85,324.0,69.0,1.0,0.0,22.0,128.0,2.0
42619,2023-11-11 19:00:00,505.32,327.0,67.0,1.0,0.0,18.0,128.0,1.0
42620,2023-11-11 20:00:00,505.98,315.0,68.0,1.0,0.0,14.0,125.0,1.0
42621,2023-11-11 21:00:00,499.91,297.0,68.0,1.0,0.0,13.0,123.0,1.0
42622,2023-11-11 22:00:00,489.02,284.0,68.0,1.0,0.0,21.0,119.0,1.0
42623,2023-11-11 23:00:00,481.54,269.0,68.0,1.0,0.0,24.0,115.0,1.0
42624,2023-11-12 00:00:00,476.8,261.0,68.0,1.0,0.0,25.0,114.0,1.0
42625,2023-11-12 01:00:00,466.86,261.0,68.0,1.0,0.0,34.0,115.0,1.0
42626,2023-11-12 02:00:00,461.53,262.0,69.0,1.0,0.0,40.0,115.0,1.0
42627,2023-11-12 03:00:00,455.61,263.0,69.0,1.0,0.0,49.0,113.0,1.0
42628,2023-11-12 04:00:00,461.05,264.0,68.0,1.0,0.0,45.0,112.0,1.0
42629,2023-11-12 05:00:00,473.25,277.0,69.0,1.0,0.0,41.0,111.0,1.0
42630,2023-11-12 06:00:00,480.51,281.0,68.0,1.0,2.0,35.0,110.0,1.0
42631,2023-11-12 07:00:00,465.7,280.0,69.0,1.0,11.0,37.0,114.0,1.0
42632,2023-11-12 08:00:00,452.5,283.0,69.0,1.0,18.0,47.0,114.0,1.0
42633,2023-11-12 09:00:00,467.42,329.0,68.0,1.0,23.0,47.0,121.0,1.0
42634,2023-11-12 10:00:00,474.83,351.0,68.0,1.0,27.0,44.0,124.0,1.0
42635,2023-11-12 11:00:00,466.47,350.0,70.0,1.0,23.0,59.0,123.0,1.0
42636,2023-11-12 12:00:00,470.98,335.0,69.0,1.0,13.0,54.0,123.0,1.0
42637,2023-11-12 13:00:00,477.21,338.0,69.0,1.0,4.0,51.0,129.0,1.0
42638,2023-11-12 14:00:00,457.4,314.0,68.0,1.0,1.0,67.0,126.0,1.0
42639,2023-11-12 15:00:00,450.9,324.0,69.0,1.0,0.0,82.0,127.0,1.0
42640,2023-11-12 16:00:00,452.64,323.0,69.0,1.0,0.0,79.0,127.0,1.0
42641,2023-11-12 17:00:00,439.55,333.0,70.0,1.0,0.0,102.0,129.0,1.0
42642,2023-11-12 18:00:00,432.59,314.0,69.0,1.0,0.0,107.0,120.0,1.0
42643,2023-11-12 19:00:00,400.98,298.0,68.0,1.0,0.0,143.0,118.0,1.0
42644,2023-11-12 20:00:00,380.43,275.0,69.0,1.0,0.0,157.0,115.0,1.0
42645,2023-11-12 21:00:00,388.29,264.0,68.0,1.0,0.0,136.0,113.0,1.0
42646,2023-11-12 22:00:00,383.02,264.0,69.0,1.0,0.0,145.0,112.0,1.0
42647,2023-11-12 23:00:00,378.52,261.0,69.0,1.0,0.0,151.0,110.0,1.0
42648,2023-11-13 00:00:00,384.38,263.0,67.0,1.0,0.0,144.0,110.0,1.0
42649,2023-11-13 01:00:00,391.69,263.0,68.0,1.0,0.0,132.0,111.0,1.0
42650,2023-11-13 02:00:00,391.05,264.0,66.0,1.0,0.0,134.0,111.0,1.0
42651,2023-11-13 03:00:00,390.3,264.0,68.0,1.0,0.0,134.0,112.0,1.0
42652,2023-11-13 04:00:00,401.32,293.0,68.0,1.0,0.0,135.0,121.0,1.0
42653,2023-11-13 05:00:00,418.64,333.0,68.0,1.0,1.0,134.0,128.0,1.0
42654,2023-11-13 06:00:00,420.91,330.0,68.0,1.0,3.0,126.0,128.0,1.0
42655,2023-11-13 07:00:00,423.38,321.0,68.0,1.0,12.0,106.0,128.0,1.0
42656,2023-11-13 08:00:00,424.61,311.0,70.0,1.0,22.0,89.0,125.0,1.0
42657,2023-11-13 09:00:00,436.33,333.0,68.0,1.0,28.0,82.0,126.0,1.0
42658,2023-11-13 10:00:00,432.71,325.0,70.0,1.0,30.0,78.0,127.0,1.0
42659,2023-11-13 11:00:00,432.91,310.0,68.0,1.0,26.0,73.0,125.0,2.0
42660,2023-11-13 12:00:00,440.28,298.0,69.0,1.0,17.0,64.0,124.0,2.0
42661,2023-11-13 13:00:00,472.43,328.0,65.0,1.0,5.0,55.0,125.0,2.0
42662,2023-11-13 14:00:00,476.65,329.0,67.0,1.0,1.0,53.0,126.0,2.0
42663,2023-11-13 15:00:00,469.79,327.0,68.0,1.0,1.0,60.0,126.0,2.0
42664,2023-11-13 16:00:00,459.36,307.0,69.0,1.0,0.0,63.0,124.0,2.0
42665,2023-11-13 17:00:00,472.64,320.0,68.0,1.0,0.0,54.0,125.0,1.0
42666,2023-11-13 18:00:00,479.34,322.0,69.0,1.0,0.0,51.0,121.0,1.0
42667,2023-11-13 19:00:00,485.89,316.0,69.0,1.0,0.0,40.0,121.0,1.0
42668,2023-11-13 20:00:00,483.61,280.0,69.0,1.0,0.0,28.0,115.0,1.0
42669,2023-11-13 21:00:00,478.59,264.0,68.0,1.0,0.0,27.0,112.0,1.0
42670,2023-11-13 22:00:00,478.66,259.0,68.0,1.0,0.0,24.0,112.0,1.0
42671,2023-11-13 23:00:00,487.72,257.0,69.0,1.0,0.0,25.0,101.0,1.0
42672,2023-11-14 00:00:00,495.88,256.0,69.0,1.0,0.0,21.0,97.0,1.0
42673,2023-11-14 01:00:00,499.58,258.0,68.0,1.0,0.0,19.0,97.0,1.0
42674,2023-11-14 02:00:00,501.88,260.0,68.0,1.0,0.0,17.0,98.0,1.0
42675,2023-11-14 03:00:00,496.3,260.0,68.0,1.0,0.0,21.0,99.0,1.0
42676,2023-11-14 04:00:00,493.19,264.0,44.0,1.0,0.0,21.0,110.0,1.0
42677,2023-11-14 05:00:00,508.52,310.0,42.0,1.0,0.0,17.0,124.0,1.0
42678,2023-11-14 06:00:00,524.07,350.0,40.0,1.0,2.0,17.0,126.0,2.0
42679,2023-11-14 07:00:00,497.39,320.0,44.0,1.0,9.0,21.0,127.0,2.0
42680,2023-11-14 08:00:00,498.92,325.0,44.0,1.0,17.0,14.0,127.0,2.0
42681,2023-11-14 09:00:00,501.74,341.0,45.0,1.0,23.0,13.0,127.0,2.0
42682,2023-11-14 10:00:00,488.66,327.0,45.0,1.0,27.0,15.0,128.0,2.0
42683,2023-11-14 11:00:00,489.62,333.0,46.0,1.0,24.0,21.0,127.0,2.0
42684,2023-11-14 12:00:00,491.99,320.0,47.0,1.0,16.0,19.0,127.0,2.0
42685,2023-11-14 13:00:00,510.74,341.0,46.0,1.0,5.0,21.0,127.0,2.0
42686,2023-11-14 14:00:00,508.15,338.0,47.0,1.0,1.0,25.0,128.0,2.0
42687,2023-11-14 15:00:00,498.55,320.0,47.0,1.0,0.0,28.0,127.0,2.0
42688,2023-11-14 16:00:00,495.35,316.0,48.0,1.0,0.0,29.0,127.0,2.0
42689,2023-11-14 17:00:00,501.02,321.0,50.0,1.0,0.0,24.0,128.0,1.0
42690,2023-11-14 18:00:00,501.36,327.0,49.0,1.0,0.0,31.0,124.0,1.0
42691,2023-11-14 19:00:00,499.38,326.0,59.0,1.0,0.0,32.0,122.0,1.0
42692,2023-11-14 20:00:00,495.63,324.0,67.0,1.0,2.0,31.0,122.0,1.0
42693,2023-11-14 21:00:00,490.81,290.0,70.0,1.0,0.0,24.0,117.0,1.0
42694,2023-11-14 22:00:00,476.76,260.0,70.0,1.0,0.0,26.0,112.0,1.0
42695,2023-11-14 23:00:00,473.52,258.0,70.0,1.0,0.0,25.0,115.0,1.0
42696,2023-11-15 00:00:00,466.41,259.0,69.0,1.0,0.0,32.0,116.0,1.0
42697,2023-11-15 01:00:00,463.23,262.0,70.0,1.0,0.0,36.0,117.0,1.0
42698,2023-11-15 02:00:00,451.04,253.0,70.0,1.0,0.0,44.0,116.0,1.0
42699,2023-11-15 03:00:00,459.46,262.0,70.0,1.0,0.0,40.0,117.0,1.0
42700,2023-11-15 04:00:00,456.23,255.0,69.0,1.0,0.0,39.0,117.0,1.0
42701,2023-11-15 05:00:00,475.84,305.0,69.0,1.0,0.0,41.0,125.0,1.0
42702,2023-11-15 06:00:00,470.06,314.0,70.0,1.0,3.0,50.0,125.0,1.0
42703,2023-11-15 07:00:00,457.5,302.0,69.0,1.0,15.0,46.0,125.0,2.0
42704,2023-11-15 08:00:00,455.99,304.0,70.0,1.0,29.0,36.0,124.0,2.0
42705,2023-11-15 09:00:00,463.83,329.0,67.0,1.0,39.0,33.0,124.0,2.0
42706,2023-11-15 10:00:00,463.3,327.0,69.0,1.0,39.0,33.0,123.0,2.0
42707,2023-11-15 11:00:00,472.82,324.0,70.0,1.0,31.0,27.0,123.0,2.0
42708,2023-11-15 12:00:00,478.0,335.0,71.0,1.0,18.0,39.0,124.0,2.0
42709,2023-11-15 13:00:00,468.7,321.0,71.0,1.0,5.0,54.0,125.0,2.0
42710,2023-11-15 14:00:00,459.39,304.0,69.0,1.0,1.0,60.0,124.0,2.0
42711,2023-11-15 15:00:00,473.38,302.0,70.0,1.0,0.0,43.0,124.0,2.0
42712,2023-11-15 16:00:00,472.85,301.0,70.0,1.0,0.0,43.0,124.0,2.0
42713,2023-11-15 17:00:00,469.96,294.0,70.0,1.0,1.0,42.0,123.0,2.0
42714,2023-11-15 18:00:00,471.92,314.0,69.0,1.0,1.0,51.0,124.0,1.0
42715,2023-11-15 19:00:00,469.3,316.0,66.0,1.0,0.0,55.0,126.0,1.0
42716,2023-11-15 20:00:00,468.15,300.0,68.0,1.0,2.0,46.0,124.0,1.0
42717,2023-11-15 21:00:00,482.07,305.0,69.0,1.0,0.0,36.0,123.0,1.0
42718,2023-11-15 22:00:00,469.84,299.0,70.0,1.0,0.0,47.0,122.0,1.0
42719,2023-11-15 23:00:00,472.5,302.0,69.0,1.0,0.0,49.0,119.0,1.0
42720,2023-11-16 00:00:00,479.88,297.0,68.0,1.0,0.0,39.0,118.0,1.0
42721,2023-11-16 01:00:00,460.9,265.0,67.0,1.0,0.0,44.0,114.0,1.0
42722,2023-11-16 02:00:00,455.39,263.0,65.0,1.0,0.0,47.0,116.0,1.0
42723,2023-11-16 03:00:00,476.47,309.0,63.0,1.0,0.0,50.0,119.0,1.0
42724,2023-11-16 04:00:00,465.3,290.0,63.0,1.0,0.0,49.0,121.0,1.0
42725,2023-11-16 05:00:00,489.13,319.0,65.0,1.0,0.0,36.0,124.0,1.0
42726,2023-11-16 06:00:00,490.06,316.0,67.0,1.0,3.0,32.0,122.0,2.0
42727,2023-11-16 07:00:00,482.51,313.0,66.0,1.0,17.0,26.0,121.0,2.0
42728,2023-11-16 08:00:00,482.19,324.0,69.0,1.0,27.0,20.0,123.0,2.0
42729,2023-11-16 09:00:00,474.49,332.0,69.0,1.0,35.0,26.0,123.0,2.0
42730,2023-11-16 10:00:00,469.07,323.0,70.0,1.0,34.0,28.0,123.0,2.0
42731,2023-11-16 11:00:00,473.79,321.0,70.0,1.0,25.0,30.0,123.0,2.0
42732,2023-11-16 12:00:00,476.01,299.0,70.0,1.0,14.0,29.0,119.0,1.0
42733,2023-11-16 13:00:00,500.22,313.0,68.0,1.0,3.0,20.0,121.0,1.0
42734,2023-11-16 14:00:00,505.06,323.0,68.0,1.0,1.0,19.0,124.0,1.0
42735,2023-11-16 15:00:00,506.94,329.0,68.0,1.0,1.0,19.0,125.0,1.0
42736,2023-11-16 16:00:00,495.58,315.0,68.0,1.0,0.0,25.0,125.0,1.0
42737,2023-11-16 17:00:00,495.39,309.0,68.0,1.0,0.0,23.0,124.0,1.0
42738,2023-11-16 18:00:00,504.07,317.0,68.0,1.0,0.0,16.0,126.0,1.0
42739,2023-11-16 19:00:00,506.69,325.0,69.0,1.0,0.0,17.0,126.0,1.0
42740,2023-11-16 20:00:00,492.89,317.0,68.0,1.0,3.0,26.0,125.0,1.0
42741,2023-11-16 21:00:00,497.0,316.0,68.0,1.0,0.0,24.0,125.0,1.0
42742,2023-11-16 22:00:00,500.89,311.0,69.0,1.0,0.0,19.0,123.0,1.0
42743,2023-11-16 23:00:00,494.82,320.0,70.0,1.0,0.0,29.0,124.0,1.0
42744,2023-11-17 00:00:00,483.95,310.0,68.0,1.0,0.0,37.0,123.0,1.0
42745,2023-11-17 01:00:00,483.44,309.0,68.0,1.0,0.0,37.0,123.0,1.0
42746,2023-11-17 02:00:00,485.42,308.0,69.0,1.0,0.0,33.0,124.0,1.0
42747,2023-11-17 03:00:00,483.7,299.0,68.0,1.0,0.0,32.0,122.0,1.0
42748,2023-11-17 04:00:00,479.8,302.0,68.0,1.0,0.0,36.0,124.0,1.0
42749,2023-11-17 05:00:00,485.15,319.0,67.0,1.0,1.0,38.0,125.0,1.0
42750,2023-11-17 06:00:00,479.7,313.0,66.0,1.0,4.0,38.0,125.0,1.0
42751,2023-11-17 07:00:00,467.17,317.0,67.0,1.0,24.0,35.0,125.0,1.0
42752,2023-11-17 08:00:00,443.37,329.0,68.0,1.0,63.0,35.0,125.0,1.0
42753,2023-11-17 09:00:00,427.04,328.0,68.0,1.0,91.0,30.0,125.0,1.0
42754,2023-11-17 10:00:00,428.37,328.0,68.0,1.0,88.0,31.0,125.0,1.0
42755,2023-11-17 11:00:00,447.58,324.0,66.0,1.0,61.0,29.0,124.0,1.0
42756,2023-11-17 12:00:00,472.82,322.0,68.0,1.0,33.0,23.0,124.0,1.0
42757,2023-11-17 13:00:00,494.49,317.0,69.0,1.0,8.0,21.0,123.0,1.0
42758,2023-11-17 14:00:00,494.65,315.0,68.0,1.0,2.0,24.0,125.0,1.0
42759,2023-11-17 15:00:00,495.19,317.0,66.0,1.0,1.0,26.0,125.0,1.0
42760,2023-11-17 16:00:00,491.63,314.0,67.0,1.0,0.0,29.0,125.0,1.0
42761,2023-11-17 17:00:00,495.19,310.0,67.0,1.0,0.0,23.0,125.0,1.0
42762,2023-11-17 18:00:00,501.02,318.0,67.0,1.0,0.0,21.0,125.0,1.0
42763,2023-11-17 19:00:00,501.48,317.0,67.0,1.0,0.0,21.0,124.0,1.0
42764,2023-11-17 20:00:00,501.48,317.0,67.0,1.0,2.0,18.0,125.0,1.0
42765,2023-11-17 21:00:00,498.54,302.0,68.0,1.0,0.0,18.0,122.0,1.0
42766,2023-11-17 22:00:00,490.59,301.0,67.0,1.0,0.0,27.0,121.0,1.0
42767,2023-11-17 23:00:00,487.69,304.0,66.0,1.0,0.0,30.0,123.0,1.0
42768,2023-11-18 00:00:00,483.69,303.0,65.0,1.0,0.0,33.0,124.0,1.0
42769,2023-11-18 01:00:00,479.06,293.0,66.0,1.0,0.0,33.0,123.0,1.0
42770,2023-11-18 02:00:00,477.04,288.0,67.0,1.0,0.0,33.0,122.0,1.0
42771,2023-11-18 03:00:00,481.03,307.0,66.0,1.0,0.0,37.0,125.0,1.0
42772,2023-11-18 04:00:00,483.35,308.0,66.0,1.0,0.0,37.0,123.0,1.0
42773,2023-11-18 05:00:00,482.81,300.0,66.0,1.0,0.0,33.0,123.0,1.0
42774,2023-11-18 06:00:00,480.14,295.0,66.0,1.0,3.0,31.0,122.0,1.0
42775,2023-11-18 07:00:00,476.68,318.0,68.0,1.0,20.0,29.0,124.0,1.0
42776,2023-11-18 08:00:00,457.85,327.0,68.0,1.0,49.0,28.0,125.0,1.0
42777,2023-11-18 09:00:00,442.5,318.0,70.0,1.0,69.0,22.0,125.0,1.0
42778,2023-11-18 10:00:00,437.95,304.0,70.0,1.0,71.0,19.0,122.0,1.0
42779,2023-11-18 11:00:00,451.08,310.0,70.0,1.0,54.0,21.0,124.0,1.0
42780,2023-11-18 12:00:00,472.66,301.0,70.0,1.0,26.0,18.0,123.0,1.0
42781,2023-11-18 13:00:00,494.85,307.0,70.0,1.0,6.0,16.0,124.0,1.0
42782,2023-11-18 14:00:00,510.18,329.0,70.0,1.0,2.0,14.0,125.0,1.0
42783,2023-11-18 15:00:00,498.67,318.0,69.0,1.0,1.0,21.0,126.0,1.0
42784,2023-11-18 16:00:00,487.24,316.0,71.0,1.0,0.0,33.0,126.0,1.0
42785,2023-11-18 17:00:00,483.41,315.0,70.0,1.0,0.0,36.0,127.0,1.0
42786,2023-11-18 18:00:00,485.0,316.0,69.0,1.0,0.0,35.0,127.0,1.0
42787,2023-11-18 19:00:00,482.45,304.0,69.0,1.0,0.0,33.0,125.0,1.0
42788,2023-11-18 20:00:00,476.21,299.0,69.0,1.0,0.0,38.0,124.0,1.0
42789,2023-11-18 21:00:00,473.22,272.0,69.0,1.0,0.0,31.0,118.0,1.0
42790,2023-11-18 22:00:00,467.17,273.0,69.0,1.0,0.0,37.0,119.0,1.0
42791,2023-11-18 23:00:00,469.82,263.0,69.0,1.0,0.0,37.0,110.0,1.0
42792,2023-11-19 00:00:00,465.34,262.0,69.0,1.0,0.0,45.0,106.0,1.0
42793,2023-11-19 01:00:00,465.19,263.0,68.0,1.0,0.0,46.0,106.0,1.0
42794,2023-11-19 02:00:00,454.25,262.0,68.0,1.0,0.0,57.0,106.0,1.0
42795,2023-11-19 03:00:00,451.97,263.0,69.0,1.0,0.0,60.0,106.0,1.0
42796,2023-11-19 04:00:00,451.85,266.0,70.0,1.0,0.0,54.0,114.0,1.0
42797,2023-11-19 05:00:00,457.92,275.0,66.0,1.0,0.0,49.0,119.0,1.0
42798,2023-11-19 06:00:00,465.68,272.0,64.0,1.0,2.0,37.0,119.0,1.0
42799,2023-11-19 07:00:00,455.13,268.0,63.0,1.0,13.0,36.0,118.0,1.0
42800,2023-11-19 08:00:00,444.09,277.0,62.0,1.0,28.0,39.0,119.0,1.0
42801,2023-11-19 09:00:00,425.41,263.0,63.0,1.0,39.0,42.0,117.0,1.0
42802,2023-11-19 10:00:00,437.16,286.0,62.0,1.0,42.0,39.0,120.0,1.0
42803,2023-11-19 11:00:00,440.48,277.0,64.0,1.0,31.0,39.0,120.0,1.0
42804,2023-11-19 12:00:00,451.05,276.0,63.0,1.0,15.0,43.0,119.0,1.0
42805,2023-11-19 13:00:00,462.67,295.0,64.0,1.0,3.0,52.0,121.0,1.0
42806,2023-11-19 14:00:00,449.97,297.0,67.0,1.0,1.0,69.0,122.0,1.0
42807,2023-11-19 15:00:00,452.96,309.0,64.0,1.0,1.0,72.0,124.0,1.0
42808,2023-11-19 16:00:00,440.27,301.0,62.0,1.0,0.0,83.0,125.0,1.0
42809,2023-11-19 17:00:00,450.16,296.0,45.0,1.0,0.0,71.0,124.0,1.0
42810,2023-11-19 18:00:00,460.76,312.0,40.0,1.0,0.0,69.0,125.0,1.0
42811,2023-11-19 19:00:00,463.4,320.0,40.0,1.0,0.0,71.0,125.0,1.0
42812,2023-11-19 20:00:00,475.33,333.0,39.0,1.0,0.0,64.0,126.0,1.0
42813,2023-11-19 21:00:00,489.03,334.0,38.0,1.0,0.0,50.0,125.0,1.0
42814,2023-11-19 22:00:00,487.28,347.0,39.0,1.0,0.0,60.0,124.0,1.0
42815,2023-11-19 23:00:00,465.38,301.0,38.0,1.0,0.0,63.0,119.0,1.0
42816,2023-11-20 00:00:00,462.73,287.0,38.0,1.0,0.0,60.0,116.0,1.0
42817,2023-11-20 01:00:00,462.2,283.0,38.0,1.0,0.0,58.0,116.0,1.0
42818,2023-11-20 02:00:00,459.93,278.0,39.0,1.0,0.0,57.0,116.0,1.0
42819,2023-11-20 03:00:00,464.74,292.0,38.0,1.0,0.0,60.0,117.0,1.0
42820,2023-11-20 04:00:00,499.17,363.0,38.0,1.0,0.0,59.0,120.0,1.0
42821,2023-11-20 05:00:00,531.81,457.0,40.0,1.0,1.0,57.0,125.0,1.0
42822,2023-11-20 06:00:00,522.91,455.0,39.0,1.0,5.0,64.0,125.0,1.0
42823,2023-11-20 07:00:00,504.26,485.0,38.0,1.0,35.0,74.0,126.0,1.0
42824,2023-11-20 08:00:00,509.49,568.0,38.0,1.0,81.0,58.0,129.0,1.0
42825,2023-11-20 09:00:00,491.17,580.0,39.0,1.0,136.0,42.0,129.0,1.0
42826,2023-11-20 10:00:00,484.02,577.0,39.0,1.0,152.0,37.0,130.0,1.0
42827,2023-11-20 11:00:00,505.46,579.0,40.0,1.0,115.0,34.0,131.0,1.0
42828,2023-11-20 12:00:00,543.98,576.0,40.0,1.0,56.0,28.0,131.0,1.0
42829,2023-11-20 13:00:00,577.79,572.0,40.0,1.0,9.0,26.0,130.0,1.0
42830,2023-11-20 14:00:00,584.29,583.0,39.0,1.0,2.0,28.0,130.0,1.0
42831,2023-11-20 15:00:00,574.12,569.0,40.0,1.0,1.0,37.0,131.0,1.0
42832,2023-11-20 16:00:00,571.89,573.0,41.0,1.0,0.0,42.0,131.0,1.0
42833,2023-11-20 17:00:00,570.7,565.0,41.0,1.0,0.0,41.0,131.0,1.0
42834,2023-11-20 18:00:00,584.16,567.0,40.0,1.0,0.0,30.0,125.0,1.0
42835,2023-11-20 19:00:00,590.18,565.0,39.0,1.0,0.0,25.0,122.0,1.0
42836,2023-11-20 20:00:00,600.88,593.0,39.0,1.0,4.0,18.0,119.0,1.0
42837,2023-11-20 21:00:00,607.83,598.0,40.0,1.0,0.0,12.0,121.0,1.0
42838,2023-11-20 22:00:00,606.48,607.0,40.0,1.0,0.0,10.0,127.0,1.0
42839,2023-11-20 23:00:00,584.86,520.0,40.0,1.0,0.0,14.0,126.0,1.0
42840,2023-11-21 00:00:00,565.86,459.0,39.0,1.0,0.0,22.0,121.0,1.0
42841,2023-11-21 01:00:00,565.93,470.0,41.0,1.0,0.0,23.0,123.0,1.0
42842,2023-11-21 02:00:00,564.38,483.0,39.0,1.0,0.0,28.0,125.0,1.0
42843,2023-11-21 03:00:00,581.72,526.0,39.0,1.0,0.0,20.0,126.0,1.0
42844,2023-11-21 04:00:00,594.43,631.0,39.0,1.0,0.0,29.0,131.0,1.0
42845,2023-11-21 05:00:00,608.5,750.0,40.0,1.0,1.0,35.0,134.0,1.0
42846,2023-11-21 06:00:00,607.42,764.0,38.0,1.0,2.0,40.0,134.0,1.0
42847,2023-11-21 07:00:00,599.08,769.0,38.0,1.0,16.0,42.0,133.0,1.0
42848,2023-11-21 08:00:00,595.81,789.0,38.0,1.0,39.0,28.0,135.0,1.0
42849,2023-11-21 09:00:00,583.06,795.0,39.0,1.0,56.0,35.0,135.0,1.0
42850,2023-11-21 10:00:00,576.32,800.0,39.0,1.0,64.0,40.0,136.0,1.0
42851,2023-11-21 11:00:00,579.29,807.0,38.0,1.0,59.0,43.0,135.0,1.0
42852,2023-11-21 12:00:00,585.74,788.0,50.0,1.0,32.0,49.0,134.0,1.0
42853,2023-11-21 13:00:00,593.34,785.0,57.0,1.0,7.0,58.0,133.0,1.0
42854,2023-11-21 14:00:00,599.87,807.0,61.0,1.0,4.0,53.0,134.0,1.0
42855,2023-11-21 15:00:00,596.74,788.0,62.0,1.0,1.0,56.0,134.0,1.0
42856,2023-11-21 16:00:00,593.0,786.0,62.0,1.0,0.0,63.0,134.0,1.0
42857,2023-11-21 17:00:00,593.06,785.0,61.0,1.0,0.0,63.0,134.0,1.0
42858,2023-11-21 18:00:00,591.74,783.0,63.0,1.0,0.0,64.0,134.0,1.0
42859,2023-11-21 19:00:00,566.39,610.0,65.0,1.0,0.0,55.0,130.0,1.0
42860,2023-11-21 20:00:00,517.75,429.0,66.0,1.0,2.0,52.0,127.0,1.0
42861,2023-11-21 21:00:00,504.11,375.0,62.0,1.0,0.0,47.0,126.0,1.0
42862,2023-11-21 22:00:00,458.27,285.0,41.0,1.0,0.0,55.0,124.0,1.0
42863,2023-11-21 23:00:00,436.05,235.0,39.0,1.0,0.0,45.0,123.0,1.0
42864,2023-11-22 00:00:00,426.42,222.0,53.0,1.0,0.0,45.0,121.0,1.0
42865,2023-11-22 01:00:00,428.44,217.0,68.0,1.0,0.0,37.0,121.0,1.0
42866,2023-11-22 02:00:00,417.06,189.0,69.0,1.0,0.0,30.0,117.0,1.0
42867,2023-11-22 03:00:00,413.66,185.0,69.0,1.0,0.0,30.0,117.0,1.0
42868,2023-11-22 04:00:00,416.18,185.0,65.0,1.0,0.0,29.0,116.0,1.0
42869,2023-11-22 05:00:00,438.17,215.0,40.0,1.0,0.0,30.0,121.0,1.0
42870,2023-11-22 06:00:00,440.08,250.0,38.0,1.0,4.0,48.0,123.0,1.0
42871,2023-11-22 07:00:00,405.79,253.0,37.0,1.0,27.0,67.0,123.0,1.0
42872,2023-11-22 08:00:00,320.94,203.0,36.0,1.0,67.0,97.0,119.0,1.0
42873,2023-11-22 09:00:00,278.29,193.0,39.0,1.0,93.0,136.0,118.0,1.0
42874,2023-11-22 10:00:00,266.1,200.0,40.0,1.0,112.0,157.0,118.0,1.0
42875,2023-11-22 11:00:00,248.35,184.0,38.0,1.0,91.0,191.0,116.0,1.0
42876,2023-11-22 12:00:00,269.75,204.0,38.0,1.0,42.0,225.0,118.0,1.0
42877,2023-11-22 13:00:00,289.75,234.0,37.0,1.0,6.0,261.0,123.0,1.0
42878,2023-11-22 14:00:00,297.56,255.0,36.0,1.0,1.0,280.0,124.0,1.0
42879,2023-11-22 15:00:00,284.63,245.0,36.0,1.0,1.0,295.0,124.0,1.0
42880,2023-11-22 16:00:00,262.64,221.0,35.0,1.0,1.0,310.0,122.0,1.0
42881,2023-11-22 17:00:00,256.61,213.0,36.0,1.0,0.0,320.0,114.0,1.0
42882,2023-11-22 18:00:00,239.38,191.0,37.0,1.0,0.0,336.0,100.0,1.0
42883,2023-11-22 19:00:00,212.2,157.0,39.0,1.0,0.0,340.0,95.0,1.0
42884,2023-11-22 20:00:00,209.51,152.0,39.0,1.0,3.0,335.0,92.0,1.0
42885,2023-11-22 21:00:00,212.41,152.0,37.0,1.0,0.0,329.0,91.0,1.0
42886,2023-11-22 22:00:00,216.33,151.0,35.0,1.0,0.0,316.0,89.0,1.0
42887,2023-11-22 23:00:00,227.74,159.0,35.0,1.0,0.0,306.0,88.0,1.0
42888,2023-11-23 00:00:00,241.24,176.0,34.0,1.0,0.0,310.0,87.0,1.0
42889,2023-11-23 01:00:00,248.8,177.0,37.0,1.0,0.0,301.0,81.0,1.0
42890,2023-11-23 02:00:00,266.17,188.0,36.0,1.0,0.0,274.0,89.0,1.0
42891,2023-11-23 03:00:00,270.94,188.0,37.0,1.0,1.0,260.0,92.0,1.0
42892,2023-11-23 04:00:00,297.2,188.0,38.0,1.0,0.0,202.0,100.0,1.0
42893,2023-11-23 05:00:00,287.59,160.0,39.0,1.0,0.0,167.0,107.0,1.0
42894,2023-11-23 06:00:00,343.77,206.0,38.0,1.0,1.0,135.0,116.0,1.0
42895,2023-11-23 07:00:00,359.25,210.0,38.0,1.0,8.0,111.0,116.0,1.0
42896,2023-11-23 08:00:00,399.65,239.0,53.0,1.0,23.0,68.0,120.0,1.0
42897,2023-11-23 09:00:00,397.83,237.0,60.0,1.0,41.0,51.0,119.0,1.0
42898,2023-11-23 10:00:00,397.87,243.0,66.0,1.0,51.0,45.0,120.0,1.0
42899,2023-11-23 11:00:00,381.32,211.0,69.0,1.0,47.0,42.0,118.0,1.0
42900,2023-11-23 12:00:00,397.11,205.0,70.0,1.0,20.0,43.0,119.0,1.0
42901,2023-11-23 13:00:00,399.54,197.0,70.0,1.0,4.0,44.0,124.0,1.0
42902,2023-11-23 14:00:00,393.23,184.0,69.0,1.0,3.0,41.0,123.0,1.0
42903,2023-11-23 15:00:00,405.36,187.0,69.0,1.0,1.0,33.0,123.0,1.0
42904,2023-11-23 16:00:00,405.99,199.0,67.0,1.0,0.0,43.0,124.0,1.0
42905,2023-11-23 17:00:00,414.83,204.0,66.0,1.0,1.0,38.0,123.0,1.0
42906,2023-11-23 18:00:00,410.85,206.0,65.0,1.0,0.0,45.0,123.0,1.0
42907,2023-11-23 19:00:00,364.88,151.0,65.0,1.0,0.0,48.0,116.0,1.0
42908,2023-11-23 20:00:00,356.01,162.0,65.0,1.0,0.0,74.0,112.0,1.0
42909,2023-11-23 21:00:00,373.33,169.0,65.0,1.0,0.0,62.0,112.0,1.0
42910,2023-11-23 22:00:00,384.76,199.0,67.0,1.0,0.0,78.0,113.0,1.0
42911,2023-11-23 23:00:00,427.88,247.0,67.0,1.0,0.0,80.0,102.0,1.0
42912,2023-11-24 00:00:00,419.85,203.0,66.0,1.0,0.0,64.0,92.0,1.0
42913,2023-11-24 01:00:00,416.75,204.0,66.0,1.0,0.0,71.0,89.0,1.0
42914,2023-11-24 02:00:00,408.06,207.0,53.0,1.0,0.0,83.0,90.0,1.0
42915,2023-11-24 03:00:00,410.74,208.0,43.0,1.0,0.0,81.0,91.0,1.0
42916,2023-11-24 04:00:00,414.53,210.0,41.0,1.0,0.0,66.0,104.0,1.0
42917,2023-11-24 05:00:00,402.99,211.0,41.0,1.0,0.0,71.0,112.0,1.0
42918,2023-11-24 06:00:00,406.71,211.0,41.0,1.0,1.0,61.0,117.0,1.0
42919,2023-11-24 07:00:00,372.96,180.0,42.0,1.0,6.0,63.0,117.0,1.0
42920,2023-11-24 08:00:00,366.03,170.0,42.0,1.0,15.0,52.0,116.0,1.0
42921,2023-11-24 09:00:00,361.5,170.0,43.0,1.0,23.0,51.0,114.0,1.0
42922,2023-11-24 10:00:00,400.66,214.0,44.0,1.0,21.0,47.0,120.0,1.0
42923,2023-11-24 11:00:00,402.25,207.0,44.0,1.0,14.0,45.0,121.0,1.0
42924,2023-11-24 12:00:00,397.19,213.0,44.0,1.0,7.0,63.0,121.0,1.0
42925,2023-11-24 13:00:00,386.43,199.0,44.0,1.0,2.0,69.0,119.0,1.0
42926,2023-11-24 14:00:00,392.29,207.0,44.0,1.0,1.0,70.0,120.0,1.0
42927,2023-11-24 15:00:00,397.64,208.0,43.0,1.0,1.0,64.0,121.0,1.0
42928,2023-11-24 16:00:00,399.44,209.0,42.0,1.0,1.0,63.0,121.0,1.0
42929,2023-11-24 17:00:00,388.79,208.0,43.0,1.0,0.0,76.0,120.0,1.0
42930,2023-11-24 18:00:00,386.43,200.0,43.0,1.0,0.0,70.0,121.0,1.0
42931,2023-11-24 19:00:00,386.38,203.0,42.0,1.0,0.0,72.0,122.0,1.0
42932,2023-11-24 20:00:00,382.91,203.0,42.0,1.0,0.0,75.0,123.0,1.0
42933,2023-11-24 21:00:00,374.48,203.0,43.0,1.0,0.0,85.0,123.0,1.0
42934,2023-11-24 22:00:00,339.15,159.0,44.0,1.0,0.0,83.0,118.0,1.0
42935,2023-11-24 23:00:00,317.46,136.0,58.0,1.0,0.0,84.0,115.0,1.0
42936,2023-11-25 00:00:00,309.66,130.0,62.0,1.0,0.0,88.0,113.0,1.0
42937,2023-11-25 01:00:00,308.96,132.0,68.0,1.0,0.0,93.0,113.0,1.0
42938,2023-11-25 02:00:00,309.45,133.0,69.0,1.0,0.0,93.0,114.0,1.0
42939,2023-11-25 03:00:00,317.83,133.0,68.0,1.0,0.0,82.0,114.0,1.0
42940,2023-11-25 04:00:00,318.57,138.0,68.0,1.0,0.0,88.0,114.0,1.0
42941,2023-11-25 05:00:00,320.21,136.0,67.0,1.0,0.0,82.0,115.0,1.0
42942,2023-11-25 06:00:00,358.49,177.0,67.0,1.0,0.0,78.0,122.0,1.0
42943,2023-11-25 07:00:00,349.28,167.0,67.0,1.0,1.0,78.0,121.0,1.0
42944,2023-11-25 08:00:00,374.97,199.0,66.0,1.0,3.0,77.0,123.0,1.0
42945,2023-11-25 09:00:00,389.02,220.0,67.0,1.0,4.0,79.0,123.0,1.0
42946,2023-11-25 10:00:00,405.89,222.0,69.0,1.0,4.0,60.0,123.0,1.0
42947,2023-11-25 11:00:00,384.8,197.0,67.0,1.0,3.0,65.0,121.0,1.0
42948,2023-11-25 12:00:00,365.18,179.0,68.0,1.0,1.0,73.0,120.0,1.0
42949,2023-11-25 13:00:00,370.58,188.0,68.0,1.0,0.0,76.0,121.0,1.0
42950,2023-11-25 14:00:00,398.59,212.0,65.0,1.0,0.0,64.0,123.0,1.0
42951,2023-11-25 15:00:00,384.86,199.0,64.0,1.0,0.0,70.0,121.0,1.0
42952,2023-11-25 16:00:00,390.76,200.0,65.0,1.0,0.0,63.0,122.0,1.0
42953,2023-11-25 17:00:00,398.82,210.0,64.0,1.0,1.0,64.0,120.0,1.0
42954,2023-11-25 18:00:00,391.73,200.0,63.0,1.0,1.0,64.0,119.0,1.0
42955,2023-11-25 19:00:00,394.56,197.0,63.0,1.0,0.0,58.0,120.0,1.0
42956,2023-11-25 20:00:00,390.91,182.0,62.0,1.0,0.0,48.0,120.0,1.0
42957,2023-11-25 21:00:00,409.03,195.0,60.0,1.0,0.0,41.0,120.0,1.0
42958,2023-11-25 22:00:00,398.52,173.0,61.0,1.0,0.0,32.0,120.0,1.0
42959,2023-11-25 23:00:00,402.44,166.0,61.0,1.0,0.0,22.0,120.0,1.0
42960,2023-11-26 00:00:00,410.58,171.0,60.0,1.0,0.0,21.0,118.0,1.0
42961,2023-11-26 01:00:00,410.52,172.0,59.0,1.0,0.0,23.0,117.0,1.0
42962,2023-11-26 02:00:00,417.49,193.0,59.0,1.0,0.0,31.0,120.0,1.0
42963,2023-11-26 03:00:00,429.49,209.0,59.0,1.0,0.0,33.0,119.0,1.0
42964,2023-11-26 04:00:00,407.23,181.0,57.0,1.0,0.0,34.0,117.0,1.0
42965,2023-11-26 05:00:00,414.02,190.0,58.0,1.0,0.0,35.0,117.0,1.0
42966,2023-11-26 06:00:00,416.63,182.0,57.0,1.0,0.0,27.0,116.0,1.0
42967,2023-11-26 07:00:00,426.28,188.0,57.0,1.0,2.0,20.0,117.0,1.0
42968,2023-11-26 08:00:00,427.27,193.0,57.0,1.0,5.0,17.0,120.0,1.0
42969,2023-11-26 09:00:00,436.78,205.0,59.0,1.0,9.0,13.0,120.0,1.0
42970,2023-11-26 10:00:00,442.19,208.0,60.0,1.0,9.0,9.0,121.0,1.0
42971,2023-11-26 11:00:00,440.19,199.0,62.0,1.0,7.0,8.0,119.0,1.0
42972,2023-11-26 12:00:00,422.41,177.0,63.0,1.0,3.0,11.0,119.0,1.0
42973,2023-11-26 13:00:00,425.65,187.0,63.0,1.0,1.0,18.0,119.0,1.0
42974,2023-11-26 14:00:00,447.96,218.0,64.0,1.0,1.0,18.0,121.0,1.0
42975,2023-11-26 15:00:00,452.99,222.0,64.0,1.0,1.0,16.0,121.0,1.0
42976,2023-11-26 16:00:00,458.19,226.0,63.0,1.0,0.0,15.0,121.0,1.0
42977,2023-11-26 17:00:00,451.59,221.0,62.0,1.0,0.0,17.0,122.0,1.0
42978,2023-11-26 18:00:00,443.38,203.0,62.0,1.0,0.0,14.0,120.0,1.0
42979,2023-11-26 19:00:00,445.73,206.0,62.0,1.0,0.0,16.0,118.0,1.0
42980,2023-11-26 20:00:00,464.79,228.0,64.0,1.0,0.0,19.0,112.0,1.0
42981,2023-11-26 21:00:00,486.92,270.0,65.0,1.0,0.0,18.0,117.0,1.0
42982,2023-11-26 22:00:00,492.84,280.0,64.0,1.0,0.0,17.0,118.0,1.0
42983,2023-11-26 23:00:00,491.96,283.0,66.0,1.0,0.0,19.0,118.0,1.0
42984,2023-11-27 00:00:00,497.14,295.0,67.0,1.0,0.0,21.0,117.0,1.0
42985,2023-11-27 01:00:00,488.14,286.0,68.0,1.0,0.0,24.0,118.0,1.0
42986,2023-11-27 02:00:00,478.59,298.0,68.0,1.0,0.0,40.0,119.0,1.0
42987,2023-11-27 03:00:00,477.44,309.0,67.0,1.0,0.0,47.0,120.0,1.0
42988,2023-11-27 04:00:00,492.35,355.0,65.0,1.0,0.0,55.0,121.0,1.0
42989,2023-11-27 05:00:00,506.16,410.0,66.0,1.0,0.0,64.0,123.0,1.0
42990,2023-11-27 06:00:00,513.32,484.0,67.0,1.0,1.0,87.0,125.0,1.0
42991,2023-11-27 07:00:00,510.38,501.0,66.0,1.0,1.0,99.0,126.0,1.0
42992,2023-11-27 08:00:00,510.03,506.0,66.0,1.0,3.0,98.0,128.0,1.0
42993,2023-11-27 09:00:00,511.6,512.0,64.0,1.0,5.0,98.0,127.0,1.0
42994,2023-11-27 10:00:00,505.18,512.0,65.0,1.0,8.0,103.0,129.0,1.0
42995,2023-11-27 11:00:00,480.53,510.0,60.0,1.0,6.0,148.0,128.0,1.0
42996,2023-11-27 12:00:00,466.76,503.0,59.0,1.0,2.0,172.0,129.0,1.0
42997,2023-11-27 13:00:00,457.82,500.0,64.0,1.0,1.0,189.0,127.0,1.0
42998,2023-11-27 14:00:00,458.24,517.0,66.0,1.0,1.0,198.0,128.0,1.0
42999,2023-11-27 15:00:00,442.5,505.0,65.0,1.0,0.0,223.0,128.0,1.0
43000,2023-11-27 16:00:00,425.72,498.0,64.0,1.0,0.0,254.0,128.0,1.0
43001,2023-11-27 17:00:00,422.47,500.0,63.0,1.0,0.0,263.0,128.0,1.0
43002,2023-11-27 18:00:00,423.74,511.0,62.0,1.0,0.0,268.0,129.0,1.0
43003,2023-11-27 19:00:00,376.45,398.0,60.0,1.0,0.0,277.0,127.0,1.0
43004,2023-11-27 20:00:00,304.73,256.0,59.0,1.0,0.0,273.0,122.0,1.0
43005,2023-11-27 21:00:00,296.68,243.0,59.0,1.0,0.0,276.0,118.0,1.0
43006,2023-11-27 22:00:00,292.55,239.0,61.0,1.0,0.0,281.0,117.0,1.0
43007,2023-11-27 23:00:00,294.31,235.0,63.0,1.0,1.0,270.0,117.0,1.0
43008,2023-11-28 00:00:00,317.8,247.0,64.0,1.0,0.0,237.0,117.0,1.0
43009,2023-11-28 01:00:00,358.0,279.0,63.0,1.0,0.0,196.0,119.0,1.0
43010,2023-11-28 02:00:00,366.13,274.0,64.0,1.0,0.0,176.0,119.0,1.0
43011,2023-11-28 03:00:00,387.71,292.0,63.0,1.0,0.0,158.0,119.0,1.0
43012,2023-11-28 04:00:00,452.54,383.0,63.0,1.0,1.0,123.0,124.0,1.0
43013,2023-11-28 05:00:00,476.59,406.0,61.0,1.0,0.0,102.0,125.0,1.0
43014,2023-11-28 06:00:00,400.05,251.0,57.0,1.0,1.0,99.0,121.0,1.0
43015,2023-11-28 07:00:00,309.59,146.0,55.0,1.0,2.0,107.0,114.0,1.0
43016,2023-11-28 08:00:00,347.55,186.0,56.0,1.0,3.0,105.0,116.0,1.0
43017,2023-11-28 09:00:00,393.45,235.0,57.0,1.0,4.0,93.0,118.0,1.0
43018,2023-11-28 10:00:00,425.41,252.0,58.0,1.0,4.0,67.0,119.0,1.0
43019,2023-11-28 11:00:00,473.67,289.0,59.0,1.0,2.0,39.0,120.0,1.0
43020,2023-11-28 12:00:00,502.85,323.0,58.0,1.0,1.0,26.0,122.0,1.0
43021,2023-11-28 13:00:00,524.93,389.0,62.0,1.0,0.0,33.0,122.0,1.0
43022,2023-11-28 14:00:00,523.69,390.0,65.0,1.0,0.0,36.0,120.0,1.0
43023,2023-11-28 15:00:00,515.72,389.0,65.0,1.0,0.0,45.0,120.0,1.0
43024,2023-11-28 16:00:00,525.16,390.0,66.0,1.0,0.0,35.0,119.0,1.0
43025,2023-11-28 17:00:00,531.52,394.0,64.0,1.0,0.0,29.0,120.0,1.0
43026,2023-11-28 18:00:00,528.26,403.0,63.0,1.0,0.0,37.0,120.0,1.0
43027,2023-11-28 19:00:00,523.61,398.0,64.0,1.0,0.0,40.0,120.0,1.0
43028,2023-11-28 20:00:00,517.69,373.0,48.0,1.0,0.0,42.0,118.0,1.0
43029,2023-11-28 21:00:00,517.62,382.0,35.0,1.0,0.0,52.0,116.0,1.0
43030,2023-11-28 22:00:00,499.65,364.0,34.0,1.0,0.0,63.0,117.0,1.0
43031,2023-11-28 23:00:00,491.7,323.0,34.0,1.0,0.0,51.0,116.0,1.0
43032,2023-11-29 00:00:00,475.48,288.0,34.0,1.0,0.0,52.0,112.0,1.0
43033,2023-11-29 01:00:00,478.04,306.0,34.0,1.0,0.0,61.0,111.0,1.0
43034,2023-11-29 02:00:00,489.95,335.0,36.0,1.0,0.0,60.0,115.0,1.0
43035,2023-11-29 03:00:00,497.49,355.0,37.0,1.0,0.0,61.0,116.0,1.0
43036,2023-11-29 04:00:00,513.94,392.0,35.0,1.0,1.0,54.0,122.0,1.0
43037,2023-11-29 05:00:00,551.0,510.0,35.0,1.0,0.0,57.0,124.0,1.0
43038,2023-11-29 06:00:00,583.07,618.0,37.0,1.0,1.0,48.0,124.0,1.0
43039,2023-11-29 07:00:00,602.64,637.0,37.0,1.0,3.0,38.0,110.0,1.0
43040,2023-11-29 08:00:00,607.4,646.0,39.0,1.0,3.0,29.0,114.0,1.0
43041,2023-11-29 09:00:00,610.89,645.0,39.0,1.0,3.0,21.0,117.0,1.0
43042,2023-11-29 10:00:00,615.93,644.0,39.0,1.0,3.0,15.0,116.0,1.0
43043,2023-11-29 11:00:00,615.92,632.0,37.0,1.0,2.0,14.0,116.0,1.0
43044,2023-11-29 12:00:00,620.63,669.0,40.0,1.0,1.0,15.0,117.0,1.0
43045,2023-11-29 13:00:00,622.13,670.0,38.0,1.0,0.0,17.0,115.0,1.0
43046,2023-11-29 14:00:00,626.53,679.0,38.0,1.0,0.0,16.0,112.0,1.0
43047,2023-11-29 15:00:00,623.08,644.0,38.0,1.0,0.0,14.0,111.0,1.0
43048,2023-11-29 16:00:00,618.54,618.0,38.0,1.0,0.0,14.0,111.0,1.0
43049,2023-11-29 17:00:00,618.83,624.0,38.0,1.0,0.0,13.0,113.0,1.0
43050,2023-11-29 18:00:00,618.04,637.0,38.0,1.0,0.0,15.0,115.0,1.0
43051,2023-11-29 19:00:00,615.43,625.0,37.0,1.0,0.0,15.0,116.0,1.0
43052,2023-11-29 20:00:00,594.27,558.0,36.0,1.0,0.0,26.0,115.0,1.0
43053,2023-11-29 21:00:00,543.36,440.0,36.0,1.0,0.0,56.0,107.0,1.0
43054,2023-11-29 22:00:00,538.68,480.0,36.0,1.0,0.0,80.0,105.0,1.0
43055,2023-11-29 23:00:00,517.2,454.0,36.0,1.0,0.0,97.0,105.0,1.0
43056,2023-11-30 00:00:00,521.73,465.0,36.0,1.0,0.0,96.0,105.0,1.0
43057,2023-11-30 01:00:00,498.31,476.0,51.0,1.0,0.0,130.0,106.0,1.0
43058,2023-11-30 02:00:00,472.91,472.0,54.0,1.0,0.0,164.0,110.0,1.0
43059,2023-11-30 03:00:00,486.55,548.0,55.0,1.0,0.0,178.0,116.0,1.0
43060,2023-11-30 04:00:00,508.48,633.0,56.0,1.0,0.0,182.0,115.0,1.0
43061,2023-11-30 05:00:00,508.06,640.0,57.0,1.0,0.0,184.0,117.0,1.0
43062,2023-11-30 06:00:00,512.95,660.0,61.0,1.0,1.0,183.0,116.0,1.0
43063,2023-11-30 07:00:00,519.23,659.0,65.0,1.0,1.0,168.0,117.0,1.0
43064,2023-11-30 08:00:00,544.45,683.0,67.0,1.0,2.0,129.0,117.0,1.0
43065,2023-11-30 09:00:00,565.0,688.0,68.0,1.0,3.0,93.0,117.0,1.0
43066,2023-11-30 10:00:00,573.05,697.0,66.0,1.0,3.0,82.0,118.0,1.0
43067,2023-11-30 11:00:00,575.72,659.0,67.0,1.0,2.0,67.0,117.0,1.0
43068,2023-11-30 12:00:00,583.88,664.0,69.0,1.0,1.0,56.0,117.0,1.0
43069,2023-11-30 13:00:00,591.27,671.0,68.0,1.0,0.0,50.0,115.0,1.0
43070,2023-11-30 14:00:00,592.32,674.0,66.0,1.0,0.0,51.0,114.0,1.0
43071,2023-11-30 15:00:00,590.04,664.0,65.0,1.0,0.0,53.0,113.0,1.0
43072,2023-11-30 16:00:00,596.77,658.0,63.0,1.0,1.0,45.0,109.0,1.0
43073,2023-11-30 17:00:00,595.18,659.0,62.0,1.0,0.0,44.0,114.0,1.0
43074,2023-11-30 18:00:00,593.97,649.0,62.0,1.0,0.0,40.0,117.0,1.0
43075,2023-11-30 19:00:00,600.09,656.0,62.0,1.0,0.0,32.0,118.0,1.0
43076,2023-11-30 20:00:00,551.32,421.0,62.0,1.0,0.0,32.0,106.0,1.0
43077,2023-11-30 21:00:00,549.24,394.0,62.0,1.0,0.0,27.0,103.0,1.0
43078,2023-11-30 22:00:00,556.53,395.0,61.0,1.0,0.0,24.0,99.0,1.0
43079,2023-11-30 23:00:00,569.28,434.0,64.0,1.0,0.0,22.0,100.0,1.0
43080,2023-12-01 00:00:00,578.92,463.0,66.0,1.0,0.0,19.0,101.0,1.0
43081,2023-12-01 01:00:00,573.81,437.0,67.0,1.0,0.0,17.0,100.0,1.0
43082,2023-12-01 02:00:00,567.94,415.0,67.0,1.0,0.0,16.0,100.0,1.0
43083,2023-12-01 03:00:00,571.12,426.0,65.0,1.0,0.0,17.0,100.0,1.0
43084,2023-12-01 04:00:00,583.35,467.0,64.0,1.0,0.0,17.0,100.0,1.0
43085,2023-12-01 05:00:00,609.77,587.0,65.0,1.0,0.0,16.0,102.0,1.0
43086,2023-12-01 06:00:00,611.92,618.0,67.0,1.0,0.0,17.0,105.0,1.0
43087,2023-12-01 07:00:00,600.7,628.0,69.0,1.0,1.0,36.0,102.0,1.0
43088,2023-12-01 08:00:00,592.64,643.0,68.0,1.0,2.0,53.0,100.0,1.0
43089,2023-12-01 09:00:00,596.17,648.0,66.0,1.0,3.0,49.0,100.0,1.0
43090,2023-12-01 10:00:00,592.27,634.0,68.0,1.0,3.0,49.0,101.0,1.0
43091,2023-12-01 11:00:00,594.48,627.0,65.0,1.0,2.0,46.0,101.0,1.0
43092,2023-12-01 12:00:00,598.47,633.0,65.0,1.0,1.0,42.0,102.0,1.0
43093,2023-12-01 13:00:00,604.21,637.0,65.0,1.0,0.0,38.0,100.0,1.0
43094,2023-12-01 14:00:00,605.4,635.0,62.0,1.0,0.0,40.0,97.0,1.0
43095,2023-12-01 15:00:00,606.29,628.0,62.0,1.0,0.0,37.0,97.0,1.0
43096,2023-12-01 16:00:00,608.84,633.0,64.0,1.0,0.0,35.0,96.0,1.0
43097,2023-12-01 17:00:00,612.94,627.0,64.0,1.0,0.0,28.0,96.0,1.0
43098,2023-12-01 18:00:00,609.39,632.0,64.0,1.0,0.0,30.0,100.0,1.0
43099,2023-12-01 19:00:00,576.18,475.0,63.0,1.0,0.0,29.0,99.0,1.0
43100,2023-12-01 20:00:00,514.42,287.0,61.0,1.0,0.0,26.0,93.0,1.0
43101,2023-12-01 21:00:00,489.0,229.0,62.0,1.0,0.0,24.0,87.0,1.0
43102,2023-12-01 22:00:00,489.26,233.0,62.0,1.0,0.0,23.0,90.0,1.0
43103,2023-12-01 23:00:00,503.72,264.0,62.0,1.0,0.0,20.0,97.0,1.0
43104,2023-12-02 00:00:00,511.91,274.0,61.0,1.0,0.0,18.0,97.0,1.0
43105,2023-12-02 01:00:00,515.55,275.0,62.0,1.0,0.0,14.0,98.0,1.0
43106,2023-12-02 02:00:00,516.14,277.0,60.0,1.0,0.0,12.0,101.0,1.0
43107,2023-12-02 03:00:00,513.32,276.0,60.0,1.0,0.0,14.0,101.0,1.0
43108,2023-12-02 04:00:00,503.11,258.0,60.0,1.0,0.0,15.0,100.0,1.0
43109,2023-12-02 05:00:00,522.96,297.0,64.0,1.0,0.0,11.0,104.0,1.0
43110,2023-12-02 06:00:00,555.32,378.0,61.0,1.0,0.0,15.0,103.0,1.0
43111,2023-12-02 07:00:00,535.45,319.0,61.0,1.0,1.0,14.0,99.0,1.0
43112,2023-12-02 08:00:00,552.18,366.0,63.0,1.0,1.0,15.0,100.0,1.0
43113,2023-12-02 09:00:00,565.63,397.0,62.0,1.0,2.0,11.0,101.0,1.0
43114,2023-12-02 10:00:00,568.58,394.0,62.0,1.0,2.0,8.0,100.0,1.0
43115,2023-12-02 11:00:00,563.38,378.0,61.0,1.0,1.0,9.0,100.0,1.0
43116,2023-12-02 12:00:00,558.99,365.0,60.0,1.0,1.0,8.0,101.0,1.0
43117,2023-12-02 13:00:00,560.68,364.0,63.0,1.0,0.0,10.0,97.0,1.0
43118,2023-12-02 14:00:00,562.26,373.0,62.0,1.0,0.0,14.0,95.0,1.0
43119,2023-12-02 15:00:00,553.25,359.0,64.0,1.0,1.0,16.0,95.0,1.0
43120,2023-12-02 16:00:00,538.82,320.0,62.0,1.0,0.0,16.0,95.0,1.0
43121,2023-12-02 17:00:00,542.54,316.0,62.0,1.0,0.0,12.0,94.0,1.0
43122,2023-12-02 18:00:00,545.21,333.0,63.0,1.0,0.0,10.0,100.0,1.0
43123,2023-12-02 19:00:00,541.37,334.0,63.0,1.0,0.0,11.0,103.0,1.0
43124,2023-12-02 20:00:00,513.42,283.0,61.0,1.0,0.0,13.0,105.0,1.0
43125,2023-12-02 21:00:00,499.95,271.0,62.0,1.0,0.0,17.0,107.0,1.0
43126,2023-12-02 22:00:00,501.28,270.0,63.0,1.0,0.0,14.0,108.0,1.0
43127,2023-12-02 23:00:00,501.24,268.0,63.0,1.0,0.0,12.0,109.0,1.0
43128,2023-12-03 00:00:00,501.17,264.0,63.0,1.0,0.0,15.0,104.0,1.0
43129,2023-12-03 01:00:00,501.09,261.0,65.0,1.0,0.0,17.0,100.0,1.0
43130,2023-12-03 02:00:00,511.21,275.0,65.0,1.0,0.0,17.0,98.0,1.0
43131,2023-12-03 03:00:00,521.92,294.0,66.0,1.0,0.0,14.0,100.0,1.0
43132,2023-12-03 04:00:00,525.03,307.0,66.0,1.0,0.0,13.0,104.0,1.0
43133,2023-12-03 05:00:00,529.44,321.0,66.0,1.0,1.0,14.0,104.0,1.0
43134,2023-12-03 06:00:00,536.81,325.0,65.0,1.0,0.0,15.0,99.0,1.0
43135,2023-12-03 07:00:00,553.47,381.0,67.0,1.0,1.0,18.0,100.0,1.0
43136,2023-12-03 08:00:00,584.45,528.0,67.0,1.0,2.0,23.0,108.0,1.0
43137,2023-12-03 09:00:00,590.53,532.0,66.0,1.0,2.0,19.0,106.0,1.0
43138,2023-12-03 10:00:00,582.1,519.0,73.0,1.0,3.0,23.0,105.0,1.0
43139,2023-12-03 11:00:00,578.06,510.0,82.0,1.0,3.0,22.0,105.0,1.0
43140,2023-12-03 12:00:00,588.16,516.0,64.0,1.0,1.0,19.0,106.0,1.0
43141,2023-12-03 13:00:00,589.74,510.0,65.0,1.0,0.0,21.0,101.0,1.0
43142,2023-12-03 14:00:00,592.21,500.0,63.0,1.0,0.0,19.0,98.0,1.0
43143,2023-12-03 15:00:00,594.92,504.0,63.0,1.0,0.0,15.0,100.0,1.0
43144,2023-12-03 16:00:00,599.64,525.0,61.0,1.0,1.0,13.0,102.0,1.0
43145,2023-12-03 17:00:00,603.06,522.0,59.0,1.0,0.0,10.0,102.0,1.0
43146,2023-12-03 18:00:00,583.34,442.0,57.0,1.0,0.0,11.0,101.0,1.0
43147,2023-12-03 19:00:00,565.54,382.0,56.0,1.0,0.0,12.0,99.0,1.0
43148,2023-12-03 20:00:00,564.84,381.0,57.0,1.0,0.0,13.0,98.0,1.0
43149,2023-12-03 21:00:00,564.76,375.0,57.0,1.0,0.0,12.0,97.0,1.0
43150,2023-12-03 22:00:00,560.66,377.0,59.0,1.0,0.0,16.0,97.0,1.0
43151,2023-12-03 23:00:00,571.88,417.0,60.0,1.0,0.0,16.0,99.0,1.0
43152,2023-12-04 00:00:00,568.66,407.0,60.0,1.0,0.0,18.0,97.0,1.0
43153,2023-12-04 01:00:00,577.07,435.0,61.0,1.0,0.0,16.0,99.0,1.0
43154,2023-12-04 02:00:00,581.78,450.0,60.0,1.0,0.0,15.0,100.0,1.0
43155,2023-12-04 03:00:00,583.82,466.0,59.0,1.0,0.0,15.0,103.0,1.0
43156,2023-12-04 04:00:00,605.54,563.0,58.0,1.0,0.0,15.0,105.0,1.0
43157,2023-12-04 05:00:00,632.47,710.0,58.0,1.0,1.0,10.0,107.0,1.0
43158,2023-12-04 06:00:00,637.68,747.0,60.0,1.0,0.0,11.0,106.0,1.0
43159,2023-12-04 07:00:00,636.06,743.0,59.0,1.0,1.0,13.0,105.0,1.0
43160,2023-12-04 08:00:00,632.92,743.0,58.0,1.0,3.0,13.0,108.0,1.0
43161,2023-12-04 09:00:00,633.59,763.0,58.0,1.0,4.0,17.0,106.0,1.0
43162,2023-12-04 10:00:00,639.3,758.0,57.0,1.0,4.0,10.0,104.0,1.0
43163,2023-12-04 11:00:00,636.62,748.0,57.0,1.0,3.0,10.0,107.0,1.0
43164,2023-12-04 12:00:00,635.54,740.0,57.0,1.0,1.0,10.0,109.0,1.0
43165,2023-12-04 13:00:00,635.99,739.0,55.0,1.0,0.0,14.0,106.0,1.0
43166,2023-12-04 14:00:00,635.71,748.0,53.0,1.0,0.0,17.0,106.0,1.0
43167,2023-12-04 15:00:00,635.02,756.0,52.0,1.0,1.0,19.0,106.0,1.0
43168,2023-12-04 16:00:00,633.78,759.0,53.0,1.0,0.0,21.0,107.0,1.0
43169,2023-12-04 17:00:00,627.78,738.0,52.0,1.0,0.0,25.0,108.0,1.0
43170,2023-12-04 18:00:00,629.56,735.0,49.0,1.0,0.0,24.0,107.0,1.0
43171,2023-12-04 19:00:00,597.91,550.0,50.0,1.0,0.0,25.0,104.0,1.0
43172,2023-12-04 20:00:00,583.83,475.0,50.0,1.0,0.0,24.0,100.0,1.0
43173,2023-12-04 21:00:00,580.36,458.0,49.0,1.0,0.0,24.0,99.0,1.0
43174,2023-12-04 22:00:00,578.65,450.0,50.0,1.0,0.0,26.0,96.0,1.0
43175,2023-12-04 23:00:00,589.5,491.0,51.0,1.0,0.0,21.0,101.0,1.0
43176,2023-12-05 00:00:00,598.45,496.0,52.0,1.0,0.0,13.0,100.0,1.0
43177,2023-12-05 01:00:00,595.63,486.0,53.0,1.0,0.0,12.0,101.0,1.0
43178,2023-12-05 02:00:00,592.8,482.0,53.0,1.0,0.0,13.0,102.0,1.0
43179,2023-12-05 03:00:00,601.55,537.0,53.0,1.0,0.0,16.0,104.0,1.0
43180,2023-12-05 04:00:00,629.68,708.0,52.0,1.0,0.0,19.0,105.0,1.0
43181,2023-12-05 05:00:00,629.44,718.0,53.0,1.0,0.0,20.0,106.0,1.0
43182,2023-12-05 06:00:00,632.82,756.0,55.0,1.0,1.0,20.0,107.0,1.0
43183,2023-12-05 07:00:00,632.84,769.0,54.0,1.0,1.0,22.0,108.0,1.0
43184,2023-12-05 08:00:00,626.11,735.0,54.0,1.0,3.0,22.0,109.0,1.0
43185,2023-12-05 09:00:00,628.74,738.0,51.0,1.0,4.0,20.0,108.0,1.0
43186,2023-12-05 10:00:00,628.75,742.0,53.0,1.0,5.0,20.0,107.0,1.0
43187,2023-12-05 11:00:00,624.24,726.0,56.0,1.0,4.0,22.0,108.0,1.0
43188,2023-12-05 12:00:00,626.26,752.0,55.0,1.0,1.0,23.0,113.0,1.0
43189,2023-12-05 13:00:00,623.81,746.0,56.0,1.0,0.0,29.0,110.0,1.0
43190,2023-12-05 14:00:00,621.59,747.0,55.0,1.0,0.0,34.0,109.0,1.0
43191,2023-12-05 15:00:00,623.36,750.0,50.0,1.0,0.0,35.0,108.0,1.0
43192,2023-12-05 16:00:00,617.9,745.0,53.0,1.0,0.0,40.0,109.0,1.0
43193,2023-12-05 17:00:00,605.5,727.0,50.0,1.0,0.0,55.0,110.0,1.0
43194,2023-12-05 18:00:00,594.06,715.0,31.0,1.0,0.0,75.0,112.0,1.0
43195,2023-12-05 19:00:00,557.12,542.0,31.0,1.0,0.0,79.0,107.0,1.0
43196,2023-12-05 20:00:00,540.8,496.0,32.0,1.0,0.0,85.0,105.0,1.0
43197,2023-12-05 21:00:00,544.74,510.0,33.0,0.0,0.0,84.0,107.0,1.0
43198,2023-12-05 22:00:00,542.77,513.0,42.0,0.0,0.0,84.0,108.0,1.0
43199,2023-12-05 23:00:00,531.81,489.0,49.0,0.0,0.0,89.0,106.0,1.0
43200,2023-12-06 00:00:00,532.6,504.0,50.0,0.0,0.0,96.0,104.0,1.0
43201,2023-12-06 01:00:00,525.29,493.0,52.0,0.0,0.0,102.0,103.0,1.0
43202,2023-12-06 02:00:00,526.05,497.0,51.0,0.0,0.0,100.0,106.0,1.0
43203,2023-12-06 03:00:00,541.7,533.0,50.0,0.0,0.0,94.0,105.0,1.0
43204,2023-12-06 04:00:00,555.81,588.0,51.0,0.0,0.0,94.0,105.0,1.0
43205,2023-12-06 05:00:00,587.02,694.0,50.0,0.0,0.0,78.0,108.0,1.0
43206,2023-12-06 06:00:00,606.4,727.0,49.0,0.0,0.0,58.0,107.0,1.0
43207,2023-12-06 07:00:00,604.79,743.0,48.0,0.0,1.0,64.0,107.0,1.0
43208,2023-12-06 08:00:00,601.06,746.0,50.0,0.0,2.0,67.0,109.0,1.0
43209,2023-12-06 09:00:00,603.6,744.0,51.0,0.0,4.0,59.0,110.0,1.0
43210,2023-12-06 10:00:00,610.36,725.0,50.0,0.0,4.0,47.0,107.0,1.0
43211,2023-12-06 11:00:00,615.05,751.0,50.0,0.0,3.0,43.0,111.0,1.0
43212,2023-12-06 12:00:00,614.48,716.0,49.0,0.0,1.0,38.0,111.0,1.0
43213,2023-12-06 13:00:00,620.68,714.0,50.0,0.0,0.0,31.0,109.0,1.0
43214,2023-12-06 14:00:00,628.98,751.0,47.0,0.0,0.0,29.0,108.0,1.0
43215,2023-12-06 15:00:00,623.61,748.0,48.0,0.0,0.0,36.0,108.0,1.0
43216,2023-12-06 16:00:00,612.75,751.0,49.0,0.0,0.0,52.0,109.0,1.0
43217,2023-12-06 17:00:00,610.25,761.0,50.0,0.0,0.0,57.0,110.0,1.0
43218,2023-12-06 18:00:00,610.98,756.0,49.0,0.0,0.0,53.0,112.0,1.0
43219,2023-12-06 19:00:00,563.14,520.0,49.0,0.0,0.0,56.0,109.0,1.0
43220,2023-12-06 20:00:00,520.48,399.0,44.0,0.0,0.0,63.0,108.0,1.0
43221,2023-12-06 21:00:00,509.34,387.0,46.0,0.0,0.0,70.0,108.0,1.0
43222,2023-12-06 22:00:00,495.97,379.0,43.0,0.0,0.0,83.0,108.0,1.0
43223,2023-12-06 23:00:00,504.18,387.0,47.0,0.0,0.0,75.0,109.0,1.0
43224,2023-12-07 00:00:00,506.98,386.0,51.0,0.0,0.0,72.0,107.0,1.0
43225,2023-12-07 01:00:00,496.44,383.0,53.0,0.0,0.0,83.0,107.0,1.0
43226,2023-12-07 02:00:00,480.19,359.0,54.0,0.0,0.0,89.0,108.0,1.0
43227,2023-12-07 03:00:00,477.21,361.0,54.0,0.0,0.0,96.0,106.0,1.0
43228,2023-12-07 04:00:00,474.29,358.0,54.0,0.0,0.0,97.0,107.0,1.0
43229,2023-12-07 05:00:00,493.11,414.0,53.0,0.0,0.0,103.0,108.0,1.0
43230,2023-12-07 06:00:00,501.13,449.0,50.0,0.0,0.0,110.0,109.0,1.0
43231,2023-12-07 07:00:00,509.29,460.0,46.0,0.0,1.0,104.0,109.0,1.0
43232,2023-12-07 08:00:00,534.21,497.0,46.0,0.0,2.0,85.0,109.0,1.0
43233,2023-12-07 09:00:00,551.97,523.0,49.0,1.0,4.0,66.0,110.0,1.0
43234,2023-12-07 10:00:00,565.85,575.0,50.0,1.0,4.0,64.0,111.0,1.0
43235,2023-12-07 11:00:00,568.67,579.0,51.0,1.0,3.0,62.0,111.0,1.0
43236,2023-12-07 12:00:00,560.87,567.0,48.0,0.0,1.0,73.0,111.0,1.0
43237,2023-12-07 13:00:00,534.22,473.0,52.0,1.0,0.0,75.0,108.0,1.0
43238,2023-12-07 14:00:00,557.26,605.0,54.0,1.0,0.0,93.0,108.0,1.0
43239,2023-12-07 15:00:00,534.05,589.0,53.0,0.0,0.0,124.0,109.0,1.0
43240,2023-12-07 16:00:00,500.64,536.0,53.0,1.0,0.0,155.0,108.0,1.0
43241,2023-12-07 17:00:00,485.55,493.0,54.0,0.0,0.0,161.0,105.0,1.0
43242,2023-12-07 18:00:00,465.29,456.0,54.0,0.0,0.0,176.0,102.0,1.0
43243,2023-12-07 19:00:00,468.22,470.0,53.0,1.0,0.0,177.0,104.0,1.0
43244,2023-12-07 20:00:00,464.49,424.0,54.0,1.0,0.0,153.0,105.0,1.0
43245,2023-12-07 21:00:00,447.96,405.0,54.0,0.0,0.0,168.0,105.0,1.0
43246,2023-12-07 22:00:00,441.54,396.0,55.0,1.0,0.0,171.0,105.0,1.0
43247,2023-12-07 23:00:00,476.31,429.0,57.0,1.0,0.0,133.0,109.0,1.0
43248,2023-12-08 00:00:00,489.49,432.0,57.0,0.0,0.0,117.0,108.0,1.0
43249,2023-12-08 01:00:00,486.73,419.0,56.0,0.0,0.0,118.0,104.0,1.0
43250,2023-12-08 02:00:00,490.05,419.0,53.0,1.0,0.0,109.0,108.0,1.0
43251,2023-12-08 03:00:00,489.17,419.0,54.0,1.0,0.0,112.0,106.0,1.0
43252,2023-12-08 04:00:00,501.23,430.0,54.0,0.0,0.0,101.0,107.0,1.0
43253,2023-12-08 05:00:00,530.77,504.0,52.0,0.0,0.0,91.0,111.0,1.0
43254,2023-12-08 06:00:00,537.0,510.0,51.0,1.0,0.0,84.0,111.0,1.0
43255,2023-12-08 07:00:00,539.26,499.0,52.0,1.0,1.0,74.0,112.0,1.0
43256,2023-12-08 08:00:00,549.97,514.0,53.0,0.0,1.0,70.0,108.0,1.0
43257,2023-12-08 09:00:00,571.41,605.0,53.0,0.0,3.0,65.0,113.0,1.0
43258,2023-12-08 10:00:00,578.5,590.0,53.0,1.0,3.0,53.0,109.0,1.0
43259,2023-12-08 11:00:00,586.81,603.0,54.0,1.0,3.0,44.0,110.0,1.0
43260,2023-12-08 12:00:00,589.06,578.0,53.0,0.0,1.0,39.0,108.0,1.0
43261,2023-12-08 13:00:00,588.67,584.0,51.0,1.0,0.0,42.0,108.0,1.0
43262,2023-12-08 14:00:00,581.23,561.0,51.0,1.0,0.0,49.0,104.0,1.0
43263,2023-12-08 15:00:00,581.94,611.0,52.0,1.0,0.0,57.0,110.0,1.0
43264,2023-12-08 16:00:00,585.58,643.0,53.0,1.0,0.0,60.0,111.0,1.0
43265,2023-12-08 17:00:00,567.39,563.0,55.0,1.0,0.0,63.0,108.0,1.0
43266,2023-12-08 18:00:00,534.26,440.0,52.0,1.0,0.0,69.0,100.0,1.0
43267,2023-12-08 19:00:00,519.99,395.0,50.0,1.0,0.0,66.0,101.0,1.0
43268,2023-12-08 20:00:00,504.67,365.0,48.0,0.0,0.0,70.0,102.0,1.0
43269,2023-12-08 21:00:00,519.89,387.0,48.0,0.0,0.0,62.0,103.0,1.0
43270,2023-12-08 22:00:00,509.89,365.0,48.0,0.0,0.0,65.0,101.0,1.0
43271,2023-12-08 23:00:00,547.79,472.0,49.0,0.0,0.0,58.0,109.0,1.0
43272,2023-12-09 00:00:00,560.67,510.0,51.0,0.0,0.0,53.0,111.0,1.0
43273,2023-12-09 01:00:00,565.88,512.0,51.0,0.0,0.0,46.0,112.0,1.0
43274,2023-12-09 02:00:00,558.71,465.0,52.0,0.0,0.0,41.0,109.0,1.0
43275,2023-12-09 03:00:00,545.31,403.0,52.0,0.0,0.0,40.0,102.0,1.0
43276,2023-12-09 04:00:00,545.93,403.0,53.0,0.0,0.0,39.0,102.0,1.0
43277,2023-12-09 05:00:00,562.84,460.0,53.0,0.0,0.0,37.0,106.0,1.0
43278,2023-12-09 06:00:00,577.54,517.0,51.0,0.0,0.0,35.0,110.0,1.0
43279,2023-12-09 07:00:00,579.33,522.0,52.0,0.0,0.0,34.0,110.0,1.0
43280,2023-12-09 08:00:00,582.67,529.0,52.0,0.0,2.0,29.0,111.0,1.0
43281,2023-12-09 09:00:00,583.01,525.0,53.0,0.0,2.0,28.0,110.0,1.0
43282,2023-12-09 10:00:00,588.8,533.0,51.0,0.0,3.0,25.0,108.0,1.0
43283,2023-12-09 11:00:00,581.86,526.0,55.0,0.0,2.0,31.0,108.0,1.0
43284,2023-12-09 12:00:00,576.82,525.0,55.0,0.0,1.0,39.0,107.0,1.0
43285,2023-12-09 13:00:00,569.29,534.0,54.0,0.0,0.0,54.0,106.0,1.0
43286,2023-12-09 14:00:00,564.24,532.0,54.0,0.0,0.0,60.0,106.0,1.0
43287,2023-12-09 15:00:00,560.64,524.0,54.0,1.0,0.0,58.0,109.0,1.0
43288,2023-12-09 16:00:00,557.87,523.0,55.0,1.0,0.0,60.0,110.0,1.0
43289,2023-12-09 17:00:00,554.94,524.0,56.0,1.0,0.0,63.0,111.0,1.0
43290,2023-12-09 18:00:00,550.63,526.0,55.0,1.0,0.0,69.0,112.0,1.0
43291,2023-12-09 19:00:00,550.93,535.0,55.0,1.0,0.0,71.0,113.0,1.0
43292,2023-12-09 20:00:00,554.7,515.0,53.0,1.0,0.0,60.0,112.0,1.0
43293,2023-12-09 21:00:00,552.25,508.0,55.0,1.0,0.0,59.0,113.0,1.0
43294,2023-12-09 22:00:00,551.35,511.0,56.0,1.0,0.0,61.0,113.0,1.0
43295,2023-12-09 23:00:00,550.84,518.0,54.0,1.0,0.0,64.0,114.0,1.0
43296,2023-12-10 00:00:00,548.99,527.0,54.0,1.0,0.0,72.0,112.0,1.0
43297,2023-12-10 01:00:00,549.98,528.0,54.0,0.0,0.0,72.0,112.0,1.0
43298,2023-12-10 02:00:00,549.84,531.0,52.0,0.0,0.0,70.0,116.0,1.0
43299,2023-12-10 03:00:00,540.78,504.0,55.0,0.0,0.0,75.0,112.0,1.0
43300,2023-12-10 04:00:00,534.52,492.0,54.0,0.0,0.0,82.0,109.0,1.0
43301,2023-12-10 05:00:00,541.21,503.0,55.0,0.0,0.0,77.0,109.0,1.0
43302,2023-12-10 06:00:00,554.84,511.0,54.0,0.0,1.0,62.0,108.0,1.0
43303,2023-12-10 07:00:00,559.71,528.0,53.0,0.0,1.0,59.0,111.0,1.0
43304,2023-12-10 08:00:00,566.51,530.0,52.0,0.0,2.0,49.0,112.0,1.0
43305,2023-12-10 09:00:00,572.09,533.0,54.0,0.0,3.0,41.0,112.0,1.0
43306,2023-12-10 10:00:00,580.13,534.0,54.0,0.0,3.0,34.0,109.0,1.0
43307,2023-12-10 11:00:00,583.3,534.0,54.0,0.0,2.0,31.0,109.0,1.0
43308,2023-12-10 12:00:00,585.47,533.0,54.0,0.0,1.0,30.0,108.0,1.0
43309,2023-12-10 13:00:00,582.33,530.0,54.0,0.0,0.0,35.0,107.0,1.0
43310,2023-12-10 14:00:00,580.79,527.0,54.0,0.0,0.0,37.0,106.0,1.0
43311,2023-12-10 15:00:00,577.56,530.0,54.0,0.0,0.0,42.0,106.0,1.0
43312,2023-12-10 16:00:00,576.71,514.0,54.0,0.0,0.0,43.0,101.0,1.0
43313,2023-12-10 17:00:00,570.32,519.0,53.0,0.0,0.0,46.0,108.0,1.0
43314,2023-12-10 18:00:00,564.15,522.0,53.0,1.0,0.0,51.0,111.0,1.0
43315,2023-12-10 19:00:00,565.44,525.0,54.0,1.0,0.0,49.0,112.0,1.0
43316,2023-12-10 20:00:00,558.57,521.0,56.0,1.0,0.0,56.0,112.0,1.0
43317,2023-12-10 21:00:00,552.35,480.0,56.0,1.0,0.0,51.0,110.0,1.0
43318,2023-12-10 22:00:00,545.46,444.0,55.0,1.0,0.0,50.0,106.0,1.0
43319,2023-12-10 23:00:00,555.25,489.0,55.0,1.0,0.0,52.0,109.0,1.0
43320,2023-12-11 00:00:00,556.68,504.0,57.0,1.0,0.0,57.0,107.0,1.0
43321,2023-12-11 01:00:00,553.33,494.0,56.0,1.0,0.0,59.0,106.0,1.0
43322,2023-12-11 02:00:00,544.18,473.0,52.0,1.0,0.0,63.0,107.0,1.0
43323,2023-12-11 03:00:00,547.61,491.0,57.0,1.0,0.0,63.0,108.0,1.0
43324,2023-12-11 04:00:00,546.17,493.0,56.0,1.0,1.0,67.0,106.0,1.0
43325,2023-12-11 05:00:00,558.24,529.0,57.0,0.0,0.0,63.0,109.0,1.0
43326,2023-12-11 06:00:00,553.41,530.0,57.0,0.0,1.0,68.0,110.0,1.0
43327,2023-12-11 07:00:00,547.77,538.0,57.0,0.0,1.0,78.0,111.0,1.0
43328,2023-12-11 08:00:00,548.22,544.0,56.0,0.0,2.0,78.0,112.0,1.0
43329,2023-12-11 09:00:00,544.11,539.0,56.0,0.0,2.0,83.0,111.0,1.0
43330,2023-12-11 10:00:00,553.68,548.0,55.0,0.0,3.0,72.0,111.0,1.0
43331,2023-12-11 11:00:00,554.8,546.0,54.0,0.0,2.0,73.0,109.0,1.0
43332,2023-12-11 12:00:00,554.09,546.0,51.0,0.0,1.0,77.0,108.0,1.0
43333,2023-12-11 13:00:00,553.67,548.0,52.0,0.0,0.0,80.0,107.0,1.0
43334,2023-12-11 14:00:00,545.51,546.0,52.0,0.0,0.0,90.0,108.0,1.0
43335,2023-12-11 15:00:00,541.63,545.0,53.0,0.0,0.0,93.0,110.0,1.0
43336,2023-12-11 16:00:00,539.77,539.0,54.0,0.0,0.0,91.0,112.0,1.0
43337,2023-12-11 17:00:00,542.76,540.0,54.0,0.0,0.0,86.0,113.0,1.0
43338,2023-12-11 18:00:00,549.3,542.0,55.0,0.0,0.0,77.0,113.0,1.0
43339,2023-12-11 19:00:00,552.36,535.0,55.0,0.0,0.0,69.0,114.0,1.0
43340,2023-12-11 20:00:00,546.43,499.0,56.0,1.0,0.0,66.0,110.0,1.0
43341,2023-12-11 21:00:00,549.54,502.0,56.0,1.0,0.0,64.0,109.0,1.0
43342,2023-12-11 22:00:00,547.1,497.0,57.0,1.0,0.0,65.0,109.0,1.0
43343,2023-12-11 23:00:00,545.96,488.0,57.0,1.0,0.0,64.0,108.0,1.0
43344,2023-12-12 00:00:00,549.8,509.0,57.0,1.0,0.0,66.0,109.0,1.0
43345,2023-12-12 01:00:00,552.56,518.0,56.0,1.0,0.0,64.0,111.0,1.0
43346,2023-12-12 02:00:00,559.78,546.0,57.0,1.0,0.0,60.0,115.0,1.0
43347,2023-12-12 03:00:00,564.65,552.0,58.0,1.0,0.0,57.0,113.0,1.0
43348,2023-12-12 04:00:00,568.79,560.0,58.0,1.0,0.0,53.0,114.0,1.0
43349,2023-12-12 05:00:00,585.74,621.0,59.0,1.0,0.0,48.0,114.0,1.0
43350,2023-12-12 06:00:00,589.19,654.0,58.0,1.0,1.0,51.0,115.0,1.0
43351,2023-12-12 07:00:00,588.65,659.0,56.0,1.0,1.0,55.0,114.0,1.0
43352,2023-12-12 08:00:00,584.77,646.0,56.0,0.0,1.0,58.0,114.0,1.0
43353,2023-12-12 09:00:00,586.01,651.0,55.0,0.0,2.0,55.0,116.0,1.0
43354,2023-12-12 10:00:00,591.09,653.0,55.0,0.0,2.0,51.0,113.0,1.0
43355,2023-12-12 11:00:00,593.93,655.0,56.0,0.0,2.0,47.0,113.0,1.0
43356,2023-12-12 12:00:00,593.06,642.0,55.0,0.0,1.0,46.0,113.0,1.0
43357,2023-12-12 13:00:00,602.17,661.0,55.0,0.0,0.0,41.0,111.0,1.0
43358,2023-12-12 14:00:00,603.22,663.0,55.0,0.0,0.0,40.0,111.0,1.0
43359,2023-12-12 15:00:00,603.65,660.0,54.0,0.0,0.0,37.0,113.0,1.0
43360,2023-12-12 16:00:00,605.64,657.0,55.0,0.0,0.0,32.0,114.0,1.0
43361,2023-12-12 17:00:00,605.53,654.0,56.0,0.0,0.0,30.0,115.0,1.0
43362,2023-12-12 18:00:00,606.22,639.0,54.0,0.0,0.0,28.0,113.0,1.0
43363,2023-12-12 19:00:00,611.92,662.0,56.0,0.0,0.0,23.0,115.0,1.0
43364,2023-12-12 20:00:00,601.7,602.0,58.0,0.0,0.0,23.0,113.0,1.0
43365,2023-12-12 21:00:00,597.3,574.0,56.0,0.0,0.0,24.0,111.0,1.0
43366,2023-12-12 22:00:00,589.02,530.0,56.0,0.0,0.0,24.0,109.0,1.0
43367,2023-12-12 23:00:00,592.94,542.0,55.0,0.0,0.0,22.0,110.0,1.0
43368,2023-12-13 00:00:00,597.62,569.0,54.0,1.0,0.0,24.0,109.0,1.0
43369,2023-12-13 01:00:00,573.18,446.0,49.0,1.0,0.0,24.0,103.0,1.0
43370,2023-12-13 02:00:00,570.72,451.0,50.0,1.0,0.0,23.0,108.0,1.0
43371,2023-12-13 03:00:00,597.39,566.0,50.0,1.0,0.0,21.0,113.0,1.0
43372,2023-12-13 04:00:00,602.34,582.0,50.0,1.0,0.0,18.0,114.0,1.0
43373,2023-12-13 05:00:00,608.47,650.0,48.0,1.0,0.0,27.0,115.0,1.0
43374,2023-12-13 06:00:00,606.87,661.0,48.0,1.0,0.0,31.0,116.0,1.0
43375,2023-12-13 07:00:00,613.33,662.0,46.0,0.0,0.0,25.0,115.0,1.0
43376,2023-12-13 08:00:00,604.99,658.0,40.0,0.0,1.0,38.0,114.0,1.0
43377,2023-12-13 09:00:00,612.26,662.0,27.0,0.0,3.0,32.0,114.0,1.0
43378,2023-12-13 10:00:00,620.24,661.0,22.0,0.0,3.0,25.0,112.0,1.0
43379,2023-12-13 11:00:00,624.26,667.0,22.0,0.0,2.0,22.0,112.0,1.0
43380,2023-12-13 12:00:00,631.78,674.0,21.0,0.0,1.0,17.0,110.0,1.0
43381,2023-12-13 13:00:00,629.78,679.0,25.0,0.0,0.0,20.0,110.0,1.0
43382,2023-12-13 14:00:00,624.78,663.0,28.0,0.0,0.0,22.0,110.0,1.0
43383,2023-12-13 15:00:00,623.71,673.0,27.0,1.0,0.0,23.0,112.0,1.0
43384,2023-12-13 16:00:00,623.48,678.0,28.0,1.0,0.0,24.0,112.0,1.0
43385,2023-12-13 17:00:00,621.4,669.0,30.0,1.0,0.0,22.0,114.0,1.0
43386,2023-12-13 18:00:00,618.77,671.0,40.0,1.0,0.0,22.0,114.0,1.0
43387,2023-12-13 19:00:00,610.26,621.0,44.0,1.0,0.0,20.0,114.0,1.0
43388,2023-12-13 20:00:00,605.99,580.0,42.0,1.0,0.0,16.0,114.0,1.0
43389,2023-12-13 21:00:00,609.63,580.0,28.0,1.0,0.0,17.0,114.0,1.0
43390,2023-12-13 22:00:00,604.27,539.0,28.0,1.0,0.0,15.0,112.0,1.0
43391,2023-12-13 23:00:00,597.46,486.0,32.0,1.0,0.0,12.0,107.0,1.0
43392,2023-12-14 00:00:00,586.0,420.0,29.0,1.0,0.0,11.0,102.0,1.0
43393,2023-12-14 01:00:00,582.24,417.0,31.0,1.0,0.0,12.0,103.0,1.0
43394,2023-12-14 02:00:00,589.92,453.0,23.0,1.0,0.0,11.0,110.0,1.0
43395,2023-12-14 03:00:00,613.05,569.0,21.0,1.0,0.0,12.0,115.0,1.0
43396,2023-12-14 04:00:00,615.73,596.0,24.0,1.0,0.0,13.0,116.0,1.0
43397,2023-12-14 05:00:00,626.39,657.0,27.0,0.0,0.0,11.0,118.0,1.0
43398,2023-12-14 06:00:00,624.05,655.0,31.0,0.0,0.0,14.0,116.0,1.0
43399,2023-12-14 07:00:00,622.67,645.0,30.0,0.0,0.0,14.0,116.0,1.0
43400,2023-12-14 08:00:00,624.52,656.0,30.0,0.0,1.0,12.0,117.0,1.0
43401,2023-12-14 09:00:00,625.97,661.0,28.0,0.0,2.0,11.0,117.0,1.0
43402,2023-12-14 10:00:00,627.22,664.0,28.0,0.0,2.0,12.0,115.0,1.0
43403,2023-12-14 11:00:00,630.54,655.0,30.0,0.0,2.0,7.0,113.0,1.0
43404,2023-12-14 12:00:00,630.96,643.0,30.0,0.0,1.0,7.0,111.0,1.0
43405,2023-12-14 13:00:00,634.67,647.0,28.0,0.0,0.0,7.0,109.0,1.0
43406,2023-12-14 14:00:00,635.3,654.0,27.0,0.0,1.0,6.0,110.0,1.0
43407,2023-12-14 15:00:00,631.17,650.0,28.0,0.0,0.0,8.0,113.0,1.0
43408,2023-12-14 16:00:00,623.87,619.0,27.0,0.0,0.0,8.0,116.0,1.0
43409,2023-12-14 17:00:00,623.77,623.0,27.0,0.0,0.0,9.0,116.0,1.0
43410,2023-12-14 18:00:00,623.31,614.0,26.0,1.0,0.0,7.0,116.0,1.0
43411,2023-12-14 19:00:00,617.48,587.0,26.0,1.0,0.0,7.0,117.0,1.0
43412,2023-12-14 20:00:00,612.58,579.0,31.0,1.0,0.0,9.0,117.0,1.0
43413,2023-12-14 21:00:00,606.59,568.0,40.0,1.0,0.0,10.0,117.0,1.0
43414,2023-12-14 22:00:00,600.48,545.0,41.0,1.0,0.0,12.0,116.0,1.0
43415,2023-12-14 23:00:00,602.83,561.0,42.0,1.0,0.0,13.0,116.0,1.0
43416,2023-12-15 00:00:00,599.62,546.0,47.0,1.0,0.0,13.0,114.0,1.0
43417,2023-12-15 01:00:00,600.06,542.0,35.0,1.0,0.0,16.0,114.0,1.0
43418,2023-12-15 02:00:00,577.6,459.0,36.0,1.0,0.0,21.0,110.0,1.0
43419,2023-12-15 03:00:00,590.01,566.0,35.0,1.0,0.0,35.0,114.0,1.0
43420,2023-12-15 04:00:00,587.64,574.0,36.0,1.0,1.0,39.0,114.0,1.0
43421,2023-12-15 05:00:00,600.81,660.0,36.0,1.0,0.0,43.0,117.0,1.0
43422,2023-12-15 06:00:00,601.88,662.0,36.0,1.0,1.0,41.0,117.0,1.0
43423,2023-12-15 07:00:00,607.43,651.0,37.0,1.0,1.0,30.0,117.0,1.0
43424,2023-12-15 08:00:00,606.5,631.0,35.0,1.0,1.0,27.0,117.0,1.0
43425,2023-12-15 09:00:00,607.06,630.0,35.0,0.0,2.0,27.0,116.0,1.0
43426,2023-12-15 10:00:00,607.25,631.0,35.0,0.0,2.0,30.0,113.0,1.0
43427,2023-12-15 11:00:00,604.44,628.0,35.0,0.0,2.0,33.0,113.0,1.0
43428,2023-12-15 12:00:00,614.52,642.0,35.0,0.0,1.0,24.0,113.0,1.0
43429,2023-12-15 13:00:00,616.59,671.0,35.0,0.0,0.0,31.0,111.0,1.0
43430,2023-12-15 14:00:00,618.27,668.0,35.0,0.0,1.0,29.0,109.0,1.0
43431,2023-12-15 15:00:00,618.4,660.0,35.0,0.0,0.0,27.0,110.0,1.0
43432,2023-12-15 16:00:00,604.57,609.0,40.0,0.0,0.0,28.0,113.0,1.0
43433,2023-12-15 17:00:00,577.88,572.0,48.0,0.0,0.0,48.0,115.0,1.0
43434,2023-12-15 18:00:00,554.81,501.0,49.0,0.0,0.0,56.0,113.0,1.0
43435,2023-12-15 19:00:00,553.89,487.0,55.0,0.0,0.0,52.0,111.0,1.0
43436,2023-12-15 20:00:00,527.6,391.0,58.0,0.0,0.0,45.0,110.0,1.0
43437,2023-12-15 21:00:00,485.89,322.0,58.0,1.0,0.0,58.0,109.0,1.0
43438,2023-12-15 22:00:00,479.02,315.0,57.0,1.0,0.0,64.0,107.0,1.0
43439,2023-12-15 23:00:00,481.18,311.0,58.0,1.0,0.0,59.0,107.0,1.0
43440,2023-12-16 00:00:00,474.99,311.0,58.0,1.0,0.0,67.0,106.0,1.0
43441,2023-12-16 01:00:00,461.75,311.0,61.0,1.0,0.0,82.0,106.0,1.0
43442,2023-12-16 02:00:00,471.49,312.0,61.0,1.0,0.0,67.0,110.0,1.0
43443,2023-12-16 03:00:00,483.64,310.0,61.0,1.0,0.0,55.0,107.0,1.0
43444,2023-12-16 04:00:00,485.45,310.0,61.0,1.0,0.0,55.0,105.0,1.0
43445,2023-12-16 05:00:00,480.73,319.0,63.0,1.0,0.0,64.0,106.0,1.0
43446,2023-12-16 06:00:00,470.01,313.0,58.0,1.0,0.0,75.0,105.0,1.0
43447,2023-12-16 07:00:00,476.94,311.0,57.0,1.0,0.0,66.0,105.0,1.0
43448,2023-12-16 08:00:00,477.19,313.0,61.0,0.0,2.0,65.0,105.0,1.0
43449,2023-12-16 09:00:00,475.25,328.0,62.0,0.0,3.0,72.0,108.0,1.0
43450,2023-12-16 10:00:00,475.21,332.0,64.0,0.0,3.0,76.0,106.0,1.0
43451,2023-12-16 11:00:00,453.46,320.0,63.0,0.0,3.0,97.0,105.0,1.0
43452,2023-12-16 12:00:00,449.38,319.0,61.0,0.0,1.0,107.0,102.0,1.0
43453,2023-12-16 13:00:00,429.8,323.0,61.0,0.0,0.0,139.0,101.0,1.0
43454,2023-12-16 14:00:00,406.42,322.0,62.0,0.0,0.0,175.0,100.0,1.0
43455,2023-12-16 15:00:00,389.91,321.0,62.0,0.0,0.0,201.0,101.0,1.0
43456,2023-12-16 16:00:00,365.58,313.0,61.0,0.0,0.0,237.0,102.0,1.0
43457,2023-12-16 17:00:00,349.27,311.0,61.0,0.0,0.0,266.0,104.0,1.0
43458,2023-12-16 18:00:00,346.71,313.0,63.0,0.0,0.0,280.0,98.0,1.0
43459,2023-12-16 19:00:00,333.84,313.0,62.0,0.0,0.0,307.0,100.0,1.0
43460,2023-12-16 20:00:00,333.41,313.0,62.0,0.0,0.0,310.0,98.0,1.0
43461,2023-12-16 21:00:00,328.67,312.0,62.0,0.0,0.0,315.0,103.0,1.0
43462,2023-12-16 22:00:00,324.61,311.0,65.0,0.0,0.0,319.0,108.0,1.0
43463,2023-12-16 23:00:00,346.25,312.0,66.0,1.0,0.0,277.0,100.0,1.0
43464,2023-12-17 00:00:00,330.23,310.0,65.0,1.0,0.0,319.0,92.0,1.0
43465,2023-12-17 01:00:00,334.43,310.0,64.0,1.0,0.0,312.0,89.0,1.0
43466,2023-12-17 02:00:00,365.01,311.0,65.0,1.0,0.0,250.0,87.0,1.0
43467,2023-12-17 03:00:00,382.1,313.0,65.0,1.0,0.0,220.0,87.0,1.0
43468,2023-12-17 04:00:00,374.48,313.0,63.0,1.0,0.0,233.0,88.0,1.0
43469,2023-12-17 05:00:00,342.72,314.0,63.0,1.0,0.0,299.0,88.0,1.0
43470,2023-12-17 06:00:00,342.18,313.0,63.0,1.0,0.0,300.0,87.0,1.0
43471,2023-12-17 07:00:00,341.01,311.0,61.0,1.0,13.0,288.0,86.0,1.0
43472,2023-12-17 08:00:00,331.85,311.0,61.0,1.0,63.0,261.0,84.0,1.0
43473,2023-12-17 09:00:00,332.68,314.0,62.0,1.0,102.0,224.0,84.0,1.0
43474,2023-12-17 10:00:00,348.15,314.0,62.0,1.0,90.0,196.0,89.0,1.0
43475,2023-12-17 11:00:00,383.83,314.0,62.0,1.0,48.0,161.0,96.0,1.0
43476,2023-12-17 12:00:00,408.37,313.0,63.0,1.0,16.0,148.0,99.0,1.0
43477,2023-12-17 13:00:00,421.77,313.0,60.0,1.0,2.0,143.0,98.0,1.0
43478,2023-12-17 14:00:00,371.61,237.0,59.0,1.0,1.0,151.0,95.0,1.0
43479,2023-12-17 15:00:00,382.02,244.0,61.0,1.0,0.0,146.0,93.0,1.0
43480,2023-12-17 16:00:00,384.05,248.0,62.0,1.0,0.0,146.0,94.0,1.0
43481,2023-12-17 17:00:00,410.46,258.0,62.0,1.0,0.0,131.0,82.0,1.0
43482,2023-12-17 18:00:00,419.1,249.0,59.0,0.0,0.0,120.0,76.0,1.0
43483,2023-12-17 19:00:00,397.96,236.0,59.0,0.0,0.0,138.0,73.0,1.0
43484,2023-12-17 20:00:00,413.57,229.0,59.0,0.0,0.0,117.0,69.0,1.0
43485,2023-12-17 21:00:00,440.86,230.0,61.0,0.0,0.0,89.0,68.0,1.0
43486,2023-12-17 22:00:00,440.4,239.0,61.0,0.0,0.0,96.0,68.0,1.0
43487,2023-12-17 23:00:00,445.16,263.0,61.0,0.0,0.0,104.0,72.0,1.0
43488,2023-12-18 00:00:00,431.66,264.0,57.0,0.0,0.0,115.0,78.0,1.0
43489,2023-12-18 01:00:00,446.35,305.0,62.0,1.0,0.0,119.0,84.0,1.0
43490,2023-12-18 02:00:00,451.17,311.0,62.0,1.0,0.0,113.0,88.0,1.0
43491,2023-12-18 03:00:00,476.91,392.0,62.0,1.0,0.0,122.0,96.0,1.0
43492,2023-12-18 04:00:00,476.61,387.0,64.0,1.0,0.0,122.0,93.0,1.0
43493,2023-12-18 05:00:00,470.95,398.0,63.0,1.0,0.0,128.0,102.0,1.0
43494,2023-12-18 06:00:00,480.05,451.0,62.0,1.0,0.0,140.0,108.0,1.0
43495,2023-12-18 07:00:00,474.91,443.0,64.0,1.0,3.0,143.0,105.0,1.0
43496,2023-12-18 08:00:00,476.96,479.0,60.0,1.0,11.0,152.0,107.0,1.0
43497,2023-12-18 09:00:00,459.14,474.0,61.0,1.0,18.0,174.0,106.0,1.0
43498,2023-12-18 10:00:00,444.67,450.0,62.0,1.0,19.0,188.0,101.0,1.0
43499,2023-12-18 11:00:00,428.02,383.0,62.0,1.0,15.0,186.0,87.0,1.0
43500,2023-12-18 12:00:00,469.06,458.0,63.0,1.0,7.0,179.0,84.0,1.0
43501,2023-12-18 13:00:00,511.79,477.0,63.0,1.0,1.0,129.0,83.0,1.0
43502,2023-12-18 14:00:00,531.09,478.0,63.0,1.0,1.0,102.0,83.0,1.0
43503,2023-12-18 15:00:00,533.42,469.0,63.0,1.0,0.0,98.0,81.0,1.0
43504,2023-12-18 16:00:00,531.94,466.0,62.0,1.0,0.0,98.0,82.0,1.0
43505,2023-12-18 17:00:00,513.14,387.0,62.0,1.0,0.0,87.0,81.0,1.0
43506,2023-12-18 18:00:00,485.87,352.0,62.0,1.0,0.0,102.0,81.0,1.0
43507,2023-12-18 19:00:00,451.82,343.0,62.0,1.0,0.0,132.0,90.0,1.0
43508,2023-12-18 20:00:00,418.69,323.0,66.0,1.0,0.0,164.0,91.0,1.0
43509,2023-12-18 21:00:00,404.74,317.0,66.0,1.0,0.0,176.0,96.0,1.0
43510,2023-12-18 22:00:00,379.33,305.0,65.0,1.0,0.0,207.0,97.0,1.0
43511,2023-12-18 23:00:00,351.96,276.0,66.0,1.0,0.0,233.0,90.0,1.0
43512,2023-12-19 00:00:00,368.38,272.0,63.0,1.0,0.0,211.0,78.0,1.0
43513,2023-12-19 01:00:00,347.36,273.0,62.0,1.0,0.0,254.0,74.0,1.0
43514,2023-12-19 02:00:00,328.38,274.0,64.0,1.0,0.0,297.0,71.0,1.0
43515,2023-12-19 03:00:00,323.58,275.0,65.0,1.0,0.0,308.0,72.0,1.0
43516,2023-12-19 04:00:00,313.95,277.0,65.0,1.0,0.0,334.0,71.0,1.0
43517,2023-12-19 05:00:00,309.87,276.0,63.0,1.0,0.0,336.0,77.0,1.0
43518,2023-12-19 06:00:00,301.97,278.0,64.0,1.0,0.0,352.0,84.0,1.0
43519,2023-12-19 07:00:00,302.18,278.0,62.0,1.0,2.0,348.0,85.0,1.0
43520,2023-12-19 08:00:00,299.3,278.0,60.0,1.0,7.0,353.0,82.0,1.0
43521,2023-12-19 09:00:00,300.63,278.0,62.0,1.0,20.0,340.0,79.0,1.0
43522,2023-12-19 10:00:00,286.15,277.0,59.0,1.0,40.0,355.0,81.0,1.0
43523,2023-12-19 11:00:00,283.7,278.0,60.0,1.0,39.0,356.0,90.0,1.0
43524,2023-12-19 12:00:00,304.08,277.0,59.0,1.0,17.0,324.0,87.0,1.0
43525,2023-12-19 13:00:00,304.51,276.0,57.0,1.0,3.0,336.0,86.0,1.0
43526,2023-12-19 14:00:00,321.19,296.0,58.0,1.0,1.0,327.0,85.0,1.0
43527,2023-12-19 15:00:00,321.72,277.0,59.0,1.0,1.0,301.0,84.0,1.0
43528,2023-12-19 16:00:00,343.89,285.0,59.0,1.0,0.0,264.0,85.0,1.0
43529,2023-12-19 17:00:00,344.56,277.0,59.0,1.0,0.0,262.0,76.0,1.0
43530,2023-12-19 18:00:00,346.03,277.0,57.0,1.0,0.0,261.0,74.0,1.0
43531,2023-12-19 19:00:00,337.7,278.0,59.0,1.0,0.0,282.0,71.0,1.0
43532,2023-12-19 20:00:00,335.09,277.0,58.0,1.0,0.0,287.0,70.0,1.0
43533,2023-12-19 21:00:00,320.39,277.0,59.0,1.0,0.0,315.0,74.0,1.0
43534,2023-12-19 22:00:00,314.84,275.0,59.0,1.0,0.0,320.0,79.0,1.0
43535,2023-12-19 23:00:00,319.95,277.0,59.0,1.0,0.0,311.0,79.0,1.0
43536,2023-12-20 00:00:00,321.33,275.0,58.0,1.0,0.0,305.0,79.0,1.0
43537,2023-12-20 01:00:00,316.75,274.0,58.0,1.0,0.0,310.0,83.0,1.0
43538,2023-12-20 02:00:00,316.37,276.0,60.0,1.0,0.0,311.0,86.0,1.0
43539,2023-12-20 03:00:00,322.68,277.0,60.0,1.0,0.0,295.0,89.0,1.0
43540,2023-12-20 04:00:00,326.83,278.0,59.0,1.0,0.0,286.0,90.0,1.0
43541,2023-12-20 05:00:00,378.51,356.0,59.0,1.0,0.0,263.0,94.0,1.0
43542,2023-12-20 06:00:00,413.45,427.0,60.0,1.0,1.0,255.0,95.0,1.0
43543,2023-12-20 07:00:00,416.66,442.0,59.0,1.0,13.0,250.0,94.0,1.0
43544,2023-12-20 08:00:00,396.74,444.0,59.0,1.0,66.0,242.0,94.0,1.0
43545,2023-12-20 09:00:00,390.29,444.0,59.0,1.0,119.0,204.0,94.0,1.0
43546,2023-12-20 10:00:00,419.61,447.0,59.0,1.0,108.0,154.0,93.0,1.0
43547,2023-12-20 11:00:00,460.36,447.0,57.0,1.0,55.0,132.0,92.0,1.0
43548,2023-12-20 12:00:00,494.32,445.0,57.0,1.0,21.0,113.0,90.0,1.0
43549,2023-12-20 13:00:00,509.51,447.0,58.0,1.0,3.0,109.0,91.0,1.0
43550,2023-12-20 14:00:00,521.79,447.0,59.0,1.0,1.0,94.0,91.0,1.0
43551,2023-12-20 15:00:00,525.21,445.0,61.0,1.0,0.0,88.0,92.0,1.0
43552,2023-12-20 16:00:00,500.48,376.0,58.0,1.0,0.0,89.0,90.0,1.0
43553,2023-12-20 17:00:00,472.82,325.0,58.0,1.0,0.0,95.0,89.0,1.0
43554,2023-12-20 18:00:00,456.65,288.0,61.0,1.0,0.0,89.0,90.0,1.0
43555,2023-12-20 19:00:00,452.16,280.0,60.0,1.0,0.0,87.0,92.0,1.0
43556,2023-12-20 20:00:00,462.77,274.0,61.0,1.0,0.0,71.0,92.0,1.0
43557,2023-12-20 21:00:00,483.83,274.0,62.0,1.0,0.0,49.0,92.0,1.0
43558,2023-12-20 22:00:00,486.06,273.0,63.0,1.0,0.0,46.0,92.0,1.0
43559,2023-12-20 23:00:00,491.22,273.0,63.0,1.0,0.0,49.0,84.0,1.0
43560,2023-12-21 00:00:00,507.38,273.0,63.0,1.0,0.0,37.0,81.0,1.0
43561,2023-12-21 01:00:00,501.62,275.0,64.0,1.0,0.0,43.0,81.0,1.0
43562,2023-12-21 02:00:00,502.44,274.0,63.0,1.0,0.0,36.0,87.0,1.0
43563,2023-12-21 03:00:00,509.03,276.0,63.0,1.0,0.0,32.0,86.0,1.0
43564,2023-12-21 04:00:00,511.77,279.0,63.0,1.0,0.0,27.0,90.0,1.0
43565,2023-12-21 05:00:00,525.82,348.0,61.0,1.0,0.0,39.0,97.0,1.0
43566,2023-12-21 06:00:00,536.92,408.0,63.0,1.0,0.0,51.0,98.0,1.0
43567,2023-12-21 07:00:00,519.78,393.0,65.0,1.0,2.0,64.0,96.0,1.0
43568,2023-12-21 08:00:00,495.22,354.0,65.0,1.0,9.0,68.0,95.0,1.0
43569,2023-12-21 09:00:00,485.13,345.0,66.0,1.0,21.0,62.0,96.0,1.0
43570,2023-12-21 10:00:00,474.54,338.0,66.0,1.0,26.0,70.0,92.0,1.0
43571,2023-12-21 11:00:00,485.39,365.0,66.0,1.0,17.0,82.0,91.0,1.0
43572,2023-12-21 12:00:00,497.7,380.0,64.0,1.0,9.0,85.0,89.0,1.0
43573,2023-12-21 13:00:00,487.17,370.0,64.0,1.0,2.0,101.0,88.0,1.0
43574,2023-12-21 14:00:00,477.61,367.0,63.0,1.0,1.0,113.0,88.0,1.0
43575,2023-12-21 15:00:00,483.81,397.0,63.0,1.0,0.0,122.0,89.0,1.0
43576,2023-12-21 16:00:00,452.96,333.0,60.0,1.0,0.0,127.0,87.0,1.0
43577,2023-12-21 17:00:00,419.65,276.0,61.0,1.0,0.0,138.0,78.0,1.0
43578,2023-12-21 18:00:00,416.22,285.0,61.0,1.0,0.0,155.0,73.0,1.0
43579,2023-12-21 19:00:00,396.69,279.0,59.0,1.0,0.0,181.0,70.0,1.0
43580,2023-12-21 20:00:00,385.37,292.0,59.0,1.0,0.0,212.0,69.0,1.0
43581,2023-12-21 21:00:00,353.81,275.0,58.0,1.0,0.0,245.0,73.0,1.0
43582,2023-12-21 22:00:00,337.01,276.0,60.0,1.0,0.0,275.0,77.0,1.0
43583,2023-12-21 23:00:00,328.18,277.0,61.0,1.0,0.0,297.0,75.0,1.0
43584,2023-12-22 00:00:00,320.59,267.0,60.0,1.0,0.0,300.0,75.0,1.0
43585,2023-12-22 01:00:00,331.72,273.0,59.0,1.0,0.0,282.0,77.0,1.0
43586,2023-12-22 02:00:00,345.62,273.0,57.0,1.0,0.0,254.0,77.0,1.0
43587,2023-12-22 03:00:00,353.13,273.0,59.0,1.0,0.0,240.0,77.0,1.0
43588,2023-12-22 04:00:00,359.93,276.0,58.0,1.0,0.0,232.0,76.0,1.0
43589,2023-12-22 05:00:00,380.6,284.0,58.0,1.0,0.0,207.0,74.0,1.0
43590,2023-12-22 06:00:00,388.8,279.0,59.0,1.0,0.0,186.0,77.0,1.0
43591,2023-12-22 07:00:00,398.7,280.0,58.0,1.0,1.0,169.0,79.0,1.0
43592,2023-12-22 08:00:00,399.26,281.0,59.0,1.0,8.0,159.0,82.0,1.0
43593,2023-12-22 09:00:00,410.32,295.0,59.0,1.0,20.0,142.0,83.0,1.0
43594,2023-12-22 10:00:00,416.97,298.0,58.0,1.0,23.0,129.0,86.0,1.0
43595,2023-12-22 11:00:00,426.82,290.0,58.0,1.0,19.0,108.0,91.0,1.0
43596,2023-12-22 12:00:00,429.16,289.0,59.0,1.0,9.0,116.0,89.0,1.0
43597,2023-12-22 13:00:00,408.31,258.0,60.0,1.0,1.0,136.0,79.0,1.0
43598,2023-12-22 14:00:00,421.34,271.0,59.0,1.0,1.0,130.0,79.0,1.0
43599,2023-12-22 15:00:00,410.95,269.0,59.0,1.0,0.0,143.0,79.0,1.0
43600,2023-12-22 16:00:00,411.13,272.0,62.0,1.0,0.0,145.0,79.0,1.0
43601,2023-12-22 17:00:00,415.63,284.0,61.0,1.0,0.0,154.0,74.0,1.0
43602,2023-12-22 18:00:00,431.72,281.0,63.0,1.0,0.0,135.0,69.0,1.0
43603,2023-12-22 19:00:00,443.43,271.0,65.0,1.0,0.0,116.0,66.0,1.0
43604,2023-12-22 20:00:00,455.72,292.0,65.0,1.0,0.0,117.0,65.0,1.0
43605,2023-12-22 21:00:00,421.59,246.0,64.0,1.0,0.0,120.0,69.0,1.0
43606,2023-12-22 22:00:00,380.68,192.0,65.0,1.0,0.0,116.0,73.0,1.0
43607,2023-12-22 23:00:00,339.94,142.0,66.0,1.0,0.0,112.0,69.0,1.0
43608,2023-12-23 00:00:00,332.05,131.0,65.0,1.0,0.0,109.0,67.0,1.0
43609,2023-12-23 01:00:00,341.55,128.0,66.0,1.0,0.0,96.0,66.0,1.0
43610,2023-12-23 02:00:00,363.89,139.0,66.0,1.0,0.0,86.0,66.0,1.0
43611,2023-12-23 03:00:00,365.99,140.0,65.0,1.0,0.0,84.0,67.0,1.0
43612,2023-12-23 04:00:00,379.81,142.0,64.0,1.0,0.0,72.0,68.0,1.0
43613,2023-12-23 05:00:00,383.15,142.0,63.0,1.0,0.0,69.0,68.0,1.0
43614,2023-12-23 06:00:00,397.88,145.0,63.0,1.0,0.0,61.0,66.0,1.0
43615,2023-12-23 07:00:00,407.25,138.0,65.0,1.0,4.0,46.0,63.0,1.0
43616,2023-12-23 08:00:00,424.2,149.0,65.0,1.0,16.0,31.0,62.0,1.0
43617,2023-12-23 09:00:00,412.03,140.0,65.0,1.0,27.0,21.0,63.0,1.0
43618,2023-12-23 10:00:00,401.95,139.0,66.0,1.0,29.0,19.0,70.0,1.0
43619,2023-12-23 11:00:00,403.29,147.0,66.0,1.0,26.0,20.0,78.0,1.0
43620,2023-12-23 12:00:00,411.0,138.0,66.0,1.0,13.0,19.0,78.0,1.0
43621,2023-12-23 13:00:00,433.3,141.0,66.0,1.0,2.0,19.0,75.0,1.0
43622,2023-12-23 14:00:00,457.44,159.0,65.0,1.0,1.0,16.0,75.0,1.0
43623,2023-12-23 15:00:00,462.53,166.0,65.0,1.0,1.0,17.0,75.0,1.0
43624,2023-12-23 16:00:00,439.95,143.0,65.0,1.0,0.0,18.0,75.0,1.0
43625,2023-12-23 17:00:00,440.67,137.0,66.0,1.0,0.0,17.0,71.0,1.0
43626,2023-12-23 18:00:00,458.48,147.0,67.0,1.0,0.0,14.0,69.0,1.0
43627,2023-12-23 19:00:00,464.94,163.0,67.0,1.0,0.0,19.0,70.0,1.0
43628,2023-12-23 20:00:00,453.82,157.0,66.0,1.0,0.0,23.0,70.0,1.0
43629,2023-12-23 21:00:00,423.68,140.0,67.0,1.0,0.0,32.0,70.0,1.0
43630,2023-12-23 22:00:00,383.11,136.0,67.0,1.0,0.0,62.0,69.0,1.0
43631,2023-12-23 23:00:00,386.09,149.0,67.0,1.0,0.0,72.0,69.0,1.0
43632,2023-12-24 00:00:00,375.45,142.0,67.0,1.0,0.0,74.0,70.0,1.0
43633,2023-12-24 01:00:00,348.48,128.0,68.0,1.0,0.0,83.0,72.0,1.0
43634,2023-12-24 02:00:00,350.1,132.0,67.0,1.0,0.0,89.0,69.0,1.0
43635,2023-12-24 03:00:00,342.63,137.0,68.0,1.0,0.0,107.0,65.0,1.0
43636,2023-12-24 04:00:00,336.79,127.0,68.0,1.0,0.0,104.0,62.0,1.0
43637,2023-12-24 05:00:00,360.34,143.0,67.0,1.0,0.0,99.0,61.0,1.0
43638,2023-12-24 06:00:00,364.79,149.0,70.0,1.0,0.0,100.0,62.0,1.0
43639,2023-12-24 07:00:00,395.18,170.0,69.0,1.0,2.0,85.0,65.0,1.0
43640,2023-12-24 08:00:00,385.0,185.0,69.0,1.0,7.0,101.0,69.0,1.0
43641,2023-12-24 09:00:00,391.85,193.0,68.0,1.0,11.0,97.0,69.0,1.0
43642,2023-12-24 10:00:00,353.08,145.0,68.0,1.0,10.0,89.0,71.0,1.0
43643,2023-12-24 11:00:00,351.78,143.0,66.0,1.0,8.0,83.0,78.0,1.0
43644,2023-12-24 12:00:00,369.83,153.0,67.0,1.0,3.0,82.0,76.0,1.0
43645,2023-12-24 13:00:00,414.69,175.0,66.0,1.0,1.0,64.0,73.0,1.0
43646,2023-12-24 14:00:00,419.72,172.0,66.0,1.0,0.0,58.0,73.0,1.0
43647,2023-12-24 15:00:00,416.52,154.0,66.0,1.0,0.0,50.0,69.0,1.0
43648,2023-12-24 16:00:00,369.72,115.0,65.0,1.0,0.0,56.0,65.0,1.0
43649,2023-12-24 17:00:00,362.36,113.0,67.0,1.0,0.0,67.0,58.0,1.0
43650,2023-12-24 18:00:00,370.82,113.0,67.0,1.0,0.0,67.0,51.0,1.0
43651,2023-12-24 19:00:00,360.65,109.0,66.0,1.0,0.0,70.0,52.0,1.0
43652,2023-12-24 20:00:00,355.94,109.0,67.0,1.0,0.0,77.0,49.0,1.0
43653,2023-12-24 21:00:00,400.87,126.0,69.0,1.0,0.0,58.0,49.0,1.0
43654,2023-12-24 22:00:00,383.61,109.0,69.0,1.0,0.0,56.0,48.0,1.0
43655,2023-12-24 23:00:00,363.93,105.0,69.0,1.0,0.0,63.0,52.0,1.0
43656,2023-12-25 00:00:00,336.69,99.0,69.0,1.0,0.0,74.0,57.0,1.0
43657,2023-12-25 01:00:00,323.42,98.0,69.0,1.0,0.0,79.0,63.0,1.0
43658,2023-12-25 02:00:00,319.74,104.0,70.0,1.0,0.0,91.0,63.0,1.0
43659,2023-12-25 03:00:00,313.47,103.0,69.0,1.0,0.0,95.0,64.0,1.0
43660,2023-12-25 04:00:00,328.95,112.0,68.0,1.0,0.0,91.0,64.0,1.0
43661,2023-12-25 05:00:00,329.01,113.0,66.0,1.0,0.0,92.0,64.0,1.0
43662,2023-12-25 06:00:00,328.89,109.0,67.0,1.0,0.0,88.0,63.0,1.0
43663,2023-12-25 07:00:00,350.51,117.0,66.0,1.0,1.0,82.0,57.0,1.0
43664,2023-12-25 08:00:00,360.02,113.0,67.0,1.0,4.0,72.0,51.0,1.0
43665,2023-12-25 09:00:00,366.12,115.0,67.0,1.0,8.0,68.0,48.0,1.0
43666,2023-12-25 10:00:00,368.73,118.0,67.0,1.0,8.0,69.0,48.0,1.0
43667,2023-12-25 11:00:00,377.04,111.0,68.0,1.0,5.0,59.0,47.0,1.0
43668,2023-12-25 12:00:00,378.29,107.0,68.0,1.0,2.0,60.0,44.0,1.0
43669,2023-12-25 13:00:00,393.36,111.0,66.0,1.0,0.0,57.0,42.0,1.0
43670,2023-12-25 14:00:00,394.09,117.0,67.0,1.0,0.0,62.0,42.0,1.0
43671,2023-12-25 15:00:00,400.67,120.0,66.0,1.0,0.0,61.0,41.0,1.0
43672,2023-12-25 16:00:00,366.97,111.0,67.0,1.0,0.0,79.0,40.0,1.0
43673,2023-12-25 17:00:00,362.25,112.0,67.0,1.0,0.0,80.0,44.0,1.0
43674,2023-12-25 18:00:00,383.53,114.0,68.0,1.0,0.0,66.0,43.0,1.0
43675,2023-12-25 19:00:00,394.11,115.0,69.0,1.0,0.0,61.0,41.0,1.0
43676,2023-12-25 20:00:00,399.7,114.0,70.0,1.0,0.0,55.0,42.0,1.0
43677,2023-12-25 21:00:00,402.59,113.0,71.0,1.0,0.0,51.0,43.0,1.0
43678,2023-12-25 22:00:00,419.91,116.0,70.0,1.0,0.0,42.0,43.0,1.0
43679,2023-12-25 23:00:00,428.55,122.0,71.0,1.0,0.0,36.0,48.0,1.0
43680,2023-12-26 00:00:00,414.34,114.0,70.0,1.0,0.0,32.0,55.0,1.0
43681,2023-12-26 01:00:00,398.39,114.0,69.0,1.0,0.0,39.0,59.0,1.0
43682,2023-12-26 02:00:00,403.09,115.0,64.0,1.0,0.0,35.0,61.0,1.0
43683,2023-12-26 03:00:00,412.64,115.0,60.0,1.0,0.0,30.0,60.0,1.0
43684,2023-12-26 04:00:00,418.81,117.0,66.0,1.0,0.0,28.0,59.0,1.0
43685,2023-12-26 05:00:00,433.97,119.0,66.0,1.0,0.0,22.0,57.0,1.0
43686,2023-12-26 06:00:00,448.03,125.0,65.0,1.0,0.0,20.0,55.0,1.0
43687,2023-12-26 07:00:00,426.72,118.0,64.0,1.0,1.0,24.0,58.0,1.0
43688,2023-12-26 08:00:00,405.11,120.0,64.0,1.0,2.0,36.0,61.0,1.0
43689,2023-12-26 09:00:00,405.82,114.0,67.0,1.0,5.0,28.0,60.0,1.0
43690,2023-12-26 10:00:00,398.08,107.0,67.0,1.0,6.0,26.0,60.0,1.0
43691,2023-12-26 11:00:00,427.71,123.0,66.0,1.0,4.0,20.0,62.0,1.0
43692,2023-12-26 12:00:00,416.92,112.0,67.0,1.0,2.0,20.0,62.0,1.0
43693,2023-12-26 13:00:00,433.27,112.0,67.0,1.0,0.0,13.0,61.0,1.0
43694,2023-12-26 14:00:00,434.73,112.0,68.0,1.0,0.0,11.0,62.0,1.0
43695,2023-12-26 15:00:00,429.91,120.0,68.0,1.0,0.0,19.0,63.0,1.0
43696,2023-12-26 16:00:00,414.58,109.0,67.0,1.0,0.0,19.0,64.0,1.0
43697,2023-12-26 17:00:00,418.0,115.0,65.0,1.0,0.0,20.0,66.0,1.0
43698,2023-12-26 18:00:00,431.42,125.0,67.0,1.0,0.0,18.0,67.0,1.0
43699,2023-12-26 19:00:00,428.69,124.0,67.0,1.0,0.0,18.0,68.0,1.0
43700,2023-12-26 20:00:00,408.2,122.0,70.0,1.0,0.0,29.0,69.0,1.0
43701,2023-12-26 21:00:00,375.79,113.0,69.0,1.0,0.0,46.0,68.0,1.0
43702,2023-12-26 22:00:00,352.38,114.0,70.0,1.0,0.0,66.0,69.0,1.0
43703,2023-12-26 23:00:00,360.55,117.0,68.0,1.0,0.0,67.0,64.0,1.0
43704,2023-12-27 00:00:00,353.9,111.0,66.0,1.0,0.0,70.0,60.0,1.0
43705,2023-12-27 01:00:00,344.13,111.0,69.0,1.0,0.0,77.0,62.0,1.0
43706,2023-12-27 02:00:00,346.57,112.0,70.0,1.0,0.0,75.0,63.0,1.0
43707,2023-12-27 03:00:00,325.48,112.0,71.0,1.0,0.0,97.0,62.0,1.0
43708,2023-12-27 04:00:00,314.78,116.0,69.0,1.0,0.0,101.0,75.0,1.0
43709,2023-12-27 05:00:00,275.9,103.0,68.0,1.0,0.0,123.0,81.0,1.0
43710,2023-12-27 06:00:00,286.65,121.0,66.0,1.0,0.0,138.0,81.0,1.0
43711,2023-12-27 07:00:00,275.73,115.0,70.0,1.0,1.0,146.0,79.0,1.0
43712,2023-12-27 08:00:00,286.44,103.0,71.0,1.0,3.0,110.0,78.0,1.0
43713,2023-12-27 09:00:00,330.14,133.0,67.0,1.0,7.0,94.0,80.0,1.0
43714,2023-12-27 10:00:00,309.67,120.0,70.0,1.0,6.0,102.0,80.0,1.0
43715,2023-12-27 11:00:00,310.71,130.0,69.0,1.0,5.0,117.0,79.0,1.0
43716,2023-12-27 12:00:00,302.5,133.0,67.0,1.0,2.0,138.0,76.0,1.0
43717,2023-12-27 13:00:00,289.64,141.0,65.0,1.0,0.0,172.0,75.0,1.0
43718,2023-12-27 14:00:00,255.18,115.0,65.0,1.0,0.0,182.0,75.0,1.0
43719,2023-12-27 15:00:00,337.95,185.0,66.0,1.0,0.0,160.0,77.0,1.0
43720,2023-12-27 16:00:00,332.69,164.0,68.0,1.0,0.0,142.0,76.0,1.0
43721,2023-12-27 17:00:00,311.78,134.0,67.0,1.0,0.0,127.0,78.0,1.0
43722,2023-12-27 18:00:00,312.99,119.0,67.0,1.0,0.0,105.0,77.0,1.0
43723,2023-12-27 19:00:00,324.63,129.0,66.0,1.0,0.0,103.0,79.0,1.0
43724,2023-12-27 20:00:00,299.35,109.0,65.0,1.0,0.0,108.0,75.0,1.0
43725,2023-12-27 21:00:00,317.11,116.0,67.0,1.0,0.0,99.0,74.0,1.0
43726,2023-12-27 22:00:00,304.13,109.0,68.0,1.0,0.0,105.0,73.0,1.0
43727,2023-12-27 23:00:00,321.84,108.0,68.0,1.0,0.0,97.0,60.0,1.0
43728,2023-12-28 00:00:00,377.39,131.0,68.0,1.0,0.0,75.0,56.0,1.0
43729,2023-12-28 01:00:00,413.79,142.0,68.0,1.0,0.0,58.0,53.0,1.0
43730,2023-12-28 02:00:00,396.2,134.0,68.0,1.0,0.0,63.0,55.0,1.0
43731,2023-12-28 03:00:00,364.62,112.0,66.0,1.0,0.0,66.0,56.0,1.0
43732,2023-12-28 04:00:00,365.3,119.0,66.0,1.0,0.0,64.0,65.0,1.0
43733,2023-12-28 05:00:00,373.89,127.0,66.0,1.0,0.0,55.0,75.0,1.0
43734,2023-12-28 06:00:00,433.26,205.0,68.0,1.0,0.0,64.0,80.0,1.0
43735,2023-12-28 07:00:00,353.04,131.0,70.0,1.0,1.0,80.0,73.0,1.0
43736,2023-12-28 08:00:00,347.8,130.0,67.0,1.0,2.0,97.0,59.0,1.0
43737,2023-12-28 09:00:00,367.69,150.0,63.0,1.0,4.0,87.0,69.0,1.0
43738,2023-12-28 10:00:00,347.01,138.0,62.0,1.0,4.0,84.0,80.0,1.0
43739,2023-12-28 11:00:00,398.06,192.0,57.0,1.0,3.0,85.0,82.0,1.0
43740,2023-12-28 12:00:00,383.94,167.0,57.0,1.0,2.0,82.0,77.0,1.0
43741,2023-12-28 13:00:00,345.77,132.0,60.0,1.0,0.0,87.0,75.0,1.0
43742,2023-12-28 14:00:00,341.93,144.0,64.0,1.0,0.0,105.0,76.0,1.0
43743,2023-12-28 15:00:00,295.18,125.0,60.0,1.0,0.0,136.0,76.0,1.0
43744,2023-12-28 16:00:00,323.44,154.0,65.0,1.0,0.0,139.0,78.0,1.0
43745,2023-12-28 17:00:00,301.51,137.0,65.0,1.0,0.0,150.0,73.0,1.0
43746,2023-12-28 18:00:00,290.77,119.0,66.0,1.0,0.0,146.0,64.0,1.0
43747,2023-12-28 19:00:00,306.25,115.0,66.0,1.0,0.0,122.0,62.0,1.0
43748,2023-12-28 20:00:00,310.87,116.0,66.0,1.0,0.0,119.0,61.0,1.0
43749,2023-12-28 21:00:00,307.26,115.0,67.0,1.0,0.0,117.0,66.0,1.0
43750,2023-12-28 22:00:00,314.83,117.0,67.0,1.0,0.0,106.0,71.0,1.0
43751,2023-12-28 23:00:00,306.05,112.0,67.0,1.0,0.0,112.0,68.0,1.0
43752,2023-12-29 00:00:00,317.64,112.0,68.0,1.0,0.0,103.0,64.0,1.0
43753,2023-12-29 01:00:00,327.81,115.0,67.0,1.0,0.0,96.0,64.0,1.0
43754,2023-12-29 02:00:00,330.57,115.0,66.0,1.0,0.0,93.0,64.0,1.0
43755,2023-12-29 03:00:00,344.85,115.0,67.0,1.0,0.0,79.0,64.0,1.0
43756,2023-12-29 04:00:00,374.65,115.0,66.0,1.0,0.0,51.0,66.0,1.0
43757,2023-12-29 05:00:00,389.17,113.0,64.0,1.0,0.0,38.0,66.0,1.0
43758,2023-12-29 06:00:00,375.95,116.0,65.0,1.0,0.0,51.0,66.0,1.0
43759,2023-12-29 07:00:00,345.12,117.0,65.0,1.0,2.0,82.0,61.0,1.0
43760,2023-12-29 08:00:00,332.45,119.0,64.0,1.0,5.0,103.0,52.0,1.0
43761,2023-12-29 09:00:00,310.33,123.0,62.0,1.0,7.0,131.0,52.0,1.0
43762,2023-12-29 10:00:00,300.81,117.0,63.0,1.0,9.0,132.0,52.0,1.0
43763,2023-12-29 11:00:00,308.93,118.0,65.0,1.0,8.0,125.0,52.0,1.0
43764,2023-12-29 12:00:00,312.61,122.0,63.0,1.0,5.0,131.0,50.0,1.0
43765,2023-12-29 13:00:00,328.29,121.0,64.0,1.0,1.0,119.0,47.0,1.0
43766,2023-12-29 14:00:00,341.47,128.0,65.0,1.0,0.0,114.0,48.0,1.0
43767,2023-12-29 15:00:00,330.1,113.0,67.0,1.0,0.0,109.0,46.0,1.0
43768,2023-12-29 16:00:00,344.4,123.0,66.0,1.0,0.0,103.0,50.0,1.0
43769,2023-12-29 17:00:00,325.42,119.0,68.0,1.0,0.0,111.0,57.0,1.0
43770,2023-12-29 18:00:00,331.94,129.0,69.0,1.0,0.0,111.0,63.0,1.0
43771,2023-12-29 19:00:00,321.99,133.0,69.0,1.0,0.0,127.0,64.0,1.0
43772,2023-12-29 20:00:00,307.57,123.0,65.0,1.0,0.0,130.0,64.0,1.0
43773,2023-12-29 21:00:00,298.88,115.0,70.0,1.0,0.0,129.0,65.0,1.0
43774,2023-12-29 22:00:00,307.18,119.0,67.0,1.0,0.0,125.0,64.0,1.0
43775,2023-12-29 23:00:00,311.88,112.0,71.0,1.0,0.0,110.0,64.0,1.0
43776,2023-12-30 00:00:00,329.49,113.0,70.0,1.0,0.0,94.0,62.0,1.0
43777,2023-12-30 01:00:00,328.16,113.0,67.0,1.0,0.0,93.0,64.0,1.0
43778,2023-12-30 02:00:00,337.72,115.0,68.0,1.0,0.0,86.0,64.0,1.0
43779,2023-12-30 03:00:00,347.91,114.0,68.0,1.0,0.0,75.0,64.0,1.0
43780,2023-12-30 04:00:00,347.91,114.0,68.0,1.0,0.0,76.0,63.0,1.0
43781,2023-12-30 05:00:00,354.59,114.0,70.0,1.0,0.0,69.0,64.0,1.0
43782,2023-12-30 06:00:00,379.65,117.0,68.0,1.0,0.0,51.0,64.0,1.0
43783,2023-12-30 07:00:00,386.36,107.0,70.0,1.0,4.0,36.0,60.0,1.0
43784,2023-12-30 08:00:00,404.89,117.0,70.0,1.0,14.0,26.0,56.0,1.0
43785,2023-12-30 09:00:00,428.31,139.0,66.0,1.0,20.0,24.0,54.0,1.0
43786,2023-12-30 10:00:00,397.04,116.0,66.0,1.0,22.0,19.0,60.0,1.0
43787,2023-12-30 11:00:00,390.41,112.0,67.0,1.0,18.0,22.0,62.0,1.0
43788,2023-12-30 12:00:00,383.51,117.0,67.0,1.0,9.0,38.0,65.0,1.0
43789,2023-12-30 13:00:00,347.44,112.0,67.0,1.0,2.0,73.0,62.0,1.0
43790,2023-12-30 14:00:00,332.11,117.0,66.0,1.0,1.0,95.0,62.0,1.0
43791,2023-12-30 15:00:00,331.57,136.0,65.0,1.0,0.0,118.0,65.0,1.0
43792,2023-12-30 16:00:00,313.77,141.0,65.0,1.0,0.0,147.0,65.0,1.0
43793,2023-12-30 17:00:00,290.77,139.0,65.0,1.0,0.0,175.0,67.0,1.0
43794,2023-12-30 18:00:00,279.59,134.0,64.0,1.0,0.0,183.0,68.0,1.0
43795,2023-12-30 19:00:00,272.76,126.0,64.0,1.0,0.0,178.0,70.0,1.0
43796,2023-12-30 20:00:00,249.26,116.0,64.0,1.0,0.0,197.0,72.0,1.0
43797,2023-12-30 21:00:00,273.06,136.0,63.0,1.0,0.0,193.0,72.0,1.0
43798,2023-12-30 22:00:00,254.34,115.0,64.0,1.0,0.0,186.0,72.0,1.0
43799,2023-12-30 23:00:00,275.09,116.0,65.0,1.0,0.0,159.0,68.0,1.0
43800,2023-12-31 00:00:00,269.34,109.0,65.0,1.0,0.0,156.0,67.0,1.0
43801,2023-12-31 01:00:00,258.36,103.0,62.0,1.0,0.0,159.0,68.0,1.0
43802,2023-12-31 02:00:00,282.34,108.0,62.0,1.0,0.0,135.0,67.0,1.0
43803,2023-12-31 03:00:00,289.99,111.0,62.0,1.0,0.0,134.0,63.0,1.0
43804,2023-12-31 04:00:00,291.24,119.0,61.0,1.0,0.0,140.0,68.0,1.0
43805,2023-12-31 05:00:00,302.47,113.0,59.0,1.0,0.0,112.0,72.0,1.0
43806,2023-12-31 06:00:00,316.26,117.0,59.0,1.0,0.0,101.0,73.0,1.0
43807,2023-12-31 07:00:00,316.29,115.0,58.0,1.0,1.0,95.0,75.0,1.0
43808,2023-12-31 08:00:00,336.97,112.0,58.0,1.0,4.0,72.0,70.0,1.0
43809,2023-12-31 09:00:00,371.81,130.0,57.0,1.0,8.0,58.0,69.0,1.0
43810,2023-12-31 10:00:00,397.29,144.0,57.0,1.0,9.0,50.0,68.0,1.0
43811,2023-12-31 11:00:00,413.58,144.0,57.0,1.0,8.0,38.0,68.0,1.0
43812,2023-12-31 12:00:00,463.81,189.0,59.0,1.0,4.0,39.0,65.0,1.0
43813,2023-12-31 13:00:00,497.17,242.0,59.0,1.0,1.0,44.0,67.0,1.0
43814,2023-12-31 14:00:00,516.31,274.0,58.0,1.0,1.0,43.0,68.0,1.0
43815,2023-12-31 15:00:00,520.98,274.0,58.0,1.0,0.0,40.0,68.0,1.0
43816,2023-12-31 16:00:00,495.12,250.0,59.0,1.0,0.0,49.0,69.0,1.0
43817,2023-12-31 17:00:00,442.77,182.0,59.0,1.0,0.0,52.0,68.0,1.0
43818,2023-12-31 18:00:00,385.16,114.0,62.0,1.0,0.0,43.0,65.0,1.0
43819,2023-12-31 19:00:00,395.99,117.0,61.0,1.0,0.0,36.0,67.0,1.0
43820,2023-12-31 20:00:00,397.39,117.0,61.0,1.0,0.0,34.0,68.0,1.0
43821,2023-12-31 21:00:00,410.25,133.0,59.0,1.0,0.0,41.0,66.0,1.0
43822,2023-12-31 22:00:00,426.68,144.0,59.0,1.0,0.0,42.0,62.0,1.0
43823,2023-12-31 23:00:00,456.49,153.0,58.0,1.0,0.0,33.0,57.0,1.0
43824,2024-01-01 00:00:00,468.13,158.0,56.0,1.0,0.0,31.0,55.0,1.0
43825,2024-01-01 01:00:00,400.41,118.0,58.0,1.0,0.0,45.0,56.0,1.0
43826,2024-01-01 02:00:00,403.52,116.0,59.0,1.0,0.0,43.0,54.0,1.0
43827,2024-01-01 03:00:00,416.02,132.0,59.0,1.0,0.0,47.0,55.0,1.0
43828,2024-01-01 04:00:00,382.56,122.0,57.0,1.0,0.0,61.0,57.0,1.0
43829,2024-01-01 05:00:00,352.0,116.0,57.0,1.0,0.0,73.0,64.0,1.0
43830,2024-01-01 06:00:00,342.71,115.0,54.0,1.0,0.0,80.0,64.0,1.0
43831,2024-01-01 07:00:00,345.71,114.0,53.0,1.0,2.0,77.0,61.0,1.0
43832,2024-01-01 08:00:00,336.99,114.0,53.0,1.0,10.0,79.0,59.0,1.0
43833,2024-01-01 09:00:00,335.16,115.0,53.0,1.0,20.0,77.0,54.0,1.0
43834,2024-01-01 10:00:00,328.08,118.0,54.0,1.0,23.0,78.0,61.0,1.0
43835,2024-01-01 11:00:00,325.43,120.0,51.0,1.0,20.0,78.0,69.0,1.0
43836,2024-01-01 12:00:00,313.39,116.0,49.0,1.0,8.0,96.0,70.0,1.0
43837,2024-01-01 13:00:00,313.05,123.0,47.0,1.0,1.0,112.0,71.0,1.0
43838,2024-01-01 14:00:00,314.07,129.0,45.0,1.0,1.0,118.0,72.0,1.0
43839,2024-01-01 15:00:00,308.8,141.0,46.0,1.0,0.0,144.0,71.0,1.0
43840,2024-01-01 16:00:00,262.84,123.0,47.0,1.0,0.0,181.0,71.0,1.0
43841,2024-01-01 17:00:00,300.21,154.0,44.0,1.0,0.0,175.0,71.0,1.0
43842,2024-01-01 18:00:00,290.63,140.0,40.0,1.0,0.0,167.0,70.0,1.0
43843,2024-01-01 19:00:00,288.37,131.0,38.0,1.0,0.0,157.0,68.0,1.0
43844,2024-01-01 20:00:00,293.84,138.0,39.0,1.0,0.0,162.0,67.0,1.0
43845,2024-01-01 21:00:00,291.8,142.0,38.0,1.0,0.0,171.0,67.0,1.0
43846,2024-01-01 22:00:00,273.42,135.0,33.0,1.0,0.0,186.0,66.0,1.0
43847,2024-01-01 23:00:00,292.13,150.0,33.0,1.0,0.0,183.0,66.0,1.0
43848,2024-01-02 00:00:00,284.64,154.0,36.0,1.0,1.0,202.0,65.0,1.0
43849,2024-01-02 01:00:00,320.87,182.0,40.0,1.0,1.0,189.0,65.0,1.0
43850,2024-01-02 02:00:00,340.24,196.0,40.0,1.0,0.0,176.0,69.0,1.0
43851,2024-01-02 03:00:00,403.11,289.0,40.0,1.0,0.0,179.0,73.0,1.0
43852,2024-01-02 04:00:00,452.76,395.0,40.0,1.0,0.0,182.0,78.0,1.0
43853,2024-01-02 05:00:00,468.68,464.0,41.0,1.0,0.0,196.0,83.0,1.0
43854,2024-01-02 06:00:00,472.7,473.0,40.0,1.0,1.0,195.0,82.0,1.0
43855,2024-01-02 07:00:00,466.7,473.0,41.0,1.0,4.0,200.0,84.0,1.0
43856,2024-01-02 08:00:00,476.01,488.0,42.0,1.0,21.0,177.0,83.0,1.0
43857,2024-01-02 09:00:00,485.1,518.0,41.0,1.0,42.0,159.0,82.0,1.0
43858,2024-01-02 10:00:00,500.89,538.0,40.0,1.0,45.0,140.0,82.0,1.0
43859,2024-01-02 11:00:00,510.48,522.0,41.0,1.0,30.0,133.0,80.0,1.0
43860,2024-01-02 12:00:00,495.93,477.0,40.0,1.0,11.0,154.0,78.0,1.0
43861,2024-01-02 13:00:00,482.28,503.0,38.0,1.0,2.0,197.0,81.0,1.0
43862,2024-01-02 14:00:00,491.45,559.0,39.0,1.0,1.0,212.0,82.0,1.0
43863,2024-01-02 15:00:00,480.83,521.0,29.0,1.0,0.0,213.0,82.0,1.0
43864,2024-01-02 16:00:00,477.91,522.0,28.0,1.0,0.0,220.0,81.0,1.0
43865,2024-01-02 17:00:00,486.06,531.0,27.0,0.0,0.0,212.0,81.0,1.0
43866,2024-01-02 18:00:00,456.64,467.0,29.0,0.0,0.0,225.0,80.0,1.0
43867,2024-01-02 19:00:00,433.92,413.0,25.0,0.0,1.0,229.0,77.0,1.0
43868,2024-01-02 20:00:00,443.43,427.0,25.0,0.0,0.0,223.0,78.0,1.0
43869,2024-01-02 21:00:00,427.1,399.0,25.0,1.0,0.0,228.0,79.0,1.0
43870,2024-01-02 22:00:00,427.98,384.0,24.0,1.0,0.0,214.0,80.0,1.0
43871,2024-01-02 23:00:00,398.91,323.0,25.0,1.0,0.0,213.0,77.0,1.0
43872,2024-01-03 00:00:00,414.78,334.0,22.0,1.0,0.0,197.0,78.0,1.0
43873,2024-01-03 01:00:00,430.25,362.0,27.0,1.0,0.0,191.0,82.0,1.0
43874,2024-01-03 02:00:00,431.0,345.0,26.0,1.0,0.0,179.0,80.0,1.0
43875,2024-01-03 03:00:00,461.31,398.0,25.0,1.0,0.0,171.0,81.0,1.0
43876,2024-01-03 04:00:00,476.85,449.0,26.0,1.0,0.0,174.0,86.0,1.0
43877,2024-01-03 05:00:00,473.51,452.0,26.0,1.0,0.0,180.0,87.0,1.0
43878,2024-01-03 06:00:00,472.66,458.0,26.0,1.0,0.0,185.0,87.0,1.0
43879,2024-01-03 07:00:00,476.74,456.0,23.0,0.0,4.0,175.0,87.0,1.0
43880,2024-01-03 08:00:00,474.2,461.0,23.0,0.0,24.0,164.0,85.0,1.0
43881,2024-01-03 09:00:00,463.49,453.0,20.0,0.0,46.0,154.0,86.0,1.0
43882,2024-01-03 10:00:00,458.53,456.0,21.0,0.0,54.0,158.0,84.0,1.0
43883,2024-01-03 11:00:00,459.31,454.0,23.0,0.0,44.0,165.0,84.0,1.0
43884,2024-01-03 12:00:00,458.64,452.0,22.0,0.0,20.0,188.0,85.0,1.0
43885,2024-01-03 13:00:00,458.69,457.0,23.0,1.0,3.0,206.0,86.0,1.0
43886,2024-01-03 14:00:00,451.41,484.0,23.0,1.0,1.0,237.0,88.0,1.0
43887,2024-01-03 15:00:00,455.88,496.0,22.0,1.0,1.0,237.0,88.0,1.0
43888,2024-01-03 16:00:00,452.86,498.0,22.0,1.0,0.0,244.0,89.0,1.0
43889,2024-01-03 17:00:00,476.41,569.0,22.0,1.0,0.0,243.0,90.0,1.0
43890,2024-01-03 18:00:00,488.85,584.0,21.0,1.0,0.0,230.0,88.0,1.0
43891,2024-01-03 19:00:00,482.07,525.0,21.0,1.0,0.0,217.0,80.0,1.0
43892,2024-01-03 20:00:00,482.99,547.0,21.0,1.0,0.0,231.0,77.0,1.0
43893,2024-01-03 21:00:00,478.08,527.0,22.0,1.0,0.0,227.0,78.0,1.0
43894,2024-01-03 22:00:00,464.97,500.0,22.0,1.0,0.0,233.0,79.0,1.0
43895,2024-01-03 23:00:00,472.28,536.0,22.0,0.0,0.0,245.0,77.0,1.0
